-3.562713326317845652e-02
-9.441206951862690655e-02
-1.333098407779816919e-01
-1.542155909853021312e-01
-1.590244640846478763e-01
-1.496316040200786901e-01
-1.279321547356538913e-01
-9.582126017543401986e-02
-4.998761967178666499e-02
5.206142118085121950e-03
6.559801583614088827e-02
1.206537359835773149e-01
1.608946619650419851e-01
1.817209688330085893e-01
1.786806777810370228e-01
1.473426857689028591e-01
8.911560320268185897e-02
1.281074331616682827e-02
-7.447799473822003247e-02
-1.561413578510733036e-01
-2.158742247664889868e-01
-2.426989549358001819e-01
-2.314999068066175836e-01
-1.818014602553935655e-01
-9.804883407841813447e-02
3.406433038342093766e-03
1.100867138755241559e-01
2.006615880127426976e-01
2.556127224429805000e-01
2.650764470711155507e-01
2.254138238908949265e-01
1.418767431912320021e-01
2.567179021248278126e-02
-9.774982979455426602e-02
-2.110502429292039350e-01
-2.918662289042101010e-01
-3.206237353015493063e-01
-2.919286541552812420e-01
-2.076179860411100364e-01
-8.449173510929186559e-02
5.798528417012982494e-02
1.889036007233768633e-01
2.879421749674369035e-01
3.374330386134962723e-01
3.227094606800846588e-01
2.437402317787782380e-01
1.089793437477528659e-01
-4.991871065407460506e-02
-2.046718068290193093e-01
-3.240363117225119050e-01
-3.875375126787223845e-01
-3.832557343937030847e-01
-3.048690932389442887e-01
-1.665608752722158581e-01
1.396501161195096152e-02
1.977814691880761533e-01
3.517410019917259767e-01
4.470184595173483100e-01
4.643360194722601086e-01
3.981712629852915963e-01
2.541198879318835591e-01
6.307472091845034434e-02
-1.500024578109955264e-01
-3.437685524454394681e-01
-4.819052930350482544e-01
-5.401737209537247342e-01
-5.054849792110385209e-01
-3.836847836892920416e-01
-1.895455490877544502e-01
3.719223021180373401e-02
2.654866058653304606e-01
4.535120664611769215e-01
5.659936647744254756e-01
5.860898906723821522e-01
5.074183791627266960e-01
3.450494203538800875e-01
1.206796097026636705e-01
-1.218167591897220126e-01
-3.491108486967985369e-01
-5.225316962109664010e-01
-6.101275211706065349e-01
-6.022551824425199651e-01
-4.982445864390507850e-01
-3.185757291323457752e-01
-8.843250823326254118e-02
1.487913290700813018e-01
3.609229244664664549e-01
5.148573018121480604e-01
5.830207884850948652e-01
5.598970587814799948e-01
4.479060125407747783e-01
2.698195305275581379e-01
5.140834486160139605e-02
-1.678209385596088898e-01
-3.589547449862067197e-01
-4.941197964687077393e-01
-5.496377122698721251e-01
-5.221560492328427561e-01
-4.151832153920852475e-01
-2.505279480559436944e-01
-5.229329660534054458e-02
1.447315771123374173e-01
3.147177501686500012e-01
4.326429772712212518e-01
4.781588857305805185e-01
4.499923415179025721e-01
3.515465232033734289e-01
2.022176692388946151e-01
2.439306023597986872e-02
-1.502673618211416429e-01
-2.984084579338639465e-01
-3.970902002072566050e-01
-4.283903136013091917e-01
-3.924167042853768939e-01
-2.929912731079269417e-01
-1.494502407554857415e-01
1.589717548873648134e-02
1.724541014356031354e-01
2.982517330004195166e-01
3.728874755423856602e-01
3.809534414570550087e-01
3.240597542618599558e-01
2.080233353946214780e-01
5.664696355540965733e-02
-1.051631731296045480e-01
-2.465488956651457064e-01
-3.459125945469186947e-01
-3.871221589924139783e-01
-3.592519554638234913e-01
-2.672035816490649918e-01
-1.204625098517687620e-01
5.054709531945134060e-02
2.168613912658099441e-01
3.467636475090156711e-01
4.181064689144931013e-01
4.160452977353601423e-01
3.346730661486672087e-01
1.905587663689238820e-01
5.976832580392166250e-04
-1.969842257704099708e-01
-3.676980492982744320e-01
-4.808305957730664160e-01
-5.143594306971497332e-01
-4.585531398213058552e-01
-3.162385533461400389e-01
-1.165305875426855264e-01
1.151588930648990150e-01
3.338615237625703891e-01
4.999499454736815451e-01
5.836872059436590821e-01
5.679061013911665956e-01
4.551030625212870717e-01
2.577481446791209940e-01
1.639585594679937586e-02
-2.362359101090464319e-01
-4.537631184849205690e-01
-5.966130413905221808e-01
-6.429059091629232281e-01
-5.826906513518184116e-01
-4.293958648359132990e-01
-2.039014245598288477e-01
4.765860986046077663e-02
2.898409676893192177e-01
4.806787063073079125e-01
5.855673473267051232e-01
5.932751965423372909e-01
5.022773440895913488e-01
3.347932683335665960e-01
1.168013618386229968e-01
-1.073702512756246064e-01
-3.056466894298365267e-01
-4.487987187689606028e-01
-5.121633115623347443e-01
-4.905801436659463777e-01
-3.878478405659795403e-01
-2.339134433093574827e-01
-5.654570495962418786e-02
1.104600397377175636e-01
2.438711650430964717e-01
3.281051527710487914e-01
3.497821191310725997e-01
3.125857557799804898e-01
2.247127551695615733e-01
1.136257152552042626e-01
2.159187864840150795e-03
-9.027700857913079080e-02
-1.497072140920376881e-01
-1.703066331436968728e-01
-1.519315116451671610e-01
-1.093982371973269974e-01
-5.162517318480031037e-02
3.697728906317587771e-03
4.040242516953829188e-02
5.083199456939446748e-02
3.219216045015471650e-02
-7.781057248218314903e-03
-5.902346299420024867e-02
-1.032410449941836283e-01
-1.312922560774469893e-01
-1.353331837213868072e-01
-1.073828032242266639e-01
-4.715839445053848777e-02
3.998435458604254755e-02
1.346610728854034100e-01
2.194950957930537072e-01
2.756133862310985450e-01
2.923491654838314968e-01
2.629103356557356275e-01
1.840986370688268980e-01
6.596399824038590154e-02
-7.965257355128751993e-02
-2.260824772654903558e-01
-3.497040081077036344e-01
-4.305466957106260928e-01
-4.537942825821515980e-01
-4.099433551649610541e-01
-2.993640769825736125e-01
-1.393196429382557167e-01
5.450663405818723106e-02
2.502401989842055752e-01
4.172666283558568168e-01
5.289101889236584864e-01
5.671754912468518484e-01
5.225224716919840695e-01
3.957672955483599875e-01
2.084735208811987484e-01
-2.056235786585025593e-02
-2.551777886763050285e-01
-4.597295195506642118e-01
-6.029361196196496575e-01
-6.630456004815408200e-01
-6.285970051053573204e-01
-4.996579590848027053e-01
-2.997783430572522612e-01
-4.998412318151934652e-02
2.095836906545696099e-01
4.397874917340971468e-01
6.061966829334426432e-01
6.845599574531731069e-01
6.627770877212353362e-01
5.405635875091703291e-01
3.429016607350869883e-01
9.194587193584080609e-02
-1.706759672096431757e-01
-4.048285797359590932e-01
-5.761638263845858532e-01
-6.605303688497037307e-01
-6.471452592359500100e-01
-5.363728755442545015e-01
-3.538236954796107891e-01
-1.213933835826380703e-01
1.209936911393596493e-01
3.352128814552857161e-01
4.905720170808156588e-01
5.658487537344822904e-01
5.534342220115153754e-01
4.554107099551110149e-01
2.972929811070372796e-01
9.963423189402620395e-02
-1.018576690798901341e-01
-2.734509605922151865e-01
-3.908681066229229284e-01
-4.382009352118506618e-01
-4.128618108659682928e-01
-3.201143244158521917e-01
-1.859454809083009863e-01
-2.977187095521194315e-02
1.176492366706178849e-01
2.280503482113369618e-01
2.856070488067996571e-01
2.818687782539688325e-01
2.220419415887893155e-01
1.170852203193464280e-01
-4.144834967963695327e-03
-1.216922372398671071e-01
-2.097608150365256607e-01
-2.460711975503921956e-01
-2.244381291395683986e-01
-1.459900185786248139e-01
-2.940582918621814645e-02
1.045583725278200760e-01
2.218718788853906165e-01
3.004473764296431426e-01
3.216660733165404018e-01
2.712461850506158179e-01
1.528684802833124579e-01
-2.091407769715403209e-02
-2.105627151612432524e-01
-3.814199885782324495e-01
-4.949909867345924086e-01
-5.267883044507137846e-01
-4.652107287120538226e-01
-3.070469392644328277e-01
-7.740000620837406142e-02
1.947017947188056652e-01
4.530493101768517938e-01
6.508921204782927017e-01
7.475434737630990423e-01
7.175989266703528546e-01
5.598902105118446215e-01
2.883038916035061128e-01
-4.487248434727186819e-02
-3.946267298272756463e-01
-6.936948566646143899e-01
-8.864194012803008338e-01
-9.367413906679049607e-01
-8.273031329663934619e-01
-5.770645384545192158e-01
-2.168054256621098075e-01
1.823850264369932805e-01
5.625046425415778373e-01
8.532830500300594423e-01
1.000000000000000000e+00
9.814283517481379171e-01
7.937859630800823130e-01
4.764528169753206033e-01
7.486578153751288767e-02
-3.318968258026282481e-01
-6.827287097832424045e-01
-9.198987694611712174e-01
-1.000000000000000000e+00
-9.155434016933472474e-01
-6.750036074311613898e-01
-3.353936266752038931e-01
4.918944467268238085e-02
4.074286715910058199e-01
6.860968771664146537e-01
8.459115370325944738e-01
8.588858606279055063e-01
7.332497982477637066e-01
4.868706112259433283e-01
1.769904078242623413e-01
-1.459787201097741960e-01
-4.277692144010341035e-01
-6.263739426669114874e-01
-7.164541262846466640e-01
-6.861954099597569190e-01
-5.556724604651670507e-01
-3.426828641834044342e-01
-9.022036422755042029e-02
1.609066464783945882e-01
3.722438121030244851e-01
5.144207453881690650e-01
5.693389758823199642e-01
5.302448739924585652e-01
4.160087306234125926e-01
2.405024868055976039e-01
3.706397649127812777e-02
-1.614953167647930066e-01
-3.282953543668943874e-01
-4.410187273965459065e-01
-4.836221231684727506e-01
-4.496523764677129442e-01
-3.510576692251760056e-01
-1.978578892136825251e-01
-1.596173647618792657e-02
1.662516889591822977e-01
3.195585260110849202e-01
4.223791374538674592e-01
4.573689382133443448e-01
4.168976859860351603e-01
3.128802213995929282e-01
1.541862223548284838e-01
-3.336835816707750535e-02
-2.198983911513572309e-01
-3.728058858956886379e-01
-4.681670216721951494e-01
-4.880201320864904213e-01
-4.246882491735440857e-01
-2.907429741965054104e-01
-9.980573098491896111e-02
1.120751262682364580e-01
3.094563584487621810e-01
4.555423907735332012e-01
5.246777199965666494e-01
5.019500321126766362e-01
3.843868720067846745e-01
1.969480164976313841e-01
-3.666715208171256180e-02
-2.692513683094751586e-01
-4.590444479327080440e-01
-5.710313869721921343e-01
-5.820492360221654060e-01
-4.880680553266937283e-01
-2.981235166260757241e-01
-5.322875259286663496e-02
2.117045667684389620e-01
4.425521518650836761e-01
5.942421407594218330e-01
6.383755828486408213e-01
5.616128202661678781e-01
3.791015873480214626e-01
1.149527145971322994e-01
-1.743636654361708782e-01
-4.445703941230090273e-01
-6.418766030551140700e-01
-7.242620784078228624e-01
-6.782564353905849996e-01
-5.042494342725694079e-01
-2.365760374233024654e-01
8.592519026330669440e-02
3.972657387832387865e-01
6.482846188398150300e-01
7.937925977243276421e-01
8.004149570390948210e-01
6.659370555433479222e-01
4.027046158540219523e-01
6.610436068335445725e-02
-2.917115163501416975e-01
-6.033604380788515353e-01
-8.196713593184692392e-01
-9.049011134279524304e-01
-8.355534481903557076e-01
-6.251356819903883810e-01
-2.981188993602394977e-01
7.974883977571378679e-02
4.499271324626878954e-01
7.476444177886312215e-01
9.239142270297784343e-01
9.488504864044930986e-01
8.115428543572926756e-01
5.437569283035663670e-01
1.776569541344004133e-01
-2.181705253418700918e-01
-5.809333255913597949e-01
-8.495264688260494301e-01
-9.800650673603675811e-01
-9.531097391942755515e-01
-7.669131043477469545e-01
-4.631751438659100772e-01
-8.063605096278103623e-02
3.105831540928649659e-01
6.476163866758322118e-01
8.760314773711832537e-01
9.586026474370055173e-01
8.865082090143892035e-01
6.662677186160976817e-01
3.463739055342562878e-01
-3.023929268320380004e-02
-3.951169338797057007e-01
-6.883862302264506239e-01
-8.648549035144241781e-01
-8.956514274106763818e-01
-7.827178315617248083e-01
-5.405621107381437529e-01
-2.223651519992740910e-01
1.270116062951771596e-01
4.441954420932032743e-01
6.752815167426429177e-01
7.870715774381720209e-01
7.609782180562121301e-01
6.099904868213352760e-01
3.563128149808820755e-01
5.543451499592633169e-02
-2.482536799662072857e-01
-4.999816314022322850e-01
-6.547215113349760252e-01
-6.936006220441532921e-01
-6.097577343505371505e-01
-4.268129649881537979e-01
-1.736824665769112208e-01
9.521618469514492311e-02
3.388800137416407843e-01
5.158358531802900160e-01
5.927809311374636625e-01
5.623595084148951262e-01
4.277598455138644784e-01
2.235545933419480491e-01
-1.593867482312849582e-02
-2.423784197246903194e-01
-4.210935957281046749e-01
-5.251327924367985567e-01
-5.334836035335397408e-01
-4.482991256663295676e-01
-2.802082389401598927e-01
-6.958776999686655529e-02
1.477800696373310352e-01
3.328078284090574268e-01
4.568552473625073773e-01
5.023288157684369093e-01
4.598126964531012995e-01
3.424979791673989915e-01
1.647112916809918559e-01
-3.769954374273654096e-02
-2.315628242565054284e-01
-3.848840912384674517e-01
-4.738064529379805156e-01
-4.839482222747201190e-01
-4.122354832771933930e-01
-2.789903031213043505e-01
-9.964172398724691071e-02
9.275419876763768556e-02
2.662504667535792180e-01
3.946393086248340953e-01
4.583171201451541332e-01
4.469842959430989637e-01
3.604253762574682884e-01
2.189873117284115711e-01
3.967478433733817589e-02
-1.442118948553936519e-01
-3.012553897426575311e-01
-4.065985327619391354e-01
-4.439171610839959259e-01
-4.081927724509826216e-01
-3.029767173201650676e-01
-1.528253651291964221e-01
2.300891914638936164e-02
1.914139527334126623e-01
3.214879194798425655e-01
3.921809936084268422e-01
3.911913543312297570e-01
3.198430842986907940e-01
1.874717672943533309e-01
2.467831911375806264e-02
-1.453842102836094829e-01
-2.889571715839672761e-01
-3.765761707528377800e-01
-3.943545780803064948e-01
-3.372456665087129046e-01
-2.176744067348472811e-01
-5.377374257090761223e-02
1.166831723506926988e-01
2.667325854748809899e-01
3.668178255327867454e-01
3.927591671147143693e-01
3.392517970757926715e-01
2.108862139016358661e-01
3.773221350261302121e-02
-1.504698461137968790e-01
-3.122880109640592261e-01
-4.198160730236124571e-01
-4.524973272957053538e-01
-3.957664581817876837e-01
-2.584380851677764435e-01
-5.756570437128782913e-02
1.613294469984445367e-01
3.592666035541616232e-01
4.963949447344944144e-01
5.461709843996418456e-01
4.978651035570744732e-01
3.512108560513074185e-01
1.359668940715597074e-01
-1.190292725217396708e-01
-3.616456407812890239e-01
-5.478365011670723872e-01
-6.434083405639197117e-01
-6.277288950063817374e-01
-5.031709646433075722e-01
-2.835674462369243143e-01
-1.455761451677295426e-02
2.666648285024872944e-01
5.074143937122010950e-01
6.636762621597753764e-01
7.107638382756176210e-01
6.372649766572566765e-01
4.588274468359252456e-01
1.991790343871728819e-01
-8.976376586732703888e-02
-3.674382922786699757e-01
-5.858121094223313063e-01
-7.058045463839572875e-01
-7.135537034235197584e-01
-6.060920895519509299e-01
-4.070044492791723423e-01
-1.448912489200523401e-01
1.296911245060798912e-01
3.786294406024313108e-01
5.632584899577874893e-01
6.518616795672722564e-01
6.373815868616798941e-01
5.217085788754114439e-01
3.314112176045109770e-01
9.524224432972738796e-02
-1.436375129867708544e-01
-3.533715836229045504e-01
-5.047117886806936626e-01
-5.728600405786103966e-01
-5.542822495369916780e-01
-4.523705255424735894e-01
-2.909940265330840381e-01
-9.507678210622416692e-02
1.014015845463611676e-01
2.728363442525358895e-01
3.954602363990520342e-01
4.501824592462662089e-01
4.364809667618350097e-01
3.569631406015050246e-01
2.295889457865338823e-01
7.480915305701940632e-02
-8.020650916841565170e-02
-2.151521065443399161e-01
-3.103146196226803655e-01
-3.506390810576639483e-01
-3.369880002308209832e-01
-2.714933725020981514e-01
-1.693386923154410750e-01
-4.857546894036557372e-02
6.780267361873559828e-02
1.637716662691923730e-01
2.252420265189898352e-01
2.414583195506980751e-01
2.141689282688046259e-01
1.470243225230363215e-01
5.796979875174712582e-02
-3.465141111628522452e-02
-1.113579355156998352e-01
-1.597416813271275160e-01
-1.721711775636011188e-01
-1.444038465612105249e-01
-8.461886386664208004e-02
-1.266131864545605445e-03
8.367835668752254819e-02
1.506168244752172924e-01
1.843702915432525735e-01
1.761350729236297319e-01
1.243747092655240749e-01
3.396387175404758096e-02
-7.356518943839840396e-02
-1.821516236497477959e-01
-2.652081191917652347e-01
-3.007742537501763014e-01
-2.801164297856093555e-01
-2.010194399725357961e-01
-7.434318467347578174e-02
8.293298400459847564e-02
2.367002296118256854e-01
3.627724511944410146e-01
4.334348988586196327e-01
4.269153503572116204e-01
3.396860694820653670e-01
1.784605916996535591e-01
-2.645148811380215736e-02
-2.442287279953071488e-01
-4.310595617804412472e-01
-5.569072837298860712e-01
-5.978618484233502173e-01
-5.367016210464030657e-01
-3.793207053981422217e-01
-1.421412642023206496e-01
1.274578150914127406e-01
3.869361360446266218e-01
5.884559920057366167e-01
6.982417168762877768e-01
6.957294189559111164e-01
5.720934624583189354e-01
3.498857320223534018e-01
5.548081803895787978e-02
-2.546070434098572921e-01
-5.301300968562777660e-01
-7.227238037281824568e-01
-7.985211206700844055e-01
-7.436191821489837039e-01
-5.597254059442021701e-01
-2.855031354574616431e-01
4.413223725211135040e-02
3.677735109084980802e-01
6.309665496726599709e-01
7.892273222208261441e-01
8.141511768702223151e-01
7.039464665217693984e-01
4.703416315696182792e-01
1.628601317690425709e-01
-1.762312634052608518e-01
-4.840618157048224290e-01
-7.071535370703980750e-01
-8.103422175941968897e-01
-7.740867418754806550e-01
-6.101452398478741657e-01
-3.406436582831375848e-01
-2.292956140377189200e-02
2.965998302428953792e-01
5.591850626168657357e-01
7.169897242232141643e-01
7.485975629783183649e-01
6.463269796544472978e-01
4.359041677580026697e-01
1.491763455939010274e-01
-1.531335504213698906e-01
-4.246699641934381653e-01
-6.180724330472104899e-01
-6.962306553373179829e-01
-6.510344351791907958e-01
-4.867053848426275975e-01
-2.439277473461952672e-01
3.706614698721466539e-02
2.990404261710235545e-01
5.006187765470777595e-01
6.107861892483563704e-01
6.066541618565222116e-01
4.938013846162960796e-01
2.871651301725692829e-01
3.524924318730526807e-02
-2.190233343216538842e-01
-4.273624772664577076e-01
-5.552144929869364809e-01
-5.828445997905407072e-01
-5.016150837609003599e-01
-3.349547500007379330e-01
-1.060461342617107228e-01
1.360600265936648956e-01
3.489254586553425241e-01
4.965802596753652320e-01
5.533564241195145783e-01
5.115695159672577486e-01
3.753706197995838600e-01
1.781244521392566504e-01
-5.245823924056691734e-02
-2.708322268812974887e-01
-4.376332397882235492e-01
-5.267115813418681292e-01
-5.230805315259957622e-01
-4.319366661062100654e-01
-2.660198416829517853e-01
-6.272198147222129982e-02
1.494242584613927338e-01
3.322652290283150123e-01
4.527600794843802401e-01
4.956814961430788813e-01
4.544350303493724930e-01
3.407713569074868332e-01
1.717210499964600956e-01
-1.704525126138434210e-02
-1.995756349682703545e-01
-3.460959206516497355e-01
-4.304870004038959808e-01
-4.446178904355555517e-01
-3.872151075534545628e-01
-2.733074840977604003e-01
-1.209936190530684907e-01
3.917002539259972771e-02
1.859039548899337202e-01
2.979025839998414860e-01
3.555380649791561876e-01
3.542052513344984277e-01
2.950981093822935275e-01
1.940719411280167339e-01
6.811257290209749016e-02
-5.912860700933642022e-02
-1.714351995548212271e-01
-2.537723695159139758e-01
-2.923714938701831301e-01
-2.857484757457363633e-01
-2.358006868386289812e-01
-1.562974538879838837e-01
-6.171282684196022217e-02
3.114998493433462912e-02
1.107381443031447699e-01
1.663947279936963675e-01
1.896483999154976452e-01
1.820427125582575467e-01
1.451945855819392062e-01
8.955805162021679422e-02
2.692078555120036576e-02
-3.182755573682038985e-02
-7.971295948862300307e-02
-1.100517351915806241e-01
-1.184866496187770846e-01
-1.084393945064452414e-01
-8.122197217067617103e-02
-4.429599461297328844e-02
-6.813312282039074574e-03
3.080764158096216399e-02
6.258198059244635125e-02
8.437827975453138230e-02
9.206511406933470809e-02
8.151105853897377962e-02
4.858468816556604786e-02
-1.084542204877081417e-02
