1.167166753635378029e-01
1.137935491548693889e-01
1.045936860548764002e-01
8.995132977101172322e-02
7.070072401072868828e-02
4.767611248148062586e-02
2.171173889072064433e-02
-6.358153054098036883e-03
-3.767438734290906588e-02
-7.045278031089807769e-02
-1.028231206635971118e-01
-1.316702650896378612e-01
-1.542796092976753686e-01
-1.678354206339606192e-01
-1.697252252536758377e-01
-1.557781379747654737e-01
-1.241941296509861958e-01
-7.676271939074530426e-02
-1.592933056524781232e-02
5.379319061123633006e-02
1.262013755242645807e-01
1.926117347559703763e-01
2.461447197773996010e-01
2.785438849801891159e-01
2.835982723624517199e-01
2.589478946395837866e-01
2.041811326404245897e-01
1.223087259430835072e-01
1.971280870807823327e-02
-9.197373519245954920e-02
-2.028513272855210214e-01
-2.997862196497457221e-01
-3.705080148897783587e-01
-4.055314206336417815e-01
-3.985978365325613115e-01
-3.474720420091089723e-01
-2.543355059352320202e-01
-1.286266475833960365e-01
1.955394492771311832e-02
1.735519854842910714e-01
3.166173270090650860e-01
4.316747020421931591e-01
5.050548006200563655e-01
5.254680481016507088e-01
4.873474950554370633e-01
3.954579123800689988e-01
2.561119357579200173e-01
8.298059978562477568e-02
-1.071656909597429319e-01
-2.920128375712094382e-01
-4.518899795117053975e-01
-5.665575162585360092e-01
-6.214256028518061470e-01
-6.111198142168556835e-01
-5.334139180450727658e-01
-3.952624431876247124e-01
-2.090058418317326527e-01
3.371788454324731177e-03
2.213906056233969633e-01
4.199662089004436716e-01
5.762934189450041877e-01
6.726156383596471056e-01
6.967720354164879115e-01
6.453302013370338930e-01
5.209362644001118703e-01
3.385548906310973383e-01
1.145504955461547070e-01
-1.253262178528148363e-01
-3.553682695126879620e-01
-5.498017254886440330e-01
-6.873948906918379009e-01
-7.518054662478734773e-01
-7.338231811867939047e-01
-6.383137774866938230e-01
-4.728489589455036057e-01
-2.556202189458792740e-01
-8.419962447889672852e-03
2.402194863183024776e-01
4.646709804578066372e-01
6.394023414616418766e-01
7.449430293800649583e-01
7.727887385721003977e-01
7.181598184465938228e-01
5.874505803352427780e-01
3.931854713212270536e-01
1.588559508033515755e-01
-9.306482777889690805e-02
-3.348207988226667986e-01
-5.405004814201506136e-01
-6.892152430949146646e-01
-7.651844595727440579e-01
-7.615336525230881337e-01
-6.776012632652967937e-01
-5.249345601007207041e-01
-3.172014713250471685e-01
-7.790800473737446996e-02
1.684069795765892330e-01
3.958794384085762008e-01
5.818110419574185066e-01
7.067028958680148243e-01
7.572644315571921414e-01
7.323138742461570150e-01
6.332750993094125036e-01
4.709828079938946921e-01
2.610348893512419721e-01
2.666325014246040404e-02
-2.096103443944152822e-01
-4.225145244724031190e-01
-5.908914039143358110e-01
-7.007351934618024636e-01
-7.406312834825390379e-01
-7.069111985877893911e-01
-6.024070606918314752e-01
-4.401257573398639211e-01
-2.341392625123023263e-01
-6.202355982935836565e-03
2.210585308853594277e-01
4.254540450835717635e-01
5.876198852414014073e-01
6.912543578348107065e-01
7.256097926437412582e-01
6.903667615572639527e-01
5.875871162937438275e-01
4.270686132108225674e-01
2.234088415240285119e-01
-2.120930858785174955e-03
-2.289720680942963771e-01
-4.337397647139505930e-01
-5.966177485186037188e-01
-7.038579844774197625e-01
-7.438458378914936109e-01
-7.114339579864412677e-01
-6.083556789603932202e-01
-4.458556180435880867e-01
-2.368513778416273530e-01
-2.192143194884810242e-03
2.357926577154776382e-01
4.532825003095215521e-01
6.292708539650697652e-01
7.445000722266030824e-01
7.858626437710516388e-01
7.507804059326177448e-01
6.399033398102631498e-01
4.628440197809426948e-01
2.348062635799719189e-01
-2.025461637110093083e-02
-2.786963687072067097e-01
-5.123234141951691356e-01
-6.971031340480335903e-01
-8.148820511441769998e-01
-8.515057865322155362e-01
-8.011909266700707466e-01
-6.661219137845817428e-01
-4.611722584926365442e-01
-2.033668574472030643e-01
7.948639231898835256e-02
3.588171706546474660e-01
6.046733997731770227e-01
7.914876605187557423e-01
8.976708230510896946e-01
9.095503856516393704e-01
8.276244924196141106e-01
6.567501243495343921e-01
4.143839199823096120e-01
1.232952317168152234e-01
-1.836889474220156915e-01
-4.759498720729634647e-01
-7.202668525140809574e-01
-8.899374156109959300e-01
-9.685916167731738469e-01
-9.450111092935762347e-01
-8.210489449690238084e-01
-6.069794079710355561e-01
-3.280801590674327084e-01
-1.047490115310589776e-02
3.100559339733066633e-01
5.994076084185777642e-01
8.259004910242691011e-01
9.645377655098841263e-01
1.000000000000000000e+00
9.258140093940079307e-01
7.532719036645867394e-01
4.975217425462172827e-01
1.878531587199088193e-01
-1.439433401377235855e-01
-4.599628659107429796e-01
-7.267781350349762359e-01
-9.140491534209860269e-01
-1.000000000000000000e+00
-9.789002852971342428e-01
-8.505471715448786885e-01
-6.305772999841428028e-01
-3.408773733017493868e-01
-1.655002051003351404e-02
3.092098526703752626e-01
5.991093080432683404e-01
8.210608505273524482e-01
9.528043468048457143e-01
9.790030248688501580e-01
8.989452627649874294e-01
7.198110936459864995e-01
4.656415808105727194e-01
1.616699021043244144e-01
-1.562486069700684821e-01
-4.534539585521715210e-01
-6.973683870809231911e-01
-8.617015220241287521e-01
-9.296839440070487903e-01
-8.929279661809469415e-01
-7.609619377761953629e-01
-5.466971069026388408e-01
-2.772344637142939439e-01
1.806600234180444353e-02
3.046553522507371436e-01
5.519423129469100964e-01
7.326305754647530755e-01
8.268184676349441542e-01
8.295632513844792832e-01
7.401831874604274386e-01
5.720003718842237017e-01
3.436374798700891908e-01
8.479485306377365639e-02
-1.771105674106979722e-01
-4.119659161875361963e-01
-5.938797196535725575e-01
-7.064210975172771079e-01
-7.377165752799353937e-01
-6.877791471018419589e-01
-5.627823308541493041e-01
-3.817815486822200288e-01
-1.640483385684331497e-01
6.350153066866504048e-02
2.750790503765567774e-01
4.481105955903688098e-01
5.644834968046361645e-01
6.142510605668700663e-01
5.929716092916224035e-01
5.083432275781782916e-01
3.697541016831313865e-01
1.966289142033101900e-01
9.413892071009843932e-03
-1.698780948506828370e-01
-3.219261508216214596e-01
-4.302646667209923947e-01
-4.835978886730156745e-01
-4.819946267908767901e-01
-4.266444346321399683e-01
-3.267748253520743607e-01
-1.948754315684135818e-01
-4.905647408188529290e-02
9.414366326302370247e-02
2.173484754933867613e-01
3.070134616439137432e-01
3.574911237259761343e-01
3.641104681726661241e-01
3.288893625715902935e-01
2.576668337883420978e-01
1.629717571089763783e-01
5.576759443347389933e-02
-5.013489158811090807e-02
-1.414927171152849938e-01
-2.091706318512218665e-01
-2.464620580156818841e-01
-2.514334857740949669e-01
-2.248591998309655837e-01
-1.739353947736290706e-01
-1.051618905874640575e-01
-2.910675308145282969e-02
4.353099581617558833e-02
1.039931210409799078e-01
1.453822083942120091e-01
1.634600616271091322e-01
1.566061840406864913e-01
1.288649743837722017e-01
8.377732999145903747e-02
2.969229120761540663e-02
-2.469206967739001612e-02
-7.175329660613016802e-02
-1.053779699444443718e-01
-1.210092819211641135e-01
-1.165260196410657922e-01
-9.462257716696353960e-02
-5.751691237174538784e-02
-1.142165702166386687e-02
3.646073337544430970e-02
7.853840688798396918e-02
1.090363074372806551e-01
1.226995370278112230e-01
1.168896528489522524e-01
9.416596396464305130e-02
5.604700455854105812e-02
6.989853036682314169e-03
-4.665658110368375855e-02
-9.708980297763858403e-02
-1.380621910737348523e-01
-1.627019378957613727e-01
-1.666142775157943845e-01
-1.503826931777408893e-01
-1.145248217996873707e-01
-6.217720580915642170e-02
1.176150315597368490e-03
6.704844808100673959e-02
1.285727116370265488e-01
1.774438161819760218e-01
2.067457680720943269e-01
2.134120455365955404e-01
1.955943367438155445e-01
1.542378093177358966e-01
9.292896166528064050e-02
1.930146038954738685e-02
-6.007949748775098797e-02
-1.358756001657418500e-01
-1.988278249542185794e-01
-2.418081678277418378e-01
-2.596852512044917072e-01
-2.494863870850633214e-01
-2.111500965818575715e-01
-1.495963760297019940e-01
-6.956318008900619354e-02
2.041504920090209119e-02
1.106790035955946827e-01
1.913320389649781905e-01
2.540273558660894881e-01
2.905743836560721327e-01
2.961507198283628295e-01
2.719932014371626572e-01
2.192449009405315064e-01
1.421180126610068761e-01
4.786575506952051029e-02
-5.293166739286947475e-02
-1.507570222420754336e-01
-2.342865419908728430e-01
-2.944452157695480743e-01
-3.263962137031729549e-01
-3.260413357582373495e-01
-2.922935942031373857e-01
-2.278504432285904935e-01
-1.402418452818964267e-01
-3.651371062359487496e-02
7.264689891459097382e-02
1.758491863186986137e-01
2.626314755999632489e-01
3.243940593717968834e-01
3.532747479816993330e-01
3.451820213354721556e-01
3.030801548525907663e-01
2.299298104813465304e-01
1.321898227938809178e-01
1.918204241313881120e-02
-9.707232779779895182e-02
-2.056494669279296250e-01
-2.943384631497405479e-01
-3.538222385551759164e-01
-3.797417521092438797e-01
-3.685127330524942124e-01
-3.201714887881895732e-01
-2.389483825159008923e-01
-1.341196401512613212e-01
-1.402609115795216965e-02
1.095206353263891152e-01
2.240291415028270450e-01
3.184424450596259337e-01
3.834976234251268323e-01
4.111864302741337074e-01
3.976287669768241440e-01
3.459941863679987240e-01
2.597783828280848528e-01
1.460796295136277401e-01
1.508384177132660042e-02
-1.196666313395879921e-01
-2.457103720666132807e-01
-3.490950701023309843e-01
-4.190877415295813924e-01
-4.502166939871563578e-01
-4.380466585690832027e-01
-3.821586289350368260e-01
-2.868349595910757444e-01
-1.622756896749384392e-01
-1.845410968443272903e-02
1.302438175201374726e-01
2.688422739796272332e-01
3.832490166285831279e-01
4.619503312759691838e-01
4.949888656692709166e-01
4.771786152816128723e-01
4.119465417204151159e-01
3.036491374219092432e-01
1.619518021351569192e-01
-9.907021111288383253e-05
-1.653822163165350467e-01
-3.181814630749727479e-01
-4.413393479839805567e-01
-5.215588956433097056e-01
-5.516860339625839771e-01
-5.267058241416894271e-01
-4.475441049410437966e-01
-3.205319929074595953e-01
-1.597125160493464424e-01
2.139488270838629802e-02
2.041624089923965713e-01
3.698531771208075636e-01
5.012171530492073313e-01
5.842739974980373230e-01
6.083694212224124431e-01
5.687211412351274031e-01
4.710576304838822725e-01
3.227192087168615497e-01
1.378949218093665774e-01
-6.603521397958056482e-02
-2.667587554051302767e-01
-4.442508814867782707e-01
-5.780578722049124485e-01
-6.529012369985767172e-01
-6.622047809330033896e-01
-6.024865242061311355e-01
-4.786895029691946579e-01
-3.014609461838798632e-01
-9.078894123517899928e-02
1.341181426650650543e-01
3.488718983530265660e-01
5.303748300349448996e-01
6.591163057409334947e-01
7.206279934911141716e-01
7.074376345434891800e-01
6.183637160099222374e-01
4.639615081971739663e-01
2.570062266354027347e-01
2.045340754580338150e-02
-2.214922627887681017e-01
-4.426090025578575116e-01
-6.200831518670029130e-01
-7.336170211700481225e-01
-7.695916907252492445e-01
-7.264483688103358094e-01
-6.060557741031205037e-01
-4.208900928280686626e-01
-1.885189388192510807e-01
6.444775476073183462e-02
3.129778972876446907e-01
5.289544989626633331e-01
6.892539332823910403e-01
7.788991574072758883e-01
7.866070977266579334e-01
7.111338827288617992e-01
5.585693470935959581e-01
3.473189318962250915e-01
9.672287454572314758e-02
-1.652926789520057227e-01
-4.112676099534071650e-01
-6.148085130975886603e-01
-7.543473369580040444e-01
-8.144172365504178668e-01
-7.868393912929937395e-01
-6.780852147439893063e-01
-4.973602578882632130e-01
-2.642631200781596634e-01
-1.934136345429382509e-03
2.600153411022447791e-01
4.948664258106330038e-01
6.764305032002113638e-01
7.847818818222072057e-01
8.114539961951201530e-01
7.520439095438036237e-01
6.136522501446022293e-01
4.095456118103848464e-01
1.642624420613303382e-01
-9.859221423974917631e-02
-3.501592711053707063e-01
-5.634403901002855708e-01
-7.165659142913335389e-01
-7.932731811353022078e-01
-7.864688114851698941e-01
-6.955937077662418533e-01
-5.332893201762372026e-01
-3.143558647781218296e-01
-6.417859694098815293e-02
1.909722868944767615e-01
4.237661432703705433e-01
6.104659069859355025e-01
7.311397780489332643e-01
7.724929167300984556e-01
7.342526100403825584e-01
6.191852326094697823e-01
4.406117524917774197e-01
2.164994231979049388e-01
-2.715761937304217444e-02
-2.660244633581833051e-01
-4.737019999057073827e-01
-6.286470458101173220e-01
-7.181105311822912896e-01
-7.321999465341797464e-01
-6.705332590154885475e-01
-5.392877313075385981e-01
-3.553529928467993315e-01
-1.360465527045657819e-01
9.428461263570886430e-02
3.115781349251094401e-01
4.936832477744710346e-01
6.223213571451982062e-01
6.846240731629587017e-01
6.737854161939871300e-01
5.954827959117696690e-01
4.570099905493021364e-01
2.735514585816933852e-01
6.359265882188069874e-02
-1.496103162466821956e-01
-3.448666729976234135e-01
-5.012935655518793165e-01
-6.028652429573593263e-01
-6.427816409067932391e-01
-6.166168193897381133e-01
-5.281419031322929225e-01
-3.863588785664261449e-01
-2.086547568960287480e-01
-1.173860631988676850e-02
1.834305604704387083e-01
3.565101543709363607e-01
4.907381837055653229e-01
5.730191728847744415e-01
5.957234568065734592e-01
5.562700944302325645e-01
4.620950113703394813e-01
3.218404678724982038e-01
1.513789077854230669e-01
-3.159004587118929841e-02
-2.078503696830408254e-01
-3.602554174210800264e-01
-4.729497603158645536e-01
-5.345515051268352469e-01
-5.424202261032256001e-01
-4.955329487156585611e-01
-3.994888279851758206e-01
-2.642257565741078507e-01
-1.058618265301987105e-01
6.052329037083037377e-02
2.170468454942711123e-01
3.478681128028040526e-01
4.420943401017702890e-01
4.903900699686765119e-01
4.883973269463406375e-01
4.366310814737457413e-01
3.427515506444795967e-01
2.150326235945665410e-01
6.763688506387000032e-02
-8.420797545062186362e-02
-2.252438551718377591e-01
-3.420156158618898878e-01
-4.223776620691030992e-01
-4.582904376003967828e-01
-4.496505789980845824e-01
-3.970192035375367245e-01
-3.057822778169619893e-01
-1.850081081460948074e-01
-4.828420312265557790e-02
9.134832082623911553e-02
2.185813594224768064e-01
3.208619434793129610e-01
3.905637837945277191e-01
4.207143770242027792e-01
4.081821510818879339e-01
3.544552933129021532e-01
2.671483948860930990e-01
1.538128240939422575e-01
2.695970994013352495e-02
-1.000284913247188046e-01
-2.147071640365523226e-01
-3.063066606707862682e-01
-3.653114227651376167e-01
-3.858317965092398216e-01
-3.689539451819229265e-01
-3.160697471192644992e-01
-2.323650415755810217e-01
-1.263229282493451011e-01
-9.967398940766591942e-03
1.057390347260112051e-01
2.082216762302668833e-01
2.874548194634547471e-01
3.383113485854696290e-01
3.556007619625576321e-01
3.372612445080866994e-01
2.854575518299782289e-01
2.070611099422638990e-01
1.086420090865478638e-01
5.982957267569588566e-04
-1.058723132130509059e-01
-2.004706305110891540e-01
-2.743963703766372220e-01
-3.196600424183581035e-01
-3.316117815558771165e-01
-3.119725137420581440e-01
-2.622963708471729438e-01
-1.869591581657760182e-01
-9.336833979043013265e-02
8.151866955065312226e-03
1.080439919266431570e-01
1.951196317863781449e-01
2.606580501922182158e-01
3.003805052013717170e-01
3.100819353664230338e-01
2.881104527676727756e-01
2.367146401970399161e-01
1.626444821908132887e-01
7.201722641116692358e-02
-2.546483070638483337e-02
-1.193340065793386806e-01
-2.004300220042736225e-01
-2.611125860102422314e-01
-2.944821935377219813e-01
-2.968657605746762851e-01
-2.707087875942290056e-01
-2.181486316862597530e-01
-1.439662704987987318e-01
-5.573429467997115250e-02
3.653807303035816467e-02
1.240747864471085649e-01
1.969962588959499605e-01
2.478996749028343771e-01
2.740569829388577183e-01
2.725055913162808263e-01
2.428150520793623812e-01
1.882542539796501213e-01
1.159763330689003169e-01
3.213285573491941882e-02
-5.433979105596098425e-02
-1.340053763648768603e-01
-1.990843394570372960e-01
-2.432976908837326535e-01
-2.615393884386237877e-01
-2.516946519045257791e-01
-2.170199782344446326e-01
-1.604111090174636933e-01
-8.751675657597479674e-02
-6.026291310089693098e-03
7.498370097317175187e-02
1.475654120070903907e-01
2.030628374720808704e-01
2.354948887771821653e-01
2.439097173118798256e-01
2.271192487736839460e-01
1.863260669753494803e-01
1.258966205102516334e-01
5.360385710421455840e-02
-2.389749321081602318e-02
-9.779658044983319254e-02
-1.598064881775330681e-01
-2.044786785882168889e-01
-2.273642879291006835e-01
-2.256819108579567468e-01
-1.995953843427304975e-01
-1.536592484967707062e-01
-9.181714562483167530e-02
-2.144484842533223024e-02
4.913613730975208149e-02
1.124958680403262967e-01
1.624330231143060743e-01
1.931051423909317943e-01
2.012738317590812009e-01
1.886873098528132342e-01
1.564702473563850393e-01
1.078670715496934385e-01
4.856297972604295410e-02
-1.383365935452662843e-02
-7.312226411199218568e-02
-1.221738800332581310e-01
-1.557407475347817316e-01
-1.728120869088378697e-01
-1.715643545766536437e-01
-1.517026569045720752e-01
-1.158911795178964033e-01
-6.947236265551792744e-02
-1.666934821891974394e-02
3.627627794731203004e-02
8.300425596744132051e-02
1.192548456808069091e-01
1.416322356386086057e-01
1.476859894486350910e-01
1.370646679003382218e-01
1.127930068654401374e-01
7.702553242713827686e-02
3.395125867609150028e-02
-1.104814258412989414e-02
-5.302230503988247801e-02
-8.788519723308985121e-02
-1.112749705302463754e-01
-1.208059548631966740e-01
-1.177972076487595610e-01
-1.025119565421725998e-01
-7.645779228633364788e-02
-4.313621440301307342e-02
-7.031089085237529623e-03
2.834071312917441077e-02
5.834381076022165935e-02
7.948772035693818516e-02
9.144968368116845880e-02
9.318741099592031674e-02
8.410711840732609801e-02
6.575635317309114214e-02
4.143761838125836761e-02
1.327825467450560737e-02
-1.518964549582779711e-02
-4.022420687821759433e-02
-6.003141763395536401e-02
-7.290042163054832880e-02
-7.678392297675806777e-02
-7.151738368526938672e-02
-5.944574098292676467e-02
-4.154125201852187921e-02
-2.009014838363920585e-02
1.524160936602347860e-03
2.104769335487088888e-02
3.680061739361839557e-02
4.669380170285797327e-02
4.992631348203424579e-02
4.780278349470123977e-02
4.042844952975599426e-02
2.849753921764786035e-02
1.430363453565552945e-02
2.873449986724452287e-04
-1.241645825864301500e-02
-2.236843068816152247e-02
-2.851770616872462139e-02
-3.159410091376124718e-02
-3.118890008173114126e-02
-2.687627144237858534e-02
-1.981659592965745453e-02
-1.159902793499101303e-02
-2.867621317194646302e-03
5.300197197255052117e-03
1.177855203199351664e-02
1.640006788242964753e-02
1.871597394337465303e-02
1.831132904083832003e-02
1.566495556226055186e-02
1.183993300783203750e-02
7.107714441638712799e-03
1.958098976934330437e-03
-2.745713697932417041e-03
-6.605685953760431772e-03
-9.292342631584071810e-03
-1.050558978216220574e-02
-1.039453529119060970e-02
-9.551763871608387468e-03
-8.022038435888556585e-03
-5.915523409410039513e-03
-3.725338616222373389e-03
-1.782734447428380165e-03
-2.510261010602032883e-04
7.584848709525360277e-04
1.284949270869750748e-03
1.593310810812376133e-03
1.630646849172912027e-03
1.287025121387008753e-03
7.306849213286614741e-04
1.394005553623234306e-04
-4.381578061867230645e-04
-9.679341755474135667e-04
-1.438203134848325959e-03
-1.928709797201832998e-03
-2.367791698544952084e-03
-2.589581906018878499e-03
-2.576084961297686604e-03
-2.440833468174030685e-03
-2.161904037102813092e-03
-1.738829108534734047e-03
-1.171141122920271727e-03
-4.583725207103483967e-04
3.999442576447798103e-04
1.404276771693968584e-03
