2.327686719297350493e-02
7.819011208559700776e-02
1.041416655972500216e-01
1.062567915399297291e-01
8.966075372563198087e-02
5.947881596635373747e-02
2.083624207409151552e-02
-2.114170413915805735e-02
-5.339230178853104913e-02
-7.786293566520707810e-02
-9.126589474936053215e-02
-8.901511202344969398e-02
-6.902414819821689473e-02
-3.347663704404602036e-02
1.389215731342430260e-02
6.142299025296105164e-02
9.965205515066366537e-02
1.222212457379288075e-01
1.255378460720344425e-01
1.080774800366672839e-01
7.094915963715631158e-02
2.146101768332053794e-02
-3.506433940455699894e-02
-8.749260004198011753e-02
-1.250143941368396794e-01
-1.418562572377953801e-01
-1.350748689610586917e-01
-1.044526599613109230e-01
-5.379885135283390962e-02
6.002905307665784562e-03
6.838659563979176959e-02
1.221841523190698720e-01
1.560715880048466619e-01
1.652677337683159386e-01
1.480903866047260653e-01
1.063982848391040736e-01
4.573339403535303660e-02
-2.137581896550344585e-02
-8.718863438227553164e-02
-1.403034607152627844e-01
-1.694385336094724748e-01
-1.709064324545618296e-01
-1.440856172525047940e-01
-9.241999704280545735e-02
-2.279143974580566390e-02
5.114263547619524175e-02
1.207445295462208357e-01
1.743104031709057367e-01
2.004440324929614992e-01
1.959520724254839585e-01
1.607881093539822448e-01
9.935296163073603637e-02
1.946156160531864465e-02
-6.425135300907935942e-02
-1.421969878922862973e-01
-2.017790271133622637e-01
-2.308705286040229065e-01
-2.257683586936884979e-01
-1.861843739576953816e-01
-1.166724184795870922e-01
-2.555342759355128113e-02
7.134527239291266199e-02
1.631160295734592758e-01
2.352524181419179961e-01
2.739341180302816703e-01
2.736558486152897984e-01
2.328950445625643795e-01
1.557191715717423097e-01
5.066480368753611963e-02
-6.475462386497721212e-02
-1.776802681830301767e-01
-2.703497002678743044e-01
-3.260451573092071342e-01
-3.361621334330139321e-01
-2.970371725872388291e-01
-2.119213144333037535e-01
-8.945806207133577548e-02
5.048871946952493417e-02
1.923448570674630709e-01
3.138038887168379532e-01
3.941983043855614710e-01
4.208877657671723505e-01
3.873767908254108772e-01
2.959946497473022742e-01
1.555190489898945483e-01
-1.124104443941897902e-02
-1.854856864908487335e-01
-3.396943286891522806e-01
-4.486891608857263014e-01
-4.954646773611315336e-01
-4.704122131804507889e-01
-3.749906595115265473e-01
-2.181209202160313554e-01
-2.569967547073137570e-02
1.802180686054177805e-01
3.670284250323314623e-01
5.051638626297081380e-01
5.735923781872327432e-01
5.597401603152725169e-01
4.642727456487527604e-01
2.961054660624620194e-01
8.366091555258159396e-02
-1.483759921846212748e-01
-3.633810742583802877e-01
-5.282503268854200629e-01
-6.187772304533668555e-01
-6.198732649824570951e-01
-5.312654047249540934e-01
-3.613822385083866884e-01
-1.398097639136799408e-01
1.074986139401390428e-01
3.418396765872755427e-01
5.280781940142971198e-01
6.400129807532684012e-01
6.606335311317255155e-01
5.881925427353689173e-01
4.297396283123191552e-01
2.139128992683112518e-01
-3.403603577233305089e-02
-2.757659858113973295e-01
-4.759988074431641403e-01
-6.078047341034984452e-01
-6.528590873971824582e-01
-6.070993644393796185e-01
-4.750258745386086723e-01
-2.817720206182763309e-01
-4.961635512065076803e-02
1.859614302971073219e-01
3.914774882051470506e-01
5.403871932251067545e-01
6.135644277263048174e-01
6.036564696187316503e-01
5.113997388635789232e-01
3.558818657097533311e-01
1.541657818774750943e-01
-6.348563469330270603e-02
-2.671611194706290382e-01
-4.314863605106269429e-01
-5.368326685165569767e-01
-5.713338003129426745e-01
-5.307539495013199327e-01
-4.264108384433100696e-01
-2.683631913467043884e-01
-7.891287900743904071e-02
1.173856295635273828e-01
2.964313816427046611e-01
4.380080579553020659e-01
5.229823308845424901e-01
5.404287263049976087e-01
4.961001399744882079e-01
3.934133191264690410e-01
2.425853855316126850e-01
6.083512767323218107e-02
-1.277630303779841991e-01
-3.024692992423702043e-01
-4.388243205089691346e-01
-5.191715969612337167e-01
-5.384628526642576407e-01
-4.917357247289313449e-01
-3.814844394606153877e-01
-2.192975778283410282e-01
-2.846908402552916773e-02
1.718550295508689540e-01
3.548573991626660096e-01
4.947698335363532873e-01
5.731279073059991624e-01
5.782223419931427078e-01
5.071796496820037969e-01
3.653717792373039064e-01
1.743972703072800279e-01
-4.611330400186441913e-02
-2.641466498010461850e-01
-4.487106455372659175e-01
-5.734049888878502976e-01
-6.199352734908536444e-01
-5.799711053724567744e-01
-4.548619965760341000e-01
-2.659360230919810553e-01
-3.338839549290073538e-02
2.064277463000554480e-01
4.185117978349450762e-01
5.710002841622012770e-01
6.411911112569435023e-01
6.178247339706925967e-01
5.002531286394980015e-01
3.108328094346890502e-01
7.093330424744781482e-02
-1.795901276917374334e-01
-4.029091495998928796e-01
-5.642080896642450716e-01
-6.387329877863965333e-01
-6.150391072963004024e-01
-4.926987025758716721e-01
-2.965697406201213138e-01
-5.007528262294225208e-02
2.039747915236069797e-01
4.257931525969340658e-01
5.797495086867088254e-01
6.410815069864543858e-01
6.006016785409051817e-01
4.601371545811050456e-01
2.484416167881704496e-01
-8.043113356666076186e-03
-2.637690744825716971e-01
-4.774164488531803530e-01
-6.139387649065770614e-01
-6.499192048805852995e-01
-5.800633559316050736e-01
-4.098689914049945537e-01
-1.729574044442881986e-01
1.004296929974848318e-01
3.619683442831460596e-01
5.688063702554004841e-01
6.869860228936386370e-01
6.948677057291277048e-01
5.915025823394335358e-01
3.864895458757986457e-01
1.184660721822972107e-01
-1.782736414707882799e-01
-4.525905176498015159e-01
-6.598799524098986069e-01
-7.669563760789506190e-01
-7.535127376688292022e-01
-6.221700654264136210e-01
-3.859529960522237735e-01
-8.761841398628034128e-02
2.350299382863274555e-01
5.283386847534372599e-01
7.458287311309366174e-01
8.542545654292432733e-01
8.335851092082304792e-01
6.881833767783245293e-01
4.328303354827225391e-01
1.124766463403759076e-01
-2.329809231126900304e-01
-5.482354487365053153e-01
-7.851856516450005374e-01
-9.096063300993373346e-01
-9.004571292933430948e-01
-7.613783557473210450e-01
-5.065775017856670726e-01
-1.804509180078077701e-01
1.771932098592463589e-01
5.109118691558747205e-01
7.718016939745380167e-01
9.240488755432030299e-01
9.445475110895820148e-01
8.337401098769461338e-01
6.028083595227942126e-01
2.925108711059969391e-01
-6.002966974337786699e-02
-4.012887168597560894e-01
-6.829418773398399090e-01
-8.675440204726601046e-01
-9.294183536631207554e-01
-8.638174244746645858e-01
-6.768433096565779072e-01
-4.028418851983965876e-01
-7.379059566652979019e-02
2.608260807415059279e-01
5.548849407201192907e-01
7.698192199740150343e-01
8.774802291894807649e-01
8.667163368224379827e-01
7.372702011854470605e-01
5.151823076160524373e-01
2.255253227556963669e-01
-8.784412852094780622e-02
-3.823748390652838003e-01
-6.191550470495794656e-01
-7.681408819417332445e-01
-8.113254975259547308e-01
-7.417592518857853978e-01
-5.768011349455655079e-01
-3.341714533223913985e-01
-5.257222238751302346e-02
2.291382353975361941e-01
4.728341841371337395e-01
6.477486485780101777e-01
7.314721344226473576e-01
7.122499878418491193e-01
6.001730834512368773e-01
4.064526237080741122e-01
1.617103517618978525e-01
-1.005342943408981116e-01
-3.418841069821791923e-01
-5.314703812037266939e-01
-6.423146821746732460e-01
-6.584897301803762648e-01
-5.871518752766117233e-01
-4.347361123053499199e-01
-2.239140601186502266e-01
1.683818618622723307e-02
2.501319841452036563e-01
4.453912831139983375e-01
5.724863785226177448e-01
6.115344613011577390e-01
5.645245750015737141e-01
4.352893733050382519e-01
2.436632865732408781e-01
1.538253977741899092e-02
-2.113357947459716391e-01
-4.066009004587401998e-01
-5.402595037604629447e-01
-5.892585979121613970e-01
-5.505825241031130357e-01
-4.268082914099650127e-01
-2.377182532764161582e-01
-7.994150943938516107e-03
2.232449006614631859e-01
4.255393568838270468e-01
5.673835552627526368e-01
6.231949472127908951e-01
5.866250308549756376e-01
4.592617239120306838e-01
2.611856657297688677e-01
1.710838454334373537e-02
-2.320053674317457126e-01
-4.535584545384002686e-01
-6.127202261299350416e-01
-6.811605323342837526e-01
-6.497667768450894332e-01
-5.183208841323546645e-01
-3.065108361036170681e-01
-3.952913642257138704e-02
2.390185434365996731e-01
4.936095050850151100e-01
6.848057267927836200e-01
7.801994930209894541e-01
7.664268944536494210e-01
6.401729957417210404e-01
4.196376574047131491e-01
1.297539440158408386e-01
-1.834383877340420854e-01
-4.812905878827410389e-01
-7.188183757066082258e-01
-8.583884810209704286e-01
-8.806731651987558251e-01
-7.775980461509885977e-01
-5.640908530334252102e-01
-2.633035405410119045e-01
7.746145614775468147e-02
4.172307540845465734e-01
7.056071418884828361e-01
8.994718333320532722e-01
9.725109909320426294e-01
9.106245147026716946e-01
7.236234881959562326e-01
4.310490407003135793e-01
7.946082366776097139e-02
-2.896058129904022227e-01
-6.218302098294476998e-01
-8.696294885064821401e-01
-1.000000000000000000e+00
-9.925887005657726414e-01
-8.508768753365030246e-01
-5.892412400636993786e-01
-2.510697422711571924e-01
1.239406066571397957e-01
4.802935477741869796e-01
7.682514345873130424e-01
9.499757971606428431e-01
1.000000000000000000e+00
9.153852867082148403e-01
7.045964273505698205e-01
4.055769119653989119e-01
5.370118807969603836e-02
-2.977842876621711321e-01
-6.001209812739238814e-01
-8.137729444493770892e-01
-9.105245548383799070e-01
-8.821792163158255207e-01
-7.316338841410428007e-01
-4.897942141575614139e-01
-1.857371447439185586e-01
1.329178278155023207e-01
4.216197880707155399e-01
6.427092427813714259e-01
7.681393181746083432e-01
7.863761845358367975e-01
6.959448380928474620e-01
5.200635513616627126e-01
2.803489508908150185e-01
1.602141785721067357e-02
-2.352430300535819363e-01
-4.407750351741288597e-01
-5.753503897979397319e-01
-6.260022083916958469e-01
-5.883765547055086476e-01
-4.782193823773134289e-01
-3.094617427473472793e-01
-1.114276478120936886e-01
8.658828965769438391e-02
2.588520270178968907e-01
3.847480706113086679e-01
4.513723494651940005e-01
4.528845285384826003e-01
3.984017331386278116e-01
2.948953501589692827e-01
1.618335978121383523e-01
2.007501796184918419e-02
-1.117803752251242955e-01
-2.181949882322045120e-01
-2.862683273880501922e-01
-3.093113467931820626e-01
-2.930709538909400669e-01
-2.398933474548181621e-01
-1.593652543842356550e-01
-6.467614746251471036e-02
3.064108425009415271e-02
1.152244156021056121e-01
1.765548586383052232e-01
2.075726156182320370e-01
2.116024717243285558e-01
1.880779931814586803e-01
1.399549599797755839e-01
7.549098391947262066e-02
5.694668575820127643e-03
-6.151842064714874159e-02
-1.151010754612440401e-01
-1.466557686739916599e-01
-1.562239266214699995e-01
-1.424151941837149549e-01
-1.056534564263001963e-01
-5.153143498521761678e-02
9.407169837258422262e-03
7.039839638465017480e-02
1.207321284723228416e-01
1.505255149769004763e-01
1.569380798854769221e-01
1.383077318062106986e-01
9.531285368337161223e-02
3.331831136021690121e-02
-3.575378419976615874e-02
-1.043422997635387039e-01
-1.605541056564319113e-01
-1.924731270971590247e-01
-1.948931556990359804e-01
-1.659773881864980982e-01
-1.076314609306340264e-01
-2.613940513678392197e-02
6.414992710743283588e-02
1.533209098430419193e-01
2.266219390342472106e-01
2.696981369936086725e-01
2.753726485083172193e-01
2.408622875599253366e-01
1.685815034660107514e-01
6.574542335340050059e-02
-5.086031699705839682e-02
-1.687452884324811553e-01
-2.697540986245867689e-01
-3.364911993530644851e-01
-3.588710101775149930e-01
-3.318788578151465885e-01
-2.566868785462053104e-01
-1.400678926392165957e-01
1.001169049776873266e-04
1.495944958334347596e-01
2.869591420618893274e-01
3.913088861464188994e-01
4.480562565458736657e-01
4.481585339500187004e-01
3.887723085479726226e-01
2.738351847908031544e-01
1.200207627103122565e-01
-5.831198731944509106e-02
-2.368413685631515220e-01
-3.909785952201145776e-01
-4.998681928212381775e-01
-5.484672402914017031e-01
-5.265689296984177314e-01
-4.324679226176108005e-01
-2.793311380604059924e-01
-7.993139180499209129e-02
1.386220589100963796e-01
3.477729856451905466e-01
5.191281710522062109e-01
6.302623899305113131e-01
6.614449111188518415e-01
6.035365486213799535e-01
4.664934093729067310e-01
2.609126857304919778e-01
1.221034763644657239e-02
-2.492437065764088189e-01
-4.852971462333647290e-01
-6.655274225555205536e-01
-7.601514884122254623e-01
-7.515290170197305164e-01
-6.449571767367840991e-01
-4.472382008584080415e-01
-1.821397852885489055e-01
1.187542842916384789e-01
4.096035676377791646e-01
6.538494127585186000e-01
8.140659933839857754e-01
8.628950165672149009e-01
7.959015875847978982e-01
6.161905927049424747e-01
3.489367509367320430e-01
2.604608298478172657e-02
-3.015514021291818558e-01
-5.925497207047778492e-01
-8.035673102939733248e-01
-9.000454306304581653e-01
-8.706695093093529403e-01
-7.151700587991633995e-01
-4.588343232509475289e-01
-1.330126512025892049e-01
2.088516784603313692e-01
5.226938409869317237e-01
7.613598346728713828e-01
8.868840215433575480e-01
8.852826988198641001e-01
7.538755059753488030e-01
5.170473296491873150e-01
2.052078077235761633e-01
-1.281124979709769018e-01
-4.388725138641278445e-01
-6.797979310767808814e-01
-8.126518197080263572e-01
-8.234319789152327873e-01
-7.089432231006943530e-01
-4.929628645914354568e-01
-2.047349994493661285e-01
1.040359127267593831e-01
3.913266315728769484e-01
6.125840726887561427e-01
7.318172024708196055e-01
7.371649585861359544e-01
6.266495561062992437e-01
4.240377640697756689e-01
1.577502039032314674e-01
-1.230844676503223267e-01
-3.792372255377643997e-01
-5.701177043147751533e-01
-6.631826591429612616e-01
-6.497509725229063671e-01
-5.301120073542031630e-01
-3.286763964829368945e-01
-7.375956606293054829e-02
1.876022914748798343e-01
4.184618536261164312e-01
5.816669428477476700e-01
6.477671830429572175e-01
6.108906006456609195e-01
4.736028807800358731e-01
2.612707682821924227e-01
2.801643423887556494e-03
-2.555433010459551291e-01
-4.776544247409041377e-01
-6.278242744490375449e-01
-6.779777563537336960e-01
-6.233646500028569015e-01
-4.677201927383286550e-01
-2.370319916501030244e-01
3.894352008555213018e-02
3.132723531525121174e-01
5.489539301082893008e-01
7.090122508997844797e-01
7.642598699190488176e-01
7.084554275945142976e-01
5.444795459689173445e-01
2.977690468128249002e-01
-1.602334274406480574e-03
-3.051853946006563012e-01
-5.738694524579248668e-01
-7.670188254660053051e-01
-8.519509660419772867e-01
-8.181259359402140996e-01
-6.651298316023904755e-01
-4.159068851778299214e-01
-9.943574221464657192e-02
2.346122534449874841e-01
5.448863234007306211e-01
7.858231137283275825e-01
9.197481147164534576e-01
9.296254097798541949e-01
8.095685742105476201e-01
5.777668549450940549e-01
2.601007098020633457e-01
-9.406268999423028632e-02
-4.422404489150096873e-01
-7.342246187419970704e-01
-9.272063856189086684e-01
-9.966104540556940394e-01
-9.297248379522460304e-01
-7.379251796183090573e-01
-4.418632374701972898e-01
-8.818799372824426275e-02
2.816360958860228969e-01
6.146353268579531903e-01
8.641932124171696206e-01
9.986069328884603635e-01
9.981710001662451592e-01
8.660712815867794845e-01
6.160027159097942739e-01
2.892111662387182314e-01
-7.647721496364301430e-02
-4.281728886652863553e-01
-7.178374183360184402e-01
-9.084122920579961180e-01
-9.742853317366689803e-01
-9.102250509993428107e-01
-7.221906990995479170e-01
-4.438183969100236714e-01
-1.070060177250978795e-01
2.383555640312335910e-01
5.454938702721918720e-01
7.745197093174085445e-01
8.958819571024232431e-01
8.968868378181620304e-01
7.761299340130312086e-01
5.585300205330812062e-01
2.686451993927727599e-01
-4.902567538776880784e-02
-3.513230082653708841e-01
-5.981185296101833027e-01
-7.581569734109222525e-01
-8.129477709316164091e-01
-7.549735316843778632e-01
-6.005612713946828496e-01
-3.665750452225630118e-01
-9.057414135954799939e-02
1.894840592167008619e-01
4.352670942299241563e-01
6.157023712366922474e-01
7.078653165499331212e-01
6.995562449128363003e-01
6.005245768005638141e-01
4.210026285624695053e-01
1.903554807792977588e-01
-5.954212712406803387e-02
-2.928303270830827643e-01
-4.796997443917264681e-01
-5.938712479221572860e-01
-6.197130856321055870e-01
-5.630041265082492696e-01
-4.292426270126811216e-01
-2.395646316808074383e-01
-2.002669567175752174e-02
1.954503704472498882e-01
3.790978097500852240e-01
5.035235940351665551e-01
5.503974467986931796e-01
5.215601273216980971e-01
4.195110860773527683e-01
2.599266994876572312e-01
6.443805575114902595e-02
-1.345400889662836663e-01
-3.116241391569375407e-01
-4.404890726285017877e-01
-5.005247576166997892e-01
-4.882515318610272104e-01
-4.041139042276166160e-01
-2.616577093695424683e-01
-7.957194276980106284e-02
1.112283865663969973e-01
2.869260666671211712e-01
4.215899221033638788e-01
4.927340330449148098e-01
4.927274646272348235e-01
4.202577032920677969e-01
2.870999253081596425e-01
1.097256400291024558e-01
-8.197015784471384237e-02
-2.643663415489282409e-01
-4.101207820472959620e-01
-4.952347931263357816e-01
-5.092715160695968635e-01
-4.485662911246011131e-01
-3.224970601110147550e-01
-1.458472564652285586e-01
5.198185677623357037e-02
2.472317992850230350e-01
4.106681647684244929e-01
5.162651006609826343e-01
5.502743265184433241e-01
5.061732260433347008e-01
3.904630650091081012e-01
2.158878403557442649e-01
1.113473048249824515e-02
-1.999688727448155623e-01
-3.861455787431515851e-01
-5.190361729527055434e-01
-5.810297056106454860e-01
-5.621144681783480923e-01
-4.650845359576291083e-01
-2.998761240966236752e-01
-9.369050439057835522e-02
1.301785358044518226e-01
3.387975143659311961e-01
5.016435562093164435e-01
5.970557090957806512e-01
6.111691969422894388e-01
5.423375454078738223e-01
3.968742281299397767e-01
1.994215351752550713e-01
-2.825475141542344026e-02
-2.525598769436874225e-01
-4.415758289725446595e-01
-5.700536126043433960e-01
-6.204783111653482397e-01
-5.864639367599714381e-01
-4.701836858979390188e-01
-2.927094136097939669e-01
-7.319261438322988145e-02
1.555009283344717108e-01
3.612994196057472962e-01
5.165477743199764493e-01
6.009294161791478572e-01
6.036064816425141810e-01
5.226065248074391878e-01
3.747883326932781589e-01
1.758319828416385899e-01
-4.354919003039547931e-02
-2.525333156306032167e-01
-4.227504813617343205e-01
-5.324700071411554436e-01
-5.671173813015464304e-01
-5.211124408344458558e-01
-4.072502492410786656e-01
-2.375430342137712092e-01
-4.056980360149153864e-02
1.547469537131465067e-01
3.217046716168057152e-01
4.392956601110513670e-01
4.930390359852978577e-01
4.763289799498704458e-01
3.978901234618177352e-01
2.659509930205399275e-01
1.038874396690381285e-01
-6.359970640066614500e-02
-2.123476037503033709e-01
-3.238448989214621765e-01
-3.841714092590599039e-01
-3.865944636509863752e-01
-3.389265245281460892e-01
-2.461283474108910685e-01
-1.250000139722748926e-01
5.155454417719251836e-03
1.258845751131421054e-01
2.220710204168263591e-01
2.806725926454198827e-01
2.954500615526638452e-01
2.719988720663293336e-01
2.130034570331105215e-01
1.305621818392899147e-01
3.922910046359695535e-02
-4.729289148768578421e-02
-1.184280018946194390e-01
-1.647056739843986151e-01
-1.812256334963140425e-01
-1.722042251542320601e-01
-1.389964095247074871e-01
-8.959251145380031645e-02
-3.428104759695294046e-02
1.819365776472214868e-02
6.165171762737586825e-02
9.018227022425540085e-02
1.007741697325259533e-01
9.715266113467180276e-02
8.400038385158925536e-02
6.227631195593974489e-02
3.293941952038559329e-02
-3.051319382410544456e-03
-4.473693067978679050e-02
-9.115844029908004575e-02
