-5.836226973260028039e-02
2.940377989710349915e-01
5.208759462290342146e-01
6.382764382108674361e-01
6.623635410860042594e-01
6.092615210239149537e-01
4.950946441940689002e-01
3.359871767659392550e-01
1.517527021382738539e-01
-4.898485286270481964e-02
-2.476815911244649726e-01
-4.137452001619656983e-01
-5.234625872813623015e-01
-5.688273973780546555e-01
-5.417809859441342635e-01
-4.466346174869303409e-01
-2.936407875844149196e-01
-1.059196665332627907e-01
9.609173215932464984e-02
2.849875769385035174e-01
4.354092952705823638e-01
5.298233829987377685e-01
5.567518562236610791e-01
5.142289862138038625e-01
4.065403740446964509e-01
2.520100971739385187e-01
6.698974584991157499e-02
-1.230029439647014611e-01
-2.927100997506659752e-01
-4.216469951790577930e-01
-4.945620402323789300e-01
-5.027602127816046540e-01
-4.444666036473643445e-01
-3.317597945697597916e-01
-1.758679291642532005e-01
1.987032466130855823e-04
1.726419999805604011e-01
3.200354018941515832e-01
4.251319084683520266e-01
4.744807835336601887e-01
4.615403080819775461e-01
3.932358424142963216e-01
2.758291307941156401e-01
1.251589620047477425e-01
-3.927123081549610539e-02
-1.948601506422147356e-01
-3.234295663548755195e-01
-4.068355789189210814e-01
-4.340112088107999089e-01
-4.083653873103901821e-01
-3.312921239490391745e-01
-2.110498483653343582e-01
-6.243615309679961811e-02
9.266050343018705782e-02
2.363467278025670470e-01
3.477826473268630370e-01
4.108699466887439922e-01
4.205608155522189140e-01
3.739363550266647795e-01
2.762650429868802604e-01
1.388815880960794225e-01
-1.659430271075013064e-02
-1.727821549414869651e-01
-3.072068639013989522e-01
-3.992504178635344347e-01
-4.367425733051419900e-01
-4.131841264439397587e-01
-3.313179868178715015e-01
-1.996396351934505153e-01
-3.962742099516902705e-02
1.304833688778632705e-01
2.848283111545497626e-01
3.996669968994910338e-01
4.586329201664920419e-01
4.518735356940513093e-01
3.798484264248320752e-01
2.496134059819650197e-01
8.348888815204547065e-02
-9.918357471654837276e-02
-2.695568626046322969e-01
-4.012642198193134835e-01
-4.749813740204025247e-01
-4.785492790255985174e-01
-4.112845399946303271e-01
-2.795942153798214314e-01
-1.068010472608900141e-01
8.671230272560781493e-02
2.700779177568986000e-01
4.152000081151656641e-01
5.011613726060477614e-01
5.144976046198574959e-01
4.540278517654821044e-01
3.257299556007584584e-01
1.531630048460672633e-01
-4.313675265589611563e-02
-2.321043210956682534e-01
-3.853752560118925974e-01
-4.819053679103074694e-01
-5.078108766157601872e-01
-4.613167895592025225e-01
-3.474663747191802932e-01
-1.882631427926396706e-01
-2.687380893650948011e-03
1.803610493734466580e-01
3.340772081850658104e-01
4.386743462290050299e-01
4.805449739122278352e-01
4.565937861414861576e-01
3.698618479997735076e-01
2.382538555939066605e-01
7.700675432688375288e-02
-8.955799455182456015e-02
-2.379977035236161553e-01
-3.506766434559790424e-01
-4.145569138748954607e-01
-4.239864328824259898e-01
-3.785702012215098611e-01
-2.893038791658897324e-01
-1.653018167175726028e-01
-2.369800095698659792e-02
1.171168261628754426e-01
2.416343676931427265e-01
3.369165982270641013e-01
3.909936884651794564e-01
3.974849609487025592e-01
3.618611887747646971e-01
2.867714853576661671e-01
1.773478400234489438e-01
4.476908190340034288e-02
-9.561099585464627459e-02
-2.298946646002750782e-01
-3.397176025672710153e-01
-4.115335096717676056e-01
-4.392073909786435859e-01
-4.160453450180932045e-01
-3.387140281509658513e-01
-2.129124068058779740e-01
-5.423977001834423550e-02
1.235300645216210746e-01
2.968672053430370106e-01
4.419343546737721784e-01
5.366694925063208998e-01
5.656147127132253871e-01
5.189457307947569209e-01
3.961600040589718930e-01
2.131225187947938249e-01
-1.348026677755309599e-02
-2.506171601647607661e-01
-4.655128992065052929e-01
-6.241242682073560033e-01
-7.013721082860224776e-01
-6.804633459619872093e-01
-5.565809016745295601e-01
-3.476745660249614955e-01
-7.385209659813662952e-02
2.224589566907813065e-01
4.999028258198947583e-01
7.140530319770335144e-01
8.316350836234083221e-01
8.308680072786374105e-01
7.040255877386405459e-01
4.719430536517019714e-01
1.583161645443238452e-01
-1.862987734566562414e-01
-5.133606812038237210e-01
-7.706555885127671646e-01
-9.188480750853681434e-01
-9.333084938937846742e-01
-8.047476087922462717e-01
-5.569136302804471583e-01
-2.165330821234309200e-01
1.600694987600874697e-01
5.194493523365926180e-01
8.048932806604787160e-01
9.735748046721222071e-01
1.000000000000000000e+00
8.744027402767253765e-01
6.226576532568894873e-01
2.732552979121767311e-01
-1.149181127006189129e-01
-4.864404886028854680e-01
-7.837056497048552339e-01
-9.631310429238871818e-01
-1.000000000000000000e+00
-8.848102551556228379e-01
-6.441099309681272977e-01
-3.063567763758229257e-01
7.065974406948538622e-02
4.327712117310698048e-01
7.250173256117566911e-01
9.056949792286066447e-01
9.520641272153913537e-01
8.552901282927476423e-01
6.407700831505662720e-01
3.349077827882243064e-01
-9.212562401090695907e-03
-3.417966210317237019e-01
-6.136224381394628224e-01
-7.871420346089887943e-01
-8.423122316979532176e-01
-7.710905403342085407e-01
-5.958726826470330806e-01
-3.391103652602345253e-01
-4.613289612112458915e-02
2.402276937177652005e-01
4.787863242071650483e-01
6.378366515645803592e-01
7.002608408590960121e-01
6.587252798005900356e-01
5.311092811562796445e-01
3.344815990870844136e-01
1.044021759865390031e-01
-1.249074982925835187e-01
-3.215091850126509110e-01
-4.604154524049305364e-01
-5.269593290196278312e-01
-5.141958537014834629e-01
-4.347062979826541440e-01
-2.995900513886814442e-01
-1.349094124616471158e-01
3.369386237576943444e-02
1.839276988984308581e-01
2.978544374119029836e-01
3.644385949618564879e-01
3.778732902197083909e-01
3.447767795962797255e-01
2.700414001288551358e-01
1.684007819714725684e-01
5.617508837377349629e-02
-5.197097917325577132e-02
-1.443011022844566948e-01
-2.106158467443844939e-01
-2.449217723246759348e-01
-2.515131742715113194e-01
-2.302101359596482322e-01
-1.831560432934976612e-01
-1.174785514643921225e-01
-4.164250848408790340e-02
3.680417037860572727e-02
1.075177567093879016e-01
1.632166478227041750e-01
2.024500676220841733e-01
2.203641860670773056e-01
2.108229974810991170e-01
1.744939519489616675e-01
1.180010323890134938e-01
4.571083300067435573e-02
-3.447092644177629506e-02
-1.125858981905130118e-01
-1.785536010130672757e-01
-2.237205452605223188e-01
-2.378363546631355741e-01
-2.165818709292680611e-01
-1.644978359243076671e-01
-8.511692388186986591e-02
1.207977029655071810e-02
1.138486415273429753e-01
2.031353759529503922e-01
2.678244899678980939e-01
2.951789633313679495e-01
2.770138298843227709e-01
2.160264985889999156e-01
1.169155531001708770e-01
-6.255548525898158019e-03
-1.367735320647510688e-01
-2.522130367407966478e-01
-3.362844615636484402e-01
-3.732427962371016594e-01
-3.524136556629238193e-01
-2.762829758699384408e-01
-1.509105442386340368e-01
5.237941982779270589e-03
1.715661012807137009e-01
3.203688400167072903e-01
4.308743300171906654e-01
4.836495680150274534e-01
4.655134884963794129e-01
3.790840939825890210e-01
2.312066849648335420e-01
4.314290411182031271e-02
-1.613193858037273998e-01
-3.495090625946080110e-01
-4.961446551817352280e-01
-5.771226690563108219e-01
-5.757605813136146278e-01
-4.938859041698039354e-01
-3.378341282484160768e-01
-1.290806179445550539e-01
1.071396998768507913e-01
3.341495053060954401e-01
5.229127039729606352e-01
6.449435622219117370e-01
6.790485625329696351e-01
6.226917389497041988e-01
4.792308775018137013e-01
2.685396205707182293e-01
1.518527583088036259e-02
-2.425349628757095255e-01
-4.736150416822514364e-01
-6.458212133715557357e-01
-7.326121943882356602e-01
-7.242895597655939488e-01
-6.190531136071433238e-01
-4.320990899552831221e-01
-1.841206378562425527e-01
8.811321149000961306e-02
3.533318596086549856e-01
5.756784565515522534e-01
7.239766578963127142e-01
7.808540705117450464e-01
7.373174107472058036e-01
6.005122552176509476e-01
3.846469997196966251e-01
1.220648381106468339e-01
-1.582691419486945694e-01
-4.185727539001667941e-01
-6.242618858701338702e-01
-7.502343759599144901e-01
-7.797608560184259296e-01
-7.102173367827666617e-01
-5.475172641589813871e-01
-3.172316473144063398e-01
-4.374345852807071111e-02
2.353599083256190383e-01
4.839289753045847853e-01
6.703485759935987609e-01
7.709837684313642914e-01
7.733904266275095640e-01
6.748167230905022240e-01
4.930251177018154518e-01
2.464937466945071876e-01
-2.917510665092315492e-02
-2.981742078853495403e-01
-5.245721580180990884e-01
-6.798137368642048761e-01
-7.431815987974430548e-01
-7.045019426824581377e-01
-5.745910819389241642e-01
-3.662658798015979711e-01
-1.131213254792904355e-01
1.502898387499664867e-01
3.866146988635519310e-01
5.652986290906480971e-01
6.618356227865116459e-01
6.622509304838015698e-01
5.733910985118908510e-01
4.042365234950835440e-01
1.838575757823495138e-01
-5.636432002160074450e-02
-2.787536351232148268e-01
-4.532720653162638502e-01
-5.549686316865189983e-01
-5.691486021989329291e-01
-5.019779728184310397e-01
-3.603653688854322468e-01
-1.709481518433472180e-01
3.734418508753223342e-02
2.298967828058926521e-01
3.792585748357177877e-01
4.632079377568627532e-01
4.682940000056119434e-01
3.994238890828940569e-01
2.641079458359396614e-01
9.059869075122684023e-02
-9.308045074908399830e-02
-2.549981286996404473e-01
-3.703157152938787444e-01
-4.204308445333931887e-01
-3.952650146657123997e-01
-3.030894774091080768e-01
-1.537857876648563993e-01
2.334643294361105070e-02
1.999905511675690306e-01
3.457188141775782153e-01
4.370077883271028529e-01
4.578216771989258582e-01
4.017356042346429401e-01
2.809783452929455194e-01
1.076813981791726604e-01
-8.855151017562268301e-02
-2.783608747235207792e-01
-4.305345887186006193e-01
-5.212910802852683823e-01
-5.338266902275958792e-01
-4.616823620885490698e-01
-3.185866549352213140e-01
-1.181543397863862310e-01
1.076151633544482067e-01
3.270929680228358283e-01
5.078097460460651025e-01
6.237282511170914034e-01
6.553682888114671368e-01
5.938447689587480482e-01
4.494357904069885556e-01
2.347204825523088179e-01
-1.771570803319522103e-02
-2.747882267522155919e-01
-5.000591266185864248e-01
-6.642162307510461883e-01
-7.424042313037120255e-01
-7.206274998856865288e-01
-6.067697963884708390e-01
-4.098384193646582574e-01
-1.549099073438030549e-01
1.278190160473666737e-01
3.986834728621047041e-01
6.245494606305896923e-01
7.727421065191715233e-01
8.216691377905400717e-01
7.704561583938522862e-01
6.204220695520485940e-01
3.892050251767669167e-01
1.025645607965017803e-01
-1.992462224547740801e-01
-4.820873588395692133e-01
-7.079672637401388524e-01
-8.454588707484670396e-01
-8.787939677039900976e-01
-8.003517788610200467e-01
-6.202367468150049579e-01
-3.567612319862731862e-01
-4.756706115772169063e-02
2.734685025652843215e-01
5.632776887289230316e-01
7.832882192184891235e-01
9.059713430309359605e-01
9.137352628375865482e-01
8.063730962125403856e-01
5.934100018287353784e-01
3.071944665659884777e-01
-2.129734717378850561e-02
-3.464635127402893033e-01
-6.258625261293486730e-01
-8.235288356863794679e-01
-9.134219043956128825e-01
-8.852190229161940316e-01
-7.395443434615105449e-01
-5.015112850056080429e-01
-1.967028695059354071e-01
1.304780452301812499e-01
4.372809507502504189e-01
6.831806271240987716e-01
8.368125642716062185e-01
8.798251467425122208e-01
8.051114876588751912e-01
6.296938954399906585e-01
3.722305336402385034e-01
7.246710560045710459e-02
-2.299554780834763834e-01
-4.940832169226931914e-01
-6.867644440938608374e-01
-7.843242439235225127e-01
-7.739299727085102720e-01
-6.650635584242414744e-01
-4.691124621566573616e-01
-2.183047702064330187e-01
5.354489589718558484e-02
3.083596473127316884e-01
5.142377671592368582e-01
6.441094390055590591e-01
6.813179733705068131e-01
6.308009061444972421e-01
4.981453527695167693e-01
3.054740477408393051e-01
7.898262907096875729e-02
-1.474646106129088308e-01
-3.452950203685604125e-01
-4.870273897327108692e-01
-5.541050925543395955e-01
-5.471613559044110620e-01
-4.670947579544366679e-01
-3.274948557976979924e-01
-1.475753835495743349e-01
4.364127839408782350e-02
2.227412473397054615e-01
3.652971711742747374e-01
4.514290839189660787e-01
4.754975872547639870e-01
4.349205421505213387e-01
3.378811602558917659e-01
1.974816438441520106e-01
3.739281607062894253e-02
-1.235107195898992316e-01
-2.631215641305956199e-01
-3.609755565685858203e-01
-4.066599980307437079e-01
-3.945856000214917891e-01
-3.281105318680552774e-01
-2.153355993520661427e-01
-7.559491376023730336e-02
7.514543306813736834e-02
2.151090162951936335e-01
3.234764298937120586e-01
3.865039955287208340e-01
3.954633882463787220e-01
3.491896746749549862e-01
2.521444689006417939e-01
1.209661197949520872e-01
-3.010649546373633800e-02
-1.785319896746281332e-01
-3.023050127273956278e-01
-3.841585083514377219e-01
-4.122513146026243191e-01
-3.816321586215656314e-01
-2.939110768283301756e-01
-1.641979458578908257e-01
-6.033012291890571532e-03
1.563986975868216778e-01
2.992454515294968864e-01
4.016045074480245614e-01
4.485249950356349213e-01
4.318381032152145416e-01
3.508095347780095796e-01
2.197092515089897891e-01
5.191725790755197245e-02
-1.264639548673588409e-01
-2.895617560064122076e-01
-4.131054551198130032e-01
-4.792440406146291076e-01
-4.770276897075892419e-01
-4.036554792657525148e-01
-2.727222277583298826e-01
-9.745755687510171406e-02
9.449762102087144733e-02
2.756246055505178205e-01
4.190022036439913222e-01
5.043732183480806874e-01
5.183588521328610366e-01
4.562220960911822498e-01
3.306106024107691166e-01
1.542006216369178340e-01
-4.469746448785438808e-02
-2.376893480392202607e-01
-3.961962562849070668e-01
-4.982642419329887939e-01
-5.281735229408703880e-01
-4.792394413447563783e-01
-3.628232450240292950e-01
-1.905914295767089373e-01
8.574671197025374170e-03
2.058121070725718038e-01
3.723488855521324137e-01
4.856508625097062382e-01
5.297827364263953953e-01
4.972670134642724893e-01
3.970214970378767028e-01
2.387443244014575416e-01
4.875823653047217654e-02
-1.457358746787327242e-01
-3.159548944432836182e-01
-4.395247185568376125e-01
-4.991409085200988471e-01
-4.858973539028427213e-01
-4.077608010295680208e-01
-2.718290114166053151e-01
-9.938188592556140843e-02
8.568834323447149792e-02
2.566471028099710505e-01
3.913504663137428174e-01
4.696570350111501924e-01
4.802289324661810355e-01
4.281491653678703990e-01
3.177884690146817181e-01
1.653105119372277887e-01
-9.031721906938350308e-03
-1.792466509404319064e-01
-3.241491221289661828e-01
-4.223751696020039414e-01
-4.595412350341027130e-01
-4.366265934660286119e-01
-3.550277867697654299e-01
-2.257600052408886837e-01
-6.511944684926584959e-02
1.021056531227642061e-01
2.561324035363428120e-01
3.752197714106686455e-01
4.417824318908001313e-01
4.504644332913660953e-01
3.990286365290283133e-01
2.946579309292429727e-01
1.498006754614931157e-01
-1.276225131781294486e-02
-1.747436171222254142e-01
-3.137296040249643037e-01
-4.091733036043574412e-01
-4.497959907486882569e-01
-4.295846073811135923e-01
-3.516400276936068048e-01
-2.243998941835475547e-01
-6.827137619003342817e-02
9.954810125817825650e-02
2.551928308668700573e-01
3.761986199168041445e-01
4.471565871857423602e-01
4.582001933278787575e-01
4.080121332949240287e-01
3.014217708089195202e-01
1.564876347584345240e-01
-1.108207210753975325e-02
-1.766922573224621873e-01
-3.166656500934416085e-01
-4.124577555782281690e-01
-4.511382602773397199e-01
-4.276307457766169717e-01
-3.435189485980771895e-01
-2.143373184052195235e-01
-5.395415678655424152e-02
1.131748008311819209e-01
2.630747696588617845e-01
3.753759885239402738e-01
4.351697226833288745e-01
4.345773350226880272e-01
3.725530955835258951e-01
2.620240204793338190e-01
1.147157001698906331e-01
-4.602506801043504403e-02
-1.969166091219545223e-01
-3.171591830191129446e-01
-3.910321059053353254e-01
-4.088544177361961296e-01
-3.676694183250621695e-01
-2.778302276863876541e-01
-1.486626643444854956e-01
-1.370565845164262164e-03
1.424342814910568578e-01
2.628176164393467573e-01
3.442941365965017653e-01
3.761747192883369006e-01
3.541974027763425958e-01
2.861631466321208350e-01
1.787897032285925558e-01
5.017401735451754163e-02
-8.058259519815125227e-02
-1.953572439742014000e-01
-2.796494766536543608e-01
-3.218450298707206114e-01
-3.165700622866928216e-01
-2.699141763767296531e-01
-1.862804980289879397e-01
-7.930396551937857197e-02
3.521527407323721270e-02
1.410984022375614266e-01
2.251632284036828580e-01
2.750735905398815628e-01
2.844006647079775352e-01
2.575224641343563103e-01
1.966486270082470345e-01
1.107184682905248962e-01
1.217055533639621601e-02
-8.448605252587004788e-02
-1.678052497723645509e-01
-2.253390733462882212e-01
-2.489989895730323477e-01
-2.405201047778787737e-01
-2.002565689395372495e-01
-1.328718615544596249e-01
-4.738484557869404590e-02
4.306967967909747230e-02
1.285251534854052746e-01
1.964304758702768439e-01
2.366844863964752133e-01
2.472198587352827381e-01
2.261756225102364848e-01
1.747764020980384636e-01
9.904430860562540850e-02
1.095828114265628983e-02
-8.065520159252481669e-02
-1.628626821208717379e-01
-2.231165284017276873e-01
-2.544480320601533174e-01
-2.522901314817582730e-01
-2.151250177577181955e-01
-1.462935471735059556e-01
-5.672401851292796504e-02
4.518024821830790572e-02
1.449311946434947984e-01
2.274228082728493305e-01
2.811876744004406792e-01
2.985542089322079651e-01
2.750702241620930355e-01
2.116443177890197092e-01
1.185339155245119791e-01
4.312043636580886741e-03
-1.141542195528366666e-01
-2.193264961613483610e-01
-2.959472101763093166e-01
-3.331341220444806739e-01
-3.235568656693876832e-01
-2.660789276192898622e-01
-1.706351872201984365e-01
-4.603873855427542683e-02
8.864278319178775511e-02
2.136762004347021460e-01
3.106165380391199271e-01
3.658728456023403464e-01
3.698574183152825157e-01
3.197671495767411276e-01
2.253045460451252868e-01
9.539113328508408429e-02
-4.937773584657700887e-02
-1.877780904356896041e-01
-2.992926133469079319e-01
-3.685334092771089809e-01
-3.845179000649828760e-01
-3.432946710899041909e-01
-2.542906207606453473e-01
-1.262270389607971222e-01
1.983312112648505376e-02
1.622357735057311512e-01
2.798912582261474657e-01
3.568334152089971401e-01
3.817003769749243158e-01
3.500181230637151586e-01
2.708052517473866772e-01
1.521887847160801055e-01
1.445177148482246210e-02
-1.215421688727208460e-01
-2.357594967806730946e-01
-3.129848567471055221e-01
-3.425038741447911095e-01
-3.199718334170839062e-01
-2.538205339217139977e-01
-1.511899693301828052e-01
-3.036834265225940577e-02
8.972932488907758852e-02
1.915899456637095710e-01
2.619504943791879370e-01
2.915857867197795272e-01
2.768401086572318537e-01
2.253806086930350006e-01
1.430526641570442070e-01
4.520681991100738983e-02
-5.205711549618907696e-02
-1.347767379828974654e-01
-1.924750592546367045e-01
-2.178831097143063555e-01
-2.083697765109836508e-01
-1.706606113129219837e-01
-1.091159005648164593e-01
-3.563457110294154795e-02
3.692909887365347643e-02
9.858745630500242996e-02
1.419870646476193432e-01
1.619104613487152289e-01
1.568284060835090088e-01
1.323220888634728531e-01
9.115453147338969941e-02
4.160914059631171114e-02
-6.762522538944160111e-03
-4.777360738446168043e-02
-7.707873450011548666e-02
-9.117709599290302336e-02
-8.947192505562118203e-02
-7.668141856754839836e-02
-5.416039230791502845e-02
-2.609226941854492221e-02
1.250378539436214353e-03
2.380334793976279784e-02
3.928243245376994430e-02
4.637304776973771858e-02
4.547437300303158736e-02
3.894162041212623215e-02
2.903379032423569761e-02
1.671341152132077568e-02
2.943012785342258297e-03
-1.131487710173884054e-02
-2.509772935796183990e-02
-3.744301520136539274e-02
