2.254624183413640459e-01
-4.599558672713455199e-02
-2.465516526609088377e-01
-3.824542130181765032e-01
-4.599517013571556845e-01
-4.852925512360640736e-01
-4.647251962131192515e-01
-4.044980698465426849e-01
-3.064835220102539726e-01
-1.732295102029272060e-01
-1.474510677556983840e-02
1.471182260937902164e-01
2.928781582361288383e-01
4.084090652911960273e-01
4.792785402740540324e-01
4.956506233249728943e-01
4.537072362124443536e-01
3.604700730610750359e-01
2.238474196172282049e-01
6.038942233015620609e-02
-1.114357602345262821e-01
-2.709781537577642396e-01
-4.006945641577722705e-01
-4.838636207364050978e-01
-5.095947003346872339e-01
-4.780706045720490849e-01
-3.907027279905680439e-01
-2.566627417478736239e-01
-9.013533524403682939e-02
8.734524857777015150e-02
2.572955159622554167e-01
3.987478966225077581e-01
4.945327051032017973e-01
5.358462031781061619e-01
5.163545376237075324e-01
4.373245290302594235e-01
3.061502343687139138e-01
1.399520229569539698e-01
-4.525655741799428089e-02
-2.269668888478606483e-01
-3.835793152975169873e-01
-4.971484733812104873e-01
-5.542543827900376918e-01
-5.478422900745449908e-01
-4.767769342004866129e-01
-3.508591960299928258e-01
-1.809205895905188211e-01
1.243164733772306185e-02
2.074048610182517294e-01
3.811823943419461180e-01
5.144560262350601487e-01
5.899155121240271527e-01
5.972018458711623179e-01
5.390402133924099282e-01
4.193388981384162939e-01
2.507670215682267223e-01
5.073884253679938894e-02
-1.560520758289946075e-01
-3.473543614038927529e-01
-4.988172970514381799e-01
-5.922396034512980023e-01
-6.197522620390836234e-01
-5.758784131721413901e-01
-4.645064935941430884e-01
-2.963334741187786392e-01
-9.304435178930081651e-02
1.254669389488485276e-01
3.331648163181311073e-01
5.054384572300698597e-01
6.226499995352035022e-01
6.706714869833514392e-01
6.432704275196292620e-01
5.409528427511085535e-01
3.773898143588882981e-01
1.673225503171495987e-01
-6.354256409323544297e-02
-2.889704653563990311e-01
-4.828120083248487182e-01
-6.233700215177584436e-01
-6.928928661372177888e-01
-6.813353734322803446e-01
-5.936492173608076683e-01
-4.366951706028687763e-01
-2.277753133765231253e-01
1.117647472435878697e-02
2.506006951764530033e-01
4.646997129095120638e-01
6.270367310947133621e-01
7.181222981935100336e-01
7.310489514909050968e-01
6.615738391036918298e-01
5.166501406207992808e-01
3.105269333810098953e-01
6.924568494216565284e-02
-1.831820878348890957e-01
-4.167629027910143558e-01
-6.039768868500545729e-01
-7.238106403770955266e-01
-7.615935765073722497e-01
-7.130028135349600893e-01
-5.808445618580756475e-01
-3.823203455942852935e-01
-1.358051558801859349e-01
1.292455427367513732e-01
3.832352528465134966e-01
5.968409834735506347e-01
7.460366033920671214e-01
8.122073192483698634e-01
7.853488958624581517e-01
6.726002773593426909e-01
4.832537826305760564e-01
2.382460564081732013e-01
-3.701070233189673875e-02
-3.092938229445064691e-01
-5.491968658102877043e-01
-7.273283897102442719e-01
-8.222011050104095498e-01
-8.264688182966628549e-01
-7.367146849989258950e-01
-5.627296297394808189e-01
-3.216440314483954843e-01
-4.374518999294119137e-02
2.431263404745345191e-01
5.053979480607777575e-01
7.123932608940792832e-01
8.411382349608924613e-01
8.759410404020020469e-01
8.131318516793037965e-01
6.568244963943181691e-01
4.273862380066826283e-01
1.464070527619538709e-01
-1.528235232856267611e-01
-4.370645640721219083e-01
-6.736731987823783019e-01
-8.360947176863268160e-01
-9.041498204060224309e-01
-8.672004685022924875e-01
-7.340541397138310442e-01
-5.161260611056426306e-01
-2.383481305965203800e-01
7.003388815015343383e-02
3.720738355576616030e-01
6.351875610311183973e-01
8.278211597073776851e-01
9.268878155259852036e-01
9.248150996586390615e-01
8.188657218667203530e-01
6.213190212620052222e-01
3.520851108170688359e-01
4.528732324051265579e-02
-2.682271890085181631e-01
-5.523353215134745309e-01
-7.741782968390114039e-01
-9.098914390999748303e-01
-9.430026244085724096e-01
-8.703843283287324706e-01
-6.973628809546377205e-01
-4.464735969001913940e-01
-1.416832889229405756e-01
1.807454248117745799e-01
4.851245240874184628e-01
7.368232126793610171e-01
9.077040921677748120e-01
9.775072232264498950e-01
9.357569908785574597e-01
7.921103448321553664e-01
5.591854684385553220e-01
2.635151391120800213e-01
-6.401011101489706423e-02
-3.842038834676045900e-01
-6.625152913924332587e-01
-8.657539223735881695e-01
-9.696907592741841331e-01
-9.667906926200555695e-01
-8.544870537635369523e-01
-6.459964569670668677e-01
-3.622355730168232979e-01
-3.876614499726749319e-02
2.916442054533758821e-01
5.907082162649330837e-01
8.238600360797379007e-01
9.659476674723861400e-01
1.000000000000000000e+00
9.233780162528948399e-01
7.419082051565444313e-01
4.796095266226843012e-01
1.617621746223862900e-01
-1.739380501231563292e-01
-4.902734515096756063e-01
-7.513888609862250378e-01
-9.282465097967393941e-01
-1.000000000000000000e+00
-9.559558110987153023e-01
-8.064406881642427471e-01
-5.648451785675558945e-01
-2.596368141630184256e-01
7.667760633433351458e-02
4.040674099861805146e-01
6.872475805660234194e-01
8.929093613630727511e-01
9.968027783989985569e-01
9.917427481204919015e-01
8.756941613804156699e-01
6.629051982692919509e-01
3.752945176433541974e-01
4.941503907117650307e-02
-2.815390762085352439e-01
-5.794251495132349827e-01
-8.101225326612919719e-01
-9.497358838152208937e-01
-9.816897759582727812e-01
-9.038177789780945659e-01
-7.226519194442955207e-01
-4.624531060400126625e-01
-1.486583574186981505e-01
1.810985170109138398e-01
4.900916654225444535e-01
7.435494462924792103e-01
9.133563994062503522e-01
9.804142637304513741e-01
9.352451129902914495e-01
7.882564447482800496e-01
5.528479069073661822e-01
2.569316896356557134e-01
-6.788718019534167869e-02
-3.829496716805811385e-01
-6.542125949622528136e-01
-8.497546082437047454e-01
-9.466170245551468465e-01
-9.389171550788443232e-01
-8.252344318776211329e-01
-6.195973826744038959e-01
-3.432453815860310176e-01
-3.106402682465270182e-02
2.847655828721347149e-01
5.673644139092628436e-01
7.843437585496653153e-01
9.135380700300406165e-01
9.397337992034511256e-01
8.616683042754238464e-01
6.862667454522819455e-01
4.375075954674652046e-01
1.399639379877564149e-01
-1.706879541688242075e-01
-4.595508341397527285e-01
-6.942365639071265138e-01
-8.487912948545923708e-01
-9.059213349763702849e-01
-8.574385204385158721e-01
-7.139689007761850226e-01
-4.888267859190533748e-01
-2.098610481159383090e-01
9.221658709903257645e-02
3.816381670471746812e-01
6.270647972246219393e-01
7.997680421480746205e-01
8.794810351382176261e-01
8.624024803057575017e-01
7.486120854009106207e-01
5.524913802555635467e-01
2.949999723999177093e-01
9.236667863296021963e-03
-2.749221388174841740e-01
-5.240968511462349433e-01
-7.098394348704697432e-01
-8.146118361540577446e-01
-8.258862470762273755e-01
-7.438766975504282897e-01
-5.767327339163357269e-01
-3.475914735050652515e-01
-7.946295106319301027e-02
1.951389536367997835e-01
4.448910626199014118e-01
6.420795519341082613e-01
7.648873133800793145e-01
8.005909542447706695e-01
7.442086456147907203e-01
6.064990348168972645e-01
4.004143372014445923e-01
1.519280588504570151e-01
-1.110880521348748262e-01
-3.576723239322228132e-01
-5.609407963390629082e-01
-6.968102983564355979e-01
-7.491223687070519555e-01
-7.174724570250867739e-01
-6.039254282272292773e-01
-4.225166117062831850e-01
-1.928190219690738560e-01
5.590214391435321950e-02
2.969030874760676397e-01
5.008164253836866475e-01
6.441775860460401404e-01
7.146714051777611765e-01
7.034716315173439316e-01
6.130359679361248038e-01
4.529602825985579173e-01
2.457063457855330757e-01
1.236575647645432596e-02
-2.187995579914657762e-01
-4.207078138464941386e-01
-5.711579834929045862e-01
-6.534169478100703143e-01
-6.592098163404437328e-01
-5.869880146554087297e-01
-4.490368788084483365e-01
-2.587627851664311418e-01
-4.095051962979168181e-02
1.788234138140645246e-01
3.748967161984932961e-01
5.256357094929420271e-01
6.132230348964646804e-01
6.269279276217907260e-01
5.706170311541205464e-01
4.494647122210373436e-01
2.783444661952176880e-01
7.652288400845108640e-02
-1.298499763470775115e-01
-3.180424198892272125e-01
-4.648209063641408623e-01
-5.530280686837609760e-01
-5.773818121238629697e-01
-5.340271738076570740e-01
-4.286248674546051518e-01
-2.730550141661327590e-01
-8.882702651164564589e-02
1.048984208046230826e-01
2.844243752902193556e-01
4.279046940393795850e-01
5.200449123374759619e-01
5.503486507214696566e-01
5.168030053831931259e-01
4.226767479282473872e-01
2.823514558109772032e-01
1.099627103678497697e-01
-7.243202203425336272e-02
-2.429023049779303056e-01
-3.817865174948522622e-01
-4.734098720853017195e-01
-5.073241349903385711e-01
-4.790273512934346556e-01
-3.957522195221068184e-01
-2.652725779083739965e-01
-1.043044439669869039e-01
6.829648996147241746e-02
2.312643910769052180e-01
3.663070731938256053e-01
4.562260858497233507e-01
4.899195674051084470e-01
4.681232846451115481e-01
3.921588927598269603e-01
2.711073021041110476e-01
1.186196409355539938e-01
-4.487147499905319581e-02
-2.014637819914092409e-01
-3.311840204117152409e-01
-4.181045172658746090e-01
-4.549590310978315344e-01
-4.367262277623217281e-01
-3.659343108129092803e-01
-2.502941105785667641e-01
-1.064932860683137639e-01
5.066877252428314549e-02
2.015216900884744256e-01
3.272311183770628684e-01
4.136010412961319549e-01
4.505344423057846548e-01
4.340885894920316623e-01
3.652189719585148264e-01
2.547824656782811115e-01
1.134583250764502615e-01
-4.055808972144259172e-02
-1.885168110159961552e-01
-3.127135593271024305e-01
-3.988952636714827582e-01
-4.356884013996751293e-01
-4.174579552580168773e-01
-3.499498667968271581e-01
-2.391462162845411354e-01
-9.913264835663537777e-02
5.348891526806687224e-02
1.993994009952433366e-01
3.221012741966471360e-01
4.054306076374210033e-01
4.386551745854605500e-01
4.214941592121017599e-01
3.544731445856224017e-01
2.452883976896182983e-01
1.063242332822074143e-01
-4.317276429276828420e-02
-1.872406548396030601e-01
-3.078274916788891202e-01
-3.897574523996558682e-01
-4.256565546461544836e-01
-4.103823628527378808e-01
-3.454571928419677418e-01
-2.375348237604337776e-01
-1.017545146557342628e-01
4.825707087990815936e-02
1.936216128372127976e-01
3.162574675601712570e-01
4.020750994059334449e-01
4.408563021662130765e-01
4.280215863176584090e-01
3.638734211814120822e-01
2.580853828778679748e-01
1.204047760571740344e-01
-3.166082218510712920e-02
-1.799048990628162592e-01
-3.066141400534411199e-01
-3.973073780845670644e-01
-4.399180374091955503e-01
-4.281308857070352802e-01
-3.668794856548954764e-01
-2.612461949357082203e-01
-1.232610647699967643e-01
3.170721462425096782e-02
1.839950232918328155e-01
3.166222253252022334e-01
4.120489122756401112e-01
4.581880025726061678e-01
4.530050216712775413e-01
3.953727230951871174e-01
2.912873773520048282e-01
1.518511252539949119e-01
-4.297365227659000197e-03
-1.611419246066270183e-01
-2.994391910216608332e-01
-4.019361017644390577e-01
-4.577874353652685580e-01
-4.598524683322583462e-01
-4.077138277170591074e-01
-3.059499910892142793e-01
-1.686277034814190889e-01
-8.953490650158157926e-03
1.534951236835775390e-01
2.992523917439275927e-01
4.115072399951296145e-01
4.773474127875390050e-01
4.882658359822782401e-01
4.414176925533279672e-01
3.447259015606363164e-01
2.066301288358569632e-01
4.445313498889547077e-02
-1.229036188918383177e-01
-2.755048710368078746e-01
-3.964592089288886401e-01
-4.701977936096658484e-01
-4.870650506364060384e-01
-4.487691376706051116e-01
-3.578277024074352219e-01
-2.241788354548364115e-01
-6.232816050204570413e-02
1.067326275942919178e-01
2.650143343739277402e-01
3.927934909467361013e-01
4.747831660247581187e-01
5.047340699000819608e-01
4.778236412042629055e-01
3.964400268252226134e-01
2.688916085429953196e-01
1.122296566959519737e-01
-5.819181642595239179e-02
-2.218171894124219001e-01
-3.590503597190068952e-01
-4.547045522175817700e-01
-4.977630900247372869e-01
-4.834281127299000502e-01
-4.121213665058545139e-01
-2.942126412136631952e-01
-1.404087146492334348e-01
3.043610978324706728e-02
1.986207996923978758e-01
3.447030101830290683e-01
4.525551575349731070e-01
5.083795435271076801e-01
5.045334747020255861e-01
4.455938346177756859e-01
3.364374495646749175e-01
1.888771925839665133e-01
1.872000507131921232e-02
-1.529029121851441797e-01
-3.074553942997192424e-01
-4.254399253035743289e-01
-4.927743423558293978e-01
-5.052946992355922262e-01
-4.601382261223294634e-01
-3.619661335687324177e-01
-2.210600921025270837e-01
-5.606650465942741857e-02
1.167807667365619029e-01
2.772469775951238447e-01
4.061144951789521507e-01
4.895767863997844138e-01
5.181579896759256343e-01
4.889477043252179467e-01
4.040888561785074273e-01
2.756384725494447352e-01
1.155526478724278050e-01
-5.692945597573406680e-02
-2.219415085723154268e-01
-3.608040325439975105e-01
-4.583515669664394165e-01
-5.022411850542609635e-01
-4.861990894754950610e-01
-4.159920276716054799e-01
-2.977212653046886759e-01
-1.452170164012035469e-01
2.452053530177211726e-02
1.909807087878434562e-01
3.362972473138239327e-01
4.424370094702887446e-01
4.967586821292728771e-01
4.967917905991834360e-01
4.412738574654002655e-01
3.363382744036689243e-01
1.934121709723375382e-01
3.149383912934888841e-02
-1.332664846050293228e-01
-2.815154570098833409e-01
-3.957759450979356775e-01
-4.651956288244536442e-01
-4.817478403582955426e-01
-4.437516922675123210e-01
-3.548686340817438500e-01
-2.275545770952358549e-01
-7.375992172445977602e-02
8.798151536359433145e-02
2.389613849210960872e-01
3.626225628570474147e-01
4.456764065581046985e-01
4.784418965471752827e-01
4.566632271305224311e-01
3.864951495989841224e-01
2.741090694637362546e-01
1.324006584011709897e-01
-2.292984212415394296e-02
-1.735322820668929733e-01
-3.034202582833375184e-01
-3.965675448585449514e-01
-4.421890088883033698e-01
-4.393249436146192677e-01
-3.873298912801619309e-01
-2.916437180401465490e-01
-1.625808199821956457e-01
-1.681863696316576728e-02
1.309860431224874056e-01
2.632231025926268231e-01
3.645406100960792983e-01
4.258170485323200527e-01
4.401901482560284240e-01
4.061938415872592412e-01
3.272577953601987222e-01
2.147881448802970716e-01
7.927759605953355049e-02
-6.325533338937172623e-02
-1.962389547030788384e-01
-3.053115335717928591e-01
-3.790471947156812682e-01
-4.086126898231987603e-01
-3.901182601145796180e-01
-3.292413612488350738e-01
-2.314331554689962323e-01
-1.084752427167002820e-01
2.540419989735953621e-02
1.545205995903244922e-01
2.653536020965165942e-01
3.443797381658662005e-01
3.825790030114966100e-01
3.796984739265492070e-01
3.354943817707689568e-01
2.546797067536554771e-01
1.465000243854537310e-01
2.554334380063005838e-02
-9.612612790138352903e-02
-2.041303589704195343e-01
-2.860267503592877070e-01
-3.355142026389945631e-01
-3.471737706821330649e-01
-3.196246030083491618e-01
-2.561172126196052945e-01
-1.660638468506410170e-01
-5.776937758722333616e-02
5.578425218162474941e-02
1.611351553779529766e-01
2.472448554464103943e-01
3.053555901658409066e-01
3.288680247038322513e-01
3.151768615820291775e-01
2.691256366542975620e-01
1.947967102208716383e-01
1.006761151793076348e-01
-2.331046294302807631e-03
-1.022380786990072510e-01
-1.887561151835607243e-01
-2.510193869451644577e-01
-2.820894905372287598e-01
-2.826160404539937998e-01
-2.522492252972925453e-01
-1.936997800622640709e-01
-1.137516811495140612e-01
-2.310604009879579923e-02
6.932880421705278629e-02
1.523562222183727499e-01
2.163408568086075956e-01
2.566605366606893313e-01
2.692195910713637286e-01
2.524400000859805537e-01
2.085605430061097110e-01
1.446798900411430111e-01
6.641095273643049524e-02
-1.707894399059073365e-02
-9.558628022745851993e-02
-1.610747402977310561e-01
-2.071874849180104228e-01
-2.280641014793091115e-01
-2.213107034119228267e-01
-1.908528694742257503e-01
-1.393503494253767183e-01
-7.295722070704813156e-02
-6.943196789943595348e-05
7.084770802788065147e-02
1.326666087257737381e-01
1.773629603577655534e-01
2.000118431766950700e-01
2.017008298760372131e-01
1.821595516243090795e-01
1.429362712271615710e-01
8.925273570216485375e-02
2.904605109317026645e-02
-3.203805784565083581e-02
-8.652882390323513029e-02
-1.279309869710892889e-01
-1.543639471858552215e-01
-1.632615303878923729e-01
-1.529707817104197787e-01
-1.253208973867609988e-01
-8.533045699420716002e-02
-3.631028560339599753e-02
1.591936279648153985e-02
6.458764802404748373e-02
1.050791613053156937e-01
1.337176265266517561e-01
1.468222151630760308e-01
1.433512676665869012e-01
1.264447115004621036e-01
9.738674693137938654e-02
5.904480004698897666e-02
1.653321031693999466e-02
-2.524067263658813509e-02
-6.240719029152508313e-02
-8.991977054964250815e-02
-1.049009633918701612e-01
-1.085926483188025538e-01
-1.004782237963381952e-01
-8.071437005037807033e-02
-5.230585093362705162e-02
-1.944051192367746150e-02
1.510061912651572413e-02
4.685370025280533035e-02
7.191229238976304394e-02
8.942619723385747399e-02
9.780435908866658146e-02
9.511980893101101842e-02
8.215794824471189806e-02
6.221590649168984299e-02
3.680868178975904570e-02
8.677811550150238418e-03
-1.839728290651243547e-02
-4.211060466685923043e-02
-6.034473344645152615e-02
-6.987106193845848967e-02
-6.976810406574662782e-02
-6.226125589738751298e-02
-4.776388509974638374e-02
-2.785934447185434149e-02
-5.911178600145783335e-03
1.529558080897941430e-02
3.404555508590245694e-02
4.809258114351089297e-02
5.597743933493459778e-02
5.832297563144983599e-02
5.482271002262173454e-02
4.549551657974304497e-02
3.233321914691122956e-02
1.817246509289960343e-02
4.044710773321469333e-03
-8.703446990579344344e-03
-1.856086050927041597e-02
-2.570324906617327265e-02
-2.938737907450039710e-02
-2.853122981179700979e-02
-2.375319128798436541e-02
-1.655815881126310174e-02
-7.463052512801326976e-03
2.506562882199636633e-03
1.191912354966384591e-02
2.002077291937731651e-02
2.609900072483428701e-02
2.926286582012727067e-02
2.942871351392706281e-02
2.745692691173107214e-02
2.343643752930923974e-02
1.766114973129928600e-02
1.113480386723186832e-02
4.737190668443025388e-03
-1.026067949340569996e-03
-5.518980633756109810e-03
-8.379710890398350820e-03
-9.906502146355578020e-03
-9.924736705600900599e-03
-8.234094662602609027e-03
-5.289078584355455526e-03
-1.758978891736817651e-03
2.101307692058407284e-03
5.971604703380872792e-03
9.452594425632954156e-03
1.245023288971114361e-02
1.467218934590963642e-02
1.557579767884753608e-02
1.511663809013108484e-02
1.369118476995700995e-02
1.140311658556480978e-02
8.595787660911069494e-03
5.747392706563436704e-03
3.097941635469947386e-03
8.884083494453687280e-04
-5.576019238163754110e-04
-1.103226734517348540e-03
-8.496738021687155751e-04
1.645710336590777700e-04
1.693111080570242066e-03
3.331685093003633469e-03
4.688369604080699915e-03
5.667375654856643408e-03
6.290083247775690722e-03
6.542469949115892192e-03
6.600653997455463440e-03
6.450434167400542762e-03
6.071101962025871046e-03
5.649413854307283600e-03
5.360349854627299848e-03
5.223724548171659876e-03
5.209432616825493412e-03
5.286547357457038743e-03
5.341220302292670752e-03
5.389793353345551097e-03
5.484013093363104829e-03
5.574149522004745450e-03
5.624693159462346159e-03
5.633503107979498381e-03
5.599703708746073261e-03
5.539424668800307927e-03
5.491898839758535544e-03
5.452015468657478436e-03
5.403164520501047008e-03
5.353741762314179198e-03
5.303205729552118441e-03
5.253742114902149041e-03
5.213219181930961454e-03
5.179656044418612382e-03
5.146072722650663067e-03
5.114472506526634987e-03
5.084555262033996215e-03
5.056020855159104599e-03
5.028569151888984123e-03
5.001900018210436727e-03
4.975713320110486393e-03
