2.314614194679240899e-01
-4.604012061080352547e-01
-8.552875724100381660e-01
-1.000000000000000000e+00
-9.413408094398363346e-01
-7.261123212914630809e-01
-4.011168561167957058e-01
-1.315673447775145277e-02
3.459584115624496636e-01
6.628161938727243907e-01
8.944611105176034638e-01
1.000000000000000000e+00
9.597477829018457030e-01
7.923691773059369226e-01
5.194618557111496671e-01
1.995548593476126342e-01
-1.162059741168203209e-01
-3.751665602038221081e-01
-5.369783863892230169e-01
-5.803972418734151262e-01
-4.986540397129324287e-01
-3.193814776463436145e-01
-6.754135660393356666e-02
2.068098905794730769e-01
4.587460498625317573e-01
6.492703814738089996e-01
7.504445587900088199e-01
7.531849730166355616e-01
6.582031250890680862e-01
4.935253221996829254e-01
2.822066473848177104e-01
6.371371059111874402e-02
-1.261698475485498738e-01
-2.607319773541594277e-01
-3.212293385260454048e-01
-3.040762025604171193e-01
-2.130049229792398968e-01
-7.234014065560789852e-02
9.882682922860808183e-02
2.698811307111081970e-01
4.124344513382189881e-01
5.073729531111641489e-01
5.417254270563829355e-01
5.142271285583435159e-01
4.297486106735382005e-01
3.095584827121928839e-01
1.698288107625560706e-01
3.576570164532788532e-02
-6.902747085596938614e-02
-1.303326574237646529e-01
-1.393951119136956907e-01
-9.761829353778606055e-02
-1.173406639986629418e-02
9.750643056505303718e-02
2.150084436051973302e-01
3.190403910470260840e-01
3.897102813373916064e-01
4.180963493320670743e-01
4.002381224841693452e-01
3.422712295143734984e-01
2.541857750350604572e-01
1.572146804808476350e-01
6.562701628561318223e-02
-4.598960463144452504e-03
-3.882849316568037779e-02
-3.261352280720586361e-02
1.326925340354301319e-02
8.505361316660153825e-02
1.687473005145849747e-01
2.454103584920577230e-01
3.034820165596245900e-01
3.352573699157916920e-01
3.331746781239748323e-01
2.980658320114346616e-01
2.349288293827740404e-01
1.608471427222164518e-01
9.037561408355343495e-02
3.702949373593478199e-02
9.176540339406180635e-03
1.073877636129538793e-02
4.252353788737583962e-02
9.484806525462441407e-02
1.601903933367623267e-01
2.231036130814985086e-01
2.702961348769865602e-01
2.955711590476872708e-01
2.948180239925335400e-01
2.683963581327744041e-01
2.209519189749031831e-01
1.648991858881900807e-01
1.076636567257358568e-01
5.975480777233777019e-02
3.160268977561297987e-02
2.764919956564226844e-02
4.830485373935444748e-02
8.678104067976799563e-02
1.356350059943953745e-01
1.844260355784042016e-01
2.279408186846059170e-01
2.609041502892566200e-01
2.765151339613045600e-01
2.731605605149671767e-01
2.518356817722886554e-01
2.184421131501173008e-01
1.791768906363471192e-01
1.407730238786379928e-01
1.070131228334185725e-01
8.205780323480138527e-02
6.965272420703039202e-02
6.879299541242711591e-02
7.981687608630538833e-02
1.024421010960945289e-01
1.330937095383717406e-01
1.663301861932748871e-01
1.993471294067752364e-01
2.279156456459545677e-01
2.481390778881866765e-01
2.599947852458521780e-01
2.615715554874538107e-01
2.489186868720796308e-01
2.228311049778302078e-01
1.880850741078212707e-01
1.473473335651593885e-01
1.067310938493919448e-01
7.272324013418396405e-02
4.895842586973997435e-02
3.855163151525142773e-02
4.586952784075815082e-02
7.158813706079514283e-02
1.113556825881696355e-01
1.619983155328352797e-01
2.149046275772938941e-01
2.606115200956427014e-01
2.923545644418288347e-01
3.062537493105523811e-01
2.989433539681234375e-01
2.699521156105544328e-01
2.244648726474189893e-01
1.664082553980392731e-01
1.063068548922703194e-01
5.533159488530725589e-02
2.080139950408477212e-02
6.867109149921057920e-03
1.647095148322730296e-02
4.904090953447681756e-02
9.740304939964983255e-02
1.571014617876751451e-01
2.176857871370332376e-01
2.678029254626037581e-01
3.009106301161443842e-01
3.131386045801249907e-01
3.019504324724311406e-01
2.690296373624665449e-01
2.227878354849770481e-01
1.674919185555134860e-01
1.125077876644737795e-01
6.863016813633815438e-02
4.116269128699823199e-02
3.284788819784756342e-02
4.491990156356573394e-02
7.497300351156277465e-02
1.146797807565038685e-01
1.601853761193794412e-01
2.039256567788931829e-01
2.366626453853335477e-01
2.542101034942751969e-01
2.550788198523437078e-01
2.406408191803877106e-01
2.146468709394515617e-01
1.848093376675219446e-01
1.542104522108262987e-01
1.276871508574022318e-01
1.119402637296198488e-01
1.094534848191872634e-01
1.199407524625621946e-01
1.382843776418822834e-01
1.589096955740008088e-01
1.755755407153969383e-01
1.861738593822386267e-01
1.893107650095566807e-01
1.825512011873695606e-01
1.666330259858674889e-01
1.438070406443223703e-01
1.229969083868547308e-01
1.116905662104399344e-01
1.132880436635081978e-01
1.280811466309090818e-01
1.539962999183333014e-01
1.881150821322754574e-01
2.228370303694622301e-01
2.529646962374263452e-01
2.699899431198595767e-01
2.665605669947235246e-01
2.411372761119061625e-01
1.952756198530374299e-01
1.368457092996104851e-01
7.549151187774771898e-02
2.480941591488572406e-02
-8.046274508157313932e-03
-1.718672507580043529e-02
3.441713559784842502e-03
5.359575453413167878e-02
1.286718319116966214e-01
2.145656702414378003e-01
2.975969716267625742e-01
3.622957479654902446e-01
3.989934341523253547e-01
4.003488937559485095e-01
3.621825618172689332e-01
2.902273469431324582e-01
1.916292894120641410e-01
8.505108627579871516e-02
-1.222556974908073357e-02
-8.523418548304051434e-02
-1.227574584451581741e-01
-1.167527811271018567e-01
-6.533925947491958652e-02
2.205769717343897263e-02
1.365290099306184501e-01
2.576640364065529987e-01
3.657931233310860453e-01
4.442513388916231598e-01
4.815477137748906955e-01
4.706593609521201316e-01
4.111509772517440986e-01
3.152900808798790866e-01
1.925268601279002123e-01
6.303812181995893660e-02
-5.238013290335030714e-02
-1.364074305349637362e-01
-1.769721726701322106e-01
-1.664884109365871723e-01
-1.043591557225098665e-01
-3.231659018692156771e-03
1.268343422216791083e-01
2.642567440361689446e-01
3.868935859250628440e-01
4.757757751961946280e-01
5.176379076980293092e-01
5.044672230923759049e-01
4.357717523002533344e-01
3.258331357474699708e-01
1.863742487897184219e-01
4.166988436353835645e-02
-8.412634839342914006e-02
-1.706928182898159729e-01
-2.043251334207938363e-01
-1.787604345632487490e-01
-9.551648223184350250e-02
2.714433701208429639e-02
1.743748281698844771e-01
3.190014836222669903e-01
4.354112102760501202e-01
5.045668510061784851e-01
5.148418318266192450e-01
4.653320635163613606e-01
3.621569519871774556e-01
2.290322276379028743e-01
8.432414816277011838e-02
-4.404561906091042367e-02
-1.313830291763971037e-01
-1.642486961952906999e-01
-1.365092693342137009e-01
-5.572554079907654501e-02
6.564233265347008128e-02
1.994004983450521351e-01
3.252041675813810429e-01
4.192991591415931030e-01
4.616923388729159416e-01
4.463902072053695935e-01
3.743923960213264568e-01
2.640219275226454165e-01
1.344150680671882814e-01
1.419253271895115631e-02
-7.739808740069498150e-02
-1.250381203627124460e-01
-1.164912640791488929e-01
-5.366733609562179819e-02
5.551834054180426747e-02
1.838184279929924170e-01
3.076555207889690724e-01
4.025321977247884320e-01
4.521703537047119248e-01
4.484653094060775391e-01
3.883287975471410025e-01
2.853621041156089166e-01
1.535545157699347296e-01
2.181005338006403171e-02
-8.528135536763548075e-02
-1.485294085809452103e-01
-1.554876314380526647e-01
-1.044089567091112114e-01
-1.023803531245870424e-03
1.312991095660711593e-01
2.748392282400244913e-01
4.017116635571578165e-01
4.874048943540181256e-01
5.177866489602289679e-01
4.858214378352065932e-01
3.972725203518665538e-01
2.636593912215314806e-01
1.127257443694835715e-01
-3.483332254264170924e-02
-1.519782462909481380e-01
-2.156993137934332117e-01
-2.169571990693143215e-01
-1.533831652953769886e-01
-3.671751590766081375e-02
1.169479098979127052e-01
2.770508863432001867e-01
4.212212485079456226e-01
5.243677076616786170e-01
5.656975644177031359e-01
5.407237834481535277e-01
4.513339270037035611e-01
3.151848491979314382e-01
1.524448489059102574e-01
-5.095475344479627466e-03
-1.348327297533826741e-01
-2.163431211740231008e-01
-2.328746770285270440e-01
-1.829352239550207093e-01
-7.195107425291114023e-02
7.492171743469278056e-02
2.335898609497553124e-01
3.742125551522763605e-01
4.759569731350694610e-01
5.247388191594797302e-01
5.101417276672506329e-01
4.370928103551718902e-01
3.151924086505808464e-01
1.721967185382338172e-01
3.280127441256408538e-02
-7.768418127022758135e-02
-1.413229632535432101e-01
-1.484264766287678450e-01
-9.654688241349740352e-02
-2.042951229603073848e-03
1.213466468894075501e-01
2.458489442856637286e-01
3.471509895766684561e-01
4.080540072826395193e-01
4.172241668575256135e-01
3.744355330320865427e-01
2.862431160498462024e-01
1.762920544628339137e-01
6.229433235476178332e-02
-2.964674152518864680e-02
-7.805559787771809699e-02
-7.473901217426659471e-02
-1.828706202074681375e-02
7.804143968018095734e-02
1.982837593269792809e-01
3.130144552705633743e-01
4.025246238080346650e-01
4.488536052454645819e-01
4.376759160074239485e-01
3.683630222653890840e-01
2.478913811819909441e-01
1.050316505152713020e-01
-3.460826504555503114e-02
-1.413950169331088524e-01
-1.963125680177305599e-01
-1.887924356185873842e-01
-1.126202368438583568e-01
1.958874359246198793e-02
1.907715411217867363e-01
3.640264212192916293e-01
5.087253389966353012e-01
5.972486125409954827e-01
6.109126111661797864e-01
5.445804121250323870e-01
4.034760900509140047e-01
2.169159001328182512e-01
9.418444499931011293e-03
-1.788103085178185392e-01
-3.130501924812176817e-01
-3.690625236805495923e-01
-3.334798490163898288e-01
-2.121711753713616533e-01
-1.946435231374155084e-02
2.055915983378413525e-01
4.314880055446552731e-01
6.161112204974679152e-01
7.248501902291528687e-01
7.404970015769123393e-01
6.565277112179070951e-01
4.894827123841569705e-01
2.619347329420240733e-01
1.918570853907253237e-02
-2.035404439206489613e-01
-3.665016419031229544e-01
-4.384166772897427622e-01
-4.111155303590463550e-01
-2.857809403199899068e-01
-8.802554711726306991e-02
1.533311257360958635e-01
3.912360237452463529e-01
5.905453451542375110e-01
7.192093404778474586e-01
7.524439020873916473e-01
6.877311286905956056e-01
5.318342187941527133e-01
3.194593558211591411e-01
8.399638210800230986e-02
-1.311919139320865124e-01
-2.944271375557031556e-01
-3.822207427782511324e-01
-3.772004463874857327e-01
-2.837162280940666026e-01
-1.133607947223160828e-01
9.599344932644315875e-02
3.104958480915676056e-01
4.931778983529853111e-01
6.159423289737284701e-01
6.612530477511957550e-01
6.208680988697914405e-01
5.088727604449845288e-01
3.394163267166439013e-01
1.466924273993144290e-01
-3.733682089981726904e-02
-1.816773951304112567e-01
-2.635986344073988352e-01
-2.711514728233435090e-01
-2.024041461246763873e-01
-7.827796707143386268e-02
8.464593543997134262e-02
2.539838962946112666e-01
3.999826215399071572e-01
4.997742685769921422e-01
5.373172272158117657e-01
5.087456374429619732e-01
4.180751543125700298e-01
2.888063150445914218e-01
1.397648623679359492e-01
1.184265098318704190e-03
-1.006307892311453234e-01
-1.500855251560324621e-01
-1.390185573955221576e-01
-7.334990081442882559e-02
3.627750018046982383e-02
1.627744948746152609e-01
2.866286755745379722e-01
3.837106723712551126e-01
4.334347870187693630e-01
4.291115096997200062e-01
3.704692821339958808e-01
2.729363289943904647e-01
1.534841391304488933e-01
3.960952007972751154e-02
-5.028057266711216666e-02
-1.006038460853204697e-01
-9.846166684094037613e-02
-4.391797324085611187e-02
5.663359004782431150e-02
1.775301529653066090e-01
2.962965062061664323e-01
3.885249284857847929e-01
4.382883311668357429e-01
4.370702156787691361e-01
3.805086239142319027e-01
2.803680978102538468e-01
1.502326931428876744e-01
1.949234316062931072e-02
-8.718212064333896727e-02
-1.496372514260219111e-01
-1.546808554894552046e-01
-9.999631467940939267e-02
8.710846784553583078e-03
1.470001100508546710e-01
2.960172950759378807e-01
4.258124820436535174e-01
5.104493871389341741e-01
5.348257849659761032e-01
4.918068526339065549e-01
3.888616348833024983e-01
2.394838133591836726e-01
7.506357534198926373e-02
-8.083287733441923972e-02
-1.984748394344543199e-01
-2.535016575693302965e-01
-2.378988675289867016e-01
-1.511152439260937674e-01
-9.693947469180175247e-03
1.660907658438568468e-01
3.407717430201646636e-01
4.886336947395830688e-01
5.842060618909756808e-01
6.072001057072957675e-01
5.547565827140601424e-01
4.317590812736082917e-01
2.643934446733260391e-01
7.878365733837067175e-02
-8.970601159113089640e-02
-2.160644400811490007e-01
-2.813783624411403395e-01
-2.711658218359437322e-01
-1.880160473632620510e-01
-4.151393290746008269e-02
1.363316733748742848e-01
3.166631870543854532e-01
4.672531196604692294e-01
5.645700943658347182e-01
5.935384028508692289e-01
5.467539382407324844e-01
4.371007485881215349e-01
2.783904968878856412e-01
1.033826491082496801e-01
-5.824465829787384141e-02
-1.787293259033624349e-01
-2.377636730965964063e-01
-2.254641547528727363e-01
-1.417949577749184620e-01
-8.564890769365507417e-03
1.562013279635716678e-01
3.189383468365512009e-01
4.496449642864408514e-01
5.258743108635315355e-01
5.335710918646521250e-01
4.728050565728585397e-01
3.512216657701547895e-01
1.973789355938928569e-01
3.389543239366554772e-02
-1.058742376363503990e-01
-1.937365997607387591e-01
-2.147592423752489044e-01
-1.627168257247110228e-01
-4.878630397019712017e-02
1.107504399497452052e-01
2.805438612844781687e-01
4.343101729113707510e-01
5.416037304879401937e-01
5.781310255814551269e-01
5.381754132094316301e-01
4.242437482123595505e-01
2.597588243560540189e-01
6.996940754594938028e-02
-1.054432016780840753e-01
-2.382842970289433815e-01
-3.046791896570210101e-01
-2.868237650502862834e-01
-1.865183213543748497e-01
-1.435342513611859161e-02
1.921521244024033681e-01
3.990568911779277528e-01
5.665165375738336895e-01
6.666276120216150236e-01
6.820921166677396119e-01
6.033830190899238666e-01
4.457676225857167829e-01
2.291320827459175646e-01
-1.906811488560089529e-03
-2.087800798285113224e-01
-3.542133768010451433e-01
-4.118709185842295284e-01
-3.713097661216978596e-01
-2.341505242403538745e-01
-3.087101108978396180e-02
2.117183112933638256e-01
4.469294051299150805e-01
6.338577787835160127e-01
7.406377743136844938e-01
7.475445008958696569e-01
6.558180821067813859e-01
4.763100375966873301e-01
2.479442399838369671e-01
2.924681924244776354e-03
-2.129187648795267673e-01
-3.611385286299260144e-01
-4.192800193348386051e-01
-3.760112836941383874e-01
-2.435230070395916213e-01
-4.063905094339570478e-02
1.894313126102116218e-01
4.128351791562701045e-01
5.892100609391988097e-01
6.860025696904799020e-01
6.920691510077914277e-01
6.052768574736953067e-01
4.470130947626922424e-01
2.419743568905083908e-01
3.311434275310287667e-02
-1.478325682018341025e-01
-2.714255336822503084e-01
-3.142453433278736830e-01
-2.725789096998433303e-01
-1.512870795222098774e-01
1.836599518414661070e-02
2.070926113795892309e-01
3.774133978890761298e-01
5.029035503764458515e-01
5.657710615839286472e-01
5.527493915276051606e-01
4.700069146712984036e-01
3.292798844006583625e-01
1.641015473648537171e-01
3.515228144296944635e-03
-1.222234450462161837e-01
-1.913285738570483785e-01
-1.924532254159092570e-01
-1.231889773320282711e-01
-3.706535848523984100e-03
1.490790657726868140e-01
3.018279140924420290e-01
4.253780447838089174e-01
4.978199160277423374e-01
5.047295829972353598e-01
4.453732009105315637e-01
3.270105206093523176e-01
1.776953397945539859e-01
1.975450318805616057e-02
-1.134248589185573586e-01
-1.941512658343386155e-01
-2.080093325250168546e-01
-1.494233389608663476e-01
-3.051383137515306654e-02
1.318812205785744318e-01
3.021689290592255439e-01
4.540419319375001983e-01
5.575883403695358620e-01
5.890561115823578220e-01
5.432184701351865375e-01
4.231390217472670301e-01
2.530873516946707813e-01
5.886307946833091442e-02
-1.198989161395499492e-01
-2.549880341534028760e-01
-3.227871861093791761e-01
-3.056865830430316455e-01
-2.053980590264848916e-01
-3.232666414601337301e-02
1.763748850077584418e-01
3.869862279250431136e-01
5.600029527164265275e-01
6.673799144212266832e-01
6.912188139263546471e-01
6.215381639229600186e-01
4.725536488454449291e-01
2.628772519472080127e-01
3.566260501419193929e-02
-1.713927478185316433e-01
-3.214012174172176106e-01
-3.878715443442994903e-01
-3.592020407416935956e-01
-2.358836583857545355e-01
-4.658435758699697171e-02
1.835790416534865965e-01
4.095019757367754920e-01
5.914122639656800295e-01
6.978328062647627394e-01
7.090092247210122434e-01
6.252870238819141502e-01
4.566827442509842072e-01
2.409621417042329128e-01
9.192966445126016239e-03
-1.937609715805490573e-01
-3.304106242869295773e-01
-3.790738346386910429e-01
-3.291613545899337856e-01
-1.936577914367016984e-01
7.938959000845402514e-03
2.316422933888795388e-01
4.433287870597566460e-01
6.027878217818991580e-01
6.782944520557112611e-01
6.607596323809517003e-01
5.503825624424669716e-01
3.722782376463829035e-01
1.542807803234775843e-01
-5.741194533066507066e-02
-2.291183165099186514e-01
-3.315584355927598814e-01
-3.425393472580513521e-01
-2.613430180465862174e-01
-9.677488190709093718e-02
1.121010319566826396e-01
3.298567529383205077e-01
5.137325185631096414e-01
6.337789168690830532e-01
6.716357686104978963e-01
6.154523942471861186e-01
4.775507511392271809e-01
2.760420327413273256e-01
5.412629401394575268e-02
-1.510339865088567990e-01
-3.015531926621832781e-01
-3.700115210155375811e-01
-3.434468707955340427e-01
-2.215168809839498376e-01
-3.309557770671534005e-02
1.971084202733173196e-01
4.238799274713409559e-01
6.073286537026341136e-01
7.154269244627458058e-01
7.270369924660664562e-01
6.401110193538450677e-01
4.633296905739396898e-01
2.337601251149479253e-01
-1.667725816620757584e-02
-2.397672511814951113e-01
-3.950910743406766956e-01
-4.560040206801604379e-01
-4.084387810495965221e-01
-2.623949421170275187e-01
-3.589468581415000692e-02
2.251318681686635959e-01
4.833243376845566264e-01
6.910317505745833255e-01
8.094367149379220194e-01
8.201004100781612571e-01
7.165974452792354121e-01
5.194907612909245298e-01
2.553718899897514660e-01
-2.354127095478597553e-02
-2.761898278128336326e-01
-4.573049001052184037e-01
-5.316909907041091898e-01
-4.906318447194691901e-01
-3.362916818831986898e-01
-9.988772002176593556e-02
1.842934066473396193e-01
4.608714209148789820e-01
6.879842773571629433e-01
8.286061666698463224e-01
8.548308130441519825e-01
7.645087797134597629e-01
5.668828692627092547e-01
3.059881751346913425e-01
2.306281117713027129e-02
-2.296785828839479349e-01
-4.137803596624016755e-01
-5.021777006867613746e-01
-4.763448095156759265e-01
-3.459897232101057929e-01
-1.283669930394701897e-01
1.287725206992429428e-01
3.836173559757176665e-01
5.922656394233083432e-01
7.215312578563966017e-01
7.534592764949918919e-01
6.824509732229036008e-01
5.322097719223952694e-01
3.237894387104003346e-01
1.000560606881841785e-01
-1.005709511044154958e-01
-2.462181872386701720e-01
-3.148412073649867748e-01
-3.015615263114753697e-01
-2.102190275708301082e-01
-6.867328044401788123e-02
1.016051457770241750e-01
2.669430158457672952e-01
3.979477347210784721e-01
4.777865285741782486e-01
4.963101409647270312e-01
4.585517013583140233e-01
3.739475327594612430e-01
2.671276314093478099e-01
1.548308348792248879e-01
5.651845068120220361e-02
-1.009130388340184759e-02
-4.407830468504836396e-02
-5.258846451243015530e-02
-3.267014055023964580e-02
1.862831001682896392e-02
1.042585300040828056e-01
2.271721622268272345e-01
3.903208495003693823e-01
