2.031982914437573395e-01
4.122844595240082732e-01
5.193593715003876898e-01
5.398371356304856317e-01
4.891318601718910308e-01
3.826576533821941517e-01
2.358286235189850366e-01
6.405887883985239561e-02
-1.101293422833922175e-01
-2.779934331255357050e-01
-4.237307109087992130e-01
-5.249546402222782238e-01
-5.654569549051409183e-01
-5.423280856549790307e-01
-4.545208115934560311e-01
-3.118266948017336393e-01
-1.280569382208223139e-01
7.295924743560111558e-02
2.706035771463557449e-01
4.403719341865548476e-01
5.600153369504359269e-01
6.150510101363706461e-01
5.971231473752811603e-01
5.072905862651773123e-01
3.527607396731309297e-01
1.536355205457569095e-01
-7.099688248154012449e-02
-2.936375893708332852e-01
-4.875970831242967263e-01
-6.298538503704581570e-01
-7.031860318549716382e-01
-6.975882331726775964e-01
-6.106998548643365332e-01
-4.545635504565513907e-01
-2.425815088978877654e-01
-1.171009975284298399e-03
2.420405432481689267e-01
4.584493059244199031e-01
6.239232600721809074e-01
7.172326574676861632e-01
7.255675355019486350e-01
6.521979875570633745e-01
5.022436378327226336e-01
2.920667985107039399e-01
4.370637115200959322e-02
-2.118813387363041034e-01
-4.474908005111328801e-01
-6.340622481890055839e-01
-7.497742711868818910e-01
-7.858807715414769524e-01
-7.358459822136844686e-01
-6.043291800215547793e-01
-4.043135470082230842e-01
-1.613280864586015273e-01
1.010614251984713885e-01
3.521005394417460188e-01
5.628080803130453003e-01
7.103109458707776991e-01
7.778183789915726898e-01
7.580503615364930781e-01
6.512133620890097063e-01
4.718167990771513498e-01
2.357098718308705543e-01
-2.936811624293078626e-02
-2.944236118984985273e-01
-5.299160599770281754e-01
-7.107401107222681702e-01
-8.151676473712772264e-01
-8.300306401567684178e-01
-7.585379892477415176e-01
-6.056583105178339199e-01
-3.872621498079256153e-01
-1.252467988702641311e-01
1.496234976767487623e-01
4.091204243085035941e-01
6.223300783647389700e-01
7.654386912422910250e-01
8.266631456732533856e-01
7.971809468863277903e-01
6.791941853870600010e-01
4.836188877485001480e-01
2.348145443725901949e-01
-4.403601293996595167e-02
-3.214241083588396108e-01
-5.665632986548156946e-01
-7.529344243117308544e-01
-8.600846424156430858e-01
-8.751587015868751429e-01
-7.939220586737072427e-01
-6.286509955951216089e-01
-3.934894684612031401e-01
-1.154454871875719713e-01
1.757390314946400967e-01
4.471927854416344328e-01
6.703548605822469142e-01
8.187057170993981003e-01
8.743684216661162800e-01
8.354714875361108906e-01
7.033119944387105082e-01
4.918732739282565269e-01
2.223753023590431255e-01
-7.243752962787064487e-02
-3.629715666221355885e-01
-6.154858470860371522e-01
-8.017395170698232709e-01
-9.044839915841802469e-01
-9.107505824299780839e-01
-8.193793947288940949e-01
-6.384310165517963487e-01
-3.910927221879766380e-01
-1.005081253261311813e-01
1.997190710089211674e-01
4.764973353460508765e-01
6.995142671081313601e-01
8.445698394835294831e-01
8.951241091601898070e-01
8.437156485006005457e-01
7.008807555566529679e-01
4.791917146980044784e-01
2.039615005557369187e-01
-9.566242041984718281e-02
-3.848519059066510817e-01
-6.330474670217612898e-01
-8.109843690093659907e-01
-8.980056932603851516e-01
-8.898079525681075186e-01
-7.852940947061048949e-01
-5.965153981364126334e-01
-3.428819564757233929e-01
-5.599802918638363547e-02
2.352480676281583083e-01
4.972795572585986257e-01
7.006298610409671390e-01
8.257686762660469970e-01
8.586751177341838126e-01
7.970283367295813992e-01
6.465632143854160852e-01
4.281136124193993808e-01
1.624478019597721534e-01
-1.196509687242972575e-01
-3.870868626779632171e-01
-6.112148152631469156e-01
-7.687083799916781812e-01
-8.422453086569721137e-01
-8.229409698604512879e-01
-7.192768787391981000e-01
-5.409512546799404298e-01
-3.089716034007057299e-01
-4.846605561781069937e-02
2.106223175627026656e-01
4.417130975145737715e-01
6.189117882625643219e-01
7.232465027215653208e-01
7.493899824930785325e-01
6.941495114918505571e-01
5.647280685161333302e-01
3.753590717111896513e-01
1.505566869631829174e-01
-8.796159249352086817e-02
-3.141226037217529354e-01
-5.035837093891502025e-01
-6.395684599589681607e-01
-7.086191810311707195e-01
-7.048428691524768475e-01
-6.291140436813233983e-01
-4.932698987543955305e-01
-3.095699726210296987e-01
-9.897335847422772392e-02
1.159881545456920016e-01
3.135326654425367732e-01
4.746830501171608319e-01
5.823190117671896981e-01
6.255728481858831014e-01
6.060853685426494941e-01
5.255249901150735869e-01
3.918029351874696697e-01
2.185042859140313709e-01
2.521556510337386037e-02
-1.696476042815997509e-01
-3.445043915535854762e-01
-4.820494310846645813e-01
-5.729929116186166516e-01
-6.081835465973970400e-01
-5.831627493141378071e-01
-5.006845993345463430e-01
-3.721176400936031525e-01
-2.079826026682711770e-01
-2.562184304490278119e-02
1.557997255328416042e-01
3.189542406756886717e-01
4.488453478186391621e-01
5.313140532219851053e-01
5.577976412228728975e-01
5.300172061419878844e-01
4.495747585321532291e-01
3.228684977351263807e-01
1.620523328550553810e-01
-1.537926645980691731e-02
-1.935011835559174997e-01
-3.529218961322249104e-01
-4.779970202158146941e-01
-5.601047875052171943e-01
-5.902217716659876601e-01
-5.629126514500470968e-01
-4.803074379017506779e-01
-3.527565330050282943e-01
-1.899684826925316372e-01
-7.763318913078465222e-03
1.756901974810916034e-01
3.419880071302925373e-01
4.752590936231697594e-01
5.597035753410770642e-01
5.855860805639363509e-01
5.536592782693197101e-01
4.649230491874196680e-01
3.258166864376688121e-01
1.489210839101924311e-01
-4.647476689719542975e-02
-2.424539275029859997e-01
-4.167637041718574853e-01
-5.508479437933944123e-01
-6.328842627572472956e-01
-6.529236370446392934e-01
-6.062151490399205755e-01
-4.956347146512293245e-01
-3.341467581449848456e-01
-1.346409281063364327e-01
8.104893937310420071e-02
2.898177560789956253e-01
4.696027409143526121e-01
6.019654359336314986e-01
6.704266374300573705e-01
6.657323236130707755e-01
5.916183807014900875e-01
4.528933940886585852e-01
2.622924407590370155e-01
3.834435536535041322e-02
-1.931419664291693650e-01
-4.092392171256475919e-01
-5.843667561783132403e-01
-6.991074879127003872e-01
-7.445509961623818507e-01
-7.133245777112549035e-01
-6.065032461171383504e-01
-4.335918957337997481e-01
-2.152347653456454513e-01
2.899348722931871514e-02
2.716720072635052663e-01
4.859622830467822396e-01
6.486146951276208217e-01
7.417099353271128237e-01
7.536602437735717697e-01
6.807032423596233173e-01
5.335949977174796466e-01
3.244406550675464906e-01
7.594305763889575012e-02
-1.860255740709475525e-01
-4.317932027870187150e-01
-6.356124964915351727e-01
-7.727456079373962172e-01
-8.265636298445588892e-01
-7.950842752987105078e-01
-6.787543011977097418e-01
-4.890897765453424695e-01
-2.446174833227949819e-01
2.541985562138804333e-02
2.942331660041612729e-01
5.304456688206633519e-01
7.073610394155693815e-01
8.077440694199808924e-01
8.191392600524083356e-01
7.397592546687925541e-01
5.761639861681902008e-01
3.493416908019137956e-01
8.021401570251240898e-02
-2.002500785193331856e-01
-4.610383133701427827e-01
-6.733366219292009625e-01
-8.140619996061903008e-01
-8.661421332169371157e-01
-8.214893698394705179e-01
-6.898132098648349642e-01
-4.825204345350816437e-01
-2.233477193684505480e-01
6.001440032558935656e-02
3.344855009621969799e-01
5.710533684140906008e-01
7.416081147820581254e-01
8.262026051028352747e-01
8.201457310831243852e-01
7.219653057203041513e-01
5.428702851418447661e-01
3.014763136082880823e-01
2.839203959354841267e-02
-2.491658333687263305e-01
-4.993118627120697317e-01
-6.936538988822860130e-01
-8.134578770969138617e-01
-8.450527243437931935e-01
-7.858794484319205909e-01
-6.414137032997492271e-01
-4.314377846945862682e-01
-1.759106242829073796e-01
9.491470132390644743e-02
3.508704798523958335e-01
5.642064867680378626e-01
7.123283568311113978e-01
7.790372809823191691e-01
7.563356659802540349e-01
6.526974068364046477e-01
4.776806428958355610e-01
2.516277287833317278e-01
-1.072862798079277091e-03
-2.508880179154284740e-01
-4.716880464114515670e-01
-6.379313867196612087e-01
-7.314008085420096172e-01
-7.479967937833373881e-01
-6.853109236422025852e-01
-5.512372083229161168e-01
-3.603981649245883156e-01
-1.374589232522128723e-01
9.533053421706427777e-02
3.115124241496616264e-01
4.871216190135798652e-01
6.063183872147761555e-01
6.571635602698915335e-01
6.358339666510173238e-01
5.449987517060781439e-01
3.991092453430791220e-01
2.122004991515737959e-01
6.816006964222687259e-03
-1.937683942279171401e-01
-3.692195799502407949e-01
-5.024961397977902866e-01
-5.803710302884885763e-01
-5.955129241745791280e-01
-5.528182727668337071e-01
-4.569616359119845761e-01
-3.191475813159675434e-01
-1.548681972479386548e-01
1.686563835192989025e-02
1.794793567559263003e-01
3.156544691083220666e-01
4.124844757598273848e-01
4.668277251392964899e-01
4.741170535786023432e-01
4.341352554424418031e-01
3.525918420811859910e-01
2.404352774480336130e-01
1.072804320114280063e-01
-3.347624817351346760e-02
-1.679098323450042285e-01
-2.858353270945744873e-01
-3.777678177469625531e-01
-4.346931913677819503e-01
-4.521747592209195421e-01
-4.336478695494239144e-01
-3.805353977303725932e-01
-2.951568404240559884e-01
-1.848787230365195322e-01
-5.946039182324491801e-02
7.154867089683558667e-02
1.955121650256979038e-01
3.020985490694272357e-01
3.850718680732998500e-01
4.364130356967119706e-01
4.464603554256714180e-01
4.127098562796007730e-01
3.405877782203790005e-01
2.339174043819891580e-01
9.900750377920930489e-02
-5.271608806325445151e-02
-2.065019065161532996e-01
-3.489126620620629504e-01
-4.630001273816937157e-01
-5.361321991050405078e-01
-5.615808272467835982e-01
-5.335870077273702217e-01
-4.502873541299640126e-01
-3.173946901654811636e-01
-1.489136368788218645e-01
4.259040638989985972e-02
2.374981109759959352e-01
4.149751731664705900e-01
5.551051962401885032e-01
6.417699653581585562e-01
6.603560387104083773e-01
6.044716556764588855e-01
4.813244736173092342e-01
2.992604506932958763e-01
7.500229938835833998e-02
-1.698269887421095525e-01
-4.063602593533020002e-01
-6.094688542560936506e-01
-7.523839337821662809e-01
-8.162551319887860757e-01
-7.950537221524777154e-01
-6.862665960610235816e-01
-4.989034126757924126e-01
-2.499939790643261883e-01
3.031497478597278139e-02
3.149134924323924167e-01
5.701893292660329404e-01
7.654273093511378967e-01
8.775482824547369276e-01
8.914707345013943574e-01
8.040516917512190442e-01
6.207229956342625865e-01
3.642334743409998410e-01
5.816785339112762188e-02
-2.611336876823825426e-01
-5.577173476993222412e-01
-7.968288133387925187e-01
-9.508963215102059774e-01
-1.000000000000000000e+00
-9.347820285332515411e-01
-7.666935706497762792e-01
-5.100350311249381985e-01
-1.952650084500705541e-01
1.435651952942655907e-01
4.657975014743989117e-01
7.361920367322847270e-01
9.218696039138971621e-01
1.000000000000000000e+00
9.666544083204831050e-01
8.224669355194684783e-01
5.847168832856326492e-01
2.783249706240595867e-01
-5.751806038642615082e-02
-3.879595989418405111e-01
-6.743066275542473065e-01
-8.835635986154312116e-01
-9.958901725212829792e-01
-9.977383970982434125e-01
-8.908175688910648926e-01
-6.857602855603662784e-01
-4.105927765189065770e-01
-9.286152769501454518e-02
2.293422631262111988e-01
5.196239993089595277e-01
7.468600752020424505e-01
8.867171581874127018e-01
9.261148715970406453e-01
8.604757826085414063e-01
7.026015004880474812e-01
4.674948298144006031e-01
1.846757632580955377e-01
-1.144797966962635138e-01
-3.966937685151779025e-01
-6.328022943527227273e-01
-7.971126672184080109e-01
-8.722495980705919916e-01
-8.579846868773532975e-01
-7.557159230802033001e-01
-5.782725521927991608e-01
-3.447629584418357984e-01
-8.340705102187251363e-02
1.793141197980951951e-01
4.139353614036955786e-01
5.966069504509055044e-01
7.144654987544265534e-01
7.560313161374054847e-01
7.185049080656067400e-01
6.069424146052728730e-01
4.376830208095034980e-01
2.263095155573162653e-01
-3.891375918902983955e-03
-2.285418330148993871e-01
-4.266311143580674425e-01
-5.801198744791417061e-01
-6.742526576019414186e-01
-7.003081985249659525e-01
-6.617516517122338238e-01
-5.621176815105475288e-01
-4.104834148169241859e-01
-2.216673621426016316e-01
-1.554859777249051334e-02
1.895200496808646662e-01
3.726503429847007887e-01
5.168317784898552869e-01
6.126720142215054121e-01
6.503257922199812135e-01
6.234959442640426452e-01
5.340418240784454706e-01
3.929482113794302567e-01
2.108470515974107951e-01
4.154070991133185231e-03
-2.075365296117395175e-01
-4.031706937755157316e-01
-5.643306532685486987e-01
-6.721375391768210639e-01
-7.141118260397589790e-01
-6.883956468166986253e-01
-5.945582407690974680e-01
-4.389187863909952414e-01
-2.349290269865835779e-01
-4.807177760970393621e-03
2.305855803450160835e-01
4.446072413384154487e-01
6.138938335531680668e-01
7.212399695202929006e-01
7.533000433735257406e-01
7.035688576985861253e-01
5.741982839349173418e-01
3.803883392564504362e-01
1.381525225084514474e-01
-1.248441638594042224e-01
-3.799143299530499673e-01
-5.984329803301313699e-01
-7.567076034185238331e-01
-8.345416360107402731e-01
-8.206660410130287575e-01
-7.203357200553297535e-01
-5.409669796868054048e-01
-3.015290913286383656e-01
-2.663516364013884807e-02
2.502206275631602139e-01
4.998142407952324007e-01
6.917678783952909694e-01
8.037185265637021292e-01
8.277130844861531056e-01
7.586046636042214075e-01
6.039197395247593025e-01
3.795199725447624406e-01
1.145673129836204396e-01
-1.644233455260911692e-01
-4.245580788654036430e-01
-6.356040987512285856e-01
-7.753030750549395611e-01
-8.281234169904733156e-01
-7.901695903256154008e-01
-6.648837734782182540e-01
-4.712229992541852042e-01
-2.284256384186145183e-01
3.335201918206087690e-02
2.840528484104860585e-01
4.959358130743174442e-01
6.464418471677364497e-01
7.200463499229328157e-01
7.088355629744493847e-01
6.206729554806695859e-01
4.645074498381100980e-01
2.608301962311057043e-01
3.310500544038541548e-02
-1.917529629665853941e-01
-3.901266706621420166e-01
-5.398782666238939321e-01
-6.254652996840364132e-01
-6.454114369675227891e-01
-5.986410457040646227e-01
-4.927541248885547454e-01
-3.408531635757977574e-01
-1.634567964486343117e-01
2.124070906314323715e-02
1.926690415207519269e-01
3.329520330451349874e-01
4.328576185158188316e-01
4.841342447312253494e-01
4.840304095553780162e-01
4.349738298692398253e-01
3.470841394162711424e-01
2.289484344901282498e-01
9.412059008805950810e-02
-4.238972865076884311e-02
-1.694663841619271638e-01
-2.770926141597890302e-01
-3.561262734098452620e-01
-4.009102990641556508e-01
-4.133693621230771775e-01
-3.933267886302534988e-01
-3.408424854723489661e-01
-2.611940914435245675e-01
-1.629594220724757125e-01
-5.352119993668236209e-02
5.875329864020284454e-02
1.659918271354203778e-01
2.628946559266231997e-01
3.410631860537929327e-01
3.891642606037890584e-01
4.022535267094338174e-01
3.805974907880467217e-01
3.232293033644497715e-01
2.304558969799954671e-01
1.086404292411993211e-01
-3.095458239431159164e-02
-1.776751265013233327e-01
-3.152911282002651694e-01
-4.290195868025167281e-01
-5.066021808014878891e-01
-5.376884578894758349e-01
-5.131178294492915182e-01
-4.314686929648874347e-01
-3.018193722661725031e-01
-1.333185174574660348e-01
5.648967983412611638e-02
2.473449153893230168e-01
4.162275868939386836e-01
5.440782706074600572e-01
6.119507861506672253e-01
6.085675593299939568e-01
5.355067247403935138e-01
3.963917144490403111e-01
2.046785625640632489e-01
-2.023539046949129894e-02
-2.494278687258317806e-01
-4.585794839471950546e-01
-6.206941000628513061e-01
-7.144340614795128275e-01
-7.299679612295852937e-01
-6.619384905569394295e-01
-5.166577358081512195e-01
-3.078789837180023747e-01
-6.297575485824757902e-02
1.930648957290039824e-01
4.279334613956333744e-01
6.123481054085535558e-01
7.241869532719924507e-01
7.486602027587541119e-01
6.828306893082936035e-01
5.315220615410150007e-01
3.162316432987275494e-01
5.851389515175853262e-02
-2.081223256779946018e-01
-4.513492447736296986e-01
-6.414441970187927389e-01
-7.554598538762480331e-01
-7.799040820016821529e-01
-7.099105133070321427e-01
-5.579364531668951077e-01
-3.384330555575701949e-01
-8.127988359829940723e-02
1.826506639273393073e-01
4.200572851107338135e-01
6.030908276948645508e-01
7.083081592015316730e-01
7.216169891653405610e-01
6.482851840762389184e-01
4.952248062398494355e-01
2.827423788131684379e-01
3.570763284261713189e-02
-2.122904456802503503e-01
-4.322207062796717958e-01
-5.955072351725628765e-01
-6.818283862613341295e-01
-6.871889603900973587e-01
-6.100416550566263307e-01
-4.623124099196126435e-01
-2.620417598576331164e-01
-3.895330172061450824e-02
1.818549457836762251e-01
3.726644777491834315e-01
5.088841648326960510e-01
5.771168832910820168e-01
5.698486019143880199e-01
4.917705588192224919e-01
3.525948843335626748e-01
1.749892645540878089e-01
-2.083528944746371181e-02
-2.088823012502685206e-01
-3.648481790588287144e-01
-4.716282586268738530e-01
-5.172671103928165870e-01
-4.992303798882713473e-01
-4.203089023842518923e-01
-2.959603579764290560e-01
-1.403489726342946886e-01
2.444641030985006402e-02
1.766703594842924385e-01
2.984009146455655070e-01
3.758143125504611604e-01
4.011173417352558168e-01
3.718458311036398900e-01
2.971032196676912651e-01
1.853712339962119149e-01
5.456974234942868485e-02
-7.691072900423889802e-02
-1.927073538841350686e-01
-2.794787942764327404e-01
-3.275221316722426446e-01
-3.318368732517986697e-01
-2.971051287163773980e-01
-2.273777406633510356e-01
-1.343735817347987416e-01
-3.177636413107465252e-02
6.595465039775749716e-02
1.473331085191829093e-01
2.020169564623428560e-01
2.239304026362733957e-01
2.161870207581833014e-01
1.797492848353119399e-01
1.205283443245694919e-01
4.771966991179277251e-02
-2.763111442925081374e-02
-9.665012300216269114e-02
-1.496713169868493232e-01
-1.800583498369133784e-01
-1.883006226856479559e-01
-1.738371147648888337e-01
-1.396251248079803942e-01
-9.154540490744311754e-02
-3.805321569014108452e-02
1.481311129139117888e-02
5.966284854599135379e-02
9.011956950620869655e-02
1.050957796624591989e-01
1.034485173023114157e-01
8.628509472221157495e-02
5.710979370940827415e-02
2.190623487397913571e-02
-1.562146977748146703e-02
-5.008610434191840266e-02
-7.600118053728210921e-02
-9.172237714329012359e-02
-9.596741028444477628e-02
-8.872265275671076257e-02
-7.199990908031050907e-02
-5.002657850905656289e-02
-2.485016782949778236e-02
-5.064129407272854877e-05
2.003819947596530149e-02
3.373677506501682188e-02
3.983948796177827489e-02
3.769798239701871445e-02
2.849551054743559853e-02
1.547230805204757864e-02
-3.248982761189234125e-04
-1.687932999902841402e-02
-3.100986455369592054e-02
-4.118902808167235197e-02
-4.646730552058886410e-02
-4.617037220515918250e-02
-4.103760389407928866e-02
-3.342688316093722634e-02
-2.382824331852384514e-02
-1.329360389041078783e-02
-4.023061686607820597e-03
2.775061956397983920e-03
6.522081212541941397e-03
6.885304638242661923e-03
4.313975856360174888e-03
2.973639671586258970e-04
-4.929139241950264427e-03
-1.086108395304019592e-02
-1.616555681081932594e-02
-2.007245588643524759e-02
-2.227703955533955060e-02
-2.270984725359126433e-02
-2.170351473269294118e-02
-2.014973811983322705e-02
-1.812526917991807984e-02
-1.574847050785865843e-02
-1.367919677370998954e-02
-1.229017560528100628e-02
-1.169174487758306569e-02
-1.180044283057557486e-02
-1.235056757485153422e-02
-1.286742325352363547e-02
-1.336861971756087009e-02
-1.400882632768929437e-02
-1.461473405031477046e-02
-1.494600724164896199e-02
-1.524706390608254747e-02
-1.552998106560343761e-02
-1.580683574219954313e-02
-1.608970495785855270e-02
-1.639066573456882114e-02
-1.672179509431792610e-02
