-1.544202898101054711e-02
-1.513643661860900602e-01
-2.496706983665099022e-01
-3.127050282329413289e-01
-3.428113584960562621e-01
-3.423336918665264017e-01
-3.136160310550236696e-01
-2.590023787722210979e-01
-1.702941684317544890e-01
-5.299771905248107373e-02
8.569113864509647627e-02
2.292098267886382157e-01
3.606946538214288456e-01
4.623502471602447539e-01
5.180897411442950684e-01
5.119109479115009353e-01
4.370691478899932925e-01
3.007971954660617619e-01
1.126793271146808717e-01
-1.044086833375410528e-01
-3.245215677294529533e-01
-5.140071360518378984e-01
-6.471087237039392370e-01
-6.997401371312343965e-01
-6.571459107867142491e-01
-5.238931144838654408e-01
-3.098551138631744362e-01
-4.254653067983960035e-02
2.464583986697739260e-01
5.125427683071637208e-01
7.207240888342678620e-01
8.381939191131282385e-01
8.422416301476010059e-01
7.328487601826310094e-01
5.175149855082101791e-01
2.260717524539435086e-01
-1.070993661881409764e-01
-4.310895870287784204e-01
-7.043827025225708471e-01
-8.865684286394845959e-01
-9.471994584129628247e-01
-8.792361456628456917e-01
-6.861008608782017681e-01
-3.969407029188823932e-01
-4.560526989690139033e-02
3.141997301123431452e-01
6.372543460902424517e-01
8.773397090717030000e-01
9.980163397544532522e-01
9.855394133827017900e-01
8.373494617656827010e-01
5.776198215364130029e-01
2.365737355477925963e-01
-1.331826538734560694e-01
-4.860463913228649790e-01
-7.721448536227339954e-01
-9.504724737366813114e-01
-1.000000000000000000e+00
-9.111395831624116148e-01
-7.002693484857600570e-01
-3.912801192114711002e-01
-3.237672123967239024e-02
3.332243024520555874e-01
6.539783010592568058e-01
8.857205032769459585e-01
1.000000000000000000e+00
9.797357467841507628e-01
8.316854823948673925e-01
5.716032214202340089e-01
2.409691345123874395e-01
-1.214570761856201830e-01
-4.641448536407158931e-01
-7.411420054537052327e-01
-9.170606853378600043e-01
-9.675681665037234591e-01
-8.891760701985619297e-01
-6.887436313482768746e-01
-3.997459975407975374e-01
-5.517284707424729984e-02
2.948366132461806011e-01
6.038863895473238763e-01
8.308871371266060013e-01
9.452700196994765491e-01
9.339341913054677313e-01
7.951483011765918540e-01
5.539916206373749485e-01
2.370278799541940540e-01
-1.082890529376966393e-01
-4.365260968338882108e-01
-7.027516777432085693e-01
-8.717896831092073473e-01
-9.224409401862447844e-01
-8.454204023227610554e-01
-6.575913954081558099e-01
-3.787410380885793959e-01
-5.203486134833612553e-02
2.797194790464228031e-01
5.701287127699286028e-01
7.814490012953996256e-01
8.861207952547804911e-01
8.686082051649572922e-01
7.383471031379158500e-01
5.083207217577381254e-01
2.151983434742781309e-01
-1.027888842759445698e-01
-4.000820261030170188e-01
-6.384429756903632347e-01
-7.849964130874546031e-01
-8.189979623247056750e-01
-7.450625513409578904e-01
-5.704385937559177666e-01
-3.223676150950866015e-01
-3.253691266717850805e-02
2.555987684954230676e-01
5.053228487136702807e-01
6.819279026566686941e-01
7.610738461799120280e-01
7.403220415205757909e-01
6.208373491283349921e-01
4.224954706222026068e-01
1.707654592863823151e-01
-9.486927795324706647e-02
-3.417223644342662903e-01
-5.363930781915506874e-01
-6.512477937197683753e-01
-6.755880065696489023e-01
-6.057442787688217534e-01
-4.555216639490806685e-01
-2.436756822776582343e-01
-4.591418764079424619e-03
2.323106114310033998e-01
4.335800603130031128e-01
5.703158394846443713e-01
6.268953810394712889e-01
5.951640163193114841e-01
4.830293493856598896e-01
3.041066772317575495e-01
8.892550182934577663e-02
-1.358126501831625754e-01
-3.364384476197253004e-01
-4.833111926807742709e-01
-5.574060782119454327e-01
-5.474476355634947389e-01
-4.574385868605297389e-01
-2.977926570691342700e-01
-9.707317267069182076e-02
1.194236058962769853e-01
3.173154509860871553e-01
4.662174273718167061e-01
5.448922054878539978e-01
5.403170520243147923e-01
4.548119355409614428e-01
2.976155372053699288e-01
9.736498750381250566e-02
-1.204602917887369617e-01
-3.200125792970168748e-01
-4.698249371101673733e-01
-5.472628304036510904e-01
-5.384811927843689006e-01
-4.457625079234062149e-01
-2.786699163685004699e-01
-6.735358472358854431e-02
1.613193822056826487e-01
3.694742060214886159e-01
5.241440876265519577e-01
6.015722616227348052e-01
5.873537481869721688e-01
4.842757817307981050e-01
3.026906948818663956e-01
7.453726116566650184e-02
-1.716117316196448250e-01
-3.958307845854802665e-01
-5.634204548656258638e-01
-6.492603305390580726e-01
-6.379427530424994774e-01
-5.319549113042959521e-01
-3.416499174593747856e-01
-9.963721397025837589e-02
1.646023211652103413e-01
4.097592300239347729e-01
5.995698893293337495e-01
7.070091761593488844e-01
7.147631796483802091e-01
6.232000398041754874e-01
4.409016874239817252e-01
1.988899406807187464e-01
-7.422127516683907356e-02
-3.370921944749317722e-01
-5.526046265235333710e-01
-6.913450675002117407e-01
-7.332011424615718642e-01
-6.742860483995087861e-01
-5.193043118229384580e-01
-2.950502531913488102e-01
-2.706751317550837310e-02
2.449841977085314149e-01
4.842637831075378152e-01
6.588876201955264911e-01
7.454607985311911822e-01
7.340857121904540428e-01
6.238468894206488091e-01
4.351018327401316999e-01
1.883688885639669408e-01
-7.994666276439599262e-02
-3.345378950200751378e-01
-5.415221826772008695e-01
-6.744242564440661170e-01
-7.165171640619224513e-01
-6.604789887854483066e-01
-5.192627842407226968e-01
-3.073598890774580372e-01
-5.753456829283187801e-02
1.971552226064365865e-01
4.220701296584177253e-01
5.888280562365306725e-01
6.754914110894552071e-01
6.695539246902888486e-01
5.780012104178298138e-01
4.097848477651881982e-01
1.906914185839820863e-01
-5.063168578078158788e-02
-2.788590084061800534e-01
-4.650362159503679260e-01
-5.831037539409347215e-01
-6.165332913907419776e-01
-5.691126669409998229e-01
-4.452462484027472911e-01
-2.637474062477142001e-01
-4.847251731461355018e-02
1.670897104638129349e-01
3.554793159502689370e-01
4.900443809505905524e-01
5.514355680771390045e-01
5.377082368464409790e-01
4.501797988934383987e-01
3.045852720934196789e-01
1.207417264504797583e-01
-7.079754982757757720e-02
-2.458065863396395878e-01
-3.801850799386228275e-01
-4.538431262467025329e-01
-4.613230277580216976e-01
-4.022006867121677987e-01
-2.890711256700025933e-01
-1.375222724379066008e-01
2.651560359450355620e-02
1.823749121756430558e-01
3.085856574347720649e-01
3.865757031897034679e-01
4.100285383460351429e-01
3.768886414739727186e-01
2.955601843108930371e-01
1.774513626271070343e-01
4.302134725738748777e-02
-9.151366001800254057e-02
-2.080864285297857608e-01
-2.901415673101132020e-01
-3.304409818971287827e-01
-3.250685795255922050e-01
-2.773043558054681945e-01
-1.936511907199015559e-01
-8.805859360207735076e-02
2.831866432175855763e-02
1.409767444121630131e-01
2.351615451592448114e-01
3.014876620809132657e-01
3.329981992298063354e-01
3.254424607176189532e-01
2.788729279344066558e-01
2.015039527569526534e-01
9.967867376658601231e-02
-1.688364156536692473e-02
-1.351754700569643974e-01
-2.412789470766889544e-01
-3.234713210421149565e-01
-3.683282011850335103e-01
-3.680201859217635540e-01
-3.239056689385058085e-01
-2.370796884873820343e-01
-1.135552861865190000e-01
3.437790611757618464e-02
1.866580387820673259e-01
3.264332233987337073e-01
4.320110527121145960e-01
4.861744835696906186e-01
4.800459842318192116e-01
4.092970800913402485e-01
2.790925306732412459e-01
1.016235753153216237e-01
-9.719369432036528700e-02
-2.949424640138667009e-01
-4.614013157923987363e-01
-5.702767737990968033e-01
-6.035326764215727113e-01
-5.517688529786373142e-01
-4.196469219718759192e-01
-2.193067028528111750e-01
1.815838747174414181e-02
2.647905052901247114e-01
4.821833055554500813e-01
6.371577313153480304e-01
7.058961606954996526e-01
6.747278180017859395e-01
5.478248223940374029e-01
3.376401340266124151e-01
7.930627670552392594e-02
-1.954400140175274192e-01
-4.430528418423508308e-01
-6.261102920639201042e-01
-7.179706669250516260e-01
-7.028033165436869956e-01
-5.852447161737582837e-01
-3.781541196010165251e-01
-1.187780131206507273e-01
1.596033152985356640e-01
4.121509598623065429e-01
6.005620838744942791e-01
6.988196096516707811e-01
6.914447035890121107e-01
5.844815290830087662e-01
3.913208673220589517e-01
1.491995065568794132e-01
-1.093899108424096767e-01
-3.421719653615847845e-01
-5.133094029573987971e-01
-6.006065392136459291e-01
-5.912854379008538608e-01
-4.934735691101854727e-01
-3.211585508191706628e-01
-1.095608148330964315e-01
1.116330810902925741e-01
3.058336930159466505e-01
4.422976303791401609e-01
5.048015595826673696e-01
4.848518284240570519e-01
3.927198491890768750e-01
2.428058041178497994e-01
6.669359591132706377e-02
-1.101345473837115341e-01
-2.585343567130636844e-01
-3.541886598678919418e-01
-3.873834641610399698e-01
-3.542152099619091388e-01
-2.662681242297464390e-01
-1.377230018378376997e-01
4.652040181938099650e-03
1.402694266904551679e-01
2.477629923598834161e-01
3.091314778482092684e-01
3.193894000863046756e-01
2.778659167924362183e-01
1.961201341902496509e-01
8.713163565808934585e-02
-2.799629203003206612e-02
-1.336002245385680132e-01
-2.145971955031733547e-01
-2.577074671962942265e-01
-2.599818828024718087e-01
-2.216563892801687308e-01
-1.515830838273651837e-01
-5.988648859826517512e-02
3.808407957009030120e-02
1.307035985124722632e-01
2.056428918395210026e-01
2.517690352233756812e-01
2.661314129982661481e-01
2.472451639433350667e-01
1.974559877632089400e-01
1.221965285864647921e-01
3.199830414890114660e-02
-6.458314729485092887e-02
-1.556364878460796408e-01
-2.293464029334160159e-01
-2.778326139193552091e-01
-2.945285128046752909e-01
-2.731341795116516424e-01
-2.131119517434240107e-01
-1.226395838285591067e-01
-8.564057548085313165e-03
1.163612846435042592e-01
2.365452438571025162e-01
3.346800662478479627e-01
3.971998458052221626e-01
4.100123683454077739e-01
3.663298199553408629e-01
2.719020001391634356e-01
1.332061571123435151e-01
-3.440119616013703752e-02
-2.107710747536937212e-01
-3.674108778033808864e-01
-4.830738317130564008e-01
-5.365562608416785118e-01
-5.139429406143767309e-01
-4.173699085618621796e-01
-2.531119946000834897e-01
-4.189039972760211228e-02
1.910961197085039309e-01
4.084887836497561597e-01
5.810978004302025379e-01
6.799661332540338776e-01
6.839596085379684443e-01
5.907602733853589694e-01
4.065107151038453992e-01
1.575615614385010854e-01
-1.263242286697262573e-01
-3.995652240440930036e-01
-6.254899084489465855e-01
-7.679975067783074705e-01
-8.002985682856686989e-01
-7.176151582991721067e-01
-5.249375287952331437e-01
-2.515213327007274069e-01
6.955347745777129553e-02
3.867387086103932781e-01
6.578763829224598680e-01
8.412576402965179501e-01
9.053756439090776542e-01
8.426812325199950493e-01
6.562032171322877971e-01
3.758290539016595488e-01
3.573920605128533268e-02
-3.095048770423712847e-01
-6.146110773972159880e-01
-8.340648321923320729e-01
-9.326916469034621793e-01
-8.996671823124919865e-01
-7.351042498128624869e-01
-4.669654544247191508e-01
-1.280884732258564807e-01
2.270612477674709417e-01
5.525815861038207988e-01
8.010178304170014751e-01
9.346847246979690382e-01
9.390678403940107000e-01
8.105210667681239656e-01
5.726806980557488380e-01
2.547135552812775927e-01
-9.200245091265835118e-02
-4.234449705955553034e-01
-6.921489320532068223e-01
-8.592229707778604730e-01
-9.063539575261225778e-01
-8.256102533659436249e-01
-6.343244363315305723e-01
-3.559934744271419094e-01
-3.618579199835048055e-02
2.853228996620882363e-01
5.631122749439660957e-01
7.585978610150925228e-01
8.500264592217146031e-01
8.251049435754818084e-01
6.934500441443676166e-01
4.713452328142553327e-01
1.961841509086124091e-01
-9.866004806154515805e-02
-3.719085479824858487e-01
-5.869624073553552090e-01
-7.194932228908411664e-01
-7.532791068213910979e-01
-6.895047076861275936e-01
-5.362878677065956445e-01
-3.209799664510248896e-01
-6.877038976707849915e-02
1.851349229709708943e-01
4.078080531844909817e-01
5.736050219392403449e-01
6.632715315005419665e-01
6.696533831149038551e-01
5.924783687761272510e-01
4.478821151650338450e-01
2.516194169273380243e-01
3.097925582860350247e-02
-1.864069602490187050e-01
-3.749051449008008463e-01
-5.133191969625552353e-01
-5.857496171618100655e-01
-5.835108511283104704e-01
-5.136920497641428440e-01
-3.831710308633778928e-01
-2.081197885041332629e-01
-8.902258407835428322e-03
1.893906952452235615e-01
3.647784416315289491e-01
4.947581831374898709e-01
5.635014688147297335e-01
5.680641232999805723e-01
5.062474016952607236e-01
3.845034756175329527e-01
2.161636471535832715e-01
2.429280046291748540e-02
-1.710370947954783505e-01
-3.448486215248983688e-01
-4.748603276337655110e-01
-5.466982395634586434e-01
-5.506208545835958867e-01
-4.856328881434630595e-01
-3.576504401882149020e-01
-1.856556111150581279e-01
1.275685505595358649e-02
2.109394564989357512e-01
3.830471253970240131e-01
5.071461484181734036e-01
5.672970143600593040e-01
5.554763979338466218e-01
4.710576745900338924e-01
3.284573076359535992e-01
1.421331555464400154e-01
-6.106084611977158350e-02
-2.542813413904095876e-01
-4.116390770823120659e-01
-5.130556183055674513e-01
-5.447205088291441344e-01
-5.008476705090171288e-01
-3.916381441937062391e-01
-2.280701521783941033e-01
-3.622854987214330080e-02
1.574676332363951214e-01
3.262399733701899507e-01
4.485844297707324291e-01
5.085569735325561336e-01
4.977909759241601062e-01
4.227419110023697968e-01
2.909526109552527107e-01
1.246674217469889712e-01
-5.254990802437009556e-02
-2.146175826337650694e-01
-3.408065018251047462e-01
-4.143114536989676022e-01
-4.255403826497069497e-01
-3.797607649128792451e-01
-2.816350658168612631e-01
-1.482143381434315454e-01
1.029239247471336327e-03
1.436135524066755043e-01
2.610258071982296535e-01
3.368171718317116703e-01
3.610903820013964260e-01
3.368917239254463070e-01
2.669403368063352211e-01
1.646488304641957612e-01
4.572336652569641835e-02
-7.085478395202138291e-02
-1.700252636789593152e-01
-2.380902994335164502e-01
-2.658240373082835228e-01
-2.547455473394034664e-01
-2.064505838362110657e-01
-1.311634695714170018e-01
-4.107852471323791832e-02
4.881029493762256699e-02
1.269642973863489566e-01
1.825143068689381032e-01
2.076410364820009402e-01
2.031627997374603201e-01
1.699453470949163769e-01
1.153949684433561718e-01
4.873409735604816717e-02
-1.870290325749091043e-02
-7.850177159531523952e-02
-1.221720470096182565e-01
-1.433165426792464281e-01
-1.424428851181133160e-01
-1.198374487715049286e-01
-8.024605883575064436e-02
-3.038986246127828306e-02
2.134864776189515645e-02
6.901679858445852744e-02
1.056831211882438559e-01
1.258282374179484631e-01
1.295539079474257171e-01
1.164517550583075156e-01
8.849338209328982963e-02
5.013588205902008710e-02
7.632715508466780818e-03
-3.484505395638981540e-02
-7.105628716507494946e-02
-9.550312781566405729e-02
-1.073842236100086556e-01
-1.052984314669607180e-01
-8.798509438305168739e-02
-5.756719363889706287e-02
-1.942768564492980410e-02
2.326814268377130901e-02
6.501235144893269258e-02
9.970772200356070591e-02
1.239414085025316581e-01
1.346170719327661747e-01
1.278783837343058227e-01
1.037298220931637260e-01
6.691659479323086579e-02
1.997281786410343152e-02
-3.167892314652887009e-02
-8.049816390551978174e-02
-1.194521602447836672e-01
-1.436459040788146124e-01
-1.474782063603741200e-01
-1.286635827204065663e-01
-9.082746243631345529e-02
-3.663682882112639927e-02
2.707023138187869549e-02
9.121372774120151128e-02
1.456601257136713734e-01
1.834011843377238993e-01
1.971046197483548035e-01
1.825878494702286581e-01
1.426598873516127242e-01
8.032713569827110156e-02
4.254071497094003007e-03
-7.491260818238276720e-02
-1.444072253129694561e-01
-1.951514403103052908e-01
-2.182415877456344022e-01
-2.080633331150197884e-01
-1.669924582865255358e-01
-9.832627627715262442e-02
-1.237636543386055887e-02
7.881967513582766038e-02
1.604719359070718721e-01
2.218063217636094819e-01
2.527102058159356179e-01
2.465898133816544213e-01
2.056310545071635687e-01
1.333315844097946457e-01
4.131677046813631016e-02
-5.733501102797711191e-02
-1.465944781692832821e-01
-2.145655264308298227e-01
-2.504463948699836573e-01
-2.471621493604511111e-01
-2.068897492519758963e-01
-1.332241800171517498e-01
-3.863496900512819465e-02
6.321275911935586578e-02
1.558854879641093927e-01
2.270287676520146292e-01
2.657171297634899343e-01
2.648769751825461594e-01
2.268115284248040098e-01
1.550525770229211897e-01
6.224418704256917678e-02
-3.793794092958979736e-02
-1.295181023859272029e-01
-2.003740367351410923e-01
-2.399622048607802371e-01
-2.415981390256544126e-01
-2.077412552774052790e-01
-1.416338900655319533e-01
-5.528422215659678507e-02
3.829458054864520733e-02
1.244171117809769189e-01
1.918733258073119785e-01
2.309369453728562505e-01
2.355736177189422520e-01
2.082937516191907257e-01
1.517897562263170741e-01
7.659602468943793596e-02
-5.640493865822882036e-03
-8.225937617498946253e-02
-1.435998875630990490e-01
-1.811445810371897780e-01
-1.896760483960414634e-01
-1.715727452859445723e-01
-1.287582231314169379e-01
-6.962921995401416542e-02
-3.865752982645020985e-03
5.848512205039035905e-02
1.098675881130874998e-01
1.433742821070711493e-01
1.547788466280182185e-01
1.461874145293922123e-01
1.187042904686013145e-01
7.833867147444295576e-02
3.249453164411586492e-02
-1.172367433311238827e-02
-4.923535813121870941e-02
-7.512911964697543965e-02
-8.641160249714263664e-02
-8.494943326274628781e-02
-7.120378466604315726e-02
-4.901298196648795624e-02
-2.359074510591918639e-02
8.127751270115002313e-04
2.162187731391052026e-02
3.624038433423226735e-02
4.320375163469214463e-02
4.432945778629937550e-02
3.976516006144370508e-02
3.153760559851348511e-02
2.304351219785449878e-02
1.677788100812271921e-02
1.346086569072069139e-02
1.292897053536279373e-02
1.477127745491513267e-02
1.710406122539254170e-02
1.964296866048265144e-02
2.085064413289017260e-02
1.825151371946565071e-02
1.084390402155843702e-02
-8.136604490071031037e-04
-1.474414554234404484e-02
-2.891179177618141694e-02
-4.087765536657050891e-02
-4.936330108645303749e-02
-5.141325266619389822e-02
-4.463424816670968909e-02
-2.952198299726527253e-02
-6.990737921899414786e-03
2.064334640164622314e-02
4.990162749074333881e-02
7.648193722259066796e-02
9.765135961066451209e-02
1.087059571894022358e-01
1.061983033604938509e-01
9.081471476399571863e-02
6.319126709144784471e-02
2.531539277420780110e-02
-1.831015622671794407e-02
-6.101278680873423177e-02
-9.852871215341596489e-02
-1.242916091334685946e-01
-1.329223462930925193e-01
-1.241643332669352118e-01
-9.814035192491477044e-02
-5.652700905339047566e-02
-4.134707114525237870e-03
5.061531275095143556e-02
1.021861341764274123e-01
1.425448702881892959e-01
1.644069240361769602e-01
1.658314893679624369e-01
1.461550735731635964e-01
1.069601652149374527e-01
5.295488980054718908e-02
-6.617321684526777936e-03
-6.565941465395797039e-02
-1.154953221391025187e-01
-1.475484138480525065e-01
-1.584878688765760657e-01
-1.470360431521402500e-01
-1.146256463239043732e-01
-6.547771465314666806e-02
-8.672443034077992330e-03
4.982258303036468661e-02
1.014688410955062459e-01
1.375711026039201368e-01
1.546326270978419792e-01
1.511710346696497620e-01
1.283290133932295518e-01
8.973310825942304447e-02
4.350595755404484954e-02
-5.342722383776310480e-03
-4.966190850378915389e-02
-8.179820964191031329e-02
-9.867192084616160930e-02
-9.902467631746925125e-02
-8.420837062824970687e-02
-5.744592591497776901e-02
-2.518933927549937835e-02
9.083767010176879708e-03
4.002504393985018005e-02
6.158209787930291057e-02
7.474340308953175693e-02
7.999027536667591143e-02
7.610611793710386763e-02
6.187433402718500730e-02
3.607832686328804606e-02
-2.498500328217523325e-03
-5.507274432096276318e-02
