-1.362660641993995725e-02
1.916791348835444886e-02
3.974244199392940047e-02
4.985843354054386722e-02
5.127734257195770695e-02
4.576062353192966725e-02
3.506973086421893981e-02
2.096611901258538246e-02
6.611592921989206673e-03
-7.897597879581663705e-03
-2.114911603308666788e-02
-2.969522484121478456e-02
-3.119495502406954834e-02
-2.636727378383152409e-02
-1.539890096533080843e-02
-1.521167531015610308e-04
1.649924693305737655e-02
3.163505443353575863e-02
4.367068935862894463e-02
4.969637058757436776e-02
4.746822802806760500e-02
3.759527395804029837e-02
2.069590559344280933e-02
-8.986192560258565720e-04
-2.355851713578083206e-02
-4.336578990040562687e-02
-5.834430696867520805e-02
-6.534278398176640579e-02
-6.196322805167076009e-02
-4.923237584848916271e-02
-2.783587530794462417e-02
4.160769032512945387e-05
3.037353495700068073e-02
5.848677767674903549e-02
8.166730151745227317e-02
9.565178185192979576e-02
9.720195794935060363e-02
8.701798378638891940e-02
6.540943046071401312e-02
3.379390440515739336e-02
-3.952206938309332784e-03
-4.239482663153570918e-02
-7.808729083996446274e-02
-1.053515424772328846e-01
-1.194199871754769715e-01
-1.198690206919195145e-01
-1.060412663947234435e-01
-7.764126433778062442e-02
-3.756359013592869278e-02
8.483127751345076462e-03
5.680276644187998158e-02
1.008275710072836784e-01
1.340201057663370499e-01
1.533143263332876760e-01
1.561683549370580515e-01
1.398262553531854913e-01
1.052280522939512686e-01
5.781916297304268149e-02
8.901045164408927235e-04
-5.946167837577354121e-02
-1.153020639905867339e-01
-1.599525305432121236e-01
-1.883542593293063838e-01
-1.940302768210540041e-01
-1.746211477002866941e-01
-1.344315183400667246e-01
-7.587238899497239508e-02
-4.504217263817666961e-03
7.095553779588703591e-02
1.409476797455233577e-01
1.982007244862564743e-01
2.336577573298213029e-01
2.414559731079477523e-01
2.224484780512387960e-01
1.770200496135665436e-01
1.078834965862429662e-01
2.233753730233778434e-02
-6.779486543107304808e-02
-1.539966260507099616e-01
-2.249818229531695968e-01
-2.708456170284010422e-01
-2.873152864413504037e-01
-2.709535337130347665e-01
-2.208977961796297906e-01
-1.413902326544009824e-01
-4.274962898310152859e-02
6.656591992184712758e-02
1.729765345345057881e-01
2.625803802225745720e-01
3.242791593963667562e-01
3.501593276630494689e-01
3.348356148149409517e-01
2.779023267554960874e-01
1.871067742434562309e-01
6.955669445776924142e-02
-6.079943210114113761e-02
-1.882738224685300832e-01
-2.968519272334045889e-01
-3.736651261609974517e-01
-4.061359678302981502e-01
-3.878871758474311537e-01
-3.237818569847747963e-01
-2.182171934322598705e-01
-8.177504031603521906e-02
7.062354414544858017e-02
2.189163365519986026e-01
3.464088958954649744e-01
4.347172961725993545e-01
4.710924116505896819e-01
4.534516840636129142e-01
3.810020808806773296e-01
2.602722411009956716e-01
1.036485832289573139e-01
-6.776295439514212759e-02
-2.364175360238034429e-01
-3.807725544487671199e-01
-4.814449476595012989e-01
-5.265358809565554576e-01
-5.089812976091471208e-01
-4.295163505026541317e-01
-2.948099845036545874e-01
-1.229848933446155979e-01
6.939760231658853584e-02
2.581602162220215657e-01
4.196844857744319590e-01
5.342271390135571174e-01
5.873904602043424905e-01
5.710341253478692369e-01
4.841081230635397858e-01
3.387574625244613724e-01
1.476857006840743836e-01
-6.451992979891063573e-02
-2.723587414502918191e-01
-4.503843387497711293e-01
-5.777340248742173223e-01
-6.364983753813142631e-01
-6.170196940153163112e-01
-5.255818066678251688e-01
-3.693752323361421119e-01
-1.657175110543271934e-01
6.304146565145085646e-02
2.869291796310617926e-01
4.806999536983189714e-01
6.185799407865109067e-01
6.826030679853822836e-01
6.692429468289389227e-01
5.766543551065022033e-01
4.142646028601786323e-01
1.990502419481903207e-01
-4.039263019205985294e-02
-2.792364434289412722e-01
-4.877862654609744775e-01
-6.394468496315008910e-01
-7.166834796513443795e-01
-7.087863854403885222e-01
-6.166503761025998731e-01
-4.481620781182868996e-01
-2.262118834147197610e-01
2.711964234216801550e-02
2.798822517322103742e-01
5.014347927167208674e-01
6.653029302862361050e-01
7.515620285351720664e-01
7.495681228916075689e-01
6.569607383703033321e-01
4.875238743420180487e-01
2.566165532681676797e-01
-6.280144819529320799e-03
-2.705617664001136458e-01
-5.040302550052166985e-01
-6.798021277741135293e-01
-7.748846352581655328e-01
-7.757808327977735452e-01
-6.878512333438233650e-01
-5.181443813260433462e-01
-2.864103100552926051e-01
-1.782719807666410805e-02
2.532128080644422408e-01
4.964746052307111857e-01
6.808180330549526982e-01
7.835891233265186440e-01
7.976835620378130987e-01
7.190755244525965928e-01
5.571725358183081678e-01
3.291699461076735833e-01
6.574379055341572631e-02
-2.060004757124849206e-01
-4.534980576454926693e-01
-6.467897514371150347e-01
-7.650276272991860527e-01
-7.943207726636005717e-01
-7.326422294770664756e-01
-5.852600540054873068e-01
-3.730705801009878142e-01
-1.167729508536403671e-01
1.525725764201693035e-01
4.039566884292047355e-01
6.091693692598716403e-01
7.456524499091770064e-01
7.973473926977268089e-01
7.567364411546237957e-01
6.336744626538040048e-01
4.391641881054066943e-01
1.963948337239076469e-01
-6.788312193209677936e-02
-3.229307719853702352e-01
-5.418056150049780362e-01
-6.985617781031550066e-01
-7.749896829935221110e-01
-7.676752247262341733e-01
-6.754482150557473696e-01
-5.081793189165848545e-01
-2.831143455660942720e-01
-2.827359765861003904e-02
2.313253973464823865e-01
4.658649120946130040e-01
6.489947093343406692e-01
7.633237461382067490e-01
7.952376034498167545e-01
7.402743842490178139e-01
6.025313693745566468e-01
3.992895932050288810e-01
1.483905549136186330e-01
-1.215079854780672930e-01
-3.809170503981029743e-01
-6.010709274512238132e-01
-7.580822066777150869e-01
-8.319533680897885919e-01
-8.118199645280881338e-01
-7.039085181249682410e-01
-5.161383152684945186e-01
-2.674726226254198203e-01
1.711862212217285517e-02
3.038023784027170660e-01
5.622167675384761587e-01
7.599189050753487606e-01
8.730088314580464193e-01
8.916526281630994255e-01
8.098680440184333751e-01
6.349159200540401837e-01
3.832558497677380771e-01
8.654280101933564673e-02
-2.259984605501470512e-01
-5.168982846775167506e-01
-7.514592291887199904e-01
-9.022766636212707914e-01
-9.502938293949133586e-01
-8.891072609869506982e-01
-7.217576594269108359e-01
-4.704505566639979319e-01
-1.588283352247570335e-01
1.746500183061925338e-01
4.916369587197431112e-01
7.540112957026736673e-01
9.311193902672310063e-01
1.000000000000000000e+00
9.490119469730904367e-01
7.891353771319133958e-01
5.344064928495377842e-01
2.166385841296345482e-01
-1.285553755851389646e-01
-4.579683066589647078e-01
-7.343428391778072939e-01
-9.229943097562328669e-01
-1.000000000000000000e+00
-9.620539230441494949e-01
-8.104892109904495712e-01
-5.647384787511309234e-01
-2.518183205812801750e-01
8.629913646236508917e-02
4.130437073239130452e-01
6.887607285481955888e-01
8.801580095780741075e-01
9.691451949540914601e-01
9.442903649415759215e-01
8.110428818105082094e-01
5.834898359415898739e-01
2.936658561283955748e-01
-2.806671330842402945e-02
-3.418619664199218366e-01
-6.106505007721092504e-01
-8.051519607439384663e-01
-9.036015638303391828e-01
-8.976451834476660840e-01
-7.874035152428106032e-01
-5.912986560826754001e-01
-3.288770849992932455e-01
-3.341991644090092084e-02
2.611675023686657049e-01
5.216327007564733886e-01
7.199869058674002176e-01
8.341681622391967643e-01
8.511238666566633970e-01
7.769670094748741818e-01
6.188717109524979332e-01
3.954559000091781851e-01
1.308595860302295133e-01
-1.431192951724543638e-01
-3.977937674296756487e-01
-6.036844929602146470e-01
-7.384233476399599816e-01
-7.933155659365908052e-01
-7.616512205921277534e-01
-6.473229352881709753e-01
-4.623016518717647516e-01
-2.303824398356109082e-01
2.648693445866334706e-02
2.798144045404078462e-01
5.014391131198401297e-01
6.683871891107280305e-01
7.629891646441451236e-01
7.740973541979885297e-01
6.985057432221064566e-01
5.481170714126946120e-01
3.358834466586038126e-01
8.563433555646682294e-02
-1.756875193505197386e-01
-4.185391408529423041e-01
-6.173015260705099205e-01
-7.475328689279088223e-01
-7.929976109079411861e-01
-7.522744708636182054e-01
-6.265831353694765182e-01
-4.285176629702039941e-01
-1.780750982354776246e-01
9.348326182589494771e-02
3.584110457932507821e-01
5.844474111830988416e-01
7.447021123638861706e-01
8.230167209438594700e-01
8.078430762280954802e-01
6.993503558802558473e-01
5.070081282910934295e-01
2.559551184803137147e-01
-2.935865592810615876e-02
-3.135977172751244213e-01
-5.630163552499819479e-01
-7.478942292890820021e-01
-8.458118226933133421e-01
-8.445941770727137810e-01
-7.413380888215369557e-01
-5.511178971093089185e-01
-2.912456018090596732e-01
5.033468161838250410e-03
3.033871671387859958e-01
5.671077391809904444e-01
7.655635467015085016e-01
8.728549407931063264e-01
8.736763850743183291e-01
7.737537408719932230e-01
5.813245830352138377e-01
3.197111867199005086e-01
1.773241250185697560e-02
-2.853330971207430622e-01
-5.550620221065041271e-01
-7.567267216338688929e-01
-8.651576236662964492e-01
-8.728773663560491780e-01
-7.763781509994254204e-01
-5.881588626981930634e-01
-3.286876123164286234e-01
-3.348418671055353180e-02
2.660985285968169300e-01
5.335206835545287518e-01
7.358800872401884963e-01
8.513147588482290473e-01
8.658470953523227376e-01
7.798940610166724685e-01
6.015438646585351545e-01
3.564140536029063444e-01
6.949969742750394808e-02
-2.235221894422945166e-01
-4.881030886327968332e-01
-6.942306180453179376e-01
-8.185774730609134409e-01
-8.474606259306314282e-01
-7.759637253409905622e-01
-6.169835728422632393e-01
-3.852446177757337109e-01
-1.105421571676300507e-01
1.755252547831687160e-01
4.395814472152530517e-01
6.528309235907903130e-01
7.896983366999703602e-01
8.334993053841066590e-01
7.850983502645116907e-01
6.476328188720694712e-01
4.368661831220488345e-01
1.752536798186381528e-01
-1.042614674895947502e-01
-3.721694015553160817e-01
-5.959286869386148933e-01
-7.499122161231945860e-01
-8.213087945369801357e-01
-7.999894782716265862e-01
-6.875102229309383306e-01
-4.947716310160812370e-01
-2.469670980888356571e-01
3.192996721606355948e-02
3.086550918167376700e-01
5.511685000228638831e-01
7.320857097153730120e-01
8.305334170396800886e-01
8.348911431404169026e-01
7.421720461160399296e-01
5.657824592251055051e-01
3.212203036269520862e-01
3.827170463438767101e-02
-2.513715595741420339e-01
-5.132898750205601157e-01
-7.181711109979567187e-01
-8.396811192319324491e-01
-8.613669121654841110e-01
-7.855417952846394103e-01
-6.172370814451941801e-01
-3.754271675899814031e-01
-8.556745140534338656e-02
2.155620653279373133e-01
4.949433788651138588e-01
7.168606607534611097e-01
8.541664666173731657e-01
8.947040619552979468e-01
8.308218883167406421e-01
6.698575840888807420e-01
4.281038868737092606e-01
1.381699728637835189e-01
-1.701360958725026684e-01
-4.589503014188645036e-01
-6.932965770002043060e-01
-8.464366070881168547e-01
-8.997575578840928401e-01
-8.480266638928238843e-01
-6.947485405011760706e-01
-4.622733660163939051e-01
-1.735963605538184407e-01
1.348052844233713632e-01
4.267925936330057013e-01
6.679355890003606522e-01
8.306238385113640099e-01
8.954272676114691798e-01
8.527920378999729323e-01
7.133984180170058753e-01
4.901355529453321758e-01
2.119232145699425640e-01
-8.931563765965166990e-02
-3.768018299184715536e-01
-6.186810074220270295e-01
-7.856697449605399841e-01
-8.576694431225053705e-01
-8.328267152340140811e-01
-7.121940353006614988e-01
-5.110738532015022262e-01
-2.517039558936192689e-01
3.183224091350123075e-02
3.095856314051161906e-01
5.486378444922737074e-01
7.214839643377493061e-01
8.132838531403285831e-01
8.130772242091455215e-01
7.221219302784851468e-01
5.499501965320412467e-01
3.202864021901874469e-01
5.575341572613590202e-02
-2.123807246583250263e-01
-4.536017539405737820e-01
-6.420832292380671547e-01
-7.575628176311615114e-01
-7.877397262048101423e-01
-7.281854257843065614e-01
-5.901579753099612802e-01
-3.860700561119320140e-01
-1.395415688482207761e-01
1.226803606088695542e-01
3.706872010973778497e-01
5.783518902546089802e-01
7.207628144857773922e-01
7.810016577997160869e-01
7.573008112784338497e-01
6.498793943371856674e-01
4.696349334770340000e-01
2.346641130114086593e-01
-2.638801834775228450e-02
-2.871852056747460358e-01
-5.164786573210011777e-01
-6.878509798111097640e-01
-7.843906779862165335e-01
-7.935175003221014434e-01
-7.128772186869496430e-01
-5.489731044754990741e-01
-3.229775683292186450e-01
-5.578529060849735099e-02
2.210223346389728061e-01
4.757641313010276818e-01
6.787670347431931095e-01
8.066220617776158619e-01
8.421738590706424610e-01
7.779118987600226465e-01
6.248955511777836147e-01
3.961827795369854410e-01
1.191267231214998557e-01
-1.754424636392174497e-01
-4.511666906167518531e-01
-6.768913447066402522e-01
-8.232174720289553438e-01
-8.705441396356288219e-01
-8.173160006464561533e-01
-6.657926733233673344e-01
-4.335865011868300645e-01
-1.455862075001136402e-01
1.598563359461968592e-01
4.495484207589595105e-01
6.870004034051397923e-01
8.422594181545881575e-01
8.995513269409323165e-01
8.493946033797679096e-01
6.981397913722651172e-01
4.608754935389194340e-01
1.703413865416503192e-01
-1.428367248006359169e-01
-4.386439227010823227e-01
-6.805500247916317358e-01
-8.400112809279647319e-01
-8.970056668326122917e-01
-8.459772695507291607e-01
-6.904439820309475895e-01
-4.540453935093418103e-01
-1.610361349240729822e-01
1.497658305626918818e-01
4.406490670466838289e-01
6.760352786385634971e-01
8.278379529523551827e-01
8.786094568657663029e-01
8.206252008768224471e-01
6.659970729830724245e-01
4.295271031451004529e-01
1.439991669877438429e-01
-1.563185765704842023e-01
-4.334388957461533520e-01
-6.550706564535619947e-01
-7.931812500684209954e-01
-8.299448046969365445e-01
-7.686005483105156078e-01
-6.146113916429469803e-01
-3.886521054363268890e-01
-1.169126796147451630e-01
1.638221670325952228e-01
4.211467681582765632e-01
6.219707325615249083e-01
7.418731683655692688e-01
7.732161670001251874e-01
7.113295434403186235e-01
5.661359885126810987e-01
3.548848188704940565e-01
1.084798509180697756e-01
-1.462378015329679481e-01
-3.778401979109005104e-01
-5.575921245104323853e-01
-6.670013649704895631e-01
-6.939818610076287086e-01
-6.386551954077663851e-01
-5.074138527800496901e-01
-3.213679724212623601e-01
-1.003586598517274275e-01
1.272438405205551515e-01
3.336962048943243886e-01
4.961488333504615600e-01
5.968702766169391438e-01
6.259131976021004018e-01
5.800125648478062779e-01
4.697802346837489651e-01
3.061973952711647406e-01
1.117521294033232415e-01
-8.973420452940394920e-02
-2.750653587149919366e-01
-4.243666418062045365e-01
-5.202575289488171606e-01
-5.519668410145271986e-01
-5.226502639289898333e-01
-4.352531874487490793e-01
-3.001520935449168981e-01
-1.329729071663897644e-01
4.459889956055929083e-02
2.137983921036448187e-01
3.541570113717744661e-01
4.502944202530687612e-01
4.971887420760294773e-01
4.891937923759472895e-01
4.266541069476113002e-01
3.168811532219617533e-01
1.751281466216298988e-01
1.462391594113388038e-02
-1.460954631872242171e-01
-2.881996529682387953e-01
-3.968380410873724173e-01
-4.605759880992211786e-01
-4.716824706045719129e-01
-4.280234126939939099e-01
-3.376983353995881565e-01
-2.083836403349220712e-01
-5.438149796244651224e-02
1.070718622131145992e-01
2.571014958858652832e-01
3.796435396747759317e-01
4.583207132100257652e-01
4.829036686266687806e-01
4.545069422486727184e-01
3.742576922760056934e-01
2.495366150363076407e-01
9.346453276530897192e-02
-7.378565812565129889e-02
-2.348359774247532616e-01
-3.688915743911735934e-01
-4.590055098087955088e-01
-4.966400093601515131e-01
-4.758300329205663592e-01
-3.976560920023960444e-01
-2.696276392875157635e-01
-1.094536822991857283e-01
6.727149785072339405e-02
2.383623768208116278e-01
3.821503135214567859e-01
4.813589852995110441e-01
5.237216291102602117e-01
5.032993220569361714e-01
4.204624738877360546e-01
2.875768564167164865e-01
1.169104967535057327e-01
-6.936565420872020660e-02
-2.483046768356390599e-01
-3.976194999062062641e-01
-4.995433350974464171e-01
-5.396556371509391159e-01
-5.109829778330050587e-01
-4.208217198431113415e-01
-2.769599493412906455e-01
-9.831249129697827716e-02
9.344484525110963169e-02
2.733176347533234907e-01
4.202930639726920603e-01
5.142421844441864565e-01
5.423718293675803270e-01
5.061387934562602275e-01
4.079069425633750079e-01
2.597472393317090678e-01
7.912043215537489793e-02
-1.081771440093168835e-01
-2.811651051311967464e-01
-4.174717326809491702e-01
-4.993675893112968778e-01
-5.209217610832816980e-01
-4.785212144237771525e-01
-3.778973862808140405e-01
-2.306529044528060624e-01
-5.845604469711207507e-02
1.202334787540753069e-01
2.824777635970827649e-01
4.071734995587941164e-01
4.808780728733543786e-01
4.949639384328077263e-01
4.492974862971776950e-01
3.488631804356219224e-01
2.097387908887837771e-01
4.645154108131044346e-02
-1.193467906786105370e-01
-2.664595380908010291e-01
-3.781016541952992860e-01
-4.416388109860053257e-01
-4.506031179360168171e-01
-4.039307973521020223e-01
-3.111335172321798570e-01
-1.812487428592092220e-01
-3.213744288869224697e-02
1.173147309692836870e-01
2.493968981784080441e-01
3.494701118024567954e-01
4.053141812209783978e-01
4.104382576836145269e-01
3.696522560753998654e-01
2.868073425266177701e-01
1.724962032627226360e-01
4.078461952364009768e-02
-9.135535133441985423e-02
-2.093144285866259668e-01
-2.976244073953390190e-01
-3.460557493752209890e-01
-3.546773498898264654e-01
-3.223679613746871508e-01
-2.528283097527266321e-01
-1.548791435828755780e-01
-4.290374296355203843e-02
7.146868614527446262e-02
1.739181638294100551e-01
2.517460675132145997e-01
2.989582502351297855e-01
3.108190308852452066e-01
2.864121745524619289e-01
2.291693918961479337e-01
1.489251681617498324e-01
5.337771515879174977e-02
-4.555615058214734781e-02
-1.350394612988758958e-01
-2.057756883928613112e-01
-2.507236227883421487e-01
-2.644279361557178021e-01
-2.454668225615896926e-01
-1.997083908810639574e-01
-1.314002033113432777e-01
-4.990689925750313449e-02
3.356981641043543796e-02
1.094261923257677793e-01
1.698496634141868356e-01
2.071961282573167029e-01
2.175369216894691426e-01
2.038073770832367071e-01
1.672438034382182082e-01
1.123867062331516120e-01
4.719392359849683416e-02
-1.891197338450101295e-02
-7.916710176585706193e-02
-1.255934147344208718e-01
-1.527092023513884067e-01
-1.617022962243706008e-01
-1.516399520309071880e-01
-1.231870567295250130e-01
-8.097164868241590874e-02
-3.188618655759345444e-02
1.926029379920035645e-02
6.518092120682150714e-02
9.949337550107362205e-02
1.206718448310917235e-01
1.269026735890170787e-01
1.173545046693562632e-01
9.424272980185732784e-02
6.276314237848779065e-02
2.570698061748322161e-02
-1.191950783751505316e-02
-4.428732659080036882e-02
-6.878439790173740409e-02
-8.334783205694074049e-02
-8.612230045425428582e-02
-7.781603179312690521e-02
-6.233901143200004658e-02
-4.090655080475480432e-02
-1.605463731522516202e-02
7.794952050567127699e-03
2.787271648992817319e-02
4.245764916132799272e-02
4.975309262015503720e-02
4.971322184079540740e-02
4.491962547917838222e-02
3.562801578220065046e-02
2.277958985463413022e-02
9.304717694224473590e-03
-2.536887747966565243e-03
-1.174566349303463042e-02
-1.733170148019691492e-02
-1.900010509129801406e-02
-1.811550607292022885e-02
-1.463137262897884483e-02
-8.965533576159923079e-03
-2.827326526217421865e-03
3.221878772475372799e-03
8.732649391688385165e-03
1.313855217819792642e-02
1.587315397878019674e-02
1.637002164021050810e-02
1.406272200926528271e-02
8.384821932720498694e-03
