-2.267233683397462674e-01
4.447828401434246182e-01
8.397543091927488490e-01
1.000000000000000000e+00
9.673288737569534224e-01
7.835498916553829130e-01
4.904720148870629348e-01
1.299042046437692832e-01
-2.238690781033200183e-01
-5.568851740523381721e-01
-8.236800554728335166e-01
-9.799963986842582520e-01
-1.000000000000000000e+00
-8.880419817723377296e-01
-6.563465846555007754e-01
-3.522803945766794786e-01
-2.053070748189156358e-02
2.832588447879444971e-01
5.149749771042131385e-01
6.423252869223021744e-01
6.443729655407173240e-01
5.294725953545857955e-01
3.123056837172917266e-01
3.736392071077410115e-02
-2.542185587970781091e-01
-5.150033491099663685e-01
-7.070298365651401795e-01
-8.045433001682289476e-01
-7.933740327101136414e-01
-6.862966168446187343e-01
-4.974067385348960313e-01
-2.646018055465551022e-01
-2.384433457492474151e-02
1.866576068430549906e-01
3.369027945041540573e-01
4.084677361337474277e-01
3.921139157725674895e-01
3.010602323480440212e-01
1.481365913381393895e-01
-3.562026487190350643e-02
-2.209781693731666108e-01
-3.795465556017105779e-01
-4.892986665661562817e-01
-5.383809619896477994e-01
-5.218121892717377808e-01
-4.521031268511533918e-01
-3.399276988565280710e-01
-2.087564444318331658e-01
-8.059981030146956549e-02
2.584137556365240229e-02
9.634073102156293089e-02
1.248369284581556382e-01
1.099377765875768631e-01
6.258037214675926663e-02
-9.321705114985756602e-03
-9.010776558083599674e-02
-1.650424627061966021e-01
-2.245310906533951600e-01
-2.615592404396039905e-01
-2.749130137603337243e-01
-2.659556450232933855e-01
-2.430696945536360287e-01
-2.107948724538447616e-01
-1.761434677882890432e-01
-1.465430048472255997e-01
-1.257490610452973723e-01
-1.156499827057174690e-01
-1.125368302905043194e-01
-1.128931403916422216e-01
-1.125382352711067346e-01
-1.108382540783845460e-01
-1.085206162717341494e-01
-1.045394163238635432e-01
-9.955789689679706012e-02
-9.494993391582229325e-02
-9.449117858857336572e-02
-1.009761257198402706e-01
-1.158960067282477358e-01
-1.381459947083278905e-01
-1.629488344040620484e-01
-1.862668883492041294e-01
-2.032372778796551760e-01
-2.116584871974860338e-01
-2.099891587439248752e-01
-1.965314388203330820e-01
-1.722361156165418405e-01
-1.394862474829211552e-01
-1.055400559203037991e-01
-7.669098795398388013e-02
-5.692432676745795561e-02
-4.851314821280094947e-02
-5.238105806715287471e-02
-6.825210343762866394e-02
-9.272051978438577979e-02
-1.230191985411938083e-01
-1.533029930723293077e-01
-1.779987743053655924e-01
-1.940598826486693573e-01
-2.000003040591897818e-01
-1.971765446016612300e-01
-1.879976790951598531e-01
-1.762358648784083659e-01
-1.627047850570032539e-01
-1.477444282121659347e-01
-1.337417234484129525e-01
-1.224960970306960828e-01
-1.144073338406054186e-01
-1.080731245313748534e-01
-1.021248126172525916e-01
-9.490736517767961455e-02
-8.752324848573622695e-02
-8.434801411135173232e-02
-8.734521202607137269e-02
-9.752599929783134503e-02
-1.147430247019270988e-01
-1.380369886254034784e-01
-1.662693911627859400e-01
-1.959216991281621523e-01
-2.231443475436057922e-01
-2.404855929573189721e-01
-2.425109130144669223e-01
-2.279733397541785500e-01
-1.973564753161851648e-01
-1.540197181291739215e-01
-1.030101256070022897e-01
-5.359021087309367992e-02
-1.253906342193122914e-02
1.175096359859817419e-02
1.254921613373483069e-02
-1.138545594742323974e-02
-5.824264424414204999e-02
-1.196403988691786546e-01
-1.863815851202070828e-01
-2.458644591546127467e-01
-2.900054287439137735e-01
-3.120907721936497792e-01
-3.063245956975261253e-01
-2.728092366215979503e-01
-2.149969359458109297e-01
-1.451398900821517790e-01
-7.448995728441998310e-02
-1.489362792390880319e-02
2.547063403972660289e-02
4.132808134249432719e-02
2.945051807314680303e-02
-7.126198263022520685e-03
-6.442824518574297166e-02
-1.313174575668174526e-01
-1.971386988395660289e-01
-2.519506543321267111e-01
-2.883253311299284194e-01
-3.006915847041286005e-01
-2.872352827376550843e-01
-2.532196867105187543e-01
-2.020276554650175527e-01
-1.429021849214456852e-01
-8.553732872351393901e-02
-3.732514196667846562e-02
-4.401933457179985076e-03
7.732085275936828594e-03
-2.625385814293612619e-03
-3.117038463146493132e-02
-7.522421611139196163e-02
-1.269340780438391603e-01
-1.775370130035426319e-01
-2.201233234179110765e-01
-2.496460920556208274e-01
-2.613178285808577250e-01
-2.534482979707723960e-01
-2.301091624332011198e-01
-1.932494947668477181e-01
-1.487838497680752381e-01
-1.045089193972934538e-01
-6.701790302000809607e-02
-4.068010309966896276e-02
-2.966179779151201235e-02
-3.557323728992234368e-02
-5.498754022956031662e-02
-8.641507351679023063e-02
-1.249914959504996315e-01
-1.637859566469883621e-01
-1.965046504921958981e-01
-2.193545171538012761e-01
-2.289541324923387577e-01
-2.237919785802922057e-01
-2.067028160893908950e-01
-1.790803064443509118e-01
-1.455131215530331978e-01
-1.121295309642413862e-01
-8.430880208954161237e-02
-6.537179088088740375e-02
-5.831022735266344625e-02
-6.435458324301346344e-02
-8.086306173077828507e-02
-1.063080811202721243e-01
-1.356616482938717283e-01
-1.631433042380134868e-01
-1.845331040956748048e-01
-1.971456917795892938e-01
-1.985917992651243802e-01
-1.883711033093891096e-01
-1.696363206937974155e-01
-1.443471989397004940e-01
-1.183171665398548011e-01
-9.746865897657674971e-02
-8.488210381721139619e-02
-8.227073921843286453e-02
-9.059880286387933523e-02
-1.088372929527398059e-01
-1.322497499065227178e-01
-1.581344308401543275e-01
-1.808867444601818253e-01
-1.947009258463776593e-01
-1.971667015715120597e-01
-1.877093127254478855e-01
-1.677412471293278085e-01
-1.404217560067979598e-01
-1.123827266880360609e-01
-8.703847369699635461e-02
-6.918869393482818264e-02
-6.409081544611006098e-02
-7.318935754811206618e-02
-9.566245100122716671e-02
-1.268460848783893313e-01
-1.613746642921691787e-01
-1.917844025220922788e-01
-2.139102221000109827e-01
-2.237526468296863191e-01
-2.174798330067383434e-01
-1.953048845740793515e-01
-1.594964856419839316e-01
-1.180921149849065710e-01
-7.869991904691331364e-02
-4.892208784909835018e-02
-3.331158292531388732e-02
-3.492696151870944288e-02
-5.539153798711171639e-02
-9.123130911912558094e-02
-1.384539257247116018e-01
-1.869694412171184483e-01
-2.275519337481169968e-01
-2.530449781094137318e-01
-2.590496374797377488e-01
-2.437816484942723072e-01
-2.083494279847318831e-01
-1.602917255735488711e-01
-1.053280881544335079e-01
-5.425927808360919702e-02
-1.717287974238346226e-02
-2.026425178996982268e-04
-6.615899127055291373e-03
-3.586174936840869076e-02
-8.424047764640019142e-02
-1.412102484451325246e-01
-1.995136954003199348e-01
-2.481696098090324654e-01
-2.770819818861185446e-01
-2.819530409686387129e-01
-2.614150893149007615e-01
-2.189908947735871303e-01
-1.607041873952079758e-01
-9.895465898860511533e-02
-4.211296869214053995e-02
-4.395892776812848624e-04
1.691639114748766382e-02
7.602748881751386634e-03
-2.773760135185598941e-02
-8.207862676617383446e-02
-1.470066033942736272e-01
-2.091964700679322942e-01
-2.598671701344817953e-01
-2.906333776666364388e-01
-2.941311584657781975e-01
-2.696777253310189693e-01
-2.198114817945689969e-01
-1.554538534215134105e-01
-8.729692331355132229e-02
-2.848475637149949780e-02
1.221830108061006115e-02
2.867646542712831703e-02
1.627343911801615306e-02
-2.312745483214040387e-02
-8.529092207330246644e-02
-1.571437661064369884e-01
-2.266070198043772521e-01
-2.810380289839869983e-01
-3.116143417880002930e-01
-3.123963780177155813e-01
-2.811958285899882615e-01
-2.249059225401797146e-01
-1.499803601516104257e-01
-7.131267316230682773e-02
-2.619996727538320691e-03
4.448503747729137814e-02
6.149530225735944100e-02
4.401514758816471584e-02
-7.201091657213054553e-03
-8.142152422341142337e-02
-1.696219332499316890e-01
-2.548298562304947001e-01
-3.215459976445620427e-01
-3.579620352180937770e-01
-3.570392278623599758e-01
-3.182403830976568981e-01
-2.453913474663820260e-01
-1.533140033555074888e-01
-5.380641497355764802e-02
3.477845085257524893e-02
9.604844094385267539e-02
1.196184717158965682e-01
1.001177465895257690e-01
4.046582995610115141e-02
-5.232898352267967290e-02
-1.598988271179817566e-01
-2.678203247161251577e-01
-3.565146005113843941e-01
-4.092045208483332530e-01
-4.174801245514317971e-01
-3.781354099152457460e-01
-2.980450675874379840e-01
-1.875535332401909727e-01
-6.830961189197759520e-02
4.301238084445180299e-02
1.264999617851998437e-01
1.657929104001134579e-01
1.554724310725794645e-01
9.523175447398379845e-02
-3.641996570694527868e-03
-1.273704200328309444e-01
-2.517885082475405101e-01
-3.588268917533485869e-01
-4.302244182512311443e-01
-4.514919420156280339e-01
-4.202939666405078878e-01
-3.394750739442730092e-01
-2.257791416129738549e-01
-9.645286340395964331e-02
2.383497254720312597e-02
1.171830509363094297e-01
1.691969629233758265e-01
1.689203424744878390e-01
1.173633181597733000e-01
2.048283877993095636e-02
-1.000731329448146800e-01
-2.246765545963507194e-01
-3.308863087299144246e-01
-4.023269882142009868e-01
-4.284291415835442818e-01
-4.032482100887696541e-01
-3.344262912845403779e-01
-2.311765117933126668e-01
-1.158169808054658745e-01
-8.099487697765028749e-03
7.340966720244757049e-02
1.152666406615694417e-01
1.115470717490676389e-01
6.227056197368563417e-02
-1.857572287080566653e-02
-1.196440439297609126e-01
-2.202058963402138136e-01
-3.017374407168715855e-01
-3.508259143616004883e-01
-3.591467422452241376e-01
-3.272645880004096952e-01
-2.599529923582766244e-01
-1.740343231581745753e-01
-8.223498645158677789e-02
-2.760141741309896091e-03
4.882966085446782678e-02
6.516421957092988215e-02
4.310719141487262540e-02
-1.133405170875856349e-02
-8.959458326907199233e-02
-1.738476798571274573e-01
-2.513824595521634286e-01
-3.078848743603721516e-01
-3.313903168239085151e-01
-3.189755896562704862e-01
-2.714967545064391752e-01
-1.995430981327968034e-01
-1.145433333109612262e-01
-3.383082375981982803e-02
3.062675624794941598e-02
6.801465925505612020e-02
6.946747755508608790e-02
3.485854140383404243e-02
-3.236282074810914455e-02
-1.183921560193984535e-01
-2.098362263593679389e-01
-2.900174084193979374e-01
-3.469649120200023473e-01
-3.710059827172484948e-01
-3.555921676616305982e-01
-3.033525639032349508e-01
-2.192730942870750876e-01
-1.191235318745169636e-01
-1.825707577994695185e-02
6.590218971515415802e-02
1.203599666657733103e-01
1.354359844969106330e-01
1.061336927111855566e-01
3.729701344151203912e-02
-6.483770826259283027e-02
-1.824630170142114149e-01
-2.978280922141889331e-01
-3.910534205254893036e-01
-4.472403597340988135e-01
-4.550630362113731175e-01
-4.097920682580264984e-01
-3.199770881813542855e-01
-1.946229711527166506e-01
-5.607109307755731020e-02
7.415272882971724044e-02
1.738260536606412998e-01
2.260297657063221610e-01
2.197189788225391016e-01
1.519709012001531079e-01
3.589117509949679707e-02
-1.152365762675741090e-01
-2.734948002019053082e-01
-4.131205553146011233e-01
-5.093792579982112656e-01
-5.453284738402419674e-01
-5.142406618695725129e-01
-4.171123916539074550e-01
-2.739312985813955326e-01
-1.030079649434696432e-01
6.386384899914654412e-02
1.985164315844067939e-01
2.778236656194048582e-01
2.871981688202245309e-01
2.261749846033389577e-01
1.012422750110795189e-01
-6.121406830925191223e-02
-2.385208801845640769e-01
-3.975495374123400039e-01
-5.104071987751166439e-01
-5.590418473513616426e-01
-5.338014695424520006e-01
-4.420064372705035938e-01
-2.960987103507416451e-01
-1.270084042921718614e-01
4.022006458609839186e-02
1.747964000083468417e-01
2.520350075318020799e-01
2.616560626782813426e-01
2.005997188075219206e-01
8.371214468552756749e-02
-7.141984831939396372e-02
-2.323798160978001182e-01
-3.744019984874221718e-01
-4.730860933977217853e-01
-5.095704969298688880e-01
-4.802894505290129512e-01
-3.881654090020613124e-01
-2.556169107073871238e-01
-1.043636058857855264e-01
3.537700058253290258e-02
1.415314719477380745e-01
1.972950943796429879e-01
1.906230814005998031e-01
1.253607874180442394e-01
1.012578897681204460e-02
-1.282201541107841347e-01
-2.660917704339006429e-01
-3.773884479667655167e-01
-4.430803626616545143e-01
-4.524729570068660722e-01
-4.014080775979044224e-01
-3.032516734121204482e-01
-1.714089404969235675e-01
-3.394712144121803110e-02
8.462865617414094821e-02
1.624255894689841107e-01
1.846899212118684463e-01
1.480195309235310397e-01
5.568916753302066702e-02
-7.102323156840906204e-02
-2.141352549642743242e-01
-3.448018438404453212e-01
-4.385309483341318648e-01
-4.784696535271486528e-01
-4.552841698858400843e-01
-3.741097683162193377e-01
-2.452339911396987926e-01
-9.619789801396572138e-02
5.082273306246620770e-02
1.671009999663595202e-01
2.296356572994686651e-01
2.281807181351773739e-01
1.597156465786027102e-01
3.827086340507723783e-02
-1.189298353353199778e-01
-2.794853235569204619e-01
-4.185257915753629598e-01
-5.104173421405709954e-01
-5.358104305328010852e-01
-4.913738819939912350e-01
-3.807167300831207912e-01
-2.274792393659612610e-01
-5.534467226149708541e-02
1.015561826284110403e-01
2.181522960948412138e-01
2.751546663049455610e-01
2.591931643725982060e-01
1.742616044573193079e-01
3.032264864029277085e-02
-1.419630974703798287e-01
-3.149716958935186994e-01
-4.562908051794903885e-01
-5.424260138626577632e-01
-5.592579414423171080e-01
-5.002074861993390797e-01
-3.795747256204324849e-01
-2.132199725066091789e-01
-3.503264125041616328e-02
1.255118517769187036e-01
2.404420571675807139e-01
2.895195741904168507e-01
2.650059468514036620e-01
1.677114775740013997e-01
1.965790232620912015e-02
-1.589724800082850109e-01
-3.335486165899145261e-01
-4.742260574431756970e-01
-5.570736346271216721e-01
-5.670106296215516872e-01
-5.043445495713909654e-01
-3.759040137388511837e-01
-2.088327077200111681e-01
-2.629788672567912045e-02
1.382054696115138093e-01
2.563074009796040276e-01
3.093272598538547857e-01
2.868106476189640208e-01
1.947833617525056571e-01
4.466113826017892308e-02
-1.335305597497877805e-01
-3.148894427683577302e-01
-4.673624294231654153e-01
-5.643950734850996520e-01
-5.917616264014147198e-01
-5.429426584396936928e-01
-4.285117251426117102e-01
-2.634189096970965815e-01
-7.961373276741168237e-02
9.697500472346143319e-02
2.360158681959640958e-01
3.129414664409586599e-01
3.177313157620749173e-01
2.475382542602593272e-01
1.169573720826169172e-01
-5.608547990740031519e-02
-2.384530446377033375e-01
-4.039540897107386508e-01
-5.248468102137315849e-01
-5.793290408366624789e-01
-5.623278736142292011e-01
-4.750709709606739661e-01
-3.362453273077844473e-01
-1.663325200385707969e-01
1.940873317179292457e-03
1.437147186207388128e-01
2.371913396227001147e-01
2.654929283813738383e-01
2.267987897558689792e-01
1.256683259061768254e-01
-1.353465312806301224e-02
-1.679987176117763159e-01
-3.088879964987483184e-01
-4.150235173320303561e-01
-4.715822155839568541e-01
-4.679298751305626114e-01
-4.088193368090525803e-01
-3.030016031897799778e-01
-1.759019007520860045e-01
-4.951692220879488904e-02
5.355880844018612308e-02
1.164454212802539246e-01
1.305256235769880480e-01
9.354413053739030204e-02
1.893751715622848941e-02
-8.195980820234616271e-02
-1.863786249828977004e-01
-2.742952838128068782e-01
-3.303062020270949306e-01
-3.444817435151401597e-01
-3.167607617568286571e-01
-2.517305403041950607e-01
-1.674450776126199525e-01
-7.738010153082597320e-02
-1.192920960974341860e-03
4.474252454897453823e-02
5.296495002786527628e-02
2.060493548232655847e-02
-4.456981661318193400e-02
-1.322377261668776782e-01
-2.218177085714414520e-01
-2.987860462349446466e-01
-3.477680426867687524e-01
-3.565820580752205871e-01
-3.232745148424369663e-01
-2.504278712165252108e-01
-1.534095876531685887e-01
-4.758233136454637080e-02
4.562342564718746551e-02
1.113739981340096108e-01
1.383429871779462417e-01
1.181436021256960789e-01
5.278703710050813847e-02
-5.119286815088175402e-02
-1.732213737009423715e-01
-2.945019485137745363e-01
-3.931235450748997717e-01
-4.531009049687667600e-01
-4.632670623684638223e-01
-4.181172022745902606e-01
-3.260289663970119545e-01
-1.969545397277069343e-01
-5.484224661299330617e-02
7.825205415441915946e-02
1.797878983217064963e-01
2.326496495794332375e-01
2.263311301579018497e-01
1.583050991977721367e-01
4.230581414661394035e-02
-1.082187774846099515e-01
-2.656930471229631552e-01
-4.047354251563652916e-01
-5.015058227182784822e-01
-5.395200168834674015e-01
-5.122482166852075913e-01
-4.205676275223622085e-01
-2.835436244793270166e-01
-1.185841782677772294e-01
4.394763171558535575e-02
1.769503740715367979e-01
2.580325194297492519e-01
2.728047797667283447e-01
2.199016297950218135e-01
1.047144621468980574e-01
-4.842272584205409292e-02
-2.185004343911389757e-01
-3.739727680106144092e-01
-4.878569423960429363e-01
-5.418363146551679055e-01
-5.256018213721058707e-01
-4.444258824161804178e-01
-3.089391222223025757e-01
-1.478426370946394064e-01
1.537909002270554382e-02
1.505816929514076641e-01
2.331570629908323866e-01
2.513368886862725748e-01
2.006122401673491318e-01
9.342936330973650172e-02
-5.444870389507194819e-02
-2.119972285127404987e-01
-3.551930774827178894e-01
-4.585653932357723894e-01
-5.022224189839357145e-01
-4.814822355301312529e-01
-3.979678018246078919e-01
-2.712073648560202610e-01
-1.212463154188004877e-01
2.171318241846753594e-02
1.354265328673316393e-01
2.017393251748433869e-01
2.070988204370727281e-01
1.525532979329204952e-01
4.462209278779849519e-02
-9.164895427835539898e-02
-2.337421247728783680e-01
-3.554304196840807339e-01
-4.376003663910478236e-01
-4.681395191208210793e-01
-4.399687763693523879e-01
-3.613871999385211975e-01
-2.427360950425169195e-01
-1.091869579469803009e-01
1.711332113301700097e-02
1.147284328295639089e-01
1.678001970153009115e-01
1.686433573728645108e-01
1.161898237331315809e-01
2.464622122921578118e-02
-9.402197928335931376e-02
-2.168735476533683038e-01
-3.229937927654160656e-01
-3.954218620093723491e-01
-4.226125440323700300e-01
-4.018261089056027746e-01
-3.355759820514195857e-01
-2.398803215807927547e-01
-1.276242582621929245e-01
-1.968522423991647674e-02
6.523454203372702764e-02
1.144319113978564673e-01
1.200069113057631309e-01
8.287498346323296516e-02
8.125397524421096307e-03
-8.746703847145786970e-02
-1.908301652678947580e-01
-2.832116827513123658e-01
-3.480757650074820519e-01
-3.763012235707242636e-01
-3.631021150693696242e-01
-3.123919091167867146e-01
-2.314177472692215964e-01
-1.376137697590968934e-01
-4.413825597348330909e-02
3.213667210303405852e-02
7.669421881508897698e-02
8.382330595694020836e-02
5.177130932869111746e-02
-1.236637993416922487e-02
-9.901234400204761421e-02
-1.898317527242489033e-01
-2.715351605703243409e-01
-3.296506449090000901e-01
-3.520860559065711604e-01
-3.362548869762803649e-01
-2.835124514534550499e-01
-2.055213402683113699e-01
-1.147759357233595345e-01
-2.988337722523892737e-02
3.626400120210737654e-02
7.336463783342139777e-02
7.298772846328183128e-02
3.515236765471163594e-02
-3.592475388001770131e-02
-1.237497476005603447e-01
-2.133632345893035076e-01
-2.876659984649779789e-01
-3.348455769927043413e-01
-3.475000886946387757e-01
-3.213887840743661073e-01
-2.630404227309305343e-01
-1.801708251749022383e-01
-9.080280277133978561e-02
-1.055422323426558062e-02
4.701775977399891282e-02
7.205301394034480111e-02
6.053962089505393607e-02
1.361764962586531347e-02
-5.628959252302956351e-02
-1.394650877742489303e-01
-2.190507310997028556e-01
-2.801722507485910896e-01
-3.137256203209108918e-01
-3.146459714118430284e-01
-2.852153585886323395e-01
-2.306133070743626723e-01
-1.647974780124962235e-01
-9.755324520481989392e-02
-4.097445634450136431e-02
-5.862015545634258196e-03
3.335188384600229483e-03
-1.428997921650032588e-02
-5.120189513865958109e-02
-9.972403022203302214e-02
-1.577283712353334533e-01
-2.108778930169337151e-01
-2.521058999098526598e-01
-2.743456962571084734e-01
-2.705305864017197859e-01
-2.335938746867054494e-01
-1.564688654550826508e-01
