-2.350012597179951257e-02
2.474637805690282910e-01
4.308084519014290237e-01
5.363782413654472059e-01
5.740175023011275801e-01
5.535705880485144448e-01
4.848818519476527644e-01
3.777956473385890579e-01
2.416251323711031684e-01
8.149384943218995758e-02
-8.925815569041739561e-02
-2.498358983810813339e-01
-3.827374620351905454e-01
-4.757366233388625743e-01
-5.181398746065783989e-01
-5.054261869311189592e-01
-4.377479072987288111e-01
-3.238546912312469939e-01
-1.738386029311954628e-01
-5.122028196736683192e-03
1.643582331680411013e-01
3.163735854079530174e-01
4.353211088003110518e-01
5.079579947046037880e-01
5.258376882404445229e-01
4.898417378048351978e-01
4.024977449635478433e-01
2.731801754406371074e-01
1.148406910551407201e-01
-5.406104042746795457e-02
-2.166099001010121095e-01
-3.543667876960162610e-01
-4.526695090245284048e-01
-5.035878259414601210e-01
-5.008536743884390852e-01
-4.446665700507623775e-01
-3.403408689137948917e-01
-2.008870808902165628e-01
-3.920455820386070656e-02
1.266920343269026805e-01
2.790687780686977870e-01
4.020099556866618684e-01
4.827296634266857733e-01
5.124705753644254180e-01
4.872343806529957355e-01
4.125121770511972485e-01
2.948291211823068636e-01
1.468132896261369336e-01
-1.653088683484382759e-02
-1.769877939828474744e-01
-3.183304100031241202e-01
-4.247269721310908963e-01
-4.845946591283281091e-01
-4.942647540221694058e-01
-4.518135678529793253e-01
-3.618234218290621307e-01
-2.331188123818717095e-01
-8.113666588183898742e-02
7.964943116787637223e-02
2.315751743824774334e-01
3.582747498005691700e-01
4.473079648313911250e-01
4.892825118767840653e-01
4.800042149704586425e-01
4.197143021588458645e-01
3.166971506348421617e-01
1.800737568340258221e-01
2.554670846029649667e-02
-1.304154694009084237e-01
-2.713204511094650107e-01
-3.829430555171642325e-01
-4.530162798795380752e-01
-4.737007495800381607e-01
-4.456747629116062370e-01
-3.708972095945906045e-01
-2.572930408727025497e-01
-1.162509892024139457e-01
3.587787492243799115e-02
1.840625112544327369e-01
3.116657631797850048e-01
4.053840092368954373e-01
4.579322188343375455e-01
4.632036706879401056e-01
4.205197972924121785e-01
3.339982522952336108e-01
2.145380023659768653e-01
7.295982514375487504e-02
-7.515845733361570247e-02
-2.141460013215901181e-01
-3.296958693106032401e-01
-4.100948061792933919e-01
-4.465147460749027131e-01
-4.344729160870127727e-01
-3.781566426183908813e-01
-2.824185021021031750e-01
-1.570265198775844251e-01
-1.446785157830476898e-02
1.293624228669343346e-01
2.601604166806488205e-01
3.633023417384961817e-01
4.277860466949992002e-01
4.492531814394833400e-01
4.247173219317508241e-01
3.565700635164099630e-01
2.513777864952417840e-01
1.217860758674136346e-01
-2.038712123613550808e-02
-1.599635141468461752e-01
-2.820431945571851839e-01
-3.743551237156492739e-01
-4.274873545121978813e-01
-4.356554197373018189e-01
-3.971689097278083835e-01
-3.180980244523927691e-01
-2.052095598403562704e-01
-7.085680300831653788e-02
7.103298956912618145e-02
2.052962877407227271e-01
3.185870929389980066e-01
3.982867441459412294e-01
4.356528586911194711e-01
4.291161390172919532e-01
3.783729623747540405e-01
2.884407743298273985e-01
1.681082593293432570e-01
3.144227696678547623e-02
-1.086221002947126424e-01
-2.366703408041825885e-01
-3.392293578784884023e-01
-4.071475689063547287e-01
-4.328970305402957131e-01
-4.133620678011624694e-01
-3.499117759640996139e-01
-2.504626468908506265e-01
-1.234522874350489907e-01
1.722959430540194070e-02
1.569809637806593994e-01
2.811914651639308982e-01
3.773558680429542900e-01
4.344767614567441871e-01
4.457935706748783478e-01
4.124636855112382428e-01
3.366223550449238822e-01
2.255603152284422208e-01
8.990579105245855018e-02
-5.516108620178317157e-02
-1.954353241636083149e-01
-3.148787336019029937e-01
-4.007733384039762203e-01
-4.458947208403765128e-01
-4.445169052465413051e-01
-3.960490077824138089e-01
-3.046042595699931521e-01
-1.811510299706579064e-01
-3.651984620847137375e-02
1.136871049329570837e-01
2.536056131525856738e-01
3.684483865331744656e-01
4.462262691066476439e-01
4.774467662146704150e-01
4.573580749376615628e-01
3.904083744229607245e-01
2.819442818756179303e-01
1.429963285892714708e-01
-1.265379914063180511e-02
-1.676364725866495986e-01
-3.063776911130441372e-01
-4.129691676020832425e-01
-4.754924747301780830e-01
-4.889998751586469572e-01
-4.506022395609449172e-01
-3.637974665539939201e-01
-2.366601228451119532e-01
-8.433384744612659745e-02
7.923423201822732409e-02
2.363799934087089660e-01
3.700882863748975460e-01
4.664222969192906021e-01
5.147517907062642006e-01
5.093447212752246767e-01
4.492810183614188713e-01
3.421625989635472820e-01
1.969393196144573199e-01
2.956844428724281215e-02
-1.427590285572061246e-01
-3.011619481133378518e-01
-4.292047394349197686e-01
-5.117800640903482634e-01
-5.388077412501084407e-01
-5.093239974785713775e-01
-4.244140662181309365e-01
-2.924631840688505235e-01
-1.259160058886978906e-01
5.615340395065016033e-02
2.357359740851239227e-01
3.920762564872455336e-01
5.079797604263573962e-01
5.721477108941033229e-01
5.762237089360393583e-01
5.189540301178534598e-01
4.046572370935512808e-01
2.469875905576930375e-01
6.004659525696953715e-02
-1.354334188556755025e-01
-3.186903640333856869e-01
-4.696239546965725875e-01
-5.718815731039414985e-01
-6.129438563109822491e-01
-5.862935297392004586e-01
-4.971259355158873516e-01
-3.525452498802581491e-01
-1.679426423429858373e-01
3.826443445639138297e-02
2.425635447677800816e-01
4.238405376922256274e-01
5.610080096658642823e-01
6.382215086714508878e-01
6.487193870288927577e-01
5.891630279622224187e-01
4.655817456087620876e-01
2.894241067465321837e-01
8.174452765574224955e-02
-1.376516970719887656e-01
-3.442994867817119609e-01
-5.154042207222593319e-01
-6.325171679426568883e-01
-6.819968792602211227e-01
-6.580845933183887553e-01
-5.610933415667604951e-01
-4.027692180036128722e-01
-1.969541503681710992e-01
3.293852691717114034e-02
2.628931528538809292e-01
4.673308741169721614e-01
6.243853208652725417e-01
7.156020507660469931e-01
7.292179063060426625e-01
6.660096956868422069e-01
5.299452573404872524e-01
3.354753451368772676e-01
1.013654440918456690e-01
-1.454076002809360224e-01
-3.796115082939773844e-01
-5.739513108543525810e-01
-7.066859381878467516e-01
-7.650199954790963819e-01
-7.403802323267012486e-01
-6.349841212511548871e-01
-4.577928094392001990e-01
-2.300678994573925884e-01
2.668462949204419843e-02
2.834128198718579572e-01
5.123352681358661620e-01
6.881707700538461925e-01
7.911949267479152503e-01
8.094330079591693927e-01
7.382508598930739296e-01
5.876626965567071093e-01
3.706224900918231313e-01
1.118236312347080652e-01
-1.620470118797714409e-01
-4.199449305688599532e-01
-6.345839346042436713e-01
-7.812285219665319191e-01
-8.423309296070534691e-01
-8.134929278267817310e-01
-6.949218986817289334e-01
-4.997579763959529853e-01
-2.467601234431368029e-01
3.416438256195286627e-02
3.148663471029466976e-01
5.633836112236807470e-01
7.522654260037979768e-01
8.621593843739472351e-01
8.792984689307230539e-01
8.018710512175970528e-01
6.356501132391276787e-01
4.009308408070306751e-01
1.196806930435319050e-01
-1.758820004780224933e-01
-4.543119232107727390e-01
-6.847269848796633251e-01
-8.418636977764781815e-01
-9.078333700231731029e-01
-8.730083647032442773e-01
-7.443750607023964516e-01
-5.326746272725956244e-01
-2.615108222579924924e-01
4.194433491472282505e-02
3.427353229363334641e-01
6.093372819097297999e-01
8.111858242829230736e-01
9.251266889810607630e-01
9.411920124390615872e-01
8.549022289871828217e-01
6.761965132378040533e-01
4.218110342034999682e-01
1.221563574022157539e-01
-1.932722502939711040e-01
-4.888849776657882007e-01
-7.322221168637852440e-01
-8.970598851676652163e-01
-9.644049514225605524e-01
-9.275116550104117730e-01
-7.876047319619926546e-01
-5.625635526600332170e-01
-2.731832955663821005e-01
4.676334786166602697e-02
3.633980820427475944e-01
6.414985555082124424e-01
8.511906844196708288e-01
9.690549992928918499e-01
9.803361058469504119e-01
8.872770480792304681e-01
6.969460062817163237e-01
4.311942815256577521e-01
1.165959865007961671e-01
-2.100620757540796468e-01
-5.149284410831320713e-01
-7.632549568940911744e-01
-9.274812487416400630e-01
-9.925931169677866261e-01
-9.491880598643742672e-01
-8.028424222710295322e-01
-5.670237919200082910e-01
-2.704560804109960026e-01
5.786510160560265348e-02
3.804563006716719098e-01
6.624117933813398196e-01
8.732942514430581671e-01
9.896854778046029200e-01
1.000000000000000000e+00
9.009793491795536902e-01
7.063707072381908425e-01
4.337797824683362613e-01
1.152424995381824413e-01
-2.159944162823784763e-01
-5.228943888120534123e-01
-7.730084925113176464e-01
-9.384652847618406568e-01
-1.000000000000000000e+00
-9.547887299560553487e-01
-8.051587717242691955e-01
-5.687816534255986101e-01
-2.689844766578997071e-01
5.898393741293772585e-02
3.813979911621163676e-01
6.612927429167303472e-01
8.682444060896328253e-01
9.824464218237045632e-01
9.898956966110441513e-01
8.910310498097657739e-01
6.945697653324296450e-01
4.254193359632501004e-01
1.096561380557403709e-01
-2.165528030850549790e-01
-5.183208155554214214e-01
-7.628247748608898426e-01
-9.236177134841263570e-01
-9.835177811507972434e-01
-9.340740565425131869e-01
-7.852485472798751420e-01
-5.506897726534203397e-01
-2.577692785322596158e-01
6.321585469575730087e-02
3.755007469026787614e-01
6.463141065927218154e-01
8.456168411406088659e-01
9.510545283859024313e-01
9.549150348623083318e-01
8.549744128452247960e-01
6.641075510773450929e-01
4.014835365154265645e-01
9.924027937134738409e-02
-2.122669623917043946e-01
-4.982166141505474100e-01
-7.273580388493712245e-01
-8.764433282159995731e-01
-9.288120636402498187e-01
-8.807339923152324168e-01
-7.359302940275913585e-01
-5.136753989830331601e-01
-2.354166842117123570e-01
6.632433415095118079e-02
3.594169037262731070e-01
6.118591850939150145e-01
7.968513140653386007e-01
8.947813257492898131e-01
8.940136364115309764e-01
7.993728871193181984e-01
6.192995227142343850e-01
3.750220036907849774e-01
9.158984455289687077e-02
-1.980682348138379512e-01
-4.638065975562931653e-01
-6.759220484357132408e-01
-8.113215149568688833e-01
-8.591035462464413630e-01
-8.130103315281730358e-01
-6.799315946316843995e-01
-4.731865807792612344e-01
-2.187305894219531144e-01
5.806232698740121378e-02
3.259028727969428552e-01
5.556961955051777924e-01
7.235933513566032982e-01
8.116040228862393402e-01
8.119440100593002807e-01
7.235915923263525062e-01
5.597967754793080619e-01
3.362321196799549217e-01
7.985343435607572538e-02
-1.817756721606537118e-01
-4.198632930958182685e-01
-6.095102739771804945e-01
-7.304499337952160554e-01
-7.692072481940608331e-01
-7.260778213518169766e-01
-6.046631570219689333e-01
-4.199585544780224389e-01
-1.912156762304795254e-01
5.415575608001033103e-02
2.907861511870821758e-01
4.920604426499883832e-01
6.365094753934512628e-01
7.122238908310738470e-01
7.105560335471861055e-01
6.333337705183486044e-01
4.885986273829008297e-01
2.954995402580975483e-01
7.320264086510541723e-02
-1.527112745671856953e-01
-3.577420127978597764e-01
-5.204711272825488511e-01
-6.238912750164551380e-01
-6.583259498506145446e-01
-6.198147536840498129e-01
-5.162929120531032368e-01
-3.577008510534454011e-01
-1.632784186672560089e-01
4.611495768562279274e-02
2.469472460762835997e-01
4.183679538419142752e-01
5.416472211345930710e-01
6.034424671276668040e-01
6.012082212816034499e-01
5.347445420123733140e-01
4.127299854474597574e-01
2.480479213971606978e-01
6.100128604940646682e-02
-1.292194214905355576e-01
-3.009090515143174605e-01
-4.356403743055879962e-01
-5.215277160374528487e-01
-5.494582617833221327e-01
-5.178975268580759961e-01
-4.303639873124964765e-01
-2.995660347824404823e-01
-1.383757226063488943e-01
3.439947246297658801e-02
1.998472899225527399e-01
3.404568329112631631e-01
4.418147952675717249e-01
4.934335647688703475e-01
4.896457628422379305e-01
4.350713737445255358e-01
3.352606314118917741e-01
2.024170366457123116e-01
5.112237748993320174e-02
-1.009363868281176746e-01
-2.379842638427041024e-01
-3.448322784176345301e-01
-4.101346897321601626e-01
-4.303053521955563232e-01
-4.032225245577079065e-01
-3.330827602312749214e-01
-2.279346571854541370e-01
-1.019046661409862553e-01
3.241491348003666673e-02
1.600087630945388195e-01
2.668065289898602366e-01
3.429688776637067615e-01
3.808837812354635144e-01
3.776998025459412656e-01
3.341701763094011568e-01
2.575516337206980033e-01
1.553537641450206674e-01
3.999760754163128595e-02
-7.557530970181469687e-02
-1.790578981344910225e-01
-2.599989971650672471e-01
-3.097511868053476336e-01
-3.231770533749008800e-01
-3.025603428114220783e-01
-2.502054017424336640e-01
-1.722614699208993017e-01
-7.741967172516128759e-02
2.273491990523490713e-02
1.178035676685107447e-01
1.967364875141259795e-01
2.512033116838392477e-01
2.782970838837186545e-01
2.753324350928680886e-01
2.431670891604917895e-01
1.858968231642363911e-01
1.118760158943647998e-01
2.828827330743077795e-02
-5.538915450175463384e-02
-1.295308072181057257e-01
-1.869939376791505126e-01
-2.223261418757852548e-01
-2.322577378922952018e-01
-2.160446539312110836e-01
-1.777346764474446728e-01
-1.210622391129062558e-01
-5.329906066852929669e-02
1.734933466118571133e-02
8.326770773144342996e-02
1.379244330800153406e-01
1.751944464231323106e-01
1.913592507894406047e-01
1.876182770746810391e-01
1.646008152171047900e-01
1.250050357966530079e-01
7.383009989970767961e-02
1.801728154736670362e-02
-3.674393660806096751e-02
-8.386221684120109821e-02
-1.183020171344802973e-01
-1.388814975244219152e-01
-1.436565366944527744e-01
-1.320683053500810722e-01
-1.061532005809115997e-01
-7.028553473790466466e-02
-2.779106216689630759e-02
1.619585767624753814e-02
5.621924048583681888e-02
8.865895099902831866e-02
1.106118956107955409e-01
1.198146473309265048e-01
1.157416851403170188e-01
1.007733315225873838e-01
7.632655978434987887e-02
4.528378817854106231e-02
1.173371478394491518e-02
-2.060452212462837718e-02
-4.864275874707379987e-02
-6.886565484541651294e-02
-7.936479057015777272e-02
-8.117042792595119405e-02
-7.414939844828494220e-02
-5.894089348105757686e-02
-3.794770045965190075e-02
-1.419855000507086462e-02
1.009371149278859292e-02
3.173521721447958299e-02
4.819651309760297764e-02
5.919067014057555198e-02
6.378282130108892112e-02
6.114300092837998690e-02
5.213387276054293196e-02
3.897812884222529028e-02
2.281698545203192374e-02
5.596517255470168095e-03
-1.030767064547033485e-02
-2.370522438376099217e-02
-3.340267682934938698e-02
-3.775431717024668732e-02
-3.654878299743979930e-02
-3.135486166978240785e-02
-2.256614246765897835e-02
-1.138798652351691310e-02
9.001018195831100854e-05
1.047842880772931196e-02
1.888540835339069801e-02
2.431989601537165591e-02
2.638924873553372130e-02
2.579898317957374232e-02
2.257221991135982542e-02
1.710914735643154216e-02
1.077891889258197899e-02
5.026528743080849182e-03
2.990278207188890036e-04
-3.011755972086360700e-03
-4.591092700120369408e-03
-5.063926811610386380e-03
-4.319156770661636280e-03
-2.278225275037848441e-03
3.463796462919166430e-04
2.868635919307749305e-03
5.051045669471676547e-03
6.512963479715416781e-03
6.969884029623063526e-03
6.624165069337939471e-03
5.454051845006357979e-03
3.597753902737199638e-03
1.538900127852294020e-03
-2.181665612246419528e-04
-1.507159334600549627e-03
-2.060553797138542365e-03
-1.644379884654156854e-03
-4.094938171933515392e-04
1.596643553977372676e-03
4.189971316317375738e-03
6.947857408346802544e-03
9.426425091753065644e-03
1.141697923612627896e-02
1.256721995079201903e-02
1.260348946631628664e-02
1.163024557157288363e-02
9.664360403113469999e-03
6.786825309215815949e-03
3.348986081038729523e-03
-1.783038578634377203e-04
-3.525328155629781079e-03
-6.221541096721905362e-03
-7.859549188735437397e-03
-8.407351779345484388e-03
-7.759084211833133793e-03
-5.756513441689925514e-03
-2.589907782004297054e-03
1.257412959813519748e-03
5.509768606482001729e-03
9.646637773983446351e-03
1.310840605180385587e-02
1.564355209813772518e-02
1.699894398121926109e-02
1.676589364145586458e-02
1.490531345299039856e-02
1.183560258297067236e-02
7.757272231232015258e-03
3.103030858802480196e-03
-1.496397769056745375e-03
-5.564214939343781197e-03
-8.745885658539287455e-03
-1.048128152308747119e-02
-1.049834769129620593e-02
-9.056338451470358208e-03
-6.206379604246081705e-03
-2.125488100178429818e-03
2.648044825761086685e-03
7.499420197468742444e-03
1.205445956203066160e-02
1.572674280144759074e-02
1.805055142979150595e-02
1.903991821441097798e-02
1.854892868125390670e-02
1.637526547112733155e-02
1.278309473094996207e-02
8.370385694411508481e-03
3.440737386014136590e-03
-1.500336434719473644e-03
-5.859513793265991310e-03
-9.353280774117900265e-03
-1.164796564558112646e-02
-1.212110799157273267e-02
-1.064451001847344092e-02
-7.697371606423919488e-03
-3.487910940762728451e-03
1.403708369454026439e-03
6.221908384217433863e-03
1.049939390403764605e-02
1.386380647821572332e-02
1.578879677258870906e-02
1.602525474626315116e-02
1.479587852407293624e-02
1.219486114637646779e-02
8.607950443402234697e-03
4.711215091268927679e-03
1.169768995420650270e-03
-1.751399809802101082e-03
-3.820666688316154413e-03
-4.840643153361856577e-03
-5.027280795021127346e-03
-4.327383036916376824e-03
-2.667860024476942371e-03
-3.929616543633107639e-04
2.032039760495596425e-03
4.431979819846221247e-03
6.547947905993556361e-03
8.137244700637591421e-03
9.260424297436120611e-03
9.794800915109647121e-03
9.568172496471349930e-03
8.691104633451685046e-03
7.397716954380406662e-03
5.782846187419865558e-03
4.039387137922734183e-03
2.411173379555764384e-03
1.030252318382496313e-03
7.600726911860533619e-06
-5.580013916446358024e-04
-6.795363122247266574e-04
-4.990794917940633013e-04
-1.534926625412769141e-05
7.882510260865949192e-04
1.790182769248360728e-03
2.859715740453294686e-03
3.925579362915376791e-03
4.921467880412366824e-03
5.801899273067512297e-03
6.583984267437115179e-03
7.188656594039333214e-03
7.417210399685458810e-03
7.221797471334889806e-03
6.684485127143702243e-03
5.847324982934498649e-03
4.854714036737206584e-03
3.848950953573959666e-03
2.889742750460166931e-03
2.061462723166762601e-03
1.486393692677667744e-03
1.231589191072579581e-03
1.298453929875043045e-03
1.666430232807325496e-03
2.223758913400430970e-03
2.824030865676396829e-03
3.314624170930535740e-03
3.660900006550615871e-03
3.877587024049500286e-03
3.956380871100950714e-03
3.961420352414535273e-03
3.888629453692837856e-03
3.731062258941486576e-03
3.558859596518582080e-03
3.437144699772964884e-03
3.373877077355036391e-03
3.358841301929649248e-03
3.381377905735227785e-03
3.400238093901108982e-03
3.421499479208556238e-03
3.463577019344743491e-03
3.507290945931273995e-03
3.538243174598720842e-03
3.555743006869338529e-03
3.561129545869956559e-03
3.560866956166863773e-03
3.569411330780702940e-03
3.584095283280630539e-03
3.596785534452973110e-03
3.609390762246311724e-03
3.621105776911770491e-03
3.631743323078806540e-03
3.642621789493372120e-03
3.651953129281571009e-03
3.657501844523070034e-03
3.659713289273058834e-03
3.659754412763227549e-03
3.658114050257621486e-03
3.655863243690715692e-03
3.652971000634552823e-03
3.648510718343489501e-03
3.642463355706393457e-03
3.634867978730138560e-03
3.625950588686865927e-03
3.616363910538433757e-03
3.606317841610362507e-03
3.595751811771741302e-03
3.584998327714528088e-03
3.574719533011139205e-03
3.565305954033259894e-03
3.556892081246543214e-03
3.548857306347574792e-03
3.541126089445345571e-03
3.533622890650178761e-03
3.526272170071065304e-03
3.518998387817440232e-03
3.511726003999404710e-03
