2.173365820732415798e-01
-3.069692176563720842e-01
-6.735607268618499788e-01
-8.990377271180923779e-01
-1.000000000000000000e+00
-9.930473270824737853e-01
-8.947794899404146740e-01
-7.217962701487278254e-01
-4.883350799955717969e-01
-1.996447925953998004e-01
1.162632939459578019e-01
4.227036241267079220e-01
6.870933450666856235e-01
8.812954592467237003e-01
9.835375141683073696e-01
9.830974949313007194e-01
8.779049474486189109e-01
6.814716900133728217e-01
4.120435812317309043e-01
1.008505735277935855e-01
-2.194706688792643634e-01
-5.134497678512723873e-01
-7.497951674483700479e-01
-9.025000358666090960e-01
-9.538997848625079268e-01
-9.008920913582769696e-01
-7.468364580395322472e-01
-5.097611836013211661e-01
-2.132602801831819939e-01
1.085111904482733980e-01
4.221493004736580623e-01
6.924738679152102616e-01
8.901812777102429131e-01
9.956037812046207858e-01
9.959390231084566114e-01
8.921010699913398678e-01
6.931668067826939339e-01
4.233557498194455704e-01
1.092549881204507578e-01
-2.137099381560477740e-01
-5.110226754560979190e-01
-7.503846467959371935e-01
-9.058247689291660798e-01
-9.606855639133807800e-01
-9.074078474781319681e-01
-7.549966442833673241e-01
-5.173610605232341619e-01
-2.215980508551075312e-01
1.019590484296613031e-01
4.168753053577505252e-01
6.898357670172570177e-01
8.907269870155938296e-01
9.971669621032952513e-01
1.000000000000000000e+00
8.971131848769910988e-01
7.011462714894032278e-01
4.312817510544901811e-01
1.192262413035221069e-01
-2.032833848185811032e-01
-5.004604263596466041e-01
-7.399908294126011921e-01
-8.965895046391001433e-01
-9.527554875032266946e-01
-9.036666110930595686e-01
-7.526840582789845469e-01
-5.189186436278022674e-01
-2.251123534603483023e-01
9.498393403035421123e-02
4.073109011325479756e-01
6.776773261279673832e-01
8.771705633243704892e-01
9.843147928576370109e-01
9.864301818788934195e-01
8.864501778547313471e-01
6.929194713701689601e-01
4.285228497877957565e-01
1.202097514606585982e-01
-1.967288231578373514e-01
-4.890664943436853207e-01
-7.244081679736567025e-01
-8.771072398620531896e-01
-9.329950685747303574e-01
-8.846597129861392128e-01
-7.388517800627925070e-01
-5.094670533365185383e-01
-2.241456356534344829e-01
8.839688672488565935e-02
3.930183045017625609e-01
6.568736687002205699e-01
8.518104937391608455e-01
9.565619791546837725e-01
9.610118666295179857e-01
8.632827131291915812e-01
6.767248176151814398e-01
4.189972122393275100e-01
1.201434658862166049e-01
-1.884292705828350956e-01
-4.725705727792131050e-01
-7.021346287497339800e-01
-8.521308780794489834e-01
-9.055947883570263368e-01
-8.597626624656028449e-01
-7.177302946120295291e-01
-4.965786795889872707e-01
-2.184750698885241649e-01
8.436681692766279106e-02
3.804590286695421764e-01
6.365442243285694968e-01
8.249658380767070920e-01
9.273255013851111617e-01
9.315773111882650337e-01
8.386805178441625319e-01
6.570417467690605751e-01
4.093558218971340423e-01
1.201748836377753982e-01
-1.776826779600145789e-01
-4.523844713983236066e-01
-6.741717214533362590e-01
-8.191314140039410718e-01
-8.719485843066699937e-01
-8.255421082488095808e-01
-6.885504974240823639e-01
-4.737769238041613651e-01
-2.062482839182891992e-01
8.629129276163816087e-02
3.706115179288178574e-01
6.167184556174580834e-01
7.975183181397196286e-01
8.929234240074512829e-01
8.951973860665267679e-01
8.026253001601904025e-01
6.271458325348977514e-01
3.862402156739779269e-01
1.088426185172650662e-01
-1.768469306272447694e-01
-4.390831787666773511e-01
-6.492887994567511090e-01
-7.856922161056658638e-01
-8.331098391754883092e-01
-7.880038278973392485e-01
-6.537730459236448244e-01
-4.478759825178414422e-01
-1.903855643777551121e-01
8.884981503245614753e-02
3.601811950406936802e-01
5.938751694075832255e-01
7.648731225975522463e-01
8.549820833634729222e-01
8.534844219758033201e-01
7.639284317470538266e-01
5.941963313678746417e-01
3.643568656651778870e-01
9.788931510418685811e-02
-1.744558454093089184e-01
-4.241462949924754700e-01
-6.232868898834239557e-01
-7.500239515657355360e-01
-7.930514517909196259e-01
-7.464808167594285671e-01
-6.169647306567659362e-01
-4.170337165086255293e-01
-1.711778741116785074e-01
9.586400100046499340e-02
3.538856477702492231e-01
5.749671655996684283e-01
7.356055236229850358e-01
8.182091785183791544e-01
8.150498693772498804e-01
7.250978524732665242e-01
5.610145981140262084e-01
3.384075382078237659e-01
8.377377493245341533e-02
-1.758498666968079105e-01
-4.115986567084444214e-01
-5.984021377441037792e-01
-7.160661398739665007e-01
-7.511113452115960598e-01
-7.028327668498547398e-01
-5.748986381213081476e-01
-3.830003724162768242e-01
-1.466345215872888463e-01
1.061813995890414919e-01
3.491583282016350598e-01
5.548793525731947618e-01
7.009498059468790565e-01
7.738502129665856266e-01
7.646356831992973113e-01
6.756774961196021501e-01
5.153928196655310767e-01
3.040443989444523432e-01
6.266294675953454352e-02
-1.809283928450436951e-01
-4.004965896223081634e-01
-5.723460608215902301e-01
-6.777616266857253713e-01
-7.064009845052869885e-01
-6.540515981976765536e-01
-5.292488877217018661e-01
-3.436168944121381630e-01
-1.194368018695325384e-01
1.197656240077673573e-01
3.468846465523813816e-01
5.378880760548441220e-01
6.717007073413532314e-01
7.331837987079810048e-01
7.185747183331168131e-01
6.281068520246257947e-01
4.732541119089015424e-01
2.695760121826120681e-01
4.156962139852549143e-02
-1.872022857997168721e-01
-3.905494420907777986e-01
-5.463351381996355283e-01
-6.393286014325805233e-01
-6.586714267210582729e-01
-6.036181247041148001e-01
-4.790617990972801943e-01
-3.014011202020495661e-01
-8.811976315969938245e-02
1.359554468675467920e-01
3.467376572908056342e-01
5.211214445555600872e-01
6.402575548184374910e-01
6.915166325992534446e-01
6.682016290224459532e-01
5.762823796777563068e-01
4.243581315605433613e-01
2.305826266991499729e-01
1.519608997112809057e-02
-1.967807518579670623e-01
-3.829344095492975830e-01
-5.225516254182650533e-01
-6.000115750050249996e-01
-6.094639926454186174e-01
-5.488375364370441378e-01
-4.264056049373281532e-01
-2.546576857933110505e-01
-5.501660118400508726e-02
1.522529663271658951e-01
3.438106534313767337e-01
4.985771134936718418e-01
6.006608280089009710e-01
6.386765353106722554e-01
6.099632688491714028e-01
5.167505285392393066e-01
3.718047007804881066e-01
1.893648764093101011e-01
-8.907000215932270315e-03
-2.016547651845770339e-01
-3.675446509940620832e-01
-4.887433532872736963e-01
-5.523117831095525343e-01
-5.505805025040750866e-01
-4.869251507247673860e-01
-3.671594851444113239e-01
-2.057053619843730585e-01
-1.936373748625164204e-02
1.698792101782253816e-01
3.420247586089857350e-01
4.776026897280227779e-01
5.615649425026947306e-01
5.871632745268962061e-01
5.508111732244851400e-01
4.578507550644699275e-01
3.177110495240178523e-01
1.481642888329712804e-01
-3.360687808447648806e-02
-2.068077392132722236e-01
-3.523142559351050140e-01
-4.548739021840753072e-01
-5.032513743845741239e-01
-4.933886068466676322e-01
-4.256374572643850662e-01
-3.099233405173693612e-01
-1.575721606596279800e-01
1.286645231917993293e-02
1.827679262685086847e-01
3.331715860765698256e-01
4.479853717591066875e-01
5.148436974679415634e-01
5.259737796252941244e-01
4.831173817851357466e-01
3.901329654459435581e-01
2.584915399675571379e-01
1.021117006535812166e-01
-6.011193809451920167e-02
-2.110267180536949949e-01
-3.334165158647641736e-01
-4.138046434085851377e-01
-4.458038137737747597e-01
-4.253407831160719299e-01
-3.557941657188916640e-01
-2.443969253314871581e-01
-1.056255038851683370e-01
4.643011218808057450e-02
1.940685823091146123e-01
3.208799079631534656e-01
4.135338657018798880e-01
4.619893512270996094e-01
4.621543473605966845e-01
4.136711474693892665e-01
3.241411346809657257e-01
2.023264798788795282e-01
6.318914037215961343e-02
-7.799074452026466542e-02
-2.053407275846502733e-01
-3.052571372711270214e-01
-3.667911514749411239e-01
-3.829292317876673568e-01
-3.547399654159991700e-01
-2.847577614184150230e-01
-1.816924254166001340e-01
-5.652846942657663298e-02
7.548874792692683577e-02
2.003178828379752474e-01
3.034426861372818696e-01
3.734946477720531011e-01
4.049026825557586751e-01
3.938931011649766667e-01
3.426334175573335639e-01
2.565964568032108595e-01
1.473815296302369848e-01
2.609862005583374334e-02
-9.304939138670653698e-02
-1.966495547292831381e-01
-2.737997775209525253e-01
-3.162306353559599659e-01
-3.201270786974511617e-01
-2.848269212400947881e-01
-2.163186572248781969e-01
-1.213696139974375088e-01
-1.204578889019292109e-02
9.925997901398364576e-02
1.999727296157698397e-01
2.793424377742463882e-01
3.286356151751770316e-01
3.422999408607183547e-01
3.214190049115748238e-01
2.680144364923333633e-01
1.888735276089812398e-01
9.278075130738816512e-02
-8.129145255796443870e-03
-1.030305452661234300e-01
-1.808025628049282352e-01
-2.328596257272171899e-01
-2.556156201831195629e-01
-2.463719677579080392e-01
-2.068428894270926133e-01
-1.415496174264412321e-01
-5.957902316535457210e-02
3.063628529810236145e-02
1.183458073162562130e-01
1.934173338619820104e-01
2.480465819007136030e-01
2.764264094686474937e-01
2.762686179876514547e-01
2.476291113356761109e-01
1.954762388028485898e-01
1.250578784393787668e-01
4.535185019912035820e-02
-3.438503520007796244e-02
-1.050951750594044665e-01
-1.591736833233535764e-01
-1.905105619260893945e-01
-1.955352551979649967e-01
-1.760629112221752113e-01
-1.341244330053903422e-01
-7.496894163768108577e-02
-5.363235096760954335e-03
6.583577565905662787e-02
1.308161895442829792e-01
1.816519265983391751e-01
2.125475278255302136e-01
2.219295022143421559e-01
2.086575120059450672e-01
1.747201622802276866e-01
1.241807533343939340e-01
6.428077595164483071e-02
1.262637539881872328e-03
-5.732914395978894184e-02
-1.043934676691027352e-01
-1.352187511457697555e-01
-1.465523473530356835e-01
-1.377044271693804722e-01
-1.097349562574226889e-01
-6.729532537737625830e-02
-1.474030204877496697e-02
4.118145259350147747e-02
9.360311465260928721e-02
1.366142129191743049e-01
1.655277449010110757e-01
1.770457740171869077e-01
1.697702200181665511e-01
1.460787124102160828e-01
1.083081533518124306e-01
6.171366921809240402e-02
1.220051824396506390e-02
-3.411547327362030035e-02
-7.205548584602550211e-02
-9.676224371997987905e-02
-1.052284477895538695e-01
-9.823824681942061599e-02
-7.643878491274957998e-02
-4.251012871632464662e-02
-6.496159884017416175e-04
4.313697789011916583e-02
8.398432816902068332e-02
1.165945154167320474e-01
1.369254278877232167e-01
1.439863120175641775e-01
1.368061176688828429e-01
1.162226865299478273e-01
8.480168005559529654e-02
4.734483638400810435e-02
7.747619526713656057e-03
-2.890000175733431487e-02
-5.770267873500833922e-02
-7.555491408150882826e-02
-8.041539906704286977e-02
-7.186950902043198752e-02
-5.082501625917446031e-02
-2.072387015552257239e-02
1.544588826056725317e-02
5.283636360825338940e-02
8.648786402478725321e-02
1.124060398829567209e-01
1.275594918602771521e-01
1.299528480496814353e-01
1.190798386786597884e-01
9.712236943072949380e-02
6.600540845372204757e-02
2.978248165752250820e-02
-6.947233791421036919e-03
-3.959480902820844417e-02
-6.439748481241613920e-02
-7.776079140165459425e-02
-7.776775885033393454e-02
-6.565301818188096217e-02
-4.230314487451580785e-02
-1.022853792131395156e-02
2.681469506050260243e-02
6.387187875857547326e-02
9.682497772197184993e-02
1.210557995126408937e-01
1.333311439201234627e-01
1.332283927484894104e-01
1.203330126177328818e-01
9.576297387747012557e-02
6.221808201427703189e-02
2.439835483580798936e-02
-1.389249473649334377e-02
-4.779173510844592077e-02
-7.281900909797522914e-02
-8.635286570246269999e-02
-8.664709099198586451e-02
-7.339622424608172047e-02
-4.776680683598855115e-02
-1.340356412505294692e-02
2.653993659545306194e-02
6.713472393648078906e-02
1.032866691005580595e-01
1.308096515685734929e-01
1.465459737393481898e-01
1.481475206638691589e-01
1.349335669573290541e-01
1.092295149638684570e-01
7.316345061152795815e-02
3.116804940417572389e-02
-1.169344876159061908e-02
-5.031432522406231733e-02
-8.045304478864290232e-02
-9.795380693090272040e-02
-1.004215655420976905e-01
-8.880494645076120186e-02
-6.388037959445269642e-02
-2.807640281506917912e-02
1.463398020408446243e-02
5.859394015605268180e-02
9.921915685791504735e-02
1.313227214872070281e-01
1.509403249127327928e-01
1.568922636710452512e-01
1.480893422684594896e-01
1.250741918540070330e-01
9.024666874806697159e-02
4.826667363141057265e-02
3.067204615742502583e-03
-3.991290081398246592e-02
-7.535812146870402017e-02
-9.943711030641666504e-02
-1.094373166478296300e-01
-1.041276571473122026e-01
-8.380547344572952806e-02
-5.138700071740665010e-02
-9.624831114467213844e-03
3.646937365624824956e-02
8.149263642651272121e-02
1.204029918620546091e-01
1.490402435310553830e-01
1.636206227096148602e-01
1.622067291293065594e-01
1.463052623576452937e-01
1.171367353401486788e-01
7.760592203235661124e-02
3.198287932119092680e-02
-1.416658588641184213e-02
-5.598367000475790167e-02
-8.804467426190565327e-02
-1.065888083747497106e-01
-1.108227120148082001e-01
-9.988274679617537011e-02
-7.455841704852750329e-02
-3.752853938708911041e-02
6.280487006886881218e-03
5.273433173796493456e-02
9.637636233974178346e-02
1.319630955379726966e-01
1.559081356459566248e-01
1.655911381561963047e-01
1.597174960703005020e-01
1.386487066316866024e-01
1.054949144496579727e-01
6.313185100428375662e-02
1.677236946602933543e-02
-2.804321888398064733e-02
-6.644379029629532418e-02
-9.443464188928851755e-02
-1.085532638576672815e-01
-1.070544982699439540e-01
-9.142458489731153382e-02
-6.294537526069454714e-02
-2.461115917372602713e-02
1.927190867972772281e-02
6.325672691704187223e-02
1.028025082266956769e-01
1.329871961986022200e-01
1.504220118351922153e-01
1.547186933435700240e-01
1.451126173055765634e-01
1.222483448917874860e-01
8.867596760966156566e-02
4.886325809716751678e-02
6.576889303365307526e-03
-3.315481691211608073e-02
-6.562549474961565377e-02
-8.778853035925948678e-02
-9.731266426873630415e-02
-9.313086191080155452e-02
-7.566667907274338134e-02
-4.761465729013492076e-02
-1.138005438363776101e-02
2.872692030209855751e-02
6.797695605870068825e-02
1.021611224456393519e-01
1.278076929554667895e-01
1.417140376335495056e-01
1.422521227165680635e-01
1.307447884633299307e-01
1.081208641604083365e-01
7.664537572358498529e-02
3.983880858606991815e-02
2.144485672491480699e-03
-3.257771444136681183e-02
-5.987655808366787458e-02
-7.669700426156400574e-02
-8.258680135539020473e-02
-7.675191612287179943e-02
-5.947280809683341829e-02
-3.274240835584851794e-02
-2.791338039033197660e-04
3.492805285201860954e-02
6.875425321907768783e-02
9.716913429955864601e-02
1.175971544071419128e-01
1.279895723180251021e-01
1.269611310700751172e-01
1.145847794203291858e-01
9.314420640546039465e-02
6.446249885964894233e-02
3.203826803056442074e-02
-1.113907251768520013e-04
-2.857155065024474805e-02
-5.053678653875925963e-02
-6.330738233835875306e-02
-6.550080099509081322e-02
-5.815815059044615598e-02
-4.187263999227130995e-02
-1.827642923190553326e-02
9.761734033935764998e-03
3.862807354697483930e-02
6.548907780087409591e-02
8.698155938607721183e-02
1.007292378674280453e-01
1.066520177044141260e-01
1.040666028580585767e-01
9.286221466034949579e-02
7.449975506959538585e-02
5.164077934418243032e-02
2.632688937201543844e-02
1.660670626716154175e-03
-1.934168288290127879e-02
-3.495329005995106986e-02
-4.368503352671171402e-02
-4.438598731033471800e-02
-3.711744174771602900e-02
-2.360380026059250014e-02
-4.935311092822414203e-03
1.685129234262916498e-02
3.903351597773596637e-02
5.924385701215961753e-02
7.556289134094273940e-02
8.584245670447199217e-02
8.902883737332545344e-02
8.598440336132795458e-02
7.688037376160128389e-02
6.242734622462786653e-02
4.447380535129208390e-02
2.530172237293948356e-02
6.670899992034406978e-03
-8.982220525974748959e-03
-1.985384663919453896e-02
-2.583560537951645752e-02
-2.636816466157576588e-02
-2.099051996156320321e-02
-1.049675301012942263e-02
3.313352787877921202e-03
1.929327929296920097e-02
3.553157905288251150e-02
4.996808221507453851e-02
6.152448109640329399e-02
6.915514809265510543e-02
7.150523749312265309e-02
6.836451832261980499e-02
6.103426607269502036e-02
5.004022415010123126e-02
3.662634220486582493e-02
2.275834746788718554e-02
9.935411101338775808e-03
-7.257108288708513655e-04
-7.747201765758271463e-03
-1.038867130688825302e-02
-9.250249420299505587e-03
-4.340400762841034599e-03
4.014822546667184966e-03
1.447361326075458088e-02
2.539970041030836789e-02
3.592717125538436029e-02
4.478759094338236046e-02
5.093501715051584888e-02
5.453407065977544654e-02
5.519275631574260821e-02
5.243605714951260488e-02
4.685511219643978542e-02
3.961376595865573336e-02
3.125945420346232240e-02
2.276578639870874277e-02
1.526079166201510517e-02
9.232873001467467589e-03
5.223420934107325664e-03
3.918166777720388794e-03
5.272762553017562581e-03
8.476345794856676719e-03
1.334181491848518419e-02
1.948014840016587534e-02
2.598757782063376709e-02
3.214731904996481759e-02
3.745969719705088963e-02
4.122613880281345011e-02
4.311924407107170509e-02
4.347737107664917389e-02
4.221049788607200703e-02
3.925050163167309591e-02
3.511106692614451852e-02
3.047008533926209850e-02
2.567871009023070528e-02
2.126999674959906272e-02
1.773573856349242028e-02
1.513756004766597663e-02
1.372944961891242599e-02
1.389307723153754281e-02
1.551360606777030249e-02
1.809147269367206157e-02
2.144269518461139334e-02
2.519926515957937596e-02
2.883402923220912406e-02
3.204545036630701560e-02
3.454006207312465548e-02
3.584157166886337009e-02
3.580341252734786650e-02
3.471858111038561567e-02
3.266833332326291028e-02
2.999698047433918546e-02
2.723385599651306777e-02
2.475122592578449243e-02
2.274938643126045434e-02
2.139542615938871961e-02
2.078910000812772552e-02
2.081315054381738250e-02
2.146812301937028877e-02
2.268665905297417851e-02
2.415623331020233522e-02
2.549101211606452644e-02
2.660363343492777588e-02
2.745751738303292555e-02
2.799641836580057941e-02
2.838701684508038170e-02
2.857529663153912658e-02
2.845450935564275419e-02
2.812973878267666095e-02
2.770633365903085732e-02
2.722246382006865417e-02
2.675548273993455517e-02
2.636730084633631677e-02
2.605790585516287727e-02
2.585777109718812028e-02
2.577351993157961374e-02
2.576114564127496287e-02
2.576217947596970426e-02
2.578043516534145319e-02
2.584870635463176747e-02
2.595695676023068721e-02
2.609070244736000355e-02
2.623791275529008260e-02
2.637656343674876780e-02
2.650759554407189356e-02
2.665537615583124520e-02
2.680266928423136186e-02
2.690919567530758449e-02
2.695943154648938744e-02
2.694075386294181307e-02
2.685937321630804675e-02
2.674693196125410566e-02
2.662588206671068214e-02
2.651862859255893490e-02
2.643345206898817246e-02
2.637066521379516360e-02
2.633549716069394364e-02
2.632294195186668517e-02
2.633275713198202084e-02
2.636137164632179619e-02
2.639414714523780070e-02
2.641510449235995317e-02
2.642277116744873311e-02
2.642144623666853320e-02
2.641301131588136286e-02
2.640630445650371527e-02
2.640021391207936219e-02
2.639056229395819742e-02
2.638166970622313201e-02
2.637688054280640237e-02
2.637636695561829114e-02
2.638025339354843624e-02
2.638730691789437088e-02
2.639404066545258942e-02
2.640073872218384743e-02
2.640851153815182428e-02
2.641632610049016172e-02
2.642405651670687305e-02
2.643131575023849322e-02
2.643710320501169164e-02
2.644139353710373008e-02
2.644478237584690916e-02
2.644741331150157748e-02
2.644935508206081032e-02
2.645067642551768294e-02
2.645144607986482654e-02
2.645173278309509435e-02
2.645160527320200572e-02
