-5.998901145982449279e-02
2.512520363265264844e-01
4.536610043647069102e-01
5.610188809270411081e-01
5.871066542858527360e-01
5.457053127134658954e-01
4.505958444822042441e-01
3.155592378643938822e-01
1.575939741165639507e-01
-1.612484548983705857e-02
-1.899236410651832241e-01
-3.375891227116156745e-01
-4.386681481698774254e-01
-4.864630035372899952e-01
-4.737277666275385712e-01
-4.034065183795180198e-01
-2.834577513981856312e-01
-1.323488554892148228e-01
3.372166693009392979e-02
1.928026688046142745e-01
3.241340223036526247e-01
4.134431025952742811e-01
4.510055291049868131e-01
4.341094763860773309e-01
3.650040099891853629e-01
2.567276982181800893e-01
1.205681561718139339e-01
-2.502792716035495690e-02
-1.610257407125552653e-01
-2.721253092944517782e-01
-3.464714826195575137e-01
-3.758891347134670768e-01
-3.574195338706179781e-01
-2.983883775105654612e-01
-2.047834066717751922e-01
-9.058581841617363573e-02
2.849483625933135755e-02
1.384594936156342548e-01
2.276735353013881191e-01
2.855925334974758201e-01
3.062995106103396648e-01
2.931134024099741886e-01
2.475663236801559641e-01
1.758690831102462937e-01
8.818959175224216906e-02
-3.232023494060598523e-03
-8.894237454977660384e-02
-1.580734709455187126e-01
-2.031380286236550425e-01
-2.251241835412974845e-01
-2.221222134187978980e-01
-1.939027909260188087e-01
-1.453275603491975820e-01
-8.441762701245325573e-02
-1.696578022501571414e-02
4.810194892394359378e-02
1.024951016232311662e-01
1.430518394550390759e-01
1.662807147996370194e-01
1.690514273854142324e-01
1.521906072704142243e-01
1.211623153226464300e-01
7.858080426305091848e-02
2.931581442375263968e-02
-1.955198643682798387e-02
-6.309648708157311603e-02
-9.742830004361457963e-02
-1.177097271271665413e-01
-1.223303573054312920e-01
-1.146649661556388144e-01
-9.513471091235103927e-02
-6.561938155923219274e-02
-3.121451782322859358e-02
3.341589499807007257e-03
3.510519322248484286e-02
5.976244313479139869e-02
7.455789859876449377e-02
8.076622170651992505e-02
7.782121253692819707e-02
6.613103281650056786e-02
4.889817964334586264e-02
2.992992407600003624e-02
1.085713105879992924e-02
-5.835128760217966892e-03
-1.775704695514634945e-02
-2.511856236632459272e-02
-2.735605476047531237e-02
-2.498795242018414520e-02
-2.029252142457094177e-02
-1.584422460374879105e-02
-1.208777609608913117e-02
-9.668056786866996433e-03
-9.650023861563661320e-03
-1.149791549642531496e-02
-1.479927635951927556e-02
-1.722705579124872433e-02
-1.622715202737734508e-02
-1.046952590674465888e-02
-1.287555159867892485e-04
1.426092890607111308e-02
3.190744719956883912e-02
5.062215728077412713e-02
6.847900467031098337e-02
8.034273927893598177e-02
8.202002315294998347e-02
7.267081943282693857e-02
5.244555567436370858e-02
2.198850915015637675e-02
-1.620917586367243146e-02
-5.670605151705565561e-02
-9.554499161062135482e-02
-1.253658730968136847e-01
-1.396443117787439236e-01
-1.360463599163609372e-01
-1.136514218370556772e-01
-7.296314535904779852e-02
-1.782907101681141526e-02
4.320192422856838910e-02
1.044260785099107025e-01
1.564529090851223270e-01
1.898436983013904733e-01
1.995325127194960135e-01
1.831582504743884954e-01
1.408892272049870886e-01
7.657869888401669378e-02
2.271234391102439076e-04
-8.088173406727650061e-02
-1.549406155187472711e-01
-2.100573684087290172e-01
-2.385468284426063290e-01
-2.359081943709201434e-01
-2.008295366591583697e-01
-1.362139282154203324e-01
-5.231618025100825964e-02
4.290021967636659106e-02
1.357916852271101593e-01
2.124924870621394124e-01
2.627004283305889309e-01
2.795037851085302449e-01
2.593005240495074304e-01
2.031903915591277698e-01
1.204740613182795350e-01
1.876469821861337373e-02
-8.730998593386818385e-02
-1.825643134449311811e-01
-2.543151982074116635e-01
-2.932712454667929514e-01
-2.930173939876917766e-01
-2.522339911340333307e-01
-1.782881881976532412e-01
-7.748947698901698100e-02
3.574146475690764824e-02
1.457712616329427391e-01
2.378790848202103625e-01
3.005539138814243838e-01
3.237273299616423294e-01
3.030351199997969314e-01
2.442530744677775534e-01
1.520348582697996775e-01
3.838471855993841331e-02
-8.191224248139161723e-02
-1.921417204006461432e-01
-2.788325829068725170e-01
-3.281775696354028993e-01
-3.323775797241957930e-01
-2.949674214512219006e-01
-2.184274413780521451e-01
-1.114729908269991299e-01
1.269281947680345191e-02
1.357627914582475448e-01
2.433594500657256798e-01
3.194986224968126010e-01
3.524767945844653472e-01
3.410274715102663556e-01
2.850113393771751547e-01
1.907194699536569615e-01
6.923166300048477773e-02
-6.081652158631678518e-02
-1.848863588094991073e-01
-2.855236728362562371e-01
-3.473981789698432632e-01
-3.636865815845663485e-01
-3.312357164123023168e-01
-2.539144462880021935e-01
-1.401862714392192455e-01
-7.880499132887130997e-03
1.285460390485380078e-01
2.498863145692948873e-01
3.381256507945451517e-01
3.820400184044387970e-01
3.751460353604647580e-01
3.180361373884386111e-01
2.163111301523867880e-01
8.636463426466711724e-02
-5.787393394123130363e-02
-1.956891118739070290e-01
-3.071827518243243071e-01
-3.775863442421867333e-01
-3.970823959748702725e-01
-3.625055600961705204e-01
-2.764046063870896353e-01
-1.531644503887845676e-01
-5.540040308341431796e-03
1.449784169993784122e-01
2.771725419915167521e-01
3.731013410557399990e-01
4.198039921766860694e-01
4.100711645256946980e-01
3.430538268693552606e-01
2.304281949303148558e-01
8.313391670417380475e-02
-7.731216163721010837e-02
-2.289143365598236279e-01
-3.508655084945414560e-01
-4.271525707746104406e-01
-4.457562115229527500e-01
-4.018197278251577353e-01
-3.039076820307251570e-01
-1.606531961428598887e-01
6.768880817670686056e-03
1.758721002893532948e-01
3.234434754449502236e-01
4.306997505723282327e-01
4.811673350281349126e-01
4.660266661435630287e-01
3.909975295372534188e-01
2.620466144286333066e-01
9.572471850666897097e-02
-8.735407484451285232e-02
-2.606722388424845827e-01
-4.029890374708285927e-01
-4.930538307345657678e-01
-5.170813198940763522e-01
-4.763811943094967694e-01
-3.725431597028897590e-01
-2.170480556120986115e-01
-2.767501580678599638e-02
1.684208225582084495e-01
3.487920501156647202e-01
4.881229723046009994e-01
5.659776363445956360e-01
5.736616406728773931e-01
5.072710037883052525e-01
3.741867636244946560e-01
1.880021053909857187e-01
-2.476354853979001458e-02
-2.411352540184827919e-01
-4.318230345796943981e-01
-5.703202845695110046e-01
-6.384664151982204494e-01
-6.251923173896420938e-01
-5.308142244290314782e-01
-3.630339769843321518e-01
-1.455886312954642881e-01
9.914675053701449414e-02
3.377961727936211744e-01
5.388506986444172586e-01
6.753382043366071841e-01
7.279308284486587510e-01
6.877842773373443741e-01
5.552653895158203845e-01
3.492716382490541616e-01
8.958166795910948998e-02
-1.880695617071600489e-01
-4.484254320275461447e-01
-6.561704399629041395e-01
-7.837140949835994519e-01
-8.118769351040611149e-01
-7.323523138110561437e-01
-5.574534758225091480e-01
-3.023628846728712016e-01
-1.998575661395496361e-03
3.069651431075703929e-01
5.820605257767490492e-01
7.881662215728373333e-01
8.943123624838680286e-01
8.822856009358044371e-01
7.585223831442380327e-01
5.327011613043142191e-01
2.339075910881023290e-01
-1.031510672253473926e-01
-4.303790082101563996e-01
-7.070871395194380238e-01
-8.933758492470227353e-01
-9.616002373808407722e-01
-9.073978230722836713e-01
-7.322928670565773679e-01
-4.599733608989524658e-01
-1.216334360634809819e-01
2.331218414522482352e-01
5.623249371327787571e-01
8.212693263017529777e-01
9.730362038614397413e-01
1.000000000000000000e+00
8.953765145002947623e-01
6.757229527432877525e-01
3.649959915490359474e-01
9.444987291134188112e-03
-3.495844755016721539e-01
-6.631688732091742811e-01
-8.890076548024250513e-01
-1.000000000000000000e+00
-9.800808047138317436e-01
-8.352310508704048342e-01
-5.804468128761332002e-01
-2.551676210733564432e-01
1.037211233987656023e-01
4.470461448347462508e-01
7.302522068258843202e-01
9.187917012350903523e-01
9.884364260410303249e-01
9.336108238819726957e-01
7.588092446186263107e-01
4.932635664162134947e-01
1.660064476345199935e-01
-1.776857233168558370e-01
-4.945387736041531035e-01
-7.454224427273155040e-01
-8.999282756996829225e-01
-9.408548631460408318e-01
-8.615650868779057836e-01
-6.786730722070191124e-01
-4.107406505469171076e-01
-9.586756512850547196e-02
2.270973351823202258e-01
5.179496381810384520e-01
7.428549850395684828e-01
8.741672132529179073e-01
8.948937028851760012e-01
8.107686504435085428e-01
6.295153885483770750e-01
3.743408449295835272e-01
7.453879423070075561e-02
-2.300863736909002366e-01
-5.050890494503628148e-01
-7.156781853311033892e-01
-8.362055374543988506e-01
-8.588883083568026322e-01
-7.784655201467443053e-01
-6.044776953386616913e-01
-3.557857239131372307e-01
-6.641247407455963536e-02
2.331851948765839566e-01
5.054750951218949240e-01
7.162335458547319789e-01
8.408398400832342023e-01
8.629164356940604019e-01
7.800370857435758865e-01
5.987322833979717984e-01
3.447697463005678920e-01
4.394270817039136467e-02
-2.640446116124706144e-01
-5.408715614634014290e-01
-7.512809746656279319e-01
-8.683680417915968786e-01
-8.765246861757675090e-01
-7.709450585712103177e-01
-5.682891711729964879e-01
-2.878493228923403313e-01
3.131371275912542274e-02
3.495570461167987197e-01
6.240188188594835150e-01
8.198082244390663131e-01
9.092786166083919319e-01
8.772678980442616403e-01
7.332595769069505387e-01
4.902155526409626152e-01
1.824254136784722036e-01
-1.522825293266845126e-01
-4.659894423236929928e-01
-7.185774504180559852e-01
-8.734074099521307311e-01
-9.070243968355650166e-01
-8.219137993245716478e-01
-6.247199039039279533e-01
-3.440863093997033051e-01
-1.457855536972796351e-02
3.138187241050129916e-01
5.996562765371804549e-01
8.025746584993511679e-01
8.924734029896803644e-01
8.627454140345769407e-01
7.143419579881253867e-01
4.714973246299642984e-01
1.642032572395015766e-01
-1.592057226788772262e-01
-4.583101733261313315e-01
-6.912686315014312521e-01
-8.238929613774713667e-01
-8.424160963352571585e-01
-7.427033887961964620e-01
-5.435452451481596059e-01
-2.693523676024849323e-01
3.560185258671411113e-02
3.333111853811230318e-01
5.815390726994102977e-01
7.446573941391776419e-01
8.043550972465816074e-01
7.516769420907203347e-01
5.987694998408754632e-01
3.641226927961909166e-01
8.649429508967387825e-02
-2.001619890264373369e-01
-4.550337281930260103e-01
-6.424577259171453392e-01
-7.403977565328379029e-01
-7.355501135246060862e-01
-6.328385337156395840e-01
-4.441769818071351628e-01
-2.013720408679116058e-01
6.692866221507776103e-02
3.226861112684544786e-01
5.312240245382047199e-01
6.672388424627730963e-01
7.132510009880717039e-01
6.662278953838809414e-01
5.307457747200965414e-01
3.303343806281318074e-01
8.718995563609399646e-02
-1.645512978005210236e-01
-3.920299241494741294e-01
-5.670281575324537249e-01
-6.679733758339035932e-01
-6.830146064071791479e-01
-6.085764492062720743e-01
-4.588040670650832542e-01
-2.484290640494487556e-01
-7.114224129312840539e-03
2.346723131697399101e-01
4.465903957456869300e-01
6.034625484004865204e-01
6.843639314818343866e-01
6.774151173484164179e-01
5.894068750611141105e-01
4.279073092765661723e-01
2.122784221690570128e-01
-3.266254438640892044e-02
-2.737257567621186327e-01
-4.829441385407466925e-01
-6.319299907980533426e-01
-7.008834843144945426e-01
-6.863634064870854923e-01
-5.865312669296853798e-01
-4.121939028230660051e-01
-1.823694579762354939e-01
7.101136363309867860e-02
3.205277218638882264e-01
5.335686854268724133e-01
6.814220698512121199e-01
7.462149662027388608e-01
7.177360705888597980e-01
5.995340683982284258e-01
4.026904322856839080e-01
1.554410412149751508e-01
-1.159307617964457915e-01
-3.749497769822879301e-01
-5.878218082005051137e-01
-7.274420925791975634e-01
-7.749153151705536757e-01
-7.241871922847048504e-01
-5.782648651528440320e-01
-3.598412250126117318e-01
-9.159656736047361303e-02
1.889952007014101820e-01
4.458223372303966592e-01
6.452595531229794457e-01
7.616404836972625603e-01
7.801590126684065929e-01
6.959298339586290627e-01
5.246242465727746218e-01
2.834830753831270034e-01
7.883610509932914567e-03
-2.666908435365560326e-01
-5.033212662080184252e-01
-6.722217960212855115e-01
-7.514271755959381904e-01
-7.292116964809781665e-01
-6.144662520983609211e-01
-4.182738441295711374e-01
-1.705329472134816671e-01
9.683638682273776332e-02
3.465647981527759658e-01
5.474970725029841834e-01
6.722722825770863775e-01
7.038502872230456564e-01
6.464570942224849848e-01
5.057132316020560570e-01
3.031804911980942041e-01
6.496047972737462040e-02
-1.734604954593356174e-01
-3.824289134518812361e-01
-5.333163829987674909e-01
-6.059012195989421645e-01
-5.986621477121512047e-01
-5.122363163042500389e-01
-3.615813733869148727e-01
-1.668665050368675073e-01
4.064190073219364763e-02
2.356717176096556621e-01
3.922427232666907404e-01
4.885613180174979142e-01
5.173107227261091179e-01
4.758274382964351457e-01
3.740744122501062918e-01
2.260955868668106383e-01
5.722345279434581933e-02
-1.119825661226824254e-01
-2.585396791950839157e-01
-3.617346209156030445e-01
-4.119776763737171832e-01
-4.043013309120550014e-01
-3.438463369362662059e-01
-2.395641131560212189e-01
-1.109015576981845497e-01
2.647700027847155191e-02
1.532206799396844676e-01
2.511011564063940771e-01
3.103120369208782758e-01
3.248075697319228183e-01
2.958920082204201663e-01
2.285575805261592652e-01
1.368898247333050211e-01
3.183862979470708510e-02
-7.135361934931916394e-02
-1.575048022358787048e-01
-2.176220644904676149e-01
-2.455813148145661318e-01
-2.398720541212611135e-01
-2.024144794346811604e-01
-1.425092300943671120e-01
-6.679352475579647397e-02
1.375162113445371759e-02
8.718232712095774772e-02
1.458961554444162534e-01
1.842117650585748390e-01
1.978688800607364406e-01
1.860368753592225310e-01
1.544830728525465879e-01
1.062713167420894500e-01
4.815022114744249571e-02
-1.109446184179641026e-02
-6.550914711300059867e-02
-1.103171122215047539e-01
-1.404109177952559406e-01
-1.533620408833284987e-01
-1.517877943972401056e-01
-1.353568667640387968e-01
-1.033549728754555863e-01
-5.967673728553102297e-02
-1.041635213090452705e-02
4.079590775171704209e-02
8.969039410323809136e-02
1.321691460885334735e-01
1.667345406058911017e-01
1.890534591603441061e-01
1.909822248946115852e-01
1.704521576436721642e-01
1.309970098436501473e-01
7.435292000929671907e-02
3.060912506814617018e-03
-7.664407073561263495e-02
-1.551300197332183828e-01
-2.241634039291832137e-01
-2.714159642200260070e-01
-2.879339116819382705e-01
-2.704928167456664978e-01
-2.172861685877056637e-01
-1.299501954337179965e-01
-1.594458343788385246e-02
1.092558404841674768e-01
2.333789706172944012e-01
3.382001610502827216e-01
4.065822754250396631e-01
4.262230178336727793e-01
3.905547104368851663e-01
2.995180862977033787e-01
1.594481696199234744e-01
-1.077076222092832047e-02
-1.940795739926712837e-01
-3.638441050363198093e-01
-4.951542738625086537e-01
-5.669836035317188383e-01
-5.657542528078423061e-01
-4.868605981850803177e-01
-3.341485748971426695e-01
-1.286296231136891954e-01
1.091732095498170185e-01
3.447888286413014480e-01
5.456313761472051382e-01
6.812222480227188015e-01
7.299929529043529541e-01
6.810717538975958885e-01
5.340787210933084506e-01
3.101414903348638230e-01
3.145202054508056122e-02
-2.612089700681036186e-01
-5.286563505395054374e-01
-7.312964499987277822e-01
-8.394630642591899283e-01
-8.348940959628545766e-01
-7.116174060823989844e-01
-4.887717210176676375e-01
-1.881518186424039341e-01
1.454231395957843453e-01
4.680413286463569467e-01
7.324153743455934507e-01
9.016349585787943877e-01
9.495751540670338553e-01
8.638977946253452167e-01
6.600872894526055301e-01
3.577130525545684225e-01
3.857759197929633288e-03
-3.547472686462777025e-01
-6.658022248990929093e-01
-8.871933744707560798e-01
-9.872540681293747733e-01
-9.483899597555298655e-01
-7.809228491131605665e-01
-5.004618655410927319e-01
-1.515297754071051051e-01
2.200896235823861513e-01
5.591646437789241642e-01
8.207404202095962553e-01
9.675981676871381332e-01
9.770595335298186690e-01
8.565878791157206518e-01
6.172803392285426405e-01
2.965970331779514968e-01
-6.406168247118948500e-02
-4.104983042861691800e-01
-6.972492025198701038e-01
-8.832187860941624891e-01
-9.414010692513021805e-01
-8.736086899592978572e-01
-6.859000307077347536e-01
-4.088327637350227528e-01
-7.815611860916393816e-02
2.548635005250652341e-01
5.478878286413286780e-01
7.610397278700047341e-01
8.641163127798960897e-01
8.512437396212739760e-01
7.232971359213700158e-01
5.038152865592822049e-01
2.211433409586873733e-01
-8.011143232727635510e-02
-3.628062195311532179e-01
-5.896126552368183837e-01
-7.293331595642271736e-01
-7.699147894934817993e-01
-7.068860319805536641e-01
-5.550681836328125174e-01
-3.340640782738841796e-01
-7.938673338076673858e-02
1.785186049144744658e-01
4.057671411654677485e-01
5.723789602972069179e-01
6.621876830078354814e-01
6.654256252669592531e-01
5.870029945339412247e-01
4.372477121432041258e-01
2.410427850976235575e-01
2.044665898833430973e-02
-1.958895892590382104e-01
-3.807060634486427730e-01
-5.148177446407176117e-01
-5.839048698350837174e-01
-5.829548310553805957e-01
-5.127456418205920130e-01
-3.863518179752669646e-01
-2.161361588887679153e-01
-2.342492739148860359e-02
1.689459910333692694e-01
3.399918191112156762e-01
4.717395174202523300e-01
5.480268914026873439e-01
5.595509199619366214e-01
5.105777366944117546e-01
4.045389385234103852e-01
2.510068682341950463e-01
6.579511729972331580e-02
-1.287602030019618926e-01
-3.123004258416660628e-01
-4.606155931035658124e-01
-5.557220795521023993e-01
-5.895456104477494463e-01
-5.551340741966495074e-01
-4.529752891519686075e-01
-2.923159255269770496e-01
-9.419465318010122878e-02
1.225237328039050499e-01
3.304362006845456001e-01
5.029904525299748741e-01
6.180036709391480976e-01
6.598795496290381646e-01
6.209627248306819336e-01
5.019599121196205438e-01
3.194243076242586632e-01
9.043202364295876983e-02
-1.541989442242731601e-01
-3.835704649653138842e-01
-5.670554924986378476e-01
-6.809181073393130168e-01
-7.080963445882632046e-01
-6.413951419211012528e-01
-4.920650369425609849e-01
-2.734817257035353499e-01
-1.754839839674171564e-02
2.429110418410880268e-01
4.723559286486969100e-01
6.417811665032671087e-01
7.273323994260150194e-01
7.155966948931786753e-01
6.133588619361927119e-01
4.297629304030257114e-01
1.917066097993851415e-01
-7.051642945376934701e-02
-3.187348433539749504e-01
-5.218006466179989644e-01
-6.513295829574996532e-01
-6.893265086763475935e-01
-6.394427862728340184e-01
-5.061787446940431145e-01
-3.096241923222209369e-01
-7.531175948343871163e-02
1.608354911196518966e-01
3.694707473836507106e-01
5.221869200193234306e-01
5.979050830618812817e-01
5.938582963492498035e-01
5.108634278037238463e-01
3.647201690001733443e-01
1.754463863987578698e-01
-2.582825071197913935e-02
-2.142914384327251343e-01
-3.651152408943189043e-01
-4.571725861757880427e-01
-4.841487433707909460e-01
-4.445038513087926635e-01
-3.493673797672891546e-01
-2.129624702936805392e-01
-5.967882366445576015e-02
9.120922946794562947e-02
2.194035791800539315e-01
3.067745442589175919e-01
3.470569973001798036e-01
3.376220973283048377e-01
2.852474978525469940e-01
1.993902146645218920e-01
9.765684382117090223e-02
-6.753628687871326974e-03
-9.929495178397018673e-02
-1.661787073648195445e-01
-2.025677046412104332e-01
-2.061405444518654706e-01
-1.809450322129079192e-01
-1.330634555265923780e-01
-7.406632776414656671e-02
-1.172127845075554564e-02
4.461855239451351096e-02
8.546053898627725687e-02
1.120478274199316893e-01
1.257719198634767999e-01
1.246192336553628710e-01
1.065761861340415173e-01
6.962919463796346520e-02
1.176467650557988520e-02
-6.903095092465816318e-02
