2.916108922396021264e-01
-1.781913388390637953e-01
-5.178632533740621380e-01
-7.401285746068870797e-01
-8.577110257790323544e-01
-8.833343301319916963e-01
-8.297222109072597274e-01
-7.095983913463339565e-01
-5.321675395612308623e-01
-3.020415078355214167e-01
-3.896666886265698349e-02
2.234570520541825367e-01
4.557760356946505276e-01
6.363635963270790619e-01
7.451135462838411883e-01
7.713592918366030116e-01
7.117348792231470433e-01
5.768976469778572813e-01
3.794917460610012228e-01
1.443583234369456569e-01
-1.024210288919427114e-01
-3.339521769833961873e-01
-5.267813545131740938e-01
-6.603751522193147538e-01
-7.208469362134972691e-01
-7.082071095432973529e-01
-6.238136835408827352e-01
-4.781979053881044717e-01
-2.873081763719136372e-01
-7.448248387619516020e-02
1.390003605422762689e-01
3.296014912631000104e-01
4.782912638903598079e-01
5.754315791792179446e-01
6.117386058949063621e-01
5.848431759238652550e-01
4.990215773122124165e-01
3.670532190245880955e-01
2.010164529170790360e-01
1.875218533675693244e-02
-1.608302832579154851e-01
-3.212600167478731894e-01
-4.483124102316142778e-01
-5.299506121406319936e-01
-5.589982502625023830e-01
-5.383474027168200227e-01
-4.702710484013991055e-01
-3.607073490557002327e-01
-2.202975897839877240e-01
-6.328157068593787127e-02
9.676239209552606191e-02
2.440550864444217538e-01
3.656161098964203493e-01
4.542163009131907625e-01
5.019146799217935051e-01
5.020640845575494726e-01
4.544583043540968426e-01
3.666727069377395676e-01
2.450310801682944462e-01
9.899381681415753143e-02
-5.824272389267537431e-02
-2.123612728496110380e-01
-3.503916904282288192e-01
-4.578131340077825628e-01
-5.240709505442242566e-01
-5.449975640554078904e-01
-5.168827305999187383e-01
-4.393688949789149589e-01
-3.184308958038426507e-01
-1.661781181379259342e-01
6.150863027145181405e-03
1.820095593743986662e-01
3.443537251972672575e-01
4.777810933088011414e-01
5.686163657347147460e-01
6.037192687749020070e-01
5.769878629677462900e-01
4.925561972201331074e-01
3.552934266883052139e-01
1.760228897158975236e-01
-2.941044466342501718e-02
-2.390275912650342560e-01
-4.327445752423620950e-01
-5.874601716514524785e-01
-6.856998036491964710e-01
-7.184231025609127963e-01
-6.789976607013881171e-01
-5.683297682188910294e-01
-3.950340860371296392e-01
-1.785146241906109266e-01
6.260576614879620472e-02
3.020881001134734234e-01
5.139736365452283184e-01
6.747725013195391419e-01
7.664238814725670146e-01
7.762020560269231595e-01
6.994853308687078997e-01
5.466492766978758855e-01
3.298450118719165047e-01
7.233061365340742732e-02
-1.994887615472185072e-01
-4.548304841266500587e-01
-6.669693433621333156e-01
-8.103539724679054146e-01
-8.674160947848210679e-01
-8.347276937239457295e-01
-7.124415825200146601e-01
-5.129074419396519868e-01
-2.554414733639323032e-01
2.904635665945876077e-02
3.126240263099588912e-01
5.629381972560845160e-01
7.519409125049505427e-01
8.609355937165121819e-01
8.764924726569620628e-01
7.966620723665687187e-01
6.278837404374242315e-01
3.914236590305331109e-01
1.092054011558469817e-01
-1.862489461695359116e-01
-4.628552067527755831e-01
-6.904230490217486693e-01
-8.445266194668137327e-01
-9.077734740827287929e-01
-8.715196596704732901e-01
-7.447922240394824200e-01
-5.387451449580018537e-01
-2.764061705601894570e-01
1.508159200361580687e-02
3.021295254914841966e-01
5.549694000049401055e-01
7.448299259419424168e-01
8.506836352037498994e-01
8.662018907591788608e-01
7.883455689115492770e-01
6.265128803361934562e-01
3.972259114733054375e-01
1.288795184830946461e-01
-1.522890054275515270e-01
-4.151437150175261159e-01
-6.310726517798701529e-01
-7.793257088098537455e-01
-8.446419344010973607e-01
-8.217657179432028558e-01
-7.126546817188533778e-01
-5.332598533442541866e-01
-3.004139251131856536e-01
-4.135741945443638379e-02
2.158824208688010504e-01
4.446638358509484856e-01
6.222742366601974329e-01
7.304442089857527964e-01
7.579809435257636174e-01
7.082250389444730843e-01
5.858849436448478887e-01
4.045936191696786199e-01
1.831840558560249299e-01
-5.291794218037781938e-02
-2.806653755723462762e-01
-4.756301594418193002e-01
-6.184603053531532169e-01
-7.000325580340089893e-01
-7.121085505967696960e-01
-6.540498936419869569e-01
-5.323473393141862076e-01
-3.625354997673829738e-01
-1.596358089583194140e-01
5.519896438791538351e-02
2.600698350529722092e-01
4.356554075827376860e-01
5.657095918102266197e-01
6.370640159676594916e-01
6.424947854815596937e-01
5.864192454001688759e-01
4.735313816311721435e-01
3.139784022367340111e-01
1.228898124915906998e-01
-7.974689237604748460e-02
-2.752784677164192839e-01
-4.428870526223380732e-01
-5.661315712185321924e-01
-6.364277394540445165e-01
-6.461166934947114582e-01
-5.927045574787592752e-01
-4.807352929528602159e-01
-3.232442563862135687e-01
-1.329344360705269068e-01
7.052313092239548276e-02
2.662576286726194841e-01
4.351066223744899375e-01
5.609038367039813622e-01
6.293696612604657847e-01
6.324125273495022626e-01
5.729856316716199771e-01
4.549853485019155208e-01
2.887408728683549253e-01
8.993869778137209003e-02
-1.195866234579190390e-01
-3.200566429809678093e-01
-4.890332587635214390e-01
-6.090026399169530258e-01
-6.708428061702469414e-01
-6.665618961675564558e-01
-5.947870612130898849e-01
-4.617219793776693448e-01
-2.830510021502607998e-01
-7.405488049937347661e-02
1.428257466583160440e-01
3.447617446778084016e-01
5.106900924802248998e-01
6.235667166317924170e-01
6.699497716809164061e-01
6.433423513399982863e-01
5.505400204630634953e-01
3.991495540724809832e-01
2.043183743794905194e-01
-1.450501552240113234e-02
-2.325248997854043598e-01
-4.277473681868072530e-01
-5.774947804736252355e-01
-6.651570081500797205e-01
-6.851939818576369134e-01
-6.341106066799955254e-01
-5.170209442741708905e-01
-3.455469912366457841e-01
-1.408878326785723001e-01
7.776405181163492664e-02
2.863665824524066483e-01
4.619015200957072853e-01
5.868846153033286939e-01
6.484565025834287955e-01
6.406220033474687714e-01
5.634816175702728192e-01
4.284475613749487710e-01
2.475087800300883600e-01
4.182789200546999098e-02
-1.661496909372894848e-01
-3.547025076606369343e-01
-5.051610031720241700e-01
-6.012119992755050601e-01
-6.326978532025373525e-01
-6.016295036927801210e-01
-5.106711516114383898e-01
-3.696066084875379021e-01
-1.932261460496788041e-01
-2.223906705615119606e-03
1.847530280843139305e-01
3.469811842423233816e-01
4.681792310509300670e-01
5.408573309213473568e-01
5.575933357345508323e-01
5.168365696681198607e-01
4.235015527053613837e-01
2.900222342684570798e-01
1.279972618155402753e-01
-4.550923586642974250e-02
-2.125081635241773403e-01
-3.574035635993614290e-01
-4.669928849651174829e-01
-5.300487608427255637e-01
-5.404458881451323915e-01
-5.019782542153012894e-01
-4.178677363803869893e-01
-2.951373148837911353e-01
-1.454482857415577701e-01
1.573701494998225314e-02
1.739596351800785090e-01
3.125309208339661637e-01
4.183454528255543536e-01
4.847902462292306147e-01
5.050581338080317728e-01
4.752129479767397413e-01
3.976892176598989526e-01
2.820698814501600982e-01
1.371496995180927492e-01
-2.310727424881731107e-02
-1.827065000665676342e-01
-3.264212354326173626e-01
-4.410926828175333325e-01
-5.136906087555610512e-01
-5.361510183256622541e-01
-5.088734641449836893e-01
-4.326687025960751498e-01
-3.127943377035281580e-01
-1.600099474079232920e-01
9.241292227892383693e-03
1.800276681635559761e-01
3.336714858425244845e-01
4.544068957287943356e-01
5.320294115214097008e-01
5.572454462678437803e-01
5.246825954036671291e-01
4.359955727316198182e-01
3.012833678883060085e-01
1.308460781473352874e-01
-5.776626135813744956e-02
-2.453048064395468852e-01
-4.118390229557760129e-01
-5.404482149422749071e-01
-6.150057835351870894e-01
-6.257822428545247728e-01
-5.742743329294854870e-01
-4.630973011940844319e-01
-3.019660560567979379e-01
-1.060106808056794359e-01
1.025007919910569942e-01
3.031718430094176853e-01
4.722737082497818761e-01
5.909412482452527371e-01
6.485460794855903988e-01
6.370018020663057445e-01
5.558800457823624974e-01
4.119587464906100394e-01
2.227353134459013617e-01
5.004598431222140320e-03
-2.170125997732619272e-01
-4.190122281867801890e-01
-5.790597786166356009e-01
-6.798955539521043256e-01
-7.088748558934254707e-01
-6.606317136737690499e-01
-5.437417980311387566e-01
-3.678961315083367767e-01
-1.524200014759026223e-01
8.012680686798612228e-02
3.034528971579106837e-01
4.945516212259326583e-01
6.310468176820012154e-01
6.972359381476871398e-01
6.896845057229714637e-01
6.072979821468085238e-01
4.586573830947016095e-01
2.587126221827242833e-01
3.198226326736142155e-02
-1.996530688298557843e-01
-4.103181306056675748e-01
-5.768827790053494553e-01
-6.837299810953088031e-01
-7.189045008179499874e-01
-6.786343941886781028e-01
-5.661934532322956404e-01
-3.963521198574374571e-01
-1.843561143586902595e-01
4.572386688331686599e-02
2.691471299850949350e-01
4.620978989568071960e-01
6.046540265955508975e-01
6.804448756520995456e-01
6.802017025070343781e-01
6.086335794147244016e-01
4.715478324884274652e-01
2.830697148461509549e-01
6.216243304340784981e-02
-1.658132318979553821e-01
-3.778640441390936910e-01
-5.495212106412148412e-01
-6.621246908677231868e-01
-7.074590304915726602e-01
-6.794211124803739565e-01
-5.805610040364619362e-01
-4.204640454622819989e-01
-2.190428771701646848e-01
5.156645946986060380e-03
2.275148773621382681e-01
4.237301702441884643e-01
5.735006609822834722e-01
6.612087520176561650e-01
6.770495068505939518e-01
6.179621905373580137e-01
4.937053295688669241e-01
3.150816151298352352e-01
1.025090529545147344e-01
-1.212025226935621314e-01
-3.313462709119390226e-01
-5.063963291386854859e-01
-6.261927239689988323e-01
-6.771494647726139515e-01
-6.580580259492188056e-01
-5.695056570800504092e-01
-4.210287772813641194e-01
-2.279971159682745441e-01
-1.419055405600766484e-02
1.991076239947122684e-01
3.873541226696886053e-01
5.299125526424299792e-01
6.146767309982799077e-01
6.319540489746546807e-01
5.800638510015834193e-01
4.642511705251630705e-01
3.003420976345760884e-01
1.037462416017982392e-01
-1.025584471514844331e-01
-2.955857984435451558e-01
-4.549120879125116979e-01
-5.640875452664425582e-01
-6.116191644703459218e-01
-5.921773834741640430e-01
-5.126597263709173902e-01
-3.805185681849162505e-01
-2.114290590477556631e-01
-2.402474981791324904e-02
1.600977481637706479e-01
3.219789025666508486e-01
4.431770504639260810e-01
5.108489566383256353e-01
5.233397566718391847e-01
4.794537633567770296e-01
3.849674983019888419e-01
2.507863582587770424e-01
9.458899571654155736e-02
-6.796083278096709535e-02
-2.184359366710938444e-01
-3.405583100500200189e-01
-4.249601700714870089e-01
-4.639660734737602876e-01
-4.550233032459665150e-01
-4.003946835855253239e-01
-3.100459936518369375e-01
-1.927909647955502459e-01
-6.278590480788104333e-02
6.497022412314090722e-02
1.787782090269169899e-01
2.687270074415679666e-01
3.270954560860179772e-01
3.496865133387812019e-01
3.395976959347444257e-01
2.987223379003156598e-01
2.321031415738405990e-01
1.479478312200133150e-01
5.528300251409290489e-02
-3.811043401444236256e-02
-1.236194191424627720e-01
-1.947639095017470456e-01
-2.506669428921390885e-01
-2.874572519334456233e-01
-3.003299872366068657e-01
-2.892654870842380488e-01
-2.582042843827566658e-01
-2.093165376590123694e-01
-1.442602694580146228e-01
-6.734495171799692592e-02
1.631689697692517704e-02
1.007802310421079817e-01
1.778464673481612301e-01
2.414680226531031870e-01
2.879011966336415540e-01
3.118028596351314352e-01
3.055459312576849218e-01
2.675546855067683083e-01
2.026006677184402083e-01
1.141033481844819786e-01
7.705250036239785771e-03
-1.073242007560070155e-01
-2.190193088128704613e-01
-3.169569771673493852e-01
-3.881494676004454414e-01
-4.233046829542413958e-01
-4.186639485912897474e-01
-3.717250457790436391e-01
-2.838410364061633162e-01
-1.620546945256589044e-01
-2.037947897131364705e-02
1.294694922530974512e-01
2.708829973050213002e-01
3.873304121188017035e-01
4.653643636907365266e-01
4.951212465551304565e-01
4.706323887417347418e-01
3.917870554309199616e-01
2.675338168218324153e-01
1.075433088561408290e-01
-7.002174607458366840e-02
-2.457961902645703356e-01
-3.994279912324716353e-01
-5.140060277111628828e-01
-5.738899083386804767e-01
-5.701486065151657456e-01
-5.061597723927963033e-01
-3.861592979514691937e-01
-2.221422221052726798e-01
-3.070194933250014468e-02
1.649578184483977417e-01
3.443407631441814942e-01
4.851779592459570800e-01
5.709127450904702972e-01
5.951767921292330232e-01
5.535921613953276310e-01
4.502079236263614170e-01
2.953273022862896724e-01
1.089503178274928707e-01
-9.111794294708652764e-02
-2.821391318208538168e-01
-4.423178169366366319e-01
-5.552541890945844605e-01
-6.090820822406097790e-01
-5.986447204453335669e-01
-5.243781732871024559e-01
-3.975732275196334209e-01
-2.297566894807957505e-01
-4.096313314976141040e-02
1.478173648880121149e-01
3.169493238927367784e-01
4.497088160877904528e-01
5.319196484297663563e-01
5.550312613445205212e-01
5.219702520785352018e-01
4.357522415773191771e-01
3.052773197596105881e-01
1.440956438867038170e-01
-2.945501247012705104e-02
-1.989686259261655987e-01
-3.464282665169112763e-01
-4.576318586499831254e-01
-5.262879360963879094e-01
-5.455387767531515442e-01
-5.126153303559467522e-01
-4.310206210028143525e-01
-3.108661785990747273e-01
-1.615443816895293372e-01
2.995918397030727931e-03
1.668793756465412059e-01
3.151407193697823850e-01
4.346197250536494305e-01
5.121638266430039721e-01
5.394527401289461732e-01
5.164574758271682775e-01
4.433271664637228326e-01
3.239299354755895699e-01
1.679417423553373201e-01
-9.340287586356965654e-03
-1.928817135257255844e-01
-3.628585009121391147e-01
-5.021889510209351926e-01
-5.978562559762585771e-01
-6.382143153962095417e-01
-6.141374118447002761e-01
-5.246789649467549221e-01
-3.799528693845185545e-01
-1.904378169830985845e-01
2.553502231069471051e-02
2.464610074264543815e-01
4.475463071364425005e-01
6.075953293366340713e-01
7.054239800875037325e-01
7.272128207184713755e-01
6.710067317824588429e-01
5.380146020724108080e-01
3.397090986706474691e-01
9.437300004086801586e-02
-1.688373237978993968e-01
-4.239873346684744915e-01
-6.404267986585412409e-01
-7.920592562010613236e-01
-8.614978364413258261e-01
-8.372655407083199330e-01
-7.193723687735938954e-01
-5.165445191878688114e-01
-2.531699022469944271e-01
4.608758677448165919e-02
3.452680056262498187e-01
6.101238880581554280e-01
8.089759351565257717e-01
9.176319451746781652e-01
9.219454843632741703e-01
8.173914416809453520e-01
6.177334542904233672e-01
3.401962287921469485e-01
1.894745755584592573e-02
-3.104794962292902749e-01
-6.081932572079814525e-01
-8.402878706541355713e-01
-9.771586309375468460e-01
-1.000000000000000000e+00
-9.105857318182497551e-01
-7.150760926555219665e-01
-4.368984642473365820e-01
-1.053894591177571005e-01
2.373620118867405537e-01
5.534109921249117381e-01
8.031533324322188694e-01
9.564946408612027273e-01
1.000000000000000000e+00
9.259747280458459073e-01
7.447376336329958324e-01
4.751932294002241264e-01
1.538833197633491245e-01
-1.853609798036663925e-01
-5.012991745373167607e-01
-7.565851303706072617e-01
-9.234076798216543924e-01
-9.824478618922547479e-01
-9.300763571352220760e-01
-7.710667661806176465e-01
-5.298211583002190306e-01
-2.314506906364475203e-01
8.613662560780577238e-02
3.861082217039006892e-01
6.343802471218480399e-01
8.035668240305489096e-01
8.765238532639565427e-01
8.448325523266175807e-01
7.189025205726169432e-01
5.116438937025393763e-01
2.518128164828841165e-01
-3.010766747371529384e-02
-3.007340998439709256e-01
-5.308411829997679021e-01
-6.949172862687906793e-01
-7.752480687213018085e-01
-7.709516991535549923e-01
-6.831859808326476990e-01
-5.254194193549741598e-01
-3.164392867709371338e-01
-8.390110523122917829e-02
1.473615292796608411e-01
3.508855885654686979e-01
5.052465633364355835e-01
6.005266401208060323e-01
6.278920240202336966e-01
5.877300786703991697e-01
4.867260173419052371e-01
3.409902616780582374e-01
1.652961479111814125e-01
-2.040119228078240976e-02
-1.958599261655754598e-01
-3.451730507757047040e-01
-4.550266644500460256e-01
-5.163391300233237668e-01
-5.246306142655683402e-01
-4.852990800080102529e-01
-4.028733850667078897e-01
-2.858817673012346017e-01
-1.465479013038417655e-01
1.278043967347874954e-03
1.445650403692513297e-01
2.692518275018858098e-01
3.644200973540094868e-01
4.256753682867748800e-01
4.475655956888515696e-01
4.259718105037835212e-01
3.627599701578128055e-01
2.661222119287860455e-01
1.434695100909246790e-01
5.698423470045232975e-03
-1.343808337325839153e-01
-2.643303314568469231e-01
-3.724223108387462178e-01
-4.458210702593190522e-01
-4.765566066548612145e-01
-4.635673307060992343e-01
-4.060562244110520469e-01
-3.069224687901055404e-01
-1.748377045443905153e-01
-2.441702324133643298e-02
1.313860634129992988e-01
2.751971412885860779e-01
3.913805242994266020e-01
4.685330284605153661e-01
4.970926791983807380e-01
4.712368743383423819e-01
3.917629825641379959e-01
2.680219116457580597e-01
1.097925456745179051e-01
-6.491432050117751373e-02
-2.368843623516850849e-01
-3.862160568730252930e-01
-4.964109449331669532e-01
-5.522771316806087682e-01
-5.453666837580457560e-01
-4.795740124659531034e-01
-3.596098913518478435e-01
-1.979863201549855178e-01
-1.162805526111310161e-02
1.760203145383618661e-01
3.444923318584591776e-01
4.718782062964723689e-01
5.423991105209107211e-01
5.511274833831547593e-01
4.951730093275921174e-01
3.807777876434701447e-01
2.201330802031458145e-01
3.525299653549440748e-02
-1.548288540969443572e-01
-3.269077061126617334e-01
-4.596428382736927887e-01
-5.386189617619872028e-01
-5.545786964926930906e-01
-5.069425221894756639e-01
-4.004159132540947574e-01
-2.513026966653009175e-01
-7.502115978791812356e-02
1.056702913272018485e-01
2.685898015525096660e-01
3.950228280038943218e-01
4.706976523920227695e-01
4.875924136451759150e-01
4.434162570851574170e-01
3.476568776715129871e-01
2.100604882732663992e-01
5.030064045998328126e-02
-1.113646683435032259e-01
-2.554851631401942047e-01
-3.659245534778990949e-01
-4.300002018829530703e-01
-4.405030635086195634e-01
-4.015323068509264459e-01
-3.173468134545716079e-01
-2.002967869891736363e-01
-6.550278991640523518e-02
6.869966263469673429e-02
1.870763236758308246e-01
2.748691202798132505e-01
3.221666740760549263e-01
3.297350353339301154e-01
2.972000235914658006e-01
2.297487013832308911e-01
1.368693205481619213e-01
3.294582125282441432e-02
-7.022563135531600942e-02
-1.593035293566268384e-01
-2.231893917441978292e-01
-2.580347933748481370e-01
-2.608646409408971190e-01
-2.332983228722155244e-01
-1.801873286577436728e-01
-1.115682333605177989e-01
-3.509019896643827963e-02
3.910314061262631924e-02
1.007582286458226228e-01
1.443074671822885957e-01
1.659131433555800506e-01
1.647415093433219901e-01
1.423409095469689856e-01
1.047261040432871937e-01
5.607662487882980606e-02
3.577498851563998272e-03
-4.484973125248170600e-02
-8.443064700915681176e-02
-1.115262573288610115e-01
-1.236426083397179632e-01
-1.205748093113656605e-01
-1.060966537264524945e-01
-8.187839382332251503e-02
-5.179547603350953544e-02
-2.116993039137871069e-02
6.575198478378840861e-03
2.879180903222988697e-02
4.262052465346410912e-02
4.727763301717891053e-02
4.533564350274410515e-02
3.700156390758890801e-02
2.348461958258929450e-02
8.011485927216011049e-03
-6.773307163492114924e-03
-1.943725075802504865e-02
-2.842032671207184169e-02
-3.303300252962437789e-02
-3.463052200735061703e-02
-3.287683235735117115e-02
-2.787006848034978557e-02
-2.148386785399458709e-02
-1.476019229961234025e-02
-8.214370915128998973e-03
-2.514765978218425069e-03
1.670260233445075571e-03
3.672345442187197051e-03
2.823127370333855524e-03
-1.545756259789254905e-03
