4.436351927390500549e-01
-1.097514244464419253e-01
-5.177270240901372667e-01
-7.933728344149914014e-01
-9.497700836439604277e-01
-1.000000000000000000e+00
-9.571438117060656614e-01
-8.342827469851175071e-01
-6.383447114079049411e-01
-3.716284429034619752e-01
-5.933474824845719198e-02
2.611298962488926012e-01
5.555564319257408901e-01
7.927437645803734334e-01
9.463367455478193246e-01
1.000000000000000000e+00
9.459673948335409754e-01
7.940952936459384492e-01
5.584084300866134498e-01
2.669904764573127753e-01
-4.985747625083947199e-02
-3.558400755274125915e-01
-6.186970992275977466e-01
-8.094920034811143861e-01
-9.068165481120333826e-01
-9.037951529265796369e-01
-7.990994825573050075e-01
-6.064777335360250765e-01
-3.454077234971817401e-01
-4.779876342210598317e-02
2.560887669963727298e-01
5.322119793570379009e-01
7.505946222009665103e-01
8.895622128666438311e-01
9.336418467618883277e-01
8.803617139316612938e-01
7.343652431742113684e-01
5.153229243665073955e-01
2.448065352681170204e-01
-4.551548020300577591e-02
-3.246945881563498837e-01
-5.624757903636635747e-01
-7.337126268323288514e-01
-8.209135135694372032e-01
-8.139705994817836299e-01
-7.185313804323585352e-01
-5.436579658525205749e-01
-3.103984091393741096e-01
-4.293485964659493614e-02
2.277738851497441708e-01
4.735698916727126839e-01
6.675938384124200375e-01
7.890392942994444159e-01
8.288343862821165864e-01
7.822103175853860613e-01
6.566999905156762907e-01
4.653298428596612801e-01
2.322683418771125385e-01
-1.902965923498134426e-02
-2.605146797983435292e-01
-4.662303686989619500e-01
-6.155732660344650498e-01
-6.931075529417923820e-01
-6.929132961259374390e-01
-6.148082929719727030e-01
-4.710821392499076055e-01
-2.759421102836738804e-01
-5.292827389604382038e-02
1.739994030037219641e-01
3.804076820472213072e-01
5.451636289763637233e-01
6.515716826079729351e-01
6.885254354593541848e-01
6.566819844572397979e-01
5.592607078559663769e-01
4.087554347720134817e-01
2.211414217467890797e-01
1.873503887065575135e-02
-1.777662570145727150e-01
-3.469456721329741145e-01
-4.714103307153583167e-01
-5.417153094498199373e-01
-5.507129254521321293e-01
-4.994385833305643452e-01
-3.938395052407560604e-01
-2.483339015268493100e-01
-7.737354026656018124e-02
9.973408844843834054e-02
2.641825487745539380e-01
3.995989270215714040e-01
4.926585284066737902e-01
5.351124494526278141e-01
5.229912275234582797e-01
4.614824436042708200e-01
3.569104555132056600e-01
2.217325042558073722e-01
7.027966840669153115e-02
-8.079609027010759004e-02
-2.164613632846625890e-01
-3.226542160832694961e-01
-3.888483264202404754e-01
-4.118187796490092589e-01
-3.896020291394132196e-01
-3.258633620391352403e-01
-2.277126237416606802e-01
-1.074979894949038561e-01
2.303372651583357467e-02
1.497999523967949997e-01
2.597861892244839321e-01
3.435052314738111789e-01
3.931742067527066453e-01
4.048402723099433498e-01
3.779496050333617241e-01
3.179223449393913103e-01
2.305360795965492038e-01
1.260958541038452729e-01
1.586973300496530292e-02
-8.906628756430512439e-02
-1.788381349330918635e-01
-2.445599855588728166e-01
-2.801119753138371360e-01
-2.850552246686197666e-01
-2.592679979758444331e-01
-2.059424963737319647e-01
-1.309883243585951984e-01
-4.339031069476828595e-02
4.851873695987629631e-02
1.349535454237760224e-01
2.076578671900222162e-01
2.618369961983006977e-01
2.925403299313997785e-01
2.968759309522257528e-01
2.751280453959574768e-01
2.314406339875769714e-01
1.696697604979513496e-01
9.621786975805224351e-02
1.860813650669923547e-02
-5.576450519214037893e-02
-1.203127208758701938e-01
-1.685277412224247540e-01
-1.960261116589355757e-01
-2.026291220768265955e-01
-1.878616132667033645e-01
-1.529140816166192351e-01
-1.014369190737417492e-01
-3.925866747664163992e-02
2.815769246434651762e-02
9.377339648915983261e-02
1.513614317427185441e-01
1.969161257920668540e-01
2.263439771017508040e-01
2.360782020274163617e-01
2.253312810318317538e-01
1.970239862644962425e-01
1.534004972116120857e-01
9.841506439007008389e-02
3.762774569571947225e-02
-2.307223983011685853e-02
-7.842081712186299569e-02
-1.225357181553295982e-01
-1.512638324805730683e-01
-1.636253449482001354e-01
-1.583245658484183638e-01
-1.352793388227028215e-01
-9.691970397745464094e-02
-4.780505067137763575e-02
8.266135681237685162e-03
6.581098848151967218e-02
1.192316524545780076e-01
1.643726381256747082e-01
1.971385386068975620e-01
2.133207335401352545e-01
2.112460343389097606e-01
1.928045284632855516e-01
1.592496492715917977e-01
1.128804666475313745e-01
5.799050204423439325e-02
2.427924846601925424e-04
-5.524140199174010224e-02
-1.021681808005018288e-01
-1.358765316810012225e-01
-1.545249801950544510e-01
-1.559349096422770753e-01
-1.388854526723509730e-01
-1.048662703743455937e-01
-5.799384571949561806e-02
-1.762278388826366005e-03
5.812181319102460719e-02
1.153179671762643022e-01
1.643426934856737631e-01
2.006023813268211775e-01
2.194687396346639563e-01
2.186027891164368242e-01
1.996860272601117536e-01
1.639729994684129277e-01
1.142127679404061347e-01
5.527903521464438974e-02
-6.269195820539419373e-03
-6.475621266618547534e-02
-1.134399640318882740e-01
-1.472545561763035638e-01
-1.642335225328154236e-01
-1.622150893825833329e-01
-1.405499142963482218e-01
-1.013550192093313207e-01
-4.951401111694087032e-02
1.084810922822843082e-02
7.344215241245133363e-02
1.314799559039336874e-01
1.791664030123822915e-01
2.117907088661281634e-01
2.251357556740296584e-01
2.173613637719968850e-01
1.907906101858030112e-01
1.474364299710426707e-01
9.125358694905627566e-02
2.795167323683700467e-02
-3.533418259262799399e-02
-9.235751427098737310e-02
-1.360927220191205933e-01
-1.616200002527452551e-01
-1.677968246730525692e-01
-1.534556112499187996e-01
-1.194085176798855841e-01
-6.905652913755322420e-02
-8.739596782377345718e-03
5.611376777236976032e-02
1.181734166511729800e-01
1.703466463263931807e-01
2.075384832158615467e-01
2.258312963191717593e-01
2.227906569357531730e-01
1.983815494801115520e-01
1.563973354865904053e-01
1.003443996436093055e-01
3.680777057611162029e-02
-2.687760779093684160e-02
-8.378145055281116527e-02
-1.281137731928997381e-01
-1.544165060290327851e-01
-1.595971263596973611e-01
-1.450855755773422517e-01
-1.120403333732273854e-01
-6.371872824826763093e-02
-5.474869680665461757e-03
5.522636122197677189e-02
1.121822321021774815e-01
1.584297197896857856e-01
1.887662090733059905e-01
2.017110132854744720e-01
1.955899896688251260e-01
1.707208421703665380e-01
1.299834641471901975e-01
7.913800094349299208e-02
2.298364241073125314e-02
-3.177520468462546877e-02
-7.845614438190251505e-02
-1.122487418815608651e-01
-1.296632433683125862e-01
-1.289390368708839274e-01
-1.101667621548260145e-01
-7.667301763806022574e-02
-3.149070963187650118e-02
1.958592809675963053e-02
7.023299469049471000e-02
1.147138487613656999e-01
1.483223429878675059e-01
1.668452281219052757e-01
1.681412467925018639e-01
1.539796786559795017e-01
1.256422617254593366e-01
8.654706285982149971e-02
4.154615633466085534e-02
-3.470771359443514115e-03
-4.351040337776101996e-02
-7.303696731707298717e-02
-8.848078802709424817e-02
-9.006940715296152256e-02
-7.748621507372832617e-02
-5.204244378170752583e-02
-1.704821215073737406e-02
2.210493029360560691e-02
6.124132909618529297e-02
9.515575528281750017e-02
1.192794172124884700e-01
1.317228890647905715e-01
1.311325004697401209e-01
1.176777377936029101e-01
9.316402898111109110e-02
6.188730927530294856e-02
2.707782618477594383e-02
-6.524135139176712173e-03
-3.403437010365750748e-02
-5.233241846542047160e-02
-5.936169159186976962e-02
-5.427934027882397316e-02
-3.768859052280493227e-02
-1.282702622136089321e-02
1.781875734717885962e-02
4.976196545735733778e-02
7.820424299484085573e-02
9.948827512487556923e-02
1.109808738342206169e-01
1.108374175464086342e-01
9.878854002112635868e-02
7.729949898431387467e-02
4.825544758180466687e-02
1.587519114707403034e-02
-1.509293689269997074e-02
-4.043695205193253983e-02
-5.694227713688870818e-02
-6.154330405630525913e-02
-5.304139745292868469e-02
-3.353729412758521544e-02
-4.578499715420125682e-03
2.978591552236342643e-02
6.469130098965836240e-02
9.524716795573473505e-02
1.176315514300894094e-01
1.280209577004858268e-01
1.244471032897567220e-01
1.083424078681292091e-01
8.078948025588417181e-02
4.493090662095911014e-02
5.345361262651726619e-03
-3.205053063130414159e-02
-6.291916990016110933e-02
-8.252219750649769647e-02
-8.761187451794338887e-02
-7.863916494365641441e-02
-5.588151634086713226e-02
-2.134519293259817818e-02
2.110530237256025288e-02
6.542264379791085105e-02
1.068347036142562878e-01
1.395076547703317793e-01
1.585921797817784196e-01
1.621493715259281210e-01
1.491658314551818076e-01
1.207340088373682896e-01
7.973479411134087869e-02
3.204769310968713647e-02
-1.755169945391454878e-02
-6.254012898921490482e-02
-9.664657492205896983e-02
-1.156622847535917487e-01
-1.169430705052230124e-01
-9.990304877213151968e-02
-6.587339168112027465e-02
-1.977334592167068195e-02
3.403731112710794982e-02
8.845124497365319804e-02
1.363250510349844902e-01
1.716624322485509335e-01
1.900260578541861367e-01
1.886341902426349471e-01
1.669324188388547903e-01
1.282933606728982046e-01
7.600529387996313169e-02
1.694207941114922455e-02
-4.150184498921782872e-02
-9.187946101830013479e-02
-1.281574351078393903e-01
-1.448906358574286735e-01
-1.392754919227637833e-01
-1.134425681366054706e-01
-6.939437353050170731e-02
-1.226136076314610079e-02
5.127639371150616299e-02
1.126194842568530863e-01
1.645549518292481750e-01
1.994921837308165635e-01
2.124502003471326894e-01
2.033036533206227237e-01
1.721588385613668226e-01
1.223358946890196197e-01
5.941591934468304359e-02
-7.664581251033975029e-03
-7.156240790695389542e-02
-1.237321907114724562e-01
-1.569021118456153108e-01
-1.674725012390628764e-01
-1.535065537928459456e-01
-1.165258242853370874e-01
-6.025365765827928044e-02
7.194889287669870015e-03
7.875631733282828506e-02
1.449707988619868271e-01
1.969545160030345965e-01
2.282392156522672355e-01
2.345538920363967605e-01
2.148218890065263231e-01
1.704525222760127079e-01
1.079841499409150973e-01
3.361378294156636137e-02
-4.269072270112139744e-02
-1.110937593184158079e-01
-1.628139046972335580e-01
-1.912195155447374839e-01
-1.920758578023582519e-01
-1.641057879665147601e-01
-1.116289046480762881e-01
-3.929131068110713887e-02
4.300883548566059034e-02
1.249875981143453441e-01
1.960765234667392054e-01
2.476017425758003654e-01
2.720593090841210149e-01
2.653212003347171777e-01
2.298125863127349344e-01
1.683619390607864474e-01
8.826035617575644920e-02
-1.308726583038266611e-03
-8.805369111274574667e-02
-1.617427034234623084e-01
-2.120847296547064831e-01
-2.320833679443377040e-01
-2.209277348330439539e-01
-1.784474387495664782e-01
-1.092779408701233246e-01
-2.092716202435995765e-02
7.444305475752943657e-02
1.664581571484180511e-01
2.431489924359679922e-01
2.941818946649308320e-01
3.135341056167717522e-01
2.979118329163146228e-01
2.491639570763268807e-01
1.718411368789780624e-01
7.658410826286843331e-02
-2.671968865720375508e-02
-1.247135619544446072e-01
-2.050066489259779745e-01
-2.577667118136599544e-01
-2.760774373189339714e-01
-2.575694424446165476e-01
-2.031659655592991109e-01
-1.206593495566014029e-01
-1.806805013180723396e-02
9.122624455563910217e-02
1.940021190106293592e-01
2.774895666718699694e-01
3.315570754462049408e-01
3.491495393048498208e-01
3.270092921640852524e-01
2.693691199639030032e-01
1.812975232861711028e-01
7.403998562214897383e-02
-4.004191535340706487e-02
-1.464089593560755631e-01
-2.326818297184740647e-01
-2.874405777724666766e-01
-3.032611800357214449e-01
-2.804018683081236363e-01
-2.202210286775454495e-01
-1.300589821024299431e-01
-1.983006340707083037e-02
9.572307383951761395e-02
2.036818311307269092e-01
2.901702118759037496e-01
3.442565677222213516e-01
3.609927493299731616e-01
3.375653997592753530e-01
2.772861670950792501e-01
1.865854401886324343e-01
7.831349806259968460e-02
-3.592455319000120717e-02
-1.416273484215547773e-01
-2.255615813781651768e-01
-2.781396097060895301e-01
-2.928883349172770600e-01
-2.687778599820235259e-01
-2.079601113283181535e-01
-1.198554055319365208e-01
-1.372850287991467244e-02
9.633760290262904924e-02
1.967371492579090830e-01
2.753465910823671425e-01
3.228161360355930043e-01
3.337391074841715710e-01
3.062411963342352994e-01
2.458612753805240470e-01
1.587117069286760884e-01
5.734378412990626117e-02
-4.546144388585671159e-02
-1.366454179814255987e-01
-2.053917152144703051e-01
-2.431373663767708582e-01
-2.449306764320362539e-01
-2.133075640529595862e-01
-1.514518665237456485e-01
-6.829189458529616452e-02
2.570456814180999139e-02
1.171941539806609089e-01
1.950629965538985822e-01
2.488277129839804314e-01
2.714452508539706432e-01
2.630133433757768646e-01
2.240199189484561870e-01
1.601911460998792780e-01
7.966551343632155557e-02
-5.193745600727162071e-03
-8.406485035067490230e-02
-1.459562963734664098e-01
-1.820601360453653061e-01
-1.890678735687244538e-01
-1.656239869887102811e-01
-1.157661263398801488e-01
-4.561782172608530583e-02
3.348133545892495455e-02
1.119225545270772226e-01
1.783652796114634231e-01
2.229195240241259590e-01
2.399711929984673642e-01
2.265614580223016539e-01
1.849724468595888016e-01
1.197491915496062820e-01
4.141432295621960691e-02
-4.073626361728022172e-02
-1.144563235079077979e-01
-1.688074545898041734e-01
-1.960977513956027041e-01
-1.915493333895565975e-01
-1.554239508195094377e-01
-9.080415107412298514e-02
-7.535422182834872196e-03
8.518900860844746958e-02
1.738291177500126405e-01
2.459169583203355547e-01
2.910202015995437819e-01
3.018944417751883158e-01
2.760174854115087228e-01
2.143957313900648476e-01
1.256436191315328799e-01
1.854971553423356845e-02
-9.206229427347578653e-02
-1.919300950808342510e-01
-2.671438666303371789e-01
-3.071001033627401844e-01
-3.051834035356523200e-01
-2.590641492076886099e-01
-1.746900253861045638e-01
-5.927707110710611627e-02
7.207650798823417304e-02
2.038487721411512688e-01
3.184438117143959524e-01
4.013116326994592420e-01
4.398325914889538168e-01
4.266113728550804396e-01
3.641406042947603616e-01
2.567474623737768802e-01
1.168486439040041791e-01
-4.066553363338953897e-02
-1.950119718069444064e-01
-3.280289777610747581e-01
-4.212201091732714620e-01
-4.613178619089729482e-01
-4.439347267852526979e-01
-3.678546725365579029e-01
-2.413405995138202531e-01
-7.677967726336687448e-02
1.044240392139554885e-01
2.829095613157133204e-01
4.360434982344651988e-01
5.442036769766149806e-01
5.937660272430342889e-01
5.765694482457373038e-01
4.941466460711068098e-01
3.529642869833171659e-01
1.711379896155276192e-01
-3.306156226264911346e-02
-2.341304535956278965e-01
-4.083302227385272598e-01
-5.342457533597517738e-01
-5.958260361624654333e-01
-5.850123329185701326e-01
-5.000238515763711922e-01
-3.521520126072799073e-01
-1.549550906586861787e-01
6.676605584777961511e-02
2.881145054132840944e-01
4.821218765706818399e-01
6.261933599277142992e-01
7.022302539492795148e-01
6.991059506489372133e-01
6.194155385974491335e-01
4.692149003957792885e-01
2.665753901624561273e-01
3.277857888371848993e-02
-2.028633508498619564e-01
-4.142525185377914365e-01
-5.754008825015669570e-01
-6.666627159474463049e-01
-6.797095519920254292e-01
-6.105149616977219029e-01
-4.677416903032155515e-01
-2.655682446724154655e-01
-2.998755966249744276e-02
2.143319627039517172e-01
4.378682676806888718e-01
6.144561873839478050e-01
7.242064773634309116e-01
7.534446883478145285e-01
7.000650415707809771e-01
5.680424546070594882e-01
3.754254489689630159e-01
1.415786290870870712e-01
-1.046015392019857826e-01
-3.353637104733760976e-01
-5.238618908080073799e-01
-6.485046163430232546e-01
-6.955578413431293683e-01
-6.581582892240350757e-01
-5.440440163708145649e-01
-3.639404558112999677e-01
-1.406428952498307572e-01
1.014343466010758643e-01
3.330233072119974658e-01
5.284785600113057757e-01
6.649662753463363440e-01
7.262198938841888385e-01
7.089851696680886661e-01
6.138136494378696462e-01
4.536231315692791366e-01
2.455185281227592053e-01
1.619575743792367462e-02
-2.096066277092237806e-01
-4.050397131659440042e-01
-5.476459122301221560e-01
-6.235903400539104524e-01
-6.237660029294190833e-01
-5.504237453808693559e-01
-4.111308425621246210e-01
-2.254479083521752081e-01
-1.284489906017383110e-02
2.007467877925503963e-01
3.909772693964368440e-01
5.369130749499662070e-01
6.223868338171842929e-01
6.395640425692221687e-01
5.861117965770301641e-01
4.719646887068780217e-01
3.088305507271353889e-01
1.181948558324508181e-01
-7.813301287539142770e-02
-2.573022477538762232e-01
-3.997332374577717840e-01
-4.898994051793316151e-01
-5.176469868328869017e-01
-4.844133172053256553e-01
-3.937299810311527537e-01
-2.581784478905433389e-01
-9.317777580733144216e-02
8.004673517732441290e-02
2.424738545057747441e-01
3.751577614149315121e-01
4.633914643569945202e-01
5.011069829383902885e-01
4.841830742891402029e-01
4.167262792134189819e-01
3.068950027080861176e-01
1.704297091815014653e-01
2.199479544626137262e-02
-1.205337134345675354e-01
-2.406765970366208096e-01
-3.263235129979806803e-01
-3.685810203164107124e-01
-3.650388040729346528e-01
-3.167122339406600595e-01
-2.324962116855978644e-01
-1.215445644477064491e-01
1.650240233217026287e-03
1.225970570976373519e-01
2.278766537671592651e-01
3.063299789180786714e-01
3.502508321420105819e-01
3.553567946753182216e-01
3.248962424096486501e-01
2.625269593499184317e-01
1.771185537350516981e-01
7.901173912824566159e-02
-1.962543597182175859e-02
-1.080249404724968887e-01
-1.760352757776991739e-01
-2.164286423909631552e-01
-2.282496966969269625e-01
-2.107637646617174232e-01
-1.673423776417524156e-01
-1.037808237971414860e-01
-2.940213450748496715e-02
4.761273521865660996e-02
1.179541975889828453e-01
1.735159948604769742e-01
2.100427882221307385e-01
2.241527331207464613e-01
2.155346563403788274e-01
1.860544173875913199e-01
1.413973783954862729e-01
8.643873678200231225e-02
2.821917645609040015e-02
-2.597773737492892199e-02
-7.068154918785041207e-02
-1.015576310316579356e-01
-1.157883601640997684e-01
-1.123691328480928009e-01
-9.397015389822871434e-02
-6.275123059982767870e-02
-2.353569882859773976e-02
1.816654242996351698e-02
5.758942832660363109e-02
9.068749539044818064e-02
1.137789967802127489e-01
1.247300199069429905e-01
1.245702913290174241e-01
1.136278135813333368e-01
9.377288225339830419e-02
6.827323558275932847e-02
4.100292631169999424e-02
1.487648948595765575e-02
-6.735404447607229450e-03
-2.149367177646088756e-02
-2.978549727815404946e-02
-3.092874115537169732e-02
-2.485687885606524539e-02
-1.311318604276623390e-02
1.991632461269210452e-03
1.894967424161597691e-02
3.534032471876979997e-02
4.890232146384265732e-02
5.901045048877651134e-02
6.483222156012713455e-02
6.574793035453319057e-02
6.225042613315023843e-02
5.593002204238395336e-02
4.736440282089526832e-02
3.757570775213170400e-02
2.818293085170586743e-02
2.007892423916413094e-02
1.399169882383488606e-02
1.068251985941581772e-02
1.008399818207927900e-02
1.115702025592302249e-02
1.387829187898148575e-02
1.808238315166277310e-02
2.278331418984524959e-02
2.719939202425236680e-02
3.095828812548995224e-02
3.367136516613511432e-02
3.520608422834636819e-02
3.598482147201864656e-02
3.589494282265648373e-02
3.482953136563771146e-02
3.322871172624886071e-02
3.156326105592288656e-02
2.996445375183975912e-02
2.853753049662421937e-02
2.740083160997808243e-02
2.644891935591675569e-02
2.580260137623913153e-02
2.566775364669338089e-02
2.595085980989719765e-02
2.635968460328297347e-02
2.696150273755915094e-02
2.772712880533001467e-02
2.862737739919940516e-02
2.963306311177138497e-02
3.071500053565001664e-02
3.184400426343958479e-02
