6.474813467383899734e-02
-3.989646451671261529e-01
-6.882848651919615257e-01
-8.271709213555487050e-01
-8.395812096127690527e-01
-7.494741259185039306e-01
-5.808080662276349226e-01
-3.575414264950460552e-01
-1.141892410207303588e-01
1.370340423122244911e-01
3.710202992260556165e-01
5.495490554916329096e-01
6.448377084118654956e-01
6.536887022976327621e-01
5.724362928700912345e-01
4.153649977245019720e-01
2.022503097430565777e-01
-3.239981148058501681e-02
-2.604506083304775066e-01
-4.499371969239027713e-01
-5.727443951792769994e-01
-6.163548227634532140e-01
-5.756857732344005107e-01
-4.603503829952065862e-01
-2.854155156026721984e-01
-8.152231716380387017e-02
1.268029153789680397e-01
3.097815991230918886e-01
4.400354877437997470e-01
5.034779195142642383e-01
4.926898877209082706e-01
4.129301657456849739e-01
2.752699727330820689e-01
1.058792200301779118e-01
-7.451039139376103293e-02
-2.387875294949508564e-01
-3.615962314849234804e-01
-4.289885461376572451e-01
-4.330020589440102263e-01
-3.765774647929941432e-01
-2.681934053336325618e-01
-1.304079553896495547e-01
1.946581353434018169e-02
1.576862388847064533e-01
2.618054388755570727e-01
3.198241232905283393e-01
3.249938429057175338e-01
2.799347621408452280e-01
1.921746577759448904e-01
8.173174710762287631e-02
-3.684912404930618113e-02
-1.435722953975031579e-01
-2.194659383460727531e-01
-2.559195996913707916e-01
-2.487991125037384288e-01
-2.020697277424238214e-01
-1.236734741749229149e-01
-3.187747109941374557e-02
6.099504091194973832e-02
1.392920331356146679e-01
1.879138048090356339e-01
2.014863169377181240e-01
1.787067369712667109e-01
1.262417010936263129e-01
5.321496016188587141e-02
-2.423859777236514468e-02
-9.602218905090909029e-02
-1.511664918384775236e-01
-1.785025516766376441e-01
-1.749610091071913676e-01
-1.412770778959225870e-01
-8.636103931657113097e-02
-1.990973709758814270e-02
4.534439212572372035e-02
1.015419039789127176e-01
1.410151157657768550e-01
1.562290094632221571e-01
1.465489178954810789e-01
1.132060807053516527e-01
6.372306633775193241e-02
6.439703702435739530e-03
-5.009433679254382543e-02
-1.003456577888790502e-01
-1.380856716614108359e-01
-1.581743314485002383e-01
-1.614379583831495601e-01
-1.474054373898582293e-01
-1.166065493168024769e-01
-7.320308158422117462e-02
-2.395216583790538145e-02
2.721981048655153224e-02
7.577518257572402050e-02
1.168745136891087277e-01
1.490680853878507683e-01
1.682832250459389556e-01
1.651196835006332186e-01
1.374515875799791065e-01
9.100062819490872812e-02
2.853257048942570151e-02
-4.481277067191724583e-02
-1.207113703201470045e-01
-1.894646401478065068e-01
-2.426255014847117364e-01
-2.673969003525947796e-01
-2.561255619303197673e-01
-2.102843990789305950e-01
-1.319099407937555091e-01
-2.746819453322335569e-02
9.050715224711169959e-02
2.014266956885373272e-01
2.920724839947961282e-01
3.462946290964923346e-01
3.508224670108028853e-01
3.047614254225401442e-01
2.104850722260636076e-01
7.851668750281293185e-02
-7.519483895949063967e-02
-2.245181671665266165e-01
-3.506549255929242159e-01
-4.321314336015457114e-01
-4.513074286903743237e-01
-4.050863955199999200e-01
-2.965871482728329456e-01
-1.412667265468349198e-01
4.141441965468506403e-02
2.198182705743498833e-01
3.706454325905821356e-01
4.691606754406116853e-01
4.953137492351415982e-01
4.464292945406937996e-01
3.264953241097761083e-01
1.545126616889000992e-01
-4.690190972445074102e-02
-2.421583257974858627e-01
-4.049344519222173311e-01
-5.091505610197470943e-01
-5.339910285534521517e-01
-4.775738585118043389e-01
-3.452322328795451867e-01
-1.606023540837170360e-01
5.037872203825943807e-02
2.496838178495526250e-01
4.093361113136875229e-01
5.043487705726372727e-01
5.152327900670383709e-01
4.417660361464894603e-01
2.915735571486135491e-01
9.472075377521127493e-02
-1.189722127334363888e-01
-3.107388581517205317e-01
-4.520178713591718189e-01
-5.208976491617135496e-01
-5.021065425226252099e-01
-4.001187582308397550e-01
-2.261213670311944535e-01
-1.648376732094125607e-02
1.951160427220977045e-01
3.706355491740416230e-01
4.818887997336678275e-01
5.104444938409542498e-01
4.474285517669192025e-01
3.073973112108081551e-01
1.069565595855350715e-01
-1.144702486395132723e-01
-3.206247182124585260e-01
-4.748742226001450017e-01
-5.503944697292675325e-01
-5.327104698528595250e-01
-4.198410756993519177e-01
-2.370372798738725750e-01
-6.825230439036156227e-03
2.274852132380507097e-01
4.266195914936405931e-01
5.567190983261112169e-01
5.944889426413566547e-01
5.330056125313431536e-01
3.765522026646725973e-01
1.566468349304623864e-01
-9.862827106878024885e-02
-3.431602858781217513e-01
-5.364014505178337222e-01
-6.471319215479971465e-01
-6.558516015274202804e-01
-5.625371777340953949e-01
-3.766548118427320846e-01
-1.343980860453348747e-01
1.333228302320608183e-01
3.811498822723542457e-01
5.691786336214306186e-01
6.698264624477234808e-01
6.664303733186713874e-01
5.621099816328414267e-01
3.686411112192247153e-01
1.226242880153363135e-01
-1.450194617095114102e-01
-3.911821026071433671e-01
-5.776498612245255515e-01
-6.792239647291647975e-01
-6.805972366139597662e-01
-5.848985261558845572e-01
-4.033407066318727141e-01
-1.698901429090415860e-01
8.677070302860490081e-02
3.266843238594885346e-01
5.136863994518767740e-01
6.235272190633940337e-01
6.408565805037043095e-01
5.664829852317105896e-01
4.091623269940731777e-01
1.987512364277748134e-01
-3.939200164982081809e-02
-2.683831136823080499e-01
-4.540161254591075224e-01
-5.720551413917660533e-01
-6.064614908077189392e-01
-5.551379798268605281e-01
-4.240200697121271345e-01
-2.391406350801724701e-01
-2.269846258114127657e-02
1.909006507583677070e-01
3.692114824951462371e-01
4.881079131037808772e-01
5.312836085543930498e-01
4.949087840343042721e-01
3.831797452323657538e-01
2.198280442839137816e-01
2.489970242305883374e-02
-1.691187829457158065e-01
-3.315499823724289419e-01
-4.395135281771113123e-01
-4.777486938226525037e-01
-4.429528144786245569e-01
-3.394776392440320700e-01
-1.906007183060433041e-01
-1.542260972922115947e-02
1.553575542615330818e-01
2.931512847874504502e-01
3.779822188965524798e-01
3.972675770896798575e-01
3.505191253311010779e-01
2.440844318125936496e-01
1.021512847033103633e-01
-5.624131390222253390e-02
-2.024638077111643453e-01
-3.104689324150730068e-01
-3.645872013434664494e-01
-3.561304466257323442e-01
-2.887589274619711821e-01
-1.718645005128398573e-01
-3.099892312858776311e-02
1.145299719845944697e-01
2.385284316339377764e-01
3.177468091069970413e-01
3.413177257094746064e-01
3.047474276601143117e-01
2.158453205135431041e-01
8.704163790171692838e-02
-5.511971450138075657e-02
-1.912070006265547129e-01
-2.975738246781491902e-01
-3.536174567079254372e-01
-3.527090024170532745e-01
-2.939295077156361957e-01
-1.882656114329845920e-01
-5.041820530255836097e-02
9.282778509737221739e-02
2.222848056120318994e-01
3.168544437382105894e-01
3.581943432238070546e-01
3.421869620024096115e-01
2.701511049806086806e-01
1.554669417865846004e-01
1.430620051966791095e-02
-1.271445570549154525e-01
-2.503153750802765698e-01
-3.362952903686881045e-01
-3.685794145093914675e-01
-3.444668442978027212e-01
-2.665612190704745865e-01
-1.499550622295006130e-01
-1.165661503548764966e-02
1.231843092496420766e-01
2.365898735945475284e-01
3.113149469300815486e-01
3.329638065275080105e-01
3.005378101812232750e-01
2.175909676353857680e-01
1.009275029810841051e-01
-3.146825854879797824e-02
-1.555569339012197183e-01
-2.541538223553643228e-01
-3.122479550806798176e-01
-3.183276310782169327e-01
-2.736172565229588738e-01
-1.830280285930101503e-01
-6.620808808285549851e-02
5.730609086404037100e-02
1.650074139772335080e-01
2.408938102331188436e-01
2.728919007420982368e-01
2.535021060047362162e-01
1.881974513898230228e-01
8.446599387255049329e-02
-3.490009696356355384e-02
-1.485335944275321118e-01
-2.357235708263020202e-01
-2.818303272123000580e-01
-2.778622315862773196e-01
-2.214265366668392021e-01
-1.250985527965144950e-01
-1.774165324642806851e-04
1.284165025993131426e-01
2.374617830973777544e-01
3.075923173707193481e-01
3.257904182829551853e-01
2.868716558087331947e-01
1.934546498068461240e-01
6.446088999027255184e-02
-8.504672626148979120e-02
-2.282186025176388133e-01
-3.400028752231948337e-01
-4.019467145270944064e-01
-4.026282367829955300e-01
-3.403195188468293164e-01
-2.206452454578862188e-01
-6.563018542127652122e-02
1.069908993780050999e-01
2.689723388197640119e-01
3.940370654480185308e-01
4.637597635550441133e-01
4.666737972986945149e-01
4.013481851965448044e-01
2.736478952867189562e-01
1.054608289857223991e-01
-8.515891401968955776e-02
-2.697229161528890140e-01
-4.209470243614785723e-01
-5.184330686864371263e-01
-5.483702025770786914e-01
-5.056402985215184831e-01
-3.929632770174689149e-01
-2.288152990362511963e-01
-2.925151425463101695e-02
1.775026223935021186e-01
3.629832676508788492e-01
5.024243944777810889e-01
5.773146369093595798e-01
5.752808025761653177e-01
4.930775503129114501e-01
3.441249623306155137e-01
1.413217713678687204e-01
-8.730277734852720517e-02
-3.116204765192616133e-01
-5.001631289993578866e-01
-6.279331803610068707e-01
-6.729124961288693862e-01
-6.244135346511313633e-01
-4.925258436105027782e-01
-2.879267184721592265e-01
-3.835531419960669375e-02
2.239821567670741143e-01
4.591395282392298771e-01
6.352557739301645245e-01
7.224049434380759305e-01
7.032650936446975809e-01
5.847419849847554918e-01
3.763622609044785516e-01
1.087417381267994365e-01
-1.825553172397962332e-01
-4.501042476983716512e-01
-6.572811248955229280e-01
-7.711514853763502542e-01
-7.697667677556374599e-01
-6.567901917522462885e-01
-4.424527160926119418e-01
-1.633566188835935407e-01
1.416561647057124063e-01
4.215644510012965807e-01
6.371908365999401358e-01
7.563746643377924350e-01
7.571286795336646946e-01
6.429701785881944964e-01
4.255448252102187467e-01
1.473417374372156807e-01
-1.503042067680407934e-01
-4.176159246862889418e-01
-6.160856050955518803e-01
-7.168922106479835854e-01
-7.022682036998939559e-01
-5.815850859167215336e-01
-3.692331340405947682e-01
-1.087786842103148910e-01
1.588810499012740518e-01
3.893604625817133069e-01
5.481879923509194175e-01
6.129124117786202142e-01
5.735156579523061904e-01
4.474773450617022252e-01
2.514343336657591799e-01
2.573605982269899783e-02
-1.919134670585402880e-01
-3.663072470448033302e-01
-4.714906970623045090e-01
-4.954461615115068884e-01
-4.361377942736376356e-01
-3.157838560945984696e-01
-1.522150099873417206e-01
2.050424629844549429e-02
1.714792079865294916e-01
2.780635830321858126e-01
3.249837675646238822e-01
3.109104396632025313e-01
2.409935495294242003e-01
1.387894846843509278e-01
2.096204441889160108e-02
-8.779960085504712186e-02
-1.657266612829265684e-01
-2.030658771535610585e-01
-1.951404468929316405e-01
-1.499503255453034090e-01
-7.819120350161246069e-02
-1.248731001841196786e-03
6.762999729823016004e-02
1.156891097460934770e-01
1.311609865326961444e-01
1.115124596480732144e-01
5.903372566913578368e-02
-9.549868413224693597e-03
-7.944983557293427978e-02
-1.345520182240584894e-01
-1.656545257361915491e-01
-1.682001634420756675e-01
-1.381144740362125756e-01
-7.948490322477452796e-02
1.070621495029788761e-03
8.657576651607312712e-02
1.622934622406204674e-01
2.153432999930251501e-01
2.366368669951923742e-01
2.197170680387967590e-01
1.640999205844198006e-01
7.986671146558665946e-02
-2.594378305772393478e-02
-1.371473431476651905e-01
-2.367952972502671560e-01
-3.109955895588963903e-01
-3.485375327825087632e-01
-3.378737219428986638e-01
-2.757524109359710263e-01
-1.718689771830216317e-01
-3.426857155326312743e-02
1.183590116258705915e-01
2.647618072317710070e-01
3.823975926594873620e-01
4.541838317595507934e-01
4.632554412055667203e-01
4.020834390013576787e-01
2.796871787356973726e-01
1.049051296313898707e-01
-1.006001772127366189e-01
-3.097316881352124573e-01
-4.870122568029472410e-01
-6.068677477945643162e-01
-6.450789754749525207e-01
-5.875219190295872806e-01
-4.420067161780175669e-01
-2.196787333645071616e-01
4.821555079318406989e-02
3.261369850603395015e-01
5.667816321736163232e-01
7.346346223080055804e-01
7.989776883222610149e-01
7.405270728453401397e-01
5.654051597988392075e-01
2.888611624687169588e-01
-4.261117874053577115e-02
-3.827914321973419076e-01
-6.735635404173568874e-01
-8.709968665199482318e-01
-9.419298352085961890e-01
-8.666347364933730812e-01
-6.567906937371293941e-01
-3.335533741345375613e-01
4.526325506650064057e-02
4.249478692460262330e-01
7.409515358107283678e-01
9.439414115800748295e-01
1.000000000000000000e+00
8.931791245821965042e-01
6.474406313150076198e-01
2.909777924853504949e-01
-1.106275545371072644e-01
-4.966169537291963421e-01
-8.024654940624620370e-01
-9.793992527091032185e-01
-1.000000000000000000e+00
-8.556858134366320812e-01
-5.812733007321977396e-01
-2.121478031213009929e-01
1.818079449192269159e-01
5.379919763380012210e-01
7.973748027315654685e-01
9.183172204966509877e-01
8.869042891869973744e-01
7.046001807999229261e-01
4.156860530826014255e-01
6.081193097371628831e-02
-2.924697990983466944e-01
-5.856682494671794359e-01
-7.724210025700638527e-01
-8.225980625336187790e-01
-7.369757546026534101e-01
-5.276465733087536414e-01
-2.446072504942211623e-01
6.984244758221525018e-02
3.564500854884713466e-01
5.657646870390100613e-01
6.681500433929941085e-01
6.472709103778746531e-01
5.173171497530120178e-01
2.992374221936680012e-01
4.350788402998251314e-02
-2.101112065001893292e-01
-4.154060338906576666e-01
-5.352312324089653073e-01
-5.570162132163249957e-01
-4.778186091221613419e-01
-3.221651125009933336e-01
-1.166595103574447068e-01
9.338764989052217302e-02
2.748238684810353494e-01
3.989443091979043565e-01
4.428047083727604250e-01
4.038119432104581019e-01
2.875535047073725092e-01
1.269464362754808562e-01
-4.879596040531097856e-02
-2.052906818379579557e-01
-3.185079364201073293e-01
-3.736213504762997406e-01
-3.597166986490062390e-01
-2.846031243989063375e-01
-1.596519061571178844e-01
-1.530050373906621797e-02
1.228470240330437058e-01
2.319240310127153037e-01
2.947813500503921880e-01
3.034110035591592869e-01
2.573342334909536344e-01
1.726651393768332543e-01
6.063467945901557243e-02
-5.632285936050285269e-02
-1.570144580646231081e-01
-2.273601339508160013e-01
-2.578685191212191086e-01
-2.465330923349813297e-01
-1.965439483250891461e-01
-1.227299950808271589e-01
-3.436756038825372617e-02
5.294993665914282666e-02
1.236547043671614166e-01
1.701002759074599080e-01
1.873329163246169049e-01
1.747189669095237097e-01
1.355342470535336741e-01
8.038819661762874880e-02
1.495324689373145333e-02
-5.110900089860681561e-02
-1.065205719466170153e-01
-1.458520206962458099e-01
-1.654021547508205403e-01
-1.620185885604633613e-01
-1.365590004709896776e-01
-9.668277960948934435e-02
-4.545905353851920072e-02
1.197848937595136221e-02
6.671878358234661910e-02
1.118873107720803617e-01
1.425012239769041233e-01
1.511582635674586506e-01
1.354043607467887433e-01
1.008190673832680684e-01
4.942831594676899698e-02
-1.386322144499108067e-02
-7.951614115055183341e-02
-1.365144147864498780e-01
-1.776347655851837626e-01
-1.934533359853036760e-01
-1.784131642429047648e-01
-1.357884480872320054e-01
-6.860546646034837437e-02
1.355155377169170450e-02
9.776701213893312925e-02
1.679479706098554459e-01
2.139329626694375097e-01
2.258899633499051873e-01
1.972956486812307286e-01
1.314337679036372553e-01
3.418566327228278467e-02
-7.631862115889209708e-02
-1.816037497120783772e-01
-2.612828243266365202e-01
-3.020420425101942863e-01
-2.943354157005967364e-01
-2.336168266670034521e-01
-1.288081312535014344e-01
8.906668632679748399e-03
1.524773009050517381e-01
2.769767790244561656e-01
3.583854547985398931e-01
3.807309304838413233e-01
3.362256100665450553e-01
2.255613016979898244e-01
6.882509528620861516e-02
-1.152631438840224787e-01
-2.913604302978345384e-01
-4.278250229341639121e-01
-4.982162079222103301e-01
-4.862430253374380174e-01
-3.900124962299842402e-01
-2.177052572491436910e-01
-2.006006458519671298e-03
2.291245319344912268e-01
4.320905792274929436e-01
5.694704747963421632e-01
6.151349981432812086e-01
5.552887775509001145e-01
3.976239289740757243e-01
1.593320820333476995e-01
-1.146196091613592705e-01
-3.867121873051702075e-01
-6.067495231927859667e-01
-7.336927853374741737e-01
-7.449447259058483706e-01
-6.314141936818015166e-01
-4.118522064110713421e-01
-1.131176716189631337e-01
2.089835613345640830e-01
5.089794419621789245e-01
7.334013002401786885e-01
8.402073812248602724e-01
8.128351428379372301e-01
6.483466617994846359e-01
3.760420087180265103e-01
3.138797302927320843e-02
-3.223179705181168364e-01
-6.345629196486834989e-01
-8.522639589150086126e-01
-9.349181303594183978e-01
-8.730823498759497925e-01
-6.700712545791468466e-01
-3.632348266037548346e-01
5.970042290652122219e-03
3.712807112668388143e-01
6.807183310486000227e-01
8.850210842020409530e-01
9.471755800571892703e-01
8.632429538789698764e-01
6.410320343980921987e-01
3.227732018201361353e-01
-4.733644191230801379e-02
-4.048636596551996591e-01
-6.997052981909289704e-01
-8.882109654915010255e-01
-9.375877348896894947e-01
-8.466682981549352727e-01
-6.250849387625833087e-01
-3.159964159257644400e-01
3.707422706185203864e-02
3.749598166256495890e-01
6.510746921840693258e-01
8.258258746078699364e-01
8.702463295254005970e-01
7.853787208270430753e-01
5.805073096558530654e-01
2.948612713783533845e-01
-3.135362830132726319e-02
-3.446169006492535436e-01
-6.019656006219450406e-01
-7.657656665420280451e-01
-8.097352356110509852e-01
-7.362816977843993360e-01
-5.531244999085553893e-01
-2.938875037397629120e-01
4.906247372691519004e-03
2.935930858101822860e-01
5.325215337200581711e-01
6.856394078232277423e-01
7.276439456519581128e-01
6.604598680129543098e-01
4.908722188853509305e-01
2.494497629368161995e-01
-2.959311398090958001e-02
-2.982480688027163707e-01
-5.189688900542337446e-01
-6.575563269517862297e-01
-6.893891406510914699e-01
-6.156569536296491174e-01
-4.437938322733580021e-01
-2.060509543842541369e-01
6.290219917367556590e-02
3.151823753779303683e-01
5.142183824376340695e-01
6.289772056749118878e-01
6.371510852521544699e-01
5.407843196087063209e-01
3.498074447935937137e-01
1.026411012522316923e-01
-1.629444810568558832e-01
-3.993321099520568129e-01
-5.705699018503255227e-01
-6.499809947377646058e-01
-6.203453538326311190e-01
-4.896359888225534363e-01
-2.723938497493225697e-01
-1.198975197732854436e-02
2.509646139127197362e-01
4.699060837751747322e-01
6.097340112040356974e-01
6.471511145164545731e-01
5.716406046478583747e-01
4.025817903928889940e-01
1.604496844084006835e-01
-1.076501397262665805e-01
-3.585447518255009403e-01
-5.497735767912511617e-01
-6.497874143655213430e-01
-6.427856030102372387e-01
-5.262319995916870941e-01
-3.281769960614984161e-01
-7.462933591967890745e-02
1.858378799069841936e-01
4.100020803612571818e-01
5.614425559564821810e-01
6.157721220904848192e-01
5.683577219964444094e-01
4.245657421998894065e-01
2.182913132386645749e-01
-2.183552477995109875e-02
-2.515916874662716962e-01
-4.324408470594409692e-01
-5.385438767434360674e-01
-5.542617580482128714e-01
-4.839856648139263529e-01
-3.389599208535923891e-01
-1.534117361765557908e-01
4.588161301253479429e-02
2.238359416578832306e-01
3.502791167951784246e-01
4.111955317890716444e-01
3.997544240705841467e-01
3.262527182885983645e-01
2.045741257739293051e-01
6.375122902028151906e-02
-7.546574616346601871e-02
-1.913553349883209131e-01
-2.643479732732217924e-01
-2.877919934855973638e-01
-2.605180748483371111e-01
-1.969363567216300126e-01
-1.110422464950948651e-01
-7.621182898277956141e-03
8.963562391840840249e-02
1.684964984026406931e-01
2.167297650020945099e-01
2.221037481644458911e-01
1.723867723373702088e-01
5.534716196854261305e-02
