-8.028966140402582496e-02
4.300252595624372010e-01
7.537158465088138470e-01
9.155025802298093485e-01
9.401059415201302727e-01
8.522464111744816329e-01
6.766444699875702184e-01
4.380205987541030410e-01
1.700761568563569082e-01
-1.158460472083295834e-01
-3.898115449530702437e-01
-6.120499936734103974e-01
-7.532004891446293371e-01
-8.015003441568941955e-01
-7.492230985483621097e-01
-6.068914420268634036e-01
-3.908234011490717696e-01
-1.333498755734382479e-01
1.362291670751267780e-01
3.828382597959336664e-01
5.753425197900625676e-01
6.932819756124084520e-01
7.232119806406089868e-01
6.657607951249124856e-01
5.277212869950740348e-01
3.318940560935461637e-01
9.970522089364797225e-02
-1.387336884272812876e-01
-3.543757250969480355e-01
-5.236027571397817715e-01
-6.280586566740626875e-01
-6.580922275101344088e-01
-6.105694898594795639e-01
-4.964931308999265269e-01
-3.273104306006693331e-01
-1.257774501238017040e-01
8.396258652267696299e-02
2.782837238521738144e-01
4.366651219724755340e-01
5.409524849718385653e-01
5.794305756612672109e-01
5.537359738875062831e-01
4.658251814680998137e-01
3.253135973894194510e-01
1.475344067287005512e-01
-4.517452853261194612e-02
-2.327811755479771705e-01
-3.922013945529848611e-01
-5.054989653488630719e-01
-5.641300537523117331e-01
-5.600112969855508549e-01
-4.919385959231198369e-01
-3.666325208584420015e-01
-2.009389064155953086e-01
-1.053353059525796720e-02
1.810314403333881383e-01
3.505225393846747028e-01
4.778051227242505750e-01
5.475917440114836943e-01
5.505274177564976057e-01
4.841592562084309215e-01
3.584670467736219557e-01
1.844901635616440494e-01
-1.521171810405352876e-02
-2.166178484078519206e-01
-3.939103259087212150e-01
-5.257360936656747530e-01
-5.929903351452417981e-01
-5.849658505720214396e-01
-5.070059178706003422e-01
-3.654087606569285107e-01
-1.772589330864737800e-01
3.576787295256012023e-02
2.439578550079533059e-01
4.221185119629271565e-01
5.446288950770141746e-01
5.939653258934256552e-01
5.675350581642324421e-01
4.654464404166507308e-01
3.006150948305050807e-01
9.199359805011653179e-02
-1.295537935809418784e-01
-3.382983128204509748e-01
-5.055101171432918594e-01
-6.067592267643230342e-01
-6.294296078302350494e-01
-5.681273394318933079e-01
-4.316003611481128432e-01
-2.342612999106129523e-01
-5.864350740359181025e-03
2.271193962963906632e-01
4.314832921376703379e-01
5.780940722786835906e-01
6.472106624052127444e-01
6.271663008112611237e-01
5.208373295690917892e-01
3.382761313062516706e-01
1.078658260168143812e-01
-1.439987158315954030e-01
-3.803412843028477486e-01
-5.679192182519201548e-01
-6.803821567503535173e-01
-7.002117373492108277e-01
-6.246143770600515177e-01
-4.593418166099475508e-01
-2.311220504185179658e-01
3.412617638558046451e-02
2.964062912459746180e-01
5.190981480263197057e-01
6.701340303017750966e-01
7.268847061257657227e-01
6.814834041654302954e-01
5.356807673400991732e-01
3.143098978120306697e-01
4.233835440201993983e-02
-2.383906414075691593e-01
-4.890140930707661537e-01
-6.732618560908644190e-01
-7.645473619235030327e-01
-7.507671399833416581e-01
-6.300572147788959798e-01
-4.248424104397958700e-01
-1.583318340792180257e-01
1.276151831851453089e-01
3.936277952796332080e-01
6.014537553711032380e-01
7.222219328203216548e-01
7.406665278980670841e-01
6.517703472470428583e-01
4.747083821553446104e-01
2.297448847484631074e-01
-4.373918441731683426e-02
-3.081672899741886296e-01
-5.261018242722785843e-01
-6.685194878145128694e-01
-7.180859859529116207e-01
-6.671218417603941298e-01
-5.306097561428387843e-01
-3.245543132097996608e-01
-8.370611506921743494e-02
1.584013472989749260e-01
3.685434677312375840e-01
5.202059901139379772e-01
5.967931006834565899e-01
5.894843542639973677e-01
5.075520025822588543e-01
3.610990557672169032e-01
1.757983460424805688e-01
-2.240124014727384871e-02
-2.068181303050825592e-01
-3.557881098454537261e-01
-4.535642676409257223e-01
-4.903532612020549131e-01
-4.707836106488967332e-01
-3.981205937919156668e-01
-2.852512995256221151e-01
-1.477427529884143276e-01
-2.652202169348139016e-03
1.345868512935368688e-01
2.487346487023338604e-01
3.288438650749907488e-01
3.735785110386400376e-01
3.792237684095189909e-01
3.443048601169003131e-01
2.728354893046527341e-01
1.744039234328951249e-01
5.760774799631596110e-02
-6.699307967365275562e-02
-1.879422574055957806e-01
-2.944028226910616608e-01
-3.749414225632057285e-01
-4.159905813652710060e-01
-4.106637810219964102e-01
-3.600737848755196646e-01
-2.655954001084879224e-01
-1.338008445061649176e-01
2.247763479279174526e-02
1.822126928107605792e-01
3.276246988794593307e-01
4.361402600917785310e-01
4.899696290646720076e-01
4.799221810310474456e-01
4.022170121185546510e-01
2.639928286280552872e-01
7.901428177223124294e-02
-1.245312621570228151e-01
-3.224239251605345302e-01
-4.834451364257287276e-01
-5.813235076174458893e-01
-5.997036157720152527e-01
-5.311662504952514574e-01
-3.844150722804633435e-01
-1.748001724578619465e-01
6.314998831739315754e-02
2.992362028067114821e-01
4.949037303629553186e-01
6.182446726689847516e-01
6.497162592281175986e-01
5.800518852709279916e-01
4.204206472656406568e-01
1.888307815360585895e-01
-7.443390133511895712e-02
-3.343922236417303795e-01
-5.477440196473435385e-01
-6.792499405162122361e-01
-7.088676561719273739e-01
-6.276012995859099330e-01
-4.502891398707878912e-01
-1.982240144843199214e-01
8.351846579829258488e-02
3.563317849643927726e-01
5.745503812266232746e-01
7.016453450464523733e-01
7.191652133505455069e-01
6.199286566056720904e-01
4.229046277148815758e-01
1.527795546228687407e-01
-1.418529252947712260e-01
-4.199718825303434544e-01
-6.354881314791189784e-01
-7.521057575873837386e-01
-7.541064829317400964e-01
-6.368101237684002935e-01
-4.228331701397339826e-01
-1.396597599742095408e-01
1.622432882542665933e-01
4.407654656946746741e-01
6.508588911619297424e-01
7.574061560073090948e-01
7.475044335681111374e-01
6.187262318543964579e-01
3.958678929729704254e-01
1.078590263438703456e-01
-1.949694515128117533e-01
-4.708979631323395587e-01
-6.769583848844407115e-01
-7.796490144591978755e-01
-7.680267582704617402e-01
-6.408205135150569776e-01
-4.226575640567699077e-01
-1.418716330781373269e-01
1.536809026531207323e-01
4.243263753112069825e-01
6.298975457508373399e-01
7.385932329288813492e-01
7.399098957373819729e-01
6.320385423780938705e-01
4.365082743543500232e-01
1.785398645928806260e-01
-9.903631818818348087e-02
-3.603945004966152554e-01
-5.687338126733142429e-01
-6.938929299367138093e-01
-7.239971057068186333e-01
-6.547639984747066766e-01
-5.015150974067976719e-01
-2.836793495403603371e-01
-3.651487064919245462e-02
2.098449745236552477e-01
4.224943053343044319e-01
5.728837396899786327e-01
6.460736173913599334e-01
6.335016500950390039e-01
5.413943974390422742e-01
3.808903080345147352e-01
1.773916071825780705e-01
-4.638599025975387313e-02
-2.619569099021473724e-01
-4.424904352219728443e-01
-5.687530270902778629e-01
-6.265668222116611563e-01
-6.107460268779481005e-01
-5.221549250587440572e-01
-3.746625918170418679e-01
-1.822178893766518426e-01
3.122934669908339345e-02
2.406410357798931532e-01
4.221373807193686822e-01
5.554814901397362448e-01
6.229841348042923777e-01
6.144382319396315406e-01
5.337772774687250532e-01
3.863690868123503819e-01
1.870985705643135599e-01
-4.318569819511652863e-02
-2.747079199969976182e-01
-4.814011553175913116e-01
-6.342049494952367583e-01
-7.120261964856403614e-01
-7.065345960608082621e-01
-6.128012498381685269e-01
-4.387719587153565692e-01
-2.014239103542477816e-01
6.673514745666708770e-02
3.364501044897041382e-01
5.700988084707421244e-01
7.349417489170126938e-01
8.072623673336098982e-01
7.730961291063092045e-01
6.349068846627858864e-01
4.042257375621813864e-01
1.143091597519856339e-01
-2.028243432420671066e-01
-5.014897374170346200e-01
-7.408391006704578841e-01
-8.866006828310430965e-01
-9.156670090475893531e-01
-8.229915349463967633e-01
-6.145267803356495584e-01
-3.224271752461151941e-01
2.093068433201583645e-02
3.647509643563824344e-01
6.626449502940323644e-01
8.720684896108503725e-01
9.622905280079114831e-01
9.209155834277591435e-01
7.478638339982044414e-01
4.720157421095301231e-01
1.238761506342618279e-01
-2.438273618214543692e-01
-5.819301245232262332e-01
-8.421509460438945105e-01
-9.879462723843016603e-01
-1.000000000000000000e+00
-8.720404127327017196e-01
-6.277129823844942447e-01
-2.936017815744748072e-01
7.869668035093480007e-02
4.398995299797991976e-01
7.384343423645571836e-01
9.337235948680708830e-01
1.000000000000000000e+00
9.247771615018809399e-01
7.247621540657220862e-01
4.207930673165680702e-01
6.041654345575153684e-02
-3.094112701555250533e-01
-6.359137190689438945e-01
-8.759711377902438256e-01
-9.971729915693443580e-01
-9.805481530830056913e-01
-8.354909916569496220e-01
-5.760229716542515366e-01
-2.421747627795293178e-01
1.238774230782657693e-01
4.694317326132395607e-01
7.499650313207868457e-01
9.263619451937024074e-01
9.729066376543384909e-01
8.912773400634772525e-01
6.879630483062075808e-01
3.932808803810419196e-01
4.298031526743817388e-02
-3.113035330885920438e-01
-6.253042657100205126e-01
-8.555466188096604307e-01
-9.695704313053871148e-01
-9.577788675004564878e-01
-8.180685353127434833e-01
-5.722026161877398209e-01
-2.488707356082664468e-01
1.034227681678880906e-01
4.423455533497979708e-01
7.215048918228958996e-01
9.020405289802175819e-01
9.625955562552088729e-01
8.925254022554540700e-01
7.044911293139255459e-01
4.188698853972250280e-01
7.923162909427206024e-02
-2.744095908897478120e-01
-5.925594037617755161e-01
-8.320880281638032283e-01
-9.625916455291089191e-01
-9.648038215067527013e-01
-8.412912221320689721e-01
-6.040799818926718689e-01
-2.908477758338060548e-01
6.217989128182233038e-02
4.043731292783141473e-01
6.900765084029680807e-01
8.816380608071219260e-01
9.525011743905136274e-01
8.957962403792347761e-01
7.153323728785681013e-01
4.419137734967522047e-01
1.066900137614332778e-01
-2.408829827928640199e-01
-5.548158922671202475e-01
-7.927452965712245003e-01
-9.228406295631119693e-01
-9.301358596744132567e-01
-8.109405111451712944e-01
-5.886120764624660495e-01
-2.882046616899049951e-01
4.435078935905800712e-02
3.650681529710255724e-01
6.298909172258713163e-01
8.042312239983995248e-01
8.668368741266412325e-01
8.077728906305088330e-01
6.430569710406086603e-01
3.912016154242832222e-01
9.327221558270504254e-02
-2.105469848693243273e-01
-4.779876900757143998e-01
-6.747524408753535763e-01
-7.772428967894262630e-01
-7.719862012698786025e-01
-6.678440765623299136e-01
-4.765600411597452624e-01
-2.311342044588136080e-01
3.480973945870902142e-02
2.831897776775518238e-01
4.827560728874025209e-01
6.091100789635315316e-01
6.468477381857382635e-01
6.008337184179071144e-01
4.767667597582840866e-01
2.970486421545899258e-01
8.667499529418698501e-02
-1.238123898385098398e-01
-3.082099640837371313e-01
-4.429444153397836814e-01
-5.121850732708206344e-01
-5.168421230571904612e-01
-4.577135953114959133e-01
-3.472008712067364833e-01
-2.014672950178775235e-01
-4.305470539129307994e-02
1.091559150936529665e-01
2.363768571554931697e-01
3.237193330555858672e-01
3.679446392674552424e-01
3.660377067291977760e-01
3.218588971813580724e-01
2.429902246112956021e-01
1.426193143642229266e-01
3.135271344165135865e-02
-7.835701324755794950e-02
-1.738834952839910519e-01
-2.482738693495436522e-01
-2.953876172296190372e-01
-3.105248965508671244e-01
-2.928070547523037304e-01
-2.482706162330970967e-01
-1.806763037370922031e-01
-9.446198299127395170e-02
1.746483108382657079e-03
9.795895927869224806e-02
1.851799220505612187e-01
2.515908684943106710e-01
2.891113312821913528e-01
2.954440167223288949e-01
2.676193210459691940e-01
2.048551698857052905e-01
1.126434559548910030e-01
2.888093535633906583e-03
-1.142866577699552799e-01
-2.228967273297322027e-01
-3.077749077340109496e-01
-3.569718290180557974e-01
-3.623309286993546818e-01
-3.201287762388993485e-01
-2.326752587538584160e-01
-1.126703233785039115e-01
2.809105755790941572e-02
1.689034184561046814e-01
2.896121951321035670e-01
3.719502152462725864e-01
4.031815270688312580e-01
3.767120928165352822e-01
2.926701925453349951e-01
1.646487428644631823e-01
5.910199813481398223e-03
-1.588623893169271994e-01
-3.059080129043428853e-01
-4.127154052558091868e-01
-4.630850226227636313e-01
-4.482988020574080190e-01
-3.670615281380972261e-01
-2.337592829166771358e-01
-6.269808336258242409e-02
1.187042559100330852e-01
2.842059179779041767e-01
4.084948352515946901e-01
4.730432292765260893e-01
4.677247665258732479e-01
3.902146286549765808e-01
2.552275216734343211e-01
7.753112507095449857e-02
-1.140340729383488849e-01
-2.918690402126968841e-01
-4.290941996891196597e-01
-5.057390837160085084e-01
-5.105636554730501597e-01
-4.402442615133108639e-01
-3.090097046942932302e-01
-1.312579934374219492e-01
6.413144624500377589e-02
2.493273048667541403e-01
3.969087238642412530e-01
4.861210401597608755e-01
5.045241454645199575e-01
4.475068961188000127e-01
3.277366867305053777e-01
1.582172337278209273e-01
-3.352691933658258350e-02
-2.205327001557504385e-01
-3.756935022151791648e-01
-4.779821878323637918e-01
-5.133061953370277042e-01
-4.752724860613490865e-01
-3.739984503893212242e-01
-2.201628547296203831e-01
-3.939481446702930434e-02
1.428391285607726324e-01
3.008005037707339735e-01
4.139198332904019395e-01
4.675671631255868821e-01
4.540396420783472387e-01
3.797860215503194858e-01
2.521603314483933378e-01
9.207325669040988814e-02
-7.839647251310266629e-02
-2.348775638417930356e-01
-3.577696556661990046e-01
-4.306336303704642043e-01
-4.437824168275441572e-01
-4.018884893896155219e-01
-3.088592409002695049e-01
-1.785467348075518990e-01
-2.819203995634167459e-02
1.205385303146575549e-01
2.493122683135131634e-01
3.398454772344126074e-01
3.801772796033897617e-01
3.710613562566476009e-01
3.129976626002042295e-01
2.144064965599306039e-01
8.812712380673604073e-02
-4.634405814747977193e-02
-1.732575769809951982e-01
-2.754172586065238848e-01
-3.387503220174601370e-01
-3.586826706283754440e-01
-3.327520052758989877e-01
-2.656460001775237112e-01
-1.660306834483351590e-01
-5.021623689319987260e-02
6.874246171820730389e-02
1.747783102585811488e-01
2.528261231712256585e-01
2.945906065624952497e-01
2.952301986226752994e-01
2.560651251361194536e-01
1.820783968048842461e-01
8.635960177246859715e-02
-2.036526102747371336e-02
-1.228745880777816213e-01
-2.063909341749275983e-01
-2.610665661444574459e-01
-2.803085268588896284e-01
-2.625232318289039135e-01
-2.099979885304140703e-01
-1.331222952701583973e-01
-4.037712717521324546e-02
5.428201861787784743e-02
1.368823515732744411e-01
1.970043767222442455e-01
2.272215331138693895e-01
2.240118354348641372e-01
1.877701220744334432e-01
1.266509489045908321e-01
4.720872292254441049e-02
-3.797470702137317744e-02
-1.159561552696183329e-01
-1.763873776774954605e-01
-2.116305237890632185e-01
-2.169848241519063414e-01
-1.916000220165087198e-01
-1.417886512008049715e-01
-7.250336074929897290e-02
5.019413096911007344e-03
7.886319080754589095e-02
1.389630043757010824e-01
1.776651269120077536e-01
1.891827160478511960e-01
1.716249527779933892e-01
1.300487002087300503e-01
6.811926225153031034e-02
-4.751327001226601787e-03
-7.779221342339703860e-02
-1.409551401953542671e-01
-1.863716212109869375e-01
-2.067545103089123426e-01
-1.988926357353872909e-01
-1.668098213675873742e-01
-1.129178084545836569e-01
-4.415923856719972118e-02
3.004743450250835224e-02
9.927953026300739836e-02
1.553815250579473339e-01
1.894394332383262380e-01
1.962124027077021271e-01
1.778913460488302789e-01
1.354662244776310143e-01
7.320592478424203797e-02
-1.159067170585670326e-03
-7.683640101108069054e-02
-1.455622623206106470e-01
-1.972034583968065302e-01
-2.240113205421491172e-01
-2.248403613137998081e-01
-1.987466906711506942e-01
-1.476260795914835500e-01
-7.719444536634167964e-02
2.062892399579352443e-03
8.223196411240341064e-02
1.524932844425903600e-01
2.026720734505866872e-01
2.274716390215438810e-01
2.235163351602855730e-01
1.902897725868566425e-01
1.309953826254992570e-01
5.471575507787584947e-02
-3.148711641829615715e-02
-1.163085802581462769e-01
-1.879661606560577569e-01
-2.379167281811088719e-01
-2.602486139623404471e-01
-2.514111168299506538e-01
-2.116727313821136214e-01
-1.478012853527093107e-01
-6.530144666493264971e-02
2.480277282863174726e-02
1.103959502392388714e-01
1.810702015198815129e-01
2.287975467692904274e-01
2.463316672428463860e-01
2.307922291056452302e-01
1.870840765499506286e-01
1.188297592845561912e-01
3.541064011528294309e-02
-5.185567578564731495e-02
-1.320132860760986349e-01
-1.962118882307185563e-01
-2.356901610260671021e-01
-2.456656042867454426e-01
-2.287121606460308376e-01
-1.860905163071864266e-01
-1.230731379083918053e-01
-4.827469516564997232e-02
2.759086259496545956e-02
9.674075635162604492e-02
1.503893580911586092e-01
1.821318098196005320e-01
1.925427736281721813e-01
1.806533670606087494e-01
1.475252752290978631e-01
9.800688486782149766e-02
3.962165946312135034e-02
-2.211134233693357043e-02
-7.933984790986514657e-02
-1.249320001744893549e-01
-1.565554880108134261e-01
-1.716890023077654037e-01
-1.684488060938021947e-01
-1.481387472771098501e-01
-1.157696026638593834e-01
-7.396507318446710055e-02
-2.681192130265408480e-02
1.984403733048134555e-02
6.212588890287529253e-02
9.671813567902165509e-02
1.194457475487507025e-01
1.287303768426397710e-01
1.269957805913453086e-01
1.139500515145299708e-01
8.887964203801201890e-02
5.475099383971571143e-02
1.578755664537956349e-02
-2.521298303851837730e-02
-6.421662538919148400e-02
-9.771561254962790599e-02
-1.247335360094574686e-01
-1.426371100824154192e-01
-1.465129538538547660e-01
-1.355223565696176413e-01
-1.127840371199251290e-01
-7.957032518920970077e-02
-3.844613853634026857e-02
6.182398646700670852e-03
5.039210093718171635e-02
9.051245872818936000e-02
1.204409197565263767e-01
1.363199715786005406e-01
1.383155991194116030e-01
1.255594862966913361e-01
9.698382358530954761e-02
5.540959172558390655e-02
6.758963871222656294e-03
-4.541105400598022257e-02
-9.508041902606778617e-02
-1.360266553667219824e-01
-1.649306656646480906e-01
-1.782331857189282109e-01
-1.716311258573499643e-01
-1.451424609589252457e-01
-1.033656602265264901e-01
-4.903371043065551937e-02
1.216307774278835296e-02
7.243037261707185870e-02
1.242137567263943421e-01
1.619540585958787471e-01
1.792720489251617977e-01
1.730639868296068862e-01
1.462161066517726482e-01
1.004103681300227979e-01
4.022490874795092708e-02
-2.680022232974232921e-02
-9.136225694567223776e-02
-1.466019903988546869e-01
-1.842532218129893096e-01
-1.985936254903615250e-01
-1.903062376889026464e-01
-1.597389921998666473e-01
-1.099425751279242691e-01
-4.723619158015390784e-02
1.869040591551396346e-02
8.088674693162123397e-02
1.305563924627533012e-01
1.602568878557946164e-01
1.685337269466404830e-01
1.545578175440087687e-01
1.199278763692619432e-01
6.931282620655720983e-02
1.154116514080172351e-02
-4.739272446907716319e-02
-9.942171350006390185e-02
-1.366084536677303340e-01
-1.560802168407233737e-01
-1.563066243584567694e-01
-1.378689159003098075e-01
-1.038510092995985623e-01
-6.134074695486901874e-02
-1.471584883335541605e-02
2.961348728778445683e-02
6.449556098180830865e-02
8.674283079673794639e-02
9.472950008386749055e-02
8.858582196859532409e-02
7.027463852073578821e-02
4.483234173076433571e-02
1.481245747397474943e-02
-1.549023645068658972e-02
-4.059675248376182211e-02
-5.790362513680169521e-02
-6.613969558142096528e-02
-6.558222590349715997e-02
-5.767156794487648952e-02
-4.408092520376427625e-02
-2.802838540776797505e-02
-1.104400322703702475e-02
5.342166668278691688e-03
1.960006960802962439e-02
3.019965092206589041e-02
3.561085594023727374e-02
