4.125184395563139539e-01
1.405133897169474899e-02
-2.955443046189113465e-01
-5.221150617502496871e-01
-6.715075029570651832e-01
-7.495681987741025232e-01
-7.621437197361069504e-01
-7.150806363778282604e-01
-6.057454716572389097e-01
-4.352034768110402130e-01
-2.156329684720612594e-01
2.505127732012724096e-02
2.603196002989960345e-01
4.685645051690876528e-01
6.272728175964035202e-01
7.183477424490958274e-01
7.310797175682286486e-01
6.683341104587148251e-01
5.349142715273351723e-01
3.447621826991849048e-01
1.169845040286217053e-01
-1.219370829594457195e-01
-3.482877716874657192e-01
-5.364811663679539544e-01
-6.665553927223182296e-01
-7.290438053647461114e-01
-7.160716426635803655e-01
-6.283463733045535626e-01
-4.743909755042111653e-01
-2.733707654596188030e-01
-4.361481949090695309e-02
1.895149165678682301e-01
4.008723445162190036e-01
5.685804772367775151e-01
6.753046771595889730e-01
7.092221885778748902e-01
6.655026761206552788e-01
5.528273387719855325e-01
3.809056451147510014e-01
1.681753037591364741e-01
-6.341359333349061433e-02
-2.879735965238686690e-01
-4.826739022005118729e-01
-6.249819773048301830e-01
-6.989346973998107337e-01
-7.008134034925843636e-01
-6.288381600227259671e-01
-4.901907669975947845e-01
-2.985708847646255659e-01
-7.712676938626628065e-02
1.528434873072213041e-01
3.653677460215232209e-01
5.370350508564181169e-01
6.512697233695516896e-01
6.955178703189042189e-01
6.647628421302347324e-01
5.610663994946318844e-01
3.985248747955247861e-01
1.916257791441335900e-01
-3.549934716650893218e-02
-2.577930425528329739e-01
-4.513076967547660079e-01
-5.959831321227803125e-01
-6.751408038574373549e-01
-6.792030710902061674e-01
-6.124063221487116015e-01
-4.801655447690852396e-01
-2.964942422403537003e-01
-8.048475603672611278e-02
1.420027074890364283e-01
3.481629653726052709e-01
5.138520154658592354e-01
6.208255919024014968e-01
6.617856152682972670e-01
6.308505648211097938e-01
5.307833526547283132e-01
3.716746717250620780e-01
1.738096626807905665e-01
-4.402190852252463316e-02
-2.568604377260969018e-01
-4.406675537807688281e-01
-5.760143731618647678e-01
-6.482817415561670238e-01
-6.498875541573494452e-01
-5.795626327966743041e-01
-4.478378354839557263e-01
-2.663484288582683712e-01
-5.662825785007274959e-02
1.581752295511269502e-01
3.538700463288253495e-01
5.097120781364523623e-01
6.068471174992158268e-01
6.334418452579548831e-01
5.911499085333871140e-01
4.828265159742128887e-01
3.201147153719072769e-01
1.199499897304823204e-01
-9.311269988087078620e-02
-2.967316607779734161e-01
-4.659111114203671189e-01
-5.812822316194341532e-01
-6.334266117246987182e-01
-6.151336134905220909e-01
-5.279851616216140187e-01
-3.806435842606127329e-01
-1.927558891357625814e-01
1.757614531694540183e-02
2.255741665912971428e-01
4.070507850640727732e-01
5.419795618556466632e-01
6.152587803592117766e-01
6.183655252013218195e-01
5.493692876630362765e-01
4.188126409110461967e-01
2.383114157884651529e-01
3.042715736760248646e-02
-1.809836833222751018e-01
-3.715046950109013313e-01
-5.203461270778333425e-01
-6.090266543699252022e-01
-6.261981846644271155e-01
-5.742274368637133586e-01
-4.568623964736103771e-01
-2.871753772957800210e-01
-8.338160544902550875e-02
1.286161034147046411e-01
3.260471192842415711e-01
4.841890763620555482e-01
5.843949143068516427e-01
6.190873786110611121e-01
5.823549396201741501e-01
4.775892998516331200e-01
3.154402439239267775e-01
1.173401502224922233e-01
-9.710140807817069231e-02
-3.018732260652798871e-01
-4.724900617230858302e-01
-5.897611641731652643e-01
-6.397961553412867541e-01
-6.169192751952096154e-01
-5.219154157333156796e-01
-3.680760866576456847e-01
-1.694773387381087737e-01
4.951161795888103789e-02
2.638024172090476238e-01
4.483038505355756431e-01
5.822250898263510166e-01
6.483256955514524744e-01
6.370918239842355835e-01
5.541329026122654433e-01
4.061349007349082108e-01
2.093810433774914159e-01
-1.527227860608193488e-02
-2.399596143988352859e-01
-4.400746162948229179e-01
-5.901633573997316917e-01
-6.718225889941806805e-01
-6.790984629111647131e-01
-6.085997796819482275e-01
-4.676523650965290768e-01
-2.704424512220602317e-01
-4.248648859831971603e-02
1.933276092283777725e-01
4.088551380184477502e-01
5.781096665493690168e-01
6.820121881844463108e-01
7.076613323291216506e-01
6.519629367257377961e-01
5.186492979062207187e-01
3.253979190161309099e-01
9.036204226769561920e-02
-1.581658504665819365e-01
-3.918173255308520231e-01
-5.833742042147869178e-01
-7.109646672740967954e-01
-7.579913349036246917e-01
-7.162934261418434367e-01
-5.945334573471839912e-01
-4.030612680565665018e-01
-1.641388748281035204e-01
9.636247034088052388e-02
3.469413817084543439e-01
5.601826580510818054e-01
7.095948446057076531e-01
7.765509134829284843e-01
7.569103681105162629e-01
6.499374442623691017e-01
4.674805731428894884e-01
2.282510447854348978e-01
-3.715972782081267134e-02
-3.017055684580146613e-01
-5.340977256070545964e-01
-7.068004300897148262e-01
-8.017591038525930802e-01
-8.065877823237400657e-01
-7.205490442891389069e-01
-5.507682905631714476e-01
-3.191715996048325454e-01
-4.791711126920983332e-02
2.305110817457256545e-01
4.845403939214896205e-01
6.852540932082795688e-01
8.098190852147126861e-01
8.433845660468848315e-01
7.797182524871340004e-01
6.296156665060435031e-01
4.060809526499866706e-01
1.351313827613029872e-01
-1.542137084714400030e-01
-4.278835075294870061e-01
-6.562259640156130613e-01
-8.115128825145424551e-01
-8.747329445106639678e-01
-8.431389620586288158e-01
-7.173431809063501863e-01
-5.113789124108063522e-01
-2.460937593765974984e-01
4.572137765194539405e-02
3.339847347305200387e-01
5.844246458321131765e-01
7.681032248055519318e-01
8.667292223245639526e-01
8.676849504738644026e-01
7.711514907564327448e-01
5.856159556661195698e-01
3.353364626990740227e-01
4.444103019091660833e-02
-2.528117116405629305e-01
-5.230116730991360985e-01
-7.359787187550260734e-01
-8.679849561439854089e-01
-9.037849109159117322e-01
-8.370734735178131380e-01
-6.794576786688084624e-01
-4.449506718535632954e-01
-1.617526312037382841e-01
1.393121446986340661e-01
4.233642330070086501e-01
6.600014399371882945e-01
8.214456265983145489e-01
8.885706741972827505e-01
8.587894257819728150e-01
7.330924921447055098e-01
5.262175258512866716e-01
2.596856383527414991e-01
-3.316409578837742345e-02
-3.221743644167220921e-01
-5.736018054769502772e-01
-7.591530926180403149e-01
-8.617800440415303020e-01
-8.689379110684227747e-01
-7.805086140813924933e-01
-6.049067940695169732e-01
-3.655161400971813634e-01
-8.559161570260742646e-02
2.018561807666570118e-01
4.647256416224496700e-01
6.743215845246945950e-01
8.078870035090734980e-01
8.511250693816940771e-01
7.979735321898946410e-01
6.590060517652425176e-01
4.468923657405232674e-01
1.868906507714691578e-01
-9.288383080755446830e-02
-3.601021959131397443e-01
-5.864633515743187253e-01
-7.456914808316124077e-01
-8.195198526027744901e-01
-8.052973528593512231e-01
-7.031032844824222083e-01
-5.251534566470708043e-01
-2.901135043738950481e-01
-2.733696530369800204e-02
2.361781833138372200e-01
4.696374158190907977e-01
6.469201020768926558e-01
7.518348840964532709e-01
7.724639567344024904e-01
7.077410391929912503e-01
5.641312747461995070e-01
3.616542002365286113e-01
1.199226813145768400e-01
-1.327590698779336220e-01
-3.681308669136084122e-01
-5.608553684658879046e-01
-6.905983125811854251e-01
-7.432248493739643802e-01
-7.121155788592394842e-01
-6.059774988371622317e-01
-4.347382660174529123e-01
-2.191884112977783294e-01
1.682909825181067021e-02
2.460986430187706020e-01
4.446914656927085652e-01
5.899402772291162389e-01
6.658275966226021580e-01
6.694509659333678364e-01
5.997931749167886295e-01
4.656145019647000005e-01
2.817429584404875786e-01
7.207570499531357200e-02
-1.422569726519173905e-01
-3.367843969804081850e-01
-4.900107975290111106e-01
-5.887489574173092599e-01
-6.225213734174563918e-01
-5.887450183130095160e-01
-4.913490948103229616e-01
-3.447137526102146410e-01
-1.628785703672140928e-01
3.264266830704443123e-02
2.199010779341763477e-01
3.791783747481913824e-01
4.942287734411003886e-01
5.527051941952370040e-01
5.482431804547669429e-01
4.866099893946660426e-01
3.736776186655987875e-01
2.222586046165764273e-01
4.885553190669100765e-02
-1.263546014557064279e-01
-2.854744081340896411e-01
-4.101368647123309064e-01
-4.870748718916360076e-01
-5.130394606887785924e-01
-4.851376797683534248e-01
-4.066284312874473006e-01
-2.863485137314680795e-01
-1.401855444979324128e-01
1.785016839384834242e-02
1.700030532028140584e-01
2.994013477472956541e-01
3.943884325812803127e-01
4.457126626983065609e-01
4.483049422002776119e-01
4.021297785450956841e-01
3.154883083806128141e-01
1.961668787251520385e-01
5.836160532905831921e-02
-8.215955232407456954e-02
-2.108783101762972123e-01
-3.153294854940248415e-01
-3.838802452932721376e-01
-4.095032108085777667e-01
-3.943070304047547880e-01
-3.396864654904617753e-01
-2.508709921964372702e-01
-1.376204853520763827e-01
-1.375772354449067425e-02
1.088251654681369196e-01
2.161384827738490610e-01
2.972537533821095757e-01
3.479584499323566948e-01
3.630279748936253714e-01
3.400902447968585651e-01
2.821650603256382617e-01
1.973671598263651017e-01
9.256854903982558724e-02
-2.111508077305679354e-02
-1.312986096435074801e-01
-2.274997442337344244e-01
-3.009187259421127747e-01
-3.429690395290713179e-01
-3.491955479345646429e-01
-3.228759833031569215e-01
-2.659394581037378691e-01
-1.824690849605438148e-01
-8.071026823103699677e-02
2.824652916230085964e-02
1.344214037658419958e-01
2.254076731830625402e-01
2.919746792737616392e-01
3.306521333773615456e-01
3.370135326339620541e-01
3.081687202631335776e-01
2.467090782330316756e-01
1.606206135751271358e-01
5.641479625258694064e-02
-5.506115260028632274e-02
-1.616131839652893420e-01
-2.529628220905842939e-01
-3.204709439138732074e-01
-3.554056419906670428e-01
-3.534060973737064293e-01
-3.176433776076412752e-01
-2.502977845400274903e-01
-1.560368316535025723e-01
-4.401355601314793642e-02
7.308091626086699044e-02
1.845839274101708227e-01
2.775115989383305504e-01
3.419440103663773378e-01
3.739599157779025518e-01
3.690058649569472049e-01
3.250276065149000360e-01
2.457192155260106148e-01
1.401826063202220585e-01
1.644293598940738121e-02
-1.126278800837585692e-01
-2.330833466420880740e-01
-3.323269501956879202e-01
-4.001630885075728727e-01
-4.268068850592015018e-01
-4.076522779719222722e-01
-3.473730977336251247e-01
-2.500435675905673394e-01
-1.234960126572768324e-01
2.011891520865960459e-02
1.644459107706046641e-01
2.951002214025153503e-01
3.954724556608071317e-01
4.536130613311544213e-01
4.653394738069212000e-01
4.271857682836555092e-01
3.406473476416589374e-01
2.133185869370057830e-01
6.031666329584828290e-02
-1.050953979967204077e-01
-2.646105113029745270e-01
-3.998667488684027882e-01
-4.957799423418822737e-01
-5.413024172110630916e-01
-5.290947065213833511e-01
-4.578057118293260563e-01
-3.366185095439035990e-01
-1.750248398294428354e-01
9.386520834950173864e-03
1.968319692430053891e-01
3.662147725745772409e-01
4.996255615132030314e-01
5.798573476626627254e-01
5.961539939888256256e-01
5.491367717549746619e-01
4.408310863256381662e-01
2.811008337230109788e-01
8.550636670714206744e-02
-1.225233502014451137e-01
-3.223924761532528382e-01
-4.902994054365656940e-01
-6.068090362645217617e-01
-6.609593553389419007e-01
-6.444709361190616992e-01
-5.570008922082800851e-01
-4.056585030574735296e-01
-2.085951818915174893e-01
1.650531050477344053e-02
2.438941701671102358e-01
4.481972347828286907e-01
6.064133804286884200e-01
7.005765114228905688e-01
7.181937494186121373e-01
6.543795239821776910e-01
5.186083301884472085e-01
3.218424591818580538e-01
8.519407092086672684e-02
-1.668875098728452855e-01
-4.051657228272539379e-01
-6.042577280906162862e-01
-7.394239980369411436e-01
-7.936771128272015474e-01
-7.638919512722897043e-01
-6.498950679268618025e-01
-4.627801783694410753e-01
-2.204786654816611735e-01
4.793746906323170798e-02
3.158768033216952098e-01
5.519630133337827260e-01
7.289362067725246863e-01
8.282119399406737692e-01
8.369090875953515418e-01
7.531187550045013168e-01
5.830524387215085813e-01
3.478263908714869235e-01
6.897429636186735991e-02
-2.214378352759697188e-01
-4.914272722124753967e-01
-7.105291961108347598e-01
-8.543398962182325862e-01
-9.046521829547291560e-01
-8.526521549864662930e-01
-7.082058081014368511e-01
-4.834176080712189183e-01
-2.032365005573084638e-01
1.031639206847136947e-01
3.998507937250634914e-01
6.552771471480063337e-01
8.389144634542275991e-01
9.287670711488817954e-01
9.183211344546249322e-01
8.055130762819766588e-01
6.025847366883512191e-01
3.296066896028093662e-01
2.039575144420258113e-02
-2.944937279601960167e-01
-5.791518188378397269e-01
-8.011260348788385999e-01
-9.371256628382823584e-01
-9.707712101707157704e-01
-8.985116812085538474e-01
-7.255899232610747429e-01
-4.741196803851076558e-01
-1.675980441506961238e-01
1.580622746229778386e-01
4.672288379741977860e-01
7.252493714243706258e-01
9.037901640158927385e-01
9.817821821222094680e-01
9.480720053241604717e-01
8.115499900947689138e-01
5.839088438367989742e-01
2.904780349881668222e-01
-3.849672353369404387e-02
-3.641324947340771612e-01
-6.518777638743000757e-01
-8.677814549328051186e-01
-9.867664635247024307e-01
-1.000000000000000000e+00
-9.033425437564637228e-01
-7.078898585659560982e-01
-4.329954408991648629e-01
-1.128944312230948377e-01
2.206588312878494662e-01
5.295563012925144086e-01
7.787541606528887161e-01
9.417636869003727096e-01
1.000000000000000000e+00
9.479981929781504668e-01
7.890662656249858298e-01
5.447166704934827131e-01
2.380947924344785083e-01
-9.402471327160988324e-02
-4.148792695092530236e-01
-6.887271150213212234e-01
-8.859572245240577848e-01
-9.842458858620660722e-01
-9.710288902444887960e-01
-8.536083473469822103e-01
-6.423199460833567409e-01
-3.615096227593662670e-01
-4.073683712697240278e-02
2.814086792253809310e-01
5.708738939588491323e-01
7.940312432826819311e-01
9.256879378953655202e-01
9.567142029317483587e-01
8.817302113143015152e-01
7.099602870842667279e-01
4.590385767285769525e-01
1.607746081807279737e-01
-1.550513531031383341e-01
-4.519789856826916807e-01
-6.964469375577586607e-01
-8.629428701941539437e-01
-9.331194581107939978e-01
-9.012319816330335298e-01
-7.695561354876608862e-01
-5.569281515139856698e-01
-2.836801416570055023e-01
1.742260772762538323e-02
3.131622524402783991e-01
5.707259165156937097e-01
7.626122369172199100e-01
8.673323348362256269e-01
8.724096094867999085e-01
7.837559823101993839e-01
6.093892582695095150e-01
3.695891699316242729e-01
8.973699485933872566e-02
-1.965930702821025999e-01
-4.591287128334416989e-01
-6.672045783920657058e-01
-7.976910993397924310e-01
-8.414942860958214421e-01
-7.927464538172849240e-01
-6.580836492320959463e-01
-4.517324254611656542e-01
-2.007704584510409118e-01
6.977165861532008684e-02
3.288126248978868738e-01
5.470292448427267473e-01
7.019565965084630932e-01
7.771233153637326918e-01
7.658683902660412546e-01
6.686966165762890935e-01
5.007706533711957508e-01
2.782876654104777803e-01
2.881572992226466567e-02
-2.193768597326679615e-01
-4.389316781156814562e-01
-6.067877165944532969e-01
-7.044789640134447861e-01
-7.210087759066113877e-01
-6.608735396595322165e-01
-5.298905751232696471e-01
-3.436848793330946616e-01
-1.227600316225986310e-01
1.054637228485260092e-01
3.169386738664510261e-01
4.871360418861441222e-01
5.975409246660454698e-01
6.416930224957586582e-01
6.143386810321811442e-01
5.194410046408128867e-01
3.678163594507966039e-01
1.801233199581295796e-01
-2.493178414819319233e-02
-2.235334830583843857e-01
-3.929331049979062351e-01
-5.161147165644891510e-01
-5.804633052191116027e-01
-5.807513160672228558e-01
-5.171754432726650696e-01
-4.006521572791302832e-01
-2.424202369251555744e-01
-6.204429875217032375e-02
1.197993620551096594e-01
2.831775651349124345e-01
4.112092345244497960e-01
4.894454276627033806e-01
5.093633596984055156e-01
4.747793220190266172e-01
3.892969739400746754e-01
2.627790373342595576e-01
1.094198758124791393e-01
-5.167605907349204220e-02
-2.035268840915206434e-01
-3.278913051585952143e-01
-4.112368155982688567e-01
-4.492804929324017982e-01
-4.379585962681044053e-01
-3.790587286886525353e-01
-2.798656619300080584e-01
-1.548083099387119743e-01
-1.605225885784022921e-02
1.204480387272188757e-01
2.386104239758366496e-01
3.268986565557958635e-01
3.767527700575223903e-01
3.835473412651400071e-01
3.469041526747391746e-01
2.743126215250688560e-01
1.726635493106569719e-01
5.519412876287410619e-02
-6.364607465571203715e-02
-1.711282181973161620e-01
-2.564957943377174088e-01
-3.101114504917539261e-01
-3.265521656175578435e-01
-3.087298355685829110e-01
-2.585903013270078876e-01
-1.820533096434037157e-01
-8.865272612606733826e-02
9.364332814581821651e-03
1.018750927876583834e-01
1.774463645702271108e-01
2.280289679790672430e-01
2.529000007278838780e-01
2.495516406598372594e-01
2.179641305759500991e-01
1.627931864072180712e-01
9.259472197931684079e-02
1.404273083613527540e-02
-6.322222154471579536e-02
-1.297451308937397352e-01
-1.800067146037581667e-01
-2.094076726432438917e-01
-2.149268965923030184e-01
-1.967931789530307229e-01
-1.600149471429965775e-01
-1.079074409185927230e-01
-4.668813177240793699e-02
1.570427869562140977e-02
7.269491169029285160e-02
1.189065471370049920e-01
1.486778949116289716e-01
1.592842403636438586e-01
1.532319468827991749e-01
1.310556584783026945e-01
9.497970263017108117e-02
5.011334475940465438e-02
2.268759163681410840e-03
-4.402814442684455098e-02
-8.268310694419267470e-02
-1.094305197457853263e-01
-1.244510335604029905e-01
-1.264072765301933465e-01
-1.144396898620179126e-01
-9.086071232162740152e-02
-6.009836734500639821e-02
-2.482103021113968300e-02
1.059621032197322066e-02
4.156841254092036309e-02
6.623518288509311347e-02
8.243095538676747935e-02
8.724158617175836739e-02
8.059928537761829048e-02
6.574804449967941444e-02
4.385698391649861527e-02
1.771308689617923093e-02
-8.454282137083768411e-03
-3.195807518388460444e-02
-5.075921348225886920e-02
-6.236078216397711316e-02
-6.588852497863839641e-02
-6.297836519842259229e-02
-5.372123353892321873e-02
-3.887637158652912373e-02
-2.133995826529166973e-02
-4.269833752900020762e-03
1.101640603727727097e-02
2.289748972375016400e-02
3.013547873067068394e-02
3.371859656659137450e-02
3.316463817155645977e-02
2.793458147414207282e-02
1.944403872359634633e-02
9.555540556922315076e-03
-9.534251494053291864e-04
-1.077216275350290076e-02
-1.857405863136196711e-02
-2.416295234982301920e-02
-2.701205535045414496e-02
-2.668568418885486349e-02
-2.378682735453163666e-02
-1.957669516637972063e-02
-1.434926394810187578e-02
-8.583980355901243975e-03
-3.230795029404820440e-03
1.272617049360658115e-03
4.552186358322218851e-03
6.287781515787349562e-03
6.666776735883228611e-03
6.342409859233510971e-03
5.305663239584923474e-03
3.522095488700527355e-03
1.431072509176178897e-03
-6.450031628012498075e-04
-2.543402887335788343e-03
-4.159517244171628825e-03
-5.520145796154452000e-03
-6.831489568937532120e-03
-7.955186667607971884e-03
-8.553392525985081818e-03
-8.631684385402516035e-03
-8.338610632377396747e-03
-7.715885153447010758e-03
-6.919960339438979702e-03
-6.076032950908638597e-03
-5.167763486101484283e-03
-4.301639568538129232e-03
-3.639947801903575808e-03
-3.249416397293036773e-03
-3.167978594144416071e-03
-3.383184009239426082e-03
-3.777144853034486438e-03
-4.209452925617362951e-03
-4.509628607520688170e-03
-4.656342234528154655e-03
-4.703515602509034110e-03
-4.658149754812268561e-03
-4.571428897999774144e-03
-4.457177295265069006e-03
-4.328607780014648299e-03
-4.198933185654563083e-03
-4.081366345591419531e-03
-3.989120093231490749e-03
-3.935407261981160865e-03
