9.737073214177582869e-02
-2.593068405210643412e-01
-4.948341497144584933e-01
-6.241726260599148590e-01
-6.622837001789410039e-01
-6.241288026930453814e-01
-5.246693642237354460e-01
-3.788668153925216497e-01
-2.046378033497758819e-01
-9.525968712177368403e-03
1.889687775320862961e-01
3.616823500277135395e-01
4.858488463687249403e-01
5.522533448862423366e-01
5.517051399986359073e-01
4.860201989317376459e-01
3.624568623937971523e-01
1.998472883225126395e-01
1.531528437956231059e-02
-1.673773496426718133e-01
-3.254844008757722396e-01
-4.420845489125626582e-01
-5.048101424859290365e-01
-5.080483681312083499e-01
-4.516511702117542715e-01
-3.469960115833917724e-01
-2.045282702500598182e-01
-4.344959514595292394e-02
1.161026409805285819e-01
2.569735385771478864e-01
3.648906702082670428e-01
4.283558349754350569e-01
4.411419462466288355e-01
4.079002832961819980e-01
3.320281334520556182e-01
2.222442918274858403e-01
9.154949436539339125e-02
-4.449010244495366084e-02
-1.726831019425536518e-01
-2.784824258628207927e-01
-3.514261790733534951e-01
-3.898302607647646800e-01
-3.895185026495674441e-01
-3.484674379107829401e-01
-2.712482886131264426e-01
-1.676565956969007232e-01
-4.610647447240645569e-02
8.075851001710487864e-02
1.996693421719932804e-01
2.996719650277497315e-01
3.706782092727676226e-01
4.017802300269033289e-01
3.882416390388803151e-01
3.348972427176220013e-01
2.451010304095249115e-01
1.252837876258758865e-01
-1.265310686193144019e-02
-1.519261019897211185e-01
-2.781949513957195919e-01
-3.737984220979798655e-01
-4.260158411259925559e-01
-4.306558451480246852e-01
-3.844862315839836509e-01
-2.898539417825264364e-01
-1.559352154853540506e-01
-9.444754885941097911e-04
1.600649636708351142e-01
3.062963868982708782e-01
4.177961498074536095e-01
4.800174281273914545e-01
4.839277098241823172e-01
4.274379020380323357e-01
3.146481013414983430e-01
1.618631070015059681e-01
-1.587783238137130404e-02
-1.944152764138262768e-01
-3.500590635629887704e-01
-4.621556695829890371e-01
-5.157979384316275784e-01
-5.027768316767027290e-01
-4.221302498620436161e-01
-2.870528436166369657e-01
-1.107010876949328093e-01
8.160870828063049309e-02
2.643572603242168029e-01
4.125658039823523193e-01
5.068951200740812180e-01
5.334041834501539459e-01
4.861933270334801716e-01
3.746855412282008579e-01
2.092487212866014357e-01
1.531846091728694681e-02
-1.809627723819605682e-01
-3.523289906937325799e-01
-4.767196102447176509e-01
-5.362604637810421959e-01
-5.213303483475033584e-01
-4.381908929458969704e-01
-2.942405724326979666e-01
-1.107209241998761140e-01
8.836404812356279947e-02
2.738385593414407460e-01
4.221755444090538045e-01
5.116908118633651803e-01
5.291598334955469607e-01
4.787628267543322380e-01
3.644480122039244208e-01
2.015478347872048381e-01
1.049907474875944047e-02
-1.802538632015778797e-01
-3.473771628517354770e-01
-4.672088553622268936e-01
-5.224599126067217547e-01
-5.103281294354119479e-01
-4.306589223897888674e-01
-2.946883528835249066e-01
-1.186525057567276997e-01
7.109483011965145316e-02
2.529968077173538887e-01
4.031147950554005988e-01
5.004475584731775673e-01
5.347168433568048052e-01
5.008059022750037670e-01
4.039368388000075250e-01
2.543946502825311651e-01
7.401051398752800381e-02
-1.181032756439232001e-01
-2.970131660560136888e-01
-4.392511399240369707e-01
-5.280574306450851463e-01
-5.519568731322797017e-01
-5.076777337008221425e-01
-3.982236790121522763e-01
-2.390034338924686974e-01
-4.495418753701385661e-02
1.592944036380263828e-01
3.486936643974316574e-01
4.997909574375780650e-01
5.940144675648788564e-01
6.168560710898804977e-01
5.620182549979544362e-01
4.387693592634671624e-01
2.570002900421146652e-01
3.721119589410504247e-02
-1.960423363133558805e-01
-4.121558422282080025e-01
-5.852800254722967388e-01
-6.894672413863361937e-01
-7.080988219861852340e-01
-6.408261824149621422e-01
-4.901088015308222579e-01
-2.718302537659124107e-01
-9.042323862715417881e-03
2.620847842191169619e-01
5.106919257042377147e-01
7.018917364458838737e-01
8.075465486653348179e-01
8.134206232995946362e-01
7.134088554615689581e-01
5.184546426700500366e-01
2.475890577611321586e-01
-6.094418493076669829e-02
-3.726969768087727841e-01
-6.442386373323877313e-01
-8.377379705012464317e-01
-9.265323482295413360e-01
-8.948819443874798107e-01
-7.461429311750594762e-01
-4.933318432387887587e-01
-1.735945456065345338e-01
1.776740831007634913e-01
5.108878925338851129e-01
7.814608084283145573e-01
9.528246354329505952e-01
1.000000000000000000e+00
9.172691249077411513e-01
7.101836890252668510e-01
4.115270074060999317e-01
5.414063131462532041e-02
-3.105597684572372064e-01
-6.348735585959641714e-01
-8.754081862493110489e-01
-1.000000000000000000e+00
-9.939753394404086118e-01
-8.546678298368277638e-01
-6.074873414458574761e-01
-2.794211397317470924e-01
8.105803703662162185e-02
4.273891698971230557e-01
7.134958728226670210e-01
9.031484481301621514e-01
9.738404301252945316e-01
9.149483539971370316e-01
7.425186046334348866e-01
4.752004640348161946e-01
1.547659365545062116e-01
-1.771671174487287059e-01
-4.766965514765703071e-01
-7.074916744527486312e-01
-8.424643266893427906e-01
-8.650951746012826016e-01
-7.821871791238999005e-01
-6.029779173832781058e-01
-3.560211981321055319e-01
-7.299076108045732258e-02
2.074642937191770731e-01
4.525755097486501288e-01
6.327371757686368614e-01
7.271948773279828249e-01
7.353034741182988832e-01
6.566753457244227654e-01
5.041506471555929902e-01
2.969544420536400775e-01
6.394944540670377542e-02
-1.692775459938227200e-01
-3.746820820527444473e-01
-5.288193435780448315e-01
-6.201968694510693325e-01
-6.395239377487399457e-01
-5.869534726179052031e-01
-4.691642623413023738e-01
-3.032591510292339532e-01
-1.049856368987782673e-01
1.031264021784696894e-01
2.975077248547111086e-01
4.579305787364664759e-01
5.676713067654448608e-01
6.128783783206994684e-01
5.869949757694561399e-01
4.973884625732822862e-01
3.511810059567535003e-01
1.622637476957429215e-01
-4.977763331354490006e-02
-2.589470786654928247e-01
-4.423275643884231334e-01
-5.746544403239854937e-01
-6.382940224504503046e-01
-6.279441955279663201e-01
-5.406679452038812839e-01
-3.839967366740010268e-01
-1.736823391749866552e-01
6.155890545091580179e-02
2.967793479766229758e-01
5.003611189279000282e-01
6.440635864466253135e-01
7.083134315318222463e-01
6.818083576786615474e-01
5.663794946532385577e-01
3.718704163217216863e-01
1.263327345956992698e-01
-1.437551895052908701e-01
-4.002899101251390368e-01
-6.083875868147097243e-01
-7.391271625254534072e-01
-7.728620002149129142e-01
-7.039253756676395746e-01
-5.363359950988501046e-01
-2.959713841154402170e-01
-8.632817500698108937e-03
2.838331322490421638e-01
5.421601108299889393e-01
7.300275512406226852e-01
8.208020904168975562e-01
8.013764986740568030e-01
6.695968421023830164e-01
4.474383285280598699e-01
1.582568317154255944e-01
-1.548728280526601164e-01
-4.504260075064627777e-01
-6.865399935312979096e-01
-8.308995369717281365e-01
-8.628535722750332315e-01
-7.737312267707880942e-01
-5.801876747680383417e-01
-3.016745455711820068e-01
1.899823567070568764e-02
3.395590679055171535e-01
6.146722401672131131e-01
8.078494782491754123e-01
8.923717163964006716e-01
8.536926784752021380e-01
7.019376143575801752e-01
4.512450801656471278e-01
1.395650816279201401e-01
-1.932514670544851487e-01
-4.991709878752536023e-01
-7.387594236591652486e-01
-8.779672976541200713e-01
-8.955743116438193985e-01
-7.970511136733088309e-01
-5.905878963715327501e-01
-3.052500249709931834e-01
2.428103941898251961e-02
3.498713317811334989e-01
6.305921893924024690e-01
8.267373760911223002e-01
9.102573067909593973e-01
8.761685907085492442e-01
7.249916090146311110e-01
4.790139694479518262e-01
1.673134759278740447e-01
-1.637212451602575447e-01
-4.746817122612135842e-01
-7.236976680457489763e-01
-8.758652345704270870e-01
-9.142431038218551409e-01
-8.315336815732523590e-01
-6.417967240723064792e-01
-3.660063224817288186e-01
-4.550228089921548591e-02
2.825659368652171377e-01
5.735815645449755529e-01
7.885161131173656912e-01
9.014711804833326347e-01
8.963767532202564503e-01
7.765750556102288815e-01
5.540464025766318468e-01
2.631249330222891203e-01
-6.362363001494453218e-02
-3.811090724438080946e-01
-6.480156269734931307e-01
-8.307828866019153491e-01
-9.053162083389749704e-01
-8.638754543774970207e-01
-7.086746260945193665e-01
-4.650618987468989607e-01
-1.589996237607752549e-01
1.665012373832834847e-01
4.700893511352932652e-01
7.125453597752982038e-01
8.631944317276414314e-01
9.037079949554318592e-01
8.264865109206158689e-01
6.464395177167883144e-01
3.811727433464879855e-01
6.856321558838018859e-02
-2.526517537639680899e-01
-5.400006985673598825e-01
-7.581000986559434107e-01
-8.776137190924120368e-01
-8.810702571933604066e-01
-7.756021524879338491e-01
-5.708039518056029493e-01
-2.942080507948716672e-01
2.151968739258336427e-02
3.323483020825803713e-01
6.004477298178605427e-01
7.892251135769998704e-01
8.732168720518598271e-01
8.483635112238088194e-01
7.146565092806220765e-01
4.910201024404365899e-01
2.036981003714226635e-01
-1.052750165641469504e-01
-4.001747119230314453e-01
-6.424149207463023536e-01
-7.991024359573293268e-01
-8.532054496550400824e-01
-7.965710791476403596e-01
-6.397572911148861063e-01
-4.001102449731668287e-01
-1.138465561207155918e-01
1.863124488470577766e-01
4.599620825564838533e-01
6.710104834173060695e-01
7.945252639728026534e-01
8.143489742187568492e-01
7.309361346355331968e-01
5.527917344218518103e-01
3.087078118461026310e-01
2.599501264543691015e-02
-2.561869902077431593e-01
-5.012177406587696726e-01
-6.787794411417766849e-01
-7.666181891161080175e-01
-7.557897910061652791e-01
-6.461265403856075729e-01
-4.577204350998548277e-01
-2.109134839885112855e-01
5.899856804550029921e-02
3.173320852162690997e-01
5.310752163565324313e-01
6.740693489430340524e-01
7.291473772121037644e-01
6.882260192003315513e-01
5.623288740991703172e-01
3.640921397827110439e-01
1.235187261425334526e-01
-1.283253003839848194e-01
-3.584853889936464588e-01
-5.392983103723474336e-01
-6.473567336549246320e-01
-6.683464654167937669e-01
-6.071046866969551647e-01
-4.695640066217507957e-01
-2.749737214242582439e-01
-4.738973229393850239e-02
1.808453456207581578e-01
3.825833583339377508e-01
5.310519479383535302e-01
6.074789484514371285e-01
6.096254743663123143e-01
5.359240713218218488e-01
3.966588929128667118e-01
2.089281118642145607e-01
5.111846706409295393e-04
-2.052938468239509096e-01
-3.820640209649237562e-01
-5.065872647690250474e-01
-5.664957585233227899e-01
-5.545469679047229095e-01
-4.744289748440486676e-01
-3.353345375344999324e-01
-1.588394611967052228e-01
3.593886315287764255e-02
2.234271389434938637e-01
3.793433300559887478e-01
4.860244748397684056e-01
5.309336697615902878e-01
5.100111597594334523e-01
4.251993492148278264e-01
2.909936755279429743e-01
1.210545421745652384e-01
-6.165832287386863175e-02
-2.339181549042639308e-01
-3.751281836752945464e-01
-4.689608307882318083e-01
-5.040492553689648325e-01
-4.755411131445619333e-01
-3.913652253149113580e-01
-2.592448966176893466e-01
-9.643846168521519324e-02
7.720221664650384064e-02
2.398825561465831591e-01
3.731485069581781389e-01
4.591393870753375239e-01
4.867986105902148974e-01
4.584908162451275526e-01
3.760555127428186761e-01
2.485228009895170675e-01
9.042572560361006317e-02
-7.691487701383725728e-02
-2.353283107039680910e-01
-3.641498290297747742e-01
-4.471860634375447452e-01
-4.781623006303287182e-01
-4.523672442755053424e-01
-3.720975368138147443e-01
-2.458931084305857606e-01
-9.159576430417082360e-02
7.564340334509767061e-02
2.352067616812643092e-01
3.668172506493381224e-01
4.554327955214325652e-01
4.904912728365919961e-01
4.671518466806203751e-01
3.864279841767404022e-01
2.601143503156571057e-01
9.954811449070688489e-02
-7.508885950531773990e-02
-2.424537722380878391e-01
-3.822050281728756049e-01
-4.780150106828930934e-01
-5.155702407985605085e-01
-4.879335371946870170e-01
-4.021287144644759559e-01
-2.651195317942183216e-01
-9.324931532257296762e-02
9.334536036745477716e-02
2.703477113503374163e-01
4.172623537797199855e-01
5.131947871468776068e-01
5.445736284702558105e-01
5.112488318825549882e-01
4.142150450042951793e-01
2.639833622894294241e-01
7.743726640036330267e-02
-1.189420391182044456e-01
-3.036884178952038438e-01
-4.524272592449748442e-01
-5.447742825330440519e-01
-5.712251680364417439e-01
-5.263556218729603664e-01
-4.149255616935160207e-01
-2.483597163770584482e-01
-5.054975000560923970e-02
1.574423031857690169e-01
3.477662310664328960e-01
4.949240262744962759e-01
5.805990601086479241e-01
5.928887557462085844e-01
5.301648471719269118e-01
3.976730813778419638e-01
2.155567350206519794e-01
2.817622255226748251e-03
-2.111568003791356452e-01
-3.982465771145513589e-01
-5.342668342259424552e-01
-6.014477851315684909e-01
-5.909777171686380060e-01
-5.018670561082718695e-01
-3.491671434651894002e-01
-1.482226060799544110e-01
7.204557111581522122e-02
2.828699831470045112e-01
4.561427198952758832e-01
5.697636728980370879e-01
6.086403440733398895e-01
5.660091311970454342e-01
4.512360936609745021e-01
2.750659649531657092e-01
6.386262976238366029e-02
-1.548741075672446232e-01
-3.510956940587977027e-01
-5.000546844497085752e-01
-5.808081305098824476e-01
-5.813997777484500862e-01
-5.075680173560368491e-01
-3.660033662781270181e-01
-1.773905735656881033e-01
3.415280712023993637e-02
2.378461835690903747e-01
4.079175957146303766e-01
5.197006978299782975e-01
5.573723359053179838e-01
5.227912255669824315e-01
4.187082585334029883e-01
2.604767899783204665e-01
6.847749646790446398e-02
-1.273775154357036365e-01
-3.029290008687669511e-01
-4.338037450039976539e-01
-5.010952890434274831e-01
-5.006968461475493903e-01
-4.321803002108154379e-01
-3.074526546954878814e-01
-1.426799690648998808e-01
3.533539087719161920e-02
2.050728781001642798e-01
3.434361421207419163e-01
4.303009655008149803e-01
4.575303139030144628e-01
4.220446422048091950e-01
3.318830342124170496e-01
1.988157736978235501e-01
4.539731513476197300e-02
-1.099560095496960876e-01
-2.457709031947614697e-01
-3.426025223809324727e-01
-3.906436425373461807e-01
-3.845785781392309088e-01
-3.281933871584207241e-01
-2.291638996266420758e-01
-1.053135807717331396e-01
2.884197493505324950e-02
1.546118504724343090e-01
2.542341831725793977e-01
3.172121804423833069e-01
3.367542426082772433e-01
3.126397932530713408e-01
2.485511280366914377e-01
1.571498666072113082e-01
4.856600518148690426e-02
-6.212598002504943207e-02
-1.595837360457097454e-01
-2.333879787981359977e-01
-2.758600957418946287e-01
-2.827533077253625571e-01
-2.537803420157442869e-01
-1.964372551959310265e-01
-1.163266032165819475e-01
-2.484491665202714916e-02
6.530567830948408314e-02
1.445894261305971096e-01
2.051576349254731202e-01
2.397151041506344615e-01
2.447644360988239232e-01
2.241448875782572348e-01
1.794685927834749339e-01
1.146677974589735971e-01
3.774886185655512705e-02
-4.182766117548075702e-02
-1.166029692248171656e-01
-1.768427124506417591e-01
-2.159628597639629000e-01
-2.339258470327848505e-01
-2.277733930885650349e-01
-1.946652778338021639e-01
-1.378422567657475728e-01
-6.474162746613576491e-02
1.887714003645779570e-02
1.030146133747256165e-01
1.774241329718413418e-01
2.341061968510822489e-01
2.660632357672327863e-01
2.660520312136607224e-01
2.322935171175852798e-01
1.705379999935119351e-01
8.503957554504126826e-02
-1.532460113205491581e-02
-1.184810424453476285e-01
-2.104513316328112671e-01
-2.803190805171350553e-01
-3.158760187569890077e-01
-3.101845803648466404e-01
-2.663113924922062559e-01
-1.868962392616180246e-01
-7.963737774130041913e-02
4.318801325602827923e-02
1.636627635678367110e-01
2.679545658590185564e-01
3.403414978665488810e-01
3.689340835918986095e-01
3.514980842599093602e-01
2.879881797100241059e-01
1.851769418959305913e-01
5.447985413555223033e-02
-8.454263611734469386e-02
-2.166017694445925290e-01
-3.234165428535147324e-01
-3.886540846124072468e-01
-4.043311142718784001e-01
-3.670985295216001587e-01
-2.814414094505868214e-01
-1.563281571711178097e-01
-1.077088575792373160e-02
1.394258137563408884e-01
2.735427628243680687e-01
3.723775080289026818e-01
4.236454025921541078e-01
4.200695922472998944e-01
3.621202930042453083e-01
2.554097288276120370e-01
1.168287377509520386e-01
-3.894584906110731826e-02
-1.902732171926160287e-01
-3.163569612480504611e-01
-4.013710488149119238e-01
-4.343745602548435558e-01
-4.111444078140653602e-01
-3.331763081645967572e-01
-2.138176364273554064e-01
-6.517983636316215801e-02
9.178604293732606223e-02
2.360295173179929318e-01
3.491974207535095687e-01
4.173628283488861612e-01
4.313201322517858927e-01
3.880685420571208244e-01
2.965485563478575948e-01
1.653657080159425252e-01
1.408361546540581877e-02
-1.368748066499543281e-01
-2.681008675930067753e-01
-3.638705596756679483e-01
-4.112364715219251066e-01
-4.035282382898381925e-01
-3.461486548179831813e-01
-2.441690508690130823e-01
-1.115241294653829263e-01
3.461583771638698792e-02
1.737318323659780006e-01
2.893407505701202087e-01
3.650863433259894375e-01
3.908957270526718375e-01
3.696690024550908227e-01
3.026789699761411878e-01
1.976360359436641900e-01
6.767501937426856351e-02
-6.803277977729527137e-02
-1.940076028964636823e-01
-2.928804806776085234e-01
-3.510813722955161698e-01
-3.648923828994207197e-01
-3.321791291499567311e-01
-2.575461236829473810e-01
-1.502393885422966813e-01
-2.722704004206388806e-02
9.815483069240893421e-02
2.093147041012961562e-01
2.905439643415017592e-01
3.332153894992739840e-01
3.323757830167233251e-01
2.891566448146543067e-01
2.087542547597005527e-01
1.048414219159947702e-01
-1.141425323490541377e-02
-1.238314936524436138e-01
-2.165147304025872854e-01
-2.787322902359266052e-01
-3.031850245134241062e-01
-2.874981858018308412e-01
-2.336045546896917680e-01
-1.518985720848478049e-01
-5.090209333355544263e-02
5.454735533437804484e-02
1.493183829396318441e-01
2.218652075202887097e-01
2.636710831609185846e-01
2.698659046196829614e-01
2.398890614059236981e-01
1.810584931508392170e-01
9.916510727634642031e-02
6.884538077973845205e-03
-8.223543017125367616e-02
-1.569699157453237071e-01
-2.085865284388818131e-01
-2.303938555597846438e-01
-2.200279335207230291e-01
-1.828058742112110835e-01
-1.222252447003123743e-01
-4.772789889612560899e-02
2.949316371839461048e-02
9.920000700131281768e-02
1.532290164204841432e-01
1.839828958210083520e-01
1.880251293770693888e-01
1.691994314370155461e-01
1.291530300998589009e-01
7.411386705970146593e-02
1.280979644785862348e-02
-4.595639191619482755e-02
-9.551367566842683399e-02
-1.288321069089205517e-01
-1.418388446244159828e-01
-1.366799458970519021e-01
-1.138277835049047448e-01
-7.714906976965318908e-02
-3.300915095790812881e-02
1.164117497133276835e-02
5.197584276248856661e-02
8.225832396097110255e-02
9.840372446458101052e-02
1.012819346183886360e-01
9.068153031402315101e-02
6.875365244944786625e-02
3.987862870650626945e-02
9.059093398772199990e-03
-2.070002554961436481e-02
-4.517768042630676550e-02
-6.082661293273894376e-02
-6.784637379301527993e-02
-6.565580813094051837e-02
-5.497066119755888991e-02
-3.859340854640058716e-02
-2.025274272853483382e-02
-1.571365084873099782e-03
1.516261054456657931e-02
2.742261651794453137e-02
3.501903097099057227e-02
3.722241655893254730e-02
3.386149240204372468e-02
2.667161773332815677e-02
1.836290317746347434e-02
9.542093897617398568e-03
9.621887396009665139e-04
-5.828825371649415388e-03
-1.050577415403375348e-02
-1.260272454376942797e-02
-1.195348210864877192e-02
-9.450984010219598552e-03
-6.121256197247793018e-03
-2.281850890508474450e-03
1.684032622039532967e-03
5.393195052437516068e-03
8.462437112726650668e-03
1.050855951494833462e-02
1.114836297114329966e-02
