5.433711459041012937e-02
-1.985541011319756910e-01
-3.622116085318728418e-01
-4.481124532433056196e-01
-4.677336809002979878e-01
-4.325523371368741321e-01
-3.540454675870584600e-01
-2.436901178848774885e-01
-1.161648717240990614e-01
2.255520736997440601e-02
1.596640888774223388e-01
2.740659702339829362e-01
3.495259535596983991e-01
3.814991855482809946e-01
3.649247148223337955e-01
3.033321597303075823e-01
2.040782404321308530e-01
8.292684255693849593e-02
-4.658913365795869232e-02
-1.668401374907707568e-01
-2.614844969450977885e-01
-3.202574187678157713e-01
-3.366735423610952571e-01
-3.106056104430127141e-01
-2.456358549826034299e-01
-1.540500159419956328e-01
-4.611591433513151372e-02
6.289073234794906320e-02
1.578323857981589473e-01
2.279019836478097805e-01
2.653918939191695081e-01
2.671457257375369210e-01
2.337147750379893196e-01
1.735649441515847435e-01
9.350355044584923725e-02
5.827137316294583869e-03
-7.663819185251330435e-02
-1.439680427619165481e-01
-1.886633036133990027e-01
-2.059457018854110588e-01
-1.944724403497589682e-01
-1.597241353376408490e-01
-1.056188249030836079e-01
-4.160636614836155101e-02
2.197628784086669285e-02
7.706305692669990215e-02
1.174124351924494825e-01
1.380670053516468432e-01
1.371679453192076181e-01
1.186689463042509551e-01
8.474765525636218655e-02
4.235316855072657205e-02
-4.186866030371216851e-04
-3.742330037010066501e-02
-6.422883532868539636e-02
-7.743426492324789745e-02
-7.608744728751837272e-02
-6.361898846780367212e-02
-4.125960233482439676e-02
-1.323583700533381702e-02
1.452811909475770769e-02
3.730725695969017153e-02
5.228143937106843886e-02
5.688394820826481180e-02
5.059533360800494428e-02
3.691898562471562784e-02
1.691378301103174664e-02
-6.125192476020502319e-03
-2.738289844954366892e-02
-4.362736087921847972e-02
-5.271255723752443778e-02
-5.195528523100279017e-02
-4.077501242420344951e-02
-2.205472834128929804e-02
2.757734225164787389e-03
2.958225587250917776e-02
5.333425518516987651e-02
7.036689597339074176e-02
7.847896932583053875e-02
7.501718092510678559e-02
5.928212420227296775e-02
3.427216891598972026e-02
1.785045309979471639e-03
-3.372531625283725631e-02
-6.649551515865692597e-02
-9.172734569187213083e-02
-1.064572404973221920e-01
-1.068950425379412428e-01
-9.157123586987137021e-02
-6.370102913086239660e-02
-2.526229269370416919e-02
1.849970645108300893e-02
6.081938403704523211e-02
9.582925541761766475e-02
1.196218051061781473e-01
1.278905464625885724e-01
1.184946345806501267e-01
9.385105786584913012e-02
5.563022669647610385e-02
8.212867204808516064e-03
-4.172665770035577371e-02
-8.653593398262238168e-02
-1.213870221768843516e-01
-1.406443957519685206e-01
-1.407057675837217747e-01
-1.236317694966668768e-01
-9.027621750046133098e-02
-4.342560349811253051e-02
1.101503255227331834e-02
6.505476391578879358e-02
1.129027357936762677e-01
1.467847324099562645e-01
1.608909805267026982e-01
1.550392181088138255e-01
1.291282323675972954e-01
8.508911809834374118e-02
2.805730220800106700e-02
-3.304893478960069242e-02
-9.186492058566864127e-02
-1.396053173553025717e-01
-1.683781996005447867e-01
-1.751974321692638670e-01
-1.585154482667620046e-01
-1.193546238598108822e-01
-6.197850704341578698e-02
4.437245646617515860e-03
7.324766325615517104e-02
1.346057923775103582e-01
1.786728559556862717e-01
1.996044448343148314e-01
1.941324208101153914e-01
1.618766588360707193e-01
1.058119677639037803e-01
3.489872224478696161e-02
-4.387705203341674132e-02
-1.190950788485790612e-01
-1.792556521647129530e-01
-2.160199159287002901e-01
-2.239369124925333354e-01
-2.005209497885046543e-01
-1.472301434927734132e-01
-7.250708749200440728e-02
1.658406281149771289e-02
1.070226549629662571e-01
1.855481715759124128e-01
2.410268758337432704e-01
2.654976878015489206e-01
2.538998629652762240e-01
2.057355040000679036e-01
1.283735290838696752e-01
2.854213028672392127e-02
-7.942913373889881612e-02
-1.806012368092249076e-01
-2.607497035308585787e-01
-3.089848283834497611e-01
-3.166308218284960008e-01
-2.804146206690315557e-01
-2.065008821538503181e-01
-1.008041928745303517e-01
2.257229236335334122e-02
1.477858601618520229e-01
2.572392253400836992e-01
3.367833485803022331e-01
3.730376749593371510e-01
3.589221419300032689e-01
2.988661967247994156e-01
1.971716797403124666e-01
6.587407244181764376e-02
-7.942921976769556913e-02
-2.179795262315744608e-01
-3.329332498640868998e-01
-4.068765140567291994e-01
-4.279925006692237854e-01
-3.959260169726764866e-01
-3.118908556818484890e-01
-1.854323359094077750e-01
-3.063560202041248903e-02
1.303255130666118866e-01
2.793339602849842507e-01
3.961059797179122821e-01
4.637346423568304843e-01
4.747846769635781783e-01
4.260689198308771353e-01
3.234392156249108474e-01
1.774628053523490401e-01
9.015557611763425072e-03
-1.639132523964240695e-01
-3.186594894853498339e-01
-4.344661099652029623e-01
-4.974752847848766812e-01
-4.990714365962356514e-01
-4.390852901459841862e-01
-3.227444415672984235e-01
-1.670674090376116361e-01
1.220467932375468578e-02
1.917457990293600645e-01
3.489114777845323534e-01
4.648478029610720874e-01
5.255480213634109443e-01
5.233147814238556794e-01
4.566930058745650722e-01
3.365664664876000245e-01
1.740309443285430469e-01
-9.249586569335943587e-03
-1.908801379021292099e-01
-3.492071881716684034e-01
-4.663588782318109915e-01
-5.275316270579614164e-01
-5.245434720803550110e-01
-4.624574726084185183e-01
-3.466024958089843899e-01
-1.905659500360125103e-01
-1.205841578449162732e-02
1.660227088167731679e-01
3.243247866131093726e-01
4.430662386269015318e-01
5.082975515351928486e-01
5.176216609602208862e-01
4.686478842956625090e-01
3.662668458200164512e-01
2.216419460130769625e-01
5.384437457193458343e-02
-1.205210104302198992e-01
-2.807564210737413246e-01
-4.078276398523460466e-01
-4.890694045139936108e-01
-5.153530179676183431e-01
-4.839099082070447144e-01
-3.973716924159007569e-01
-2.677647437371943884e-01
-1.067066510010611369e-01
6.690702337585685555e-02
2.332432934645245481e-01
3.739684844873556457e-01
4.740411813617315673e-01
5.206255056351227761e-01
5.071960679871110322e-01
4.394379590146340053e-01
3.227902666469106840e-01
1.688848165675846946e-01
-6.148632815202059732e-03
-1.811974964026218382e-01
-3.377477901733886290e-01
-4.557599067897561973e-01
-5.209978065200425723e-01
-5.294207993547535018e-01
-4.780325059576292501e-01
-3.710412803501649259e-01
-2.191825579081193576e-01
-4.218579594913296482e-02
1.427610013098359332e-01
3.134362751820713999e-01
4.488441919253502999e-01
5.335367386827079006e-01
5.569532514090196340e-01
5.154736560607902085e-01
4.116774408382708472e-01
2.597914604977591413e-01
7.391741240578442174e-02
-1.226860898379901199e-01
-3.063919091427107499e-01
-4.547712908998783332e-01
-5.501796589655587599e-01
-5.792126930262878615e-01
-5.359654683500414407e-01
-4.287457056436367875e-01
-2.669001555468493159e-01
-7.156171971537017562e-02
1.338374676323588197e-01
3.225673219203557540e-01
4.722461833532793918e-01
5.621003280561214233e-01
5.792448768990565711e-01
5.259629338839528767e-01
4.061989128992693487e-01
2.352074483241517466e-01
3.324903695756620259e-02
-1.703567106424380695e-01
-3.515474239385654176e-01
-4.855699532805168861e-01
-5.538542441168954333e-01
-5.516342553164288454e-01
-4.772402146996516104e-01
-3.412234802061874239e-01
-1.598029300828108790e-01
3.921738083442849465e-02
2.324157273620632846e-01
3.930175363656649434e-01
4.981327840574303334e-01
5.357974597056449628e-01
5.002727038744976262e-01
3.987731394073954494e-01
2.433456832275602277e-01
5.961806588101836724e-02
-1.301514137918107217e-01
-2.982526701641322608e-01
-4.203743159077870661e-01
-4.814617805495957636e-01
-4.727607031364650103e-01
-3.980931757218323375e-01
-2.665056872422085776e-01
-1.014972365323639769e-01
7.637718145784866408e-02
2.396559481866920027e-01
3.639689813274527008e-01
4.329632026905416708e-01
4.364925731810340714e-01
3.764479808652849702e-01
2.600457230096440142e-01
1.091723219368379016e-01
-5.705529227749273069e-02
-2.119332775458619977e-01
-3.316834637916740158e-01
-3.998143946170658047e-01
-4.059264338314417797e-01
-3.511779773977599106e-01
-2.420022391671482476e-01
-9.936659989152774042e-02
5.853382854530897461e-02
2.057986992924252245e-01
3.193748465332475472e-01
3.831894747026645121e-01
3.871427460549998756e-01
3.323222182861433893e-01
2.249836078683031815e-01
8.560354705183237378e-02
-6.815592315092278142e-02
-2.110987091577278818e-01
-3.208059784652672608e-01
-3.817623775967842192e-01
-3.842653333907988245e-01
-3.294531982089139444e-01
-2.234826040518356205e-01
-8.625714701601550072e-02
6.512607613371423909e-02
2.063615224267749682e-01
3.157362261568037454e-01
3.783468622247219137e-01
3.848139561419201549e-01
3.360635409610570612e-01
2.378079215583424055e-01
1.087829519671188461e-01
-3.504250427715449590e-02
-1.709501276243973189e-01
-2.784455178258066210e-01
-3.436391687700255382e-01
-3.576223436466461347e-01
-3.208734624215957565e-01
-2.382494813884269425e-01
-1.264375167230876729e-01
5.988866858899211110e-04
1.228049551345307133e-01
2.218475168549742804e-01
2.857509878543109672e-01
3.066820837001018596e-01
2.848609477095496167e-01
2.241917797975283566e-01
1.385439955510532339e-01
3.899119959155084025e-02
-5.840297498875934856e-02
-1.387147709113022431e-01
-1.932271386657722356e-01
-2.162478338957457558e-01
-2.084866435576426813e-01
-1.732947566215145008e-01
-1.213616080219501736e-01
-6.020907756472815286e-02
-2.227517869266559813e-04
4.855383529386525510e-02
8.154062921185079027e-02
9.622808724713216577e-02
9.567968545852467699e-02
8.380279644391919192e-02
6.794994401034926135e-02
5.181552991458016066e-02
3.835203864857028577e-02
3.130822472074346052e-02
3.121663463998092247e-02
3.689753024749187205e-02
4.140151569391603559e-02
3.927789938578829521e-02
2.607049731469168741e-02
8.721384910230778331e-04
-3.474872120771388406e-02
-7.870869004011193937e-02
-1.233482692546470361e-01
-1.620447686599134629e-01
-1.838385692476580680e-01
-1.805357333162636024e-01
-1.491284975685520653e-01
-8.947025922612672488e-02
-6.481702466709204913e-03
9.148397696453836048e-02
1.882416645757192253e-01
2.714065710775543927e-01
3.250166694915750387e-01
3.361332646546582037e-01
2.996274665958686967e-01
2.158153032074716648e-01
9.407935731995431539e-02
-5.280144639288997244e-02
-2.015860299639743447e-01
-3.337987783984250889e-01
-4.277392462125808592e-01
-4.656645912261776488e-01
-4.399940796468169157e-01
-3.496563392600678943e-01
-2.057692653674442207e-01
-2.368549361530181141e-02
1.682838456905813018e-01
3.466371017664975351e-01
4.838747984253866097e-01
5.573269822394590900e-01
5.557213161056258066e-01
4.752485829380883597e-01
3.267438273296987550e-01
1.261085465254880855e-01
-9.538139290486635780e-02
-3.108911544321695253e-01
-4.882018110942474287e-01
-6.002503521723816515e-01
-6.315208486504284568e-01
-5.746233923506135488e-01
-4.382423908178253447e-01
-2.369422083437623394e-01
-2.643267409374261412e-03
2.365094650273023014e-01
4.452392649160268334e-01
5.932205532732899300e-01
6.608065547948607232e-01
6.367475313465289499e-01
5.261442993889720032e-01
3.406687497330087577e-01
1.106230212974337324e-01
-1.365900844022045479e-01
-3.645963478819990167e-01
-5.413001279064524329e-01
-6.435575699347384493e-01
-6.564670952554918504e-01
-5.805785980016385794e-01
-4.235235509229017259e-01
-2.119983845640132092e-01
2.919562783166629316e-02
2.645633753284140077e-01
4.618323390609395673e-01
5.953195341006787267e-01
6.469996981829588822e-01
6.122881733835652263e-01
4.939911825530438616e-01
3.135426845917450578e-01
9.155229089226057937e-02
-1.392103374359076051e-01
-3.478312583692025894e-01
-5.072073526635096918e-01
-5.969199584655929813e-01
-6.069029544306151491e-01
-5.346324168651650499e-01
-3.950444457274572274e-01
-2.033117088211431334e-01
1.173153032724671974e-02
2.217183126199806509e-01
3.995693002390028337e-01
5.235386516401887569e-01
5.789427794624599777e-01
5.582652490171911008e-01
4.692460775948046336e-01
3.206426967700426456e-01
1.341075626636063500e-01
-6.683143063085261737e-02
-2.559026972756710538e-01
-4.111189197663212003e-01
-5.127463051980064579e-01
-5.480268253234901188e-01
-5.190589741158974091e-01
-4.278686069237057632e-01
-2.855094365380534960e-01
-1.083277204359794910e-01
8.009699690061689026e-02
2.589961564199549926e-01
4.053957133739425345e-01
5.015061673821190613e-01
5.398248804141054791e-01
5.144797341011355662e-01
4.277725991960230623e-01
2.885194916661530939e-01
1.153721346628711064e-01
-7.481548272283244927e-02
-2.588902211079165960e-01
-4.143870573525216816e-01
-5.232589324052168145e-01
-5.721904603199448047e-01
-5.542669938211597369e-01
-4.690369287764634132e-01
-3.276727814312456744e-01
-1.422170794973107721e-01
6.480596773054259074e-02
2.694877998530147423e-01
4.466834045654191065e-01
5.754981718165512738e-01
6.370797455584236157e-01
6.209109451686070091e-01
5.317682972401862607e-01
3.758730213243786089e-01
1.700959340993388746e-01
-6.356441773940590956e-02
-2.943709472474158595e-01
-4.955846063677442626e-01
-6.388517361651718796e-01
-7.041757473144606427e-01
-6.856831051593246240e-01
-5.811783030690558238e-01
-4.019475162046604044e-01
-1.665405096247147831e-01
9.264645584094521880e-02
3.473518460845381739e-01
5.640216537568683020e-01
7.134298870032738105e-01
7.767406145913904325e-01
7.433787444947033141e-01
6.175323120864484316e-01
4.106987429326223182e-01
1.521402950255223985e-01
-1.304686842752089682e-01
-3.994689496169935294e-01
-6.204476439349251304e-01
-7.656079867816536488e-01
-8.155496680378767627e-01
-7.645060718635074970e-01
-6.154508620169795163e-01
-3.912000842043937832e-01
-1.150323506357131542e-01
1.755381860707627695e-01
4.444471818562065746e-01
6.577493596331132064e-01
7.890881950063801664e-01
8.225657715698673211e-01
7.517705806760963672e-01
5.903081071315139372e-01
3.540227814435239484e-01
7.637778190700217351e-02
-2.085993152159726360e-01
-4.647981970234178473e-01
-6.620236527265654924e-01
-7.757054544466217560e-01
-7.908561515823578913e-01
-7.128404445321894212e-01
-5.490926924477077531e-01
-3.214371743464236042e-01
-5.640203246412722748e-02
2.104694400456204040e-01
4.487171459823680042e-01
6.287672858039454749e-01
7.290840234395812303e-01
7.445956217389313458e-01
6.722568223902829487e-01
5.221864990689057962e-01
3.115612997968517650e-01
6.937510980220018553e-02
-1.787968774130561656e-01
-4.031936793240270545e-01
-5.767083074914940433e-01
-6.814107573412182539e-01
-7.053171192868876727e-01
-6.475081950961641963e-01
-5.134314635639054547e-01
-3.221204624180771248e-01
-9.244410706540984179e-02
1.475347125552504135e-01
3.698360033532053226e-01
5.490280545523282818e-01
6.647403942760348183e-01
7.024956599711915661e-01
6.558142081306803650e-01
5.341186679448484131e-01
3.480451872945899972e-01
1.190337882990379903e-01
-1.277157167700800899e-01
-3.613572606822104127e-01
-5.552803897504331454e-01
-6.834331507231461433e-01
-7.282657272914339064e-01
-6.874895580949160756e-01
-5.619203857090623311e-01
-3.653439738780608348e-01
-1.184392197054296991e-01
1.455657053639130005e-01
3.974596227514359814e-01
6.036468338928964172e-01
7.361912166071240549e-01
7.787454067473991159e-01
7.223992001524695006e-01
5.733677866093225273e-01
3.457915032787806098e-01
7.178789121302520115e-02
-2.186694180905601748e-01
-4.857252056952002794e-01
-6.936450094512747189e-01
-8.143145637058593067e-01
-8.292239641831222752e-01
-7.356173715220939435e-01
-5.402150630682267529e-01
-2.719347087862027390e-01
4.026222478170660146e-02
3.520195193321182803e-01
6.222585215143987547e-01
8.134584769421953077e-01
8.982995019897750399e-01
8.645320291670970381e-01
7.111514796618709777e-01
4.623659282174477081e-01
1.443737535636639979e-01
-1.962974193395607969e-01
-5.152300082556704464e-01
-7.673236732921177028e-01
-9.177860056565704250e-01
-9.450156723579777873e-01
-8.401320814078869770e-01
-6.214829695603538706e-01
-3.111977696140689753e-01
4.351508297375494827e-02
3.964858310457235469e-01
6.973629996364865136e-01
9.056841953287868563e-01
9.925737760305435309e-01
9.423135802827311558e-01
7.659494112189371151e-01
4.800535894171051865e-01
1.285748350597237799e-01
-2.436078930967225942e-01
-5.825655170227057589e-01
-8.439487707320769694e-01
-9.907278815501346925e-01
-1.000000000000000000e+00
-8.785120658122999027e-01
-6.371715124438235289e-01
-3.115416642660749913e-01
5.829546693122167333e-02
4.178863087005577626e-01
7.209171635885158747e-01
9.246414461220557879e-01
1.000000000000000000e+00
9.447192907588135569e-01
7.622623369317127473e-01
4.813690417157452384e-01
1.366331987417463978e-01
-2.198378834124474768e-01
-5.442361829019750630e-01
-7.934204065904111314e-01
-9.327071232349213314e-01
-9.492081293892148386e-01
-8.395431006310284383e-01
-6.244947477101432387e-01
-3.300955414648695241e-01
-1.602259813190620719e-03
3.213121660752078501e-01
5.956903601669114590e-01
7.852289853194118763e-01
8.706666836764425099e-01
8.415420464979357362e-01
7.083836138924943793e-01
4.878168799128281830e-01
2.156298537297514084e-01
-7.583068559744376991e-02
-3.474477071187701549e-01
-5.644292197571751935e-01
-7.038110070963770060e-01
-7.499354682610852585e-01
-7.034956299384588219e-01
-5.714570660082223252e-01
-3.780974971968268372e-01
-1.460442977529891051e-01
9.304044897143803894e-02
3.092518411420057678e-01
4.793785573112434584e-01
5.853563968381307880e-01
6.198008066628919455e-01
5.810303602671194056e-01
4.810991662195893692e-01
3.315750168809779019e-01
1.534433513667929905e-01
-3.140749579796653368e-02
-2.030491874540993891e-01
-3.441482000080671177e-01
-4.407352862494169354e-01
-4.840694608075715166e-01
-4.775972154602393660e-01
-4.232282376023667192e-01
-3.275392185848385873e-01
-2.016526632639844552e-01
-6.009182054940898077e-02
8.347611258928755440e-02
2.134315522757106454e-01
3.173725885410154657e-01
3.896574000175683228e-01
4.232554335732816586e-01
4.125648110170254679e-01
3.585564265651137728e-01
2.696362783396415441e-01
1.528442335426105636e-01
1.940811618253701631e-02
-1.166405455898821275e-01
-2.410843213107674021e-01
-3.415951863367323593e-01
-4.049858157339931708e-01
-4.232761576653637503e-01
-3.971097764588007450e-01
-3.272940086033466756e-01
-2.194561845908049591e-01
-8.479499893661801568e-02
5.911292424636305221e-02
1.978598872375705309e-01
3.138767443684367109e-01
3.925747907062626663e-01
4.267299254525829255e-01
4.111210753634921833e-01
3.465377078382450016e-01
2.396656527909317713e-01
1.061197339329069678e-01
-4.050790406201887350e-02
-1.807973045717525817e-01
-2.963639511975465490e-01
-3.735783434060413466e-01
-4.031255123755292935e-01
-3.821031056625980860e-01
-3.126026921077215137e-01
-2.069659203431637451e-01
-7.639621258549333938e-02
6.038559949174637786e-02
1.849757088369490265e-01
2.821316813175371863e-01
3.404322144978861875e-01
3.538068167069239323e-01
3.210320959827954734e-01
2.507363232313055690e-01
1.506418602738150980e-01
3.653410450755267824e-02
-7.548235818389692486e-02
-1.712819562636815895e-01
-2.397380388256112882e-01
-2.735104545071057602e-01
-2.695605819815273252e-01
-2.332596730089147030e-01
-1.688728234869563138e-01
-8.808407151225361442e-02
-3.419744255288126311e-03
7.397991611050480643e-02
1.350496185265495086e-01
1.726450283834293220e-01
1.833386028019594605e-01
1.707797728300726181e-01
1.368220221553360094e-01
8.869245460060293240e-02
3.504500258524356759e-02
-1.644808502140204798e-02
-5.957236682488153967e-02
-8.863400610420391068e-02
-1.009527688659799249e-01
-9.931426230425999258e-02
-8.416843949273367098e-02
-5.945604004178783875e-02
-3.080256303425832343e-02
5.225139698041836311e-04
2.946519407876269092e-02
5.279624337432120562e-02
6.728642793818440104e-02
6.970651385205495210e-02
5.682726719763753209e-02
2.541945405663570412e-02
