-1.279092101541352555e-01
3.635807939376227704e-01
6.824065124613694078e-01
8.507813387133273952e-01
8.909186659897205818e-01
8.250318875867714841e-01
6.753343968007023967e-01
4.640395869277422758e-01
2.200780742028689563e-01
-4.641155170424682286e-02
-3.080005697417704802e-01
-5.262368011840208304e-01
-6.720815793190871856e-01
-7.329792822945864206e-01
-6.997147333086931598e-01
-5.801526407197883373e-01
-3.881093117537239845e-01
-1.532452953054912470e-01
9.749045438378756145e-02
3.305638345721473303e-01
5.159796031321155496e-01
6.334057063097668916e-01
6.693029855820780138e-01
6.234123851662476401e-01
5.015228542880314500e-01
3.252255817260483184e-01
1.144961090136820125e-01
-1.019685109646694121e-01
-2.966581144861814012e-01
-4.476695803121210071e-01
-5.383283772191826966e-01
-5.607873181193909762e-01
-5.133010692399471164e-01
-4.081403047356262359e-01
-2.570693924612792447e-01
-8.229080626018936417e-02
9.352347409882644236e-02
2.501963683318320086e-01
3.709219360461717407e-01
4.433031936725384536e-01
4.603069146047589211e-01
4.267568473390310757e-01
3.467950928133094468e-01
2.318239852941750279e-01
9.658982778076441456e-02
-4.188518451783029839e-02
-1.691691260067519353e-01
-2.706062478364423818e-01
-3.359012575498137032e-01
-3.647160887418783304e-01
-3.544893966848416955e-01
-3.061521303789321857e-01
-2.261626078358620617e-01
-1.253865209051845397e-01
-1.328475367901360560e-02
9.714175872346886287e-02
1.937800380424685720e-01
2.690199947027496208e-01
3.154335626439477291e-01
3.264375665620977696e-01
3.007036507782079315e-01
2.443240448428312117e-01
1.616161560094218075e-01
5.975254924492401365e-02
-5.035181087976980940e-02
-1.560950632039843633e-01
-2.466699366223154000e-01
-3.092428886345591765e-01
-3.356589743250588675e-01
-3.255496263263054635e-01
-2.778947246763215917e-01
-1.951496350861342544e-01
-8.554994868971321775e-02
3.651885101449692250e-02
1.590841335526429479e-01
2.657459188105877335e-01
3.419395947794157120e-01
3.783303552739185616e-01
3.686153239504410539e-01
3.113402843141315213e-01
2.108967720013135150e-01
8.114636030391975119e-02
-6.545226097640166607e-02
-2.088714938769224982e-01
-3.294352225349631569e-01
-4.100140489028347712e-01
-4.385711645723051610e-01
-4.083740063652921970e-01
-3.193811737052971722e-01
-1.839439300214490425e-01
-1.459340963307254047e-02
1.647809213581885590e-01
3.302091617232809639e-01
4.575787772413035803e-01
5.285611082610832678e-01
5.297029256578051903e-01
4.559620579548324670e-01
3.175537854013172900e-01
1.264241062867639265e-01
-8.953876968070473286e-02
-3.019482513347350183e-01
-4.797755715531747400e-01
-5.982761460147818511e-01
-6.371643704047735834e-01
-5.861175388167547684e-01
-4.532090002192221689e-01
-2.492965275670218084e-01
-2.450877293442621507e-03
2.565605447349941226e-01
4.887905854214140700e-01
6.629108969465153933e-01
7.505242566679444227e-01
7.347322389838801815e-01
6.207893653811251689e-01
4.168343582724103324e-01
1.493979600560186860e-01
-1.497959240701003392e-01
-4.361422461681293550e-01
-6.728684062634556762e-01
-8.242856843144075185e-01
-8.652348691301617878e-01
-7.920308945814700241e-01
-6.081843100396648882e-01
-3.390731582748269801e-01
-1.552939845566037036e-02
3.144399592914279840e-01
6.104539377128224142e-01
8.308048158567697961e-01
9.422751690687192205e-01
9.313168531924045368e-01
7.947362509002173780e-01
5.528778272940595429e-01
2.323444597408244050e-01
-1.195021020061470818e-01
-4.609336376037180827e-01
-7.449283529153812866e-01
-9.321481710678423127e-01
-1.000000000000000000e+00
-9.367331675479269038e-01
-7.536945743522085461e-01
-4.701959170259861764e-01
-1.287246164423693218e-01
2.315731248096719597e-01
5.617360311773587078e-01
8.187204168965511730e-01
9.716307468237967981e-01
1.000000000000000000e+00
9.038469596903910830e-01
6.924435200333163287e-01
3.990169424826084388e-01
5.601828126548324960e-02
-2.899026749600828179e-01
-5.954676926900952516e-01
-8.237135770462357121e-01
-9.467306825593777564e-01
-9.524365834621093541e-01
-8.386204200401276010e-01
-6.257738358163433823e-01
-3.360489270704563047e-01
-9.069528590705089321e-03
3.157184318298593695e-01
5.985117189176363262e-01
8.063638199515750227e-01
9.146848602762471803e-01
9.093631866359712657e-01
7.990280493840700160e-01
5.944203004639647681e-01
3.221252739517930230e-01
1.325604725472029344e-02
-2.924317196578207767e-01
-5.601045427124837772e-01
-7.563189574206916621e-01
-8.571062929703696653e-01
-8.569474113577079111e-01
-7.538532416739528452e-01
-5.617093722068113859e-01
-3.019755328039331888e-01
-1.040758362758575917e-02
2.812010545761514102e-01
5.363725560648389123e-01
7.231201637836606189e-01
8.211450794972281475e-01
8.177256031468607134e-01
7.152380968618461399e-01
5.239212574040659209e-01
2.720582169882643786e-01
-1.322289815227328802e-02
-2.941714807850493996e-01
-5.354231471404173881e-01
-7.074599120856289725e-01
-7.887336781824364484e-01
-7.704191951486376588e-01
-6.526619832249588304e-01
-4.555381145543634380e-01
-2.000114788662584742e-01
7.761758603044843774e-02
3.418420440227769586e-01
5.580282377083700673e-01
6.989484090306548048e-01
7.468711219258155065e-01
6.938244478910040591e-01
5.523245698834255979e-01
3.370997288069201847e-01
8.186665457245090316e-02
-1.794182967803668038e-01
-4.104317723061905454e-01
-5.814942707515990961e-01
-6.699424214741349637e-01
-6.628405733268640798e-01
-5.671696480576134958e-01
-3.925496038153732936e-01
-1.671396062226501167e-01
7.877057243771878881e-02
3.082117719997670147e-01
4.910325339748371487e-01
6.010584406719068351e-01
6.220130188770365276e-01
5.585368791732761018e-01
4.165433641729954228e-01
2.182064568229413748e-01
-1.014780808734638828e-02
-2.326903535817999025e-01
-4.198797411399999291e-01
-5.438033470789377377e-01
-5.852685532507746480e-01
-5.440423189634924217e-01
-4.232699471531835567e-01
-2.422554470364423063e-01
-2.445465306793503935e-02
1.949942745400539135e-01
3.876464297390718183e-01
5.253636493440931865e-01
5.860912813689691525e-01
5.642634054130106769e-01
4.603419542512448004e-01
2.909748052026657206e-01
7.677646568333074129e-02
-1.483450320290899960e-01
-3.562240899736219824e-01
-5.168429486880388168e-01
-6.053698003852940879e-01
-6.112413117618464842e-01
-5.310143509318061561e-01
-3.771287814281034656e-01
-1.668828133225693788e-01
6.747016990093213096e-02
2.980642147758358895e-01
4.923040358590149435e-01
6.221596365726882460e-01
6.712495847949888628e-01
6.307650784520388854e-01
5.069896043157438026e-01
3.124773534294946753e-01
7.641820562659518146e-02
-1.746904791357789533e-01
-4.061016991997177250e-01
-5.865608443710095266e-01
-6.930148703586725967e-01
-7.101106799808918346e-01
-6.360003043512094667e-01
-4.765240096028088290e-01
-2.554230697864307009e-01
4.165874412007442018e-03
2.669393925852818761e-01
4.994679628590259490e-01
6.721558191996408471e-01
7.626831120277126619e-01
7.595364796223691428e-01
6.600000315928156169e-01
4.795155113784272949e-01
2.351138201972913233e-01
-4.058153798390540246e-02
-3.144398437166369131e-01
-5.517207162764432571e-01
-7.237973412430280806e-01
-8.074069993210508667e-01
-7.894922652236487925e-01
-6.776942102104347443e-01
-4.815233027356299322e-01
-2.247570055027261482e-01
6.397013202353751815e-02
3.466606591554493022e-01
5.904046804998321907e-01
7.627504235731799032e-01
8.409195089136749512e-01
8.199143024128172641e-01
6.985714379449878830e-01
4.915836241765512149e-01
2.211686008928497316e-01
-7.590014776538189789e-02
-3.674588257898623311e-01
-6.168210975978192234e-01
-7.918047749046828176e-01
-8.721567448858542626e-01
-8.461848551346842218e-01
-7.179701966340557018e-01
-4.993762324280679454e-01
-2.207644247864174458e-01
8.870841387912520304e-02
3.892586029608524623e-01
6.438111094559824110e-01
8.214291555627606378e-01
8.996320148914134229e-01
8.691753431624205106e-01
7.303718239758523190e-01
5.040346477158148542e-01
2.125414255763493632e-01
-1.056459973789015683e-01
-4.122779284971959113e-01
-6.686976460495064334e-01
-8.437509229568412872e-01
-9.143515032186880775e-01
-8.685286185244627255e-01
-7.169779372578799492e-01
-4.734867713843805559e-01
-1.706030388064450065e-01
1.560492286414896235e-01
4.635033497432978766e-01
7.150951970991969997e-01
8.773031326306024447e-01
9.277107484113937819e-01
8.654127220703502488e-01
6.940791128770011920e-01
4.363140296225203052e-01
1.214856478198684808e-01
-2.061754138597597930e-01
-5.087596493638237849e-01
-7.464825805190097308e-01
-8.877613498851132379e-01
-9.186479802855819221e-01
-8.321901106448615915e-01
-6.408370662106575022e-01
-3.653499912000688354e-01
-4.561347142182570202e-02
2.821803078999154391e-01
5.740453111595307245e-01
7.915217601584338958e-01
9.080587178335624010e-01
9.069823033794155442e-01
7.905402549287665614e-01
5.698918751776993474e-01
2.787201006826491856e-01
-5.046684990432148687e-02
-3.719502700994999911e-01
-6.439010692627770149e-01
-8.312389312581036638e-01
-9.087498787390773103e-01
-8.679352111965100702e-01
-7.106415874068383598e-01
-4.629905214209123487e-01
-1.520359439781059363e-01
1.772477786615385131e-01
4.821445948545157734e-01
7.216675737556195180e-01
8.642337311223300400e-01
8.920467136136247532e-01
7.985123238114744115e-01
6.017104011516212214e-01
3.223855758856448706e-01
2.751504957058337197e-03
-3.156531895395382481e-01
-5.885767761187575831e-01
-7.803617810182570391e-01
-8.658817611439501016e-01
-8.315356988031494812e-01
-6.875756941676520739e-01
-4.481560867662587322e-01
-1.508935780213147559e-01
1.656443504930174004e-01
4.562678884878228480e-01
6.832950292401114289e-01
8.151014054674989850e-01
8.321440750760227267e-01
7.399730886226361104e-01
5.473785771041117520e-01
2.840327717650434902e-01
-1.662334951850985565e-02
-3.097359303880311554e-01
-5.573891969394553225e-01
-7.244863411078676929e-01
-7.873555795895079701e-01
-7.455081149923734607e-01
-6.020443131829453787e-01
-3.800022858352924970e-01
-1.077090373675175794e-01
1.725345838020175826e-01
4.257202063997331809e-01
6.174281789738722548e-01
7.203194304071107723e-01
7.259557874797184507e-01
6.327412871702959851e-01
4.579995432673329425e-01
2.236129366245886985e-01
-3.330605856775470386e-02
-2.812536553762456926e-01
-4.865512335891183371e-01
-6.206050321165601513e-01
-6.697667921620739095e-01
-6.275907694757455468e-01
-5.042914350556898517e-01
-3.150682533390589679e-01
-9.067194769262920673e-02
1.420361221287602671e-01
3.511701041679793356e-01
5.083906398540420923e-01
5.962631205309503191e-01
6.039169918274931437e-01
5.340796956739948254e-01
3.951175072676769151e-01
2.105955642003141115e-01
1.793523488244241904e-03
-2.023695418445768945e-01
-3.748363413385065179e-01
-4.952538082842140588e-01
-5.490074486216363070e-01
-5.315230824141979893e-01
-4.443911511801057479e-01
-3.036099820022338802e-01
-1.244154441010348888e-01
6.798858447325240029e-02
2.485554738696986732e-01
3.948078336130627086e-01
4.890878633821764687e-01
5.197557312355491899e-01
4.819280043650600032e-01
3.845774637974448407e-01
2.371333115688833981e-01
6.114353108330394804e-02
-1.205173739944890299e-01
-2.840600369330980035e-01
-4.096732856999372174e-01
-4.799325507921717859e-01
-4.846663270071404073e-01
-4.283723760267293956e-01
-3.159908974138007087e-01
-1.622556072266236882e-01
1.376969016277973523e-02
1.862016897609661825e-01
3.339099811818995178e-01
4.356270916015050343e-01
4.768755539045377301e-01
4.571306401548835829e-01
3.766790455749682298e-01
2.459870806838369006e-01
8.116029133070790103e-02
-9.229704814332195806e-02
-2.536986183649856397e-01
-3.801621439047701001e-01
-4.526232413148155720e-01
-4.632121326681079010e-01
-4.091982698157372589e-01
-2.993053738793511886e-01
-1.465880334378458771e-01
2.427936468697389216e-02
1.926516381650729137e-01
3.339669142640069310e-01
4.269123979834144045e-01
4.600645899764708169e-01
4.278288278214550377e-01
3.362619749559105919e-01
1.961144050736862710e-01
3.100745542427429946e-02
-1.389543232343982693e-01
-2.882193272438035025e-01
-3.942860476888285781e-01
-4.434591259763555060e-01
-4.279883039277277978e-01
-3.515773821081382700e-01
-2.229870317527675727e-01
-6.451224922934906125e-02
1.046344611697558324e-01
2.586416756183418375e-01
3.744419270391958765e-01
4.366783167016268230e-01
4.359109039096504823e-01
3.736092489338103118e-01
2.565849284206329628e-01
1.054419791094640679e-01
-6.182423190724439799e-02
-2.196790320640323868e-01
-3.448742061205206655e-01
-4.206170265440315470e-01
-4.358769995470306302e-01
-3.896176604312179270e-01
-2.864213838054515682e-01
-1.446369031844135788e-01
1.939684814956921244e-02
1.808536853382358700e-01
3.165654726027318233e-01
4.083020137739237221e-01
4.433045434798055240e-01
4.175030413559652764e-01
3.327185687035802975e-01
2.042348270837219815e-01
4.611189172591867447e-02
-1.180085281266578523e-01
-2.653378924651069726e-01
-3.761915263468359472e-01
-4.359041070334023216e-01
-4.367991963850033077e-01
-3.773108788002242919e-01
-2.686686926950236920e-01
-1.217969721130575111e-01
4.170197782403795017e-02
2.000120035159000942e-01
3.321700430129264081e-01
4.215544214749182839e-01
4.560037531409621980e-01
4.298138982836148259e-01
3.499990453651504740e-01
2.236899329824324489e-01
6.832857062163899542e-02
-9.655360326441841945e-02
-2.489395641949688764e-01
-3.704514442186941370e-01
-4.436873691113871754e-01
-4.581360384338311054e-01
-4.169398465438600709e-01
-3.230696993134016815e-01
-1.875476763421817239e-01
-2.613339854848217847e-02
1.386446280205704262e-01
2.878783756684277773e-01
4.011693049690217006e-01
4.632539192355635826e-01
4.698557626053561087e-01
4.185526074197010171e-01
3.152758904049566269e-01
1.714791465712972585e-01
7.908062584666364359e-03
-1.581349135882749168e-01
-3.053652978141898622e-01
-4.140629347098477853e-01
-4.717634568908126713e-01
-4.709147431617226598e-01
-4.119067959166200499e-01
-3.003070401840933767e-01
-1.527714375995418150e-01
1.559733115931427605e-02
1.826269242485822897e-01
3.267383638688772240e-01
4.304722646956482546e-01
4.811369563571559205e-01
4.724150143362073617e-01
4.039477153198698378e-01
2.872434402445562807e-01
1.335484750611268812e-01
-3.627475656571688134e-02
-2.006970945396553407e-01
-3.391185667678383586e-01
-4.351180951328131874e-01
-4.757698106530262594e-01
-4.548094965697079273e-01
-3.789717888347144958e-01
-2.551602648746216229e-01
-1.008092965168967403e-01
6.447240929377562324e-02
2.190962892619781055e-01
3.450097896292412258e-01
4.253195402527696345e-01
4.495822616281226480e-01
4.203941067731311598e-01
3.403256503932403643e-01
2.199310380241261687e-01
7.432125391846877704e-02
-7.516519592250336945e-02
-2.115161920209414070e-01
-3.170852336344425204e-01
-3.784995500184474837e-01
-3.934206491341253331e-01
-3.599583502808364477e-01
-2.831098322584940652e-01
-1.728372480129334310e-01
-4.622921895216669519e-02
8.299370523366889074e-02
1.984004675371457971e-01
2.847545770632207152e-01
3.341055474925180846e-01
3.415707161081762422e-01
3.081830762982975536e-01
2.386104390226650995e-01
1.449433624587754821e-01
3.709928741425305709e-02
-7.069385877429334997e-02
-1.641209325525809781e-01
-2.336124296773919307e-01
-2.721705948468460257e-01
-2.766466922314985144e-01
-2.474731682371428265e-01
-1.916542866542092494e-01
-1.146848565339468884e-01
-2.726086308204678232e-02
5.876626076734314807e-02
1.339973578929998244e-01
1.907516509438014207e-01
2.222506127583894209e-01
2.255087841601013388e-01
2.045588391230810377e-01
1.613567411012111208e-01
1.010638827608012491e-01
3.178696864766972219e-02
-3.785286475538263140e-02
-1.005744259814105313e-01
-1.476066564490968736e-01
-1.737598938350572997e-01
-1.805525879207814377e-01
-1.671009978023275666e-01
-1.339227609627565707e-01
-8.575554044455768743e-02
-2.999191175388893349e-02
2.801319268950686059e-02
8.033258009762067609e-02
1.200634928293586867e-01
1.450461022739475414e-01
1.527518919602637304e-01
1.413716649023906147e-01
1.127622990935748248e-01
7.252902370227465312e-02
2.411978018330818152e-02
-2.591256983369272238e-02
-7.006935765644883851e-02
-1.036638491650309080e-01
-1.231838749174610781e-01
-1.252364996151915655e-01
-1.095912316714472423e-01
-8.067498633823877441e-02
-4.082318968631681866e-02
4.508666853606069225e-03
4.807139813005467666e-02
8.404045387474212703e-02
1.083166029778952488e-01
1.163941052723358460e-01
1.068174864851962891e-01
8.329009289038147301e-02
4.766929818044585154e-02
5.469987692231503829e-03
-3.602237681710229733e-02
-7.058061064432608056e-02
-9.408159289091699851e-02
-1.023276652693053679e-01
-9.351042933314235306e-02
-7.060991022423668273e-02
-3.551409198473387541e-02
6.018331694888079397e-03
4.671917356151977785e-02
7.991878096718685320e-02
1.015006210696343114e-01
1.076018134452978448e-01
9.649576715809993210e-02
7.135613455812128691e-02
3.419807242349404142e-02
-9.131315767127223815e-03
-5.132670716201115368e-02
-8.570086826211686937e-02
-1.078769010473566992e-01
-1.135793500907202880e-01
-1.009561969539384263e-01
-7.320942143993502960e-02
-3.256650275608796719e-02
1.453039215651275029e-02
6.040491359214184008e-02
9.806299638979898425e-02
1.227296959633630280e-01
1.297685937303234560e-01
1.171340970514587188e-01
8.801207823265833063e-02
4.476649415998901205e-02
-5.699733131979911605e-03
-5.529483046362515530e-02
-9.656013076830693986e-02
-1.243896657371330594e-01
-1.340595534306401326e-01
-1.234101835811640679e-01
-9.558356146388813368e-02
-5.281896567175115020e-02
-1.662113906060747048e-03
4.987992797074092266e-02
9.405885903819855010e-02
1.255548643701949185e-01
1.392642842515932067e-01
1.326680555564292430e-01
1.087631207250023824e-01
6.944685637924719046e-02
2.062228013598099707e-02
-3.013631485483880823e-02
-7.531172983385603370e-02
-1.095632786211484522e-01
-1.274206502560044640e-01
-1.258891294019087725e-01
-1.073316279041378607e-01
-7.324118829783299311e-02
-2.887771778535275224e-02
1.878979541375702667e-02
6.251087520971765343e-02
9.722820097837736597e-02
1.175401111299185786e-01
1.201318130720048227e-01
1.068117570084021750e-01
7.865275846207664401e-02
4.009384279939576246e-02
-2.651560769427852016e-03
-4.288879487209240615e-02
-7.608314252723491489e-02
-9.713050242084886321e-02
-1.026036878511814576e-01
-9.382060744013676068e-02
-7.148954179064770376e-02
-3.925447275114135604e-02
-2.525465584332864388e-03
3.274548184921455274e-02
6.270425217333230883e-02
8.274515337401600057e-02
8.954045778960972868e-02
8.405104212685521325e-02
6.670902912904130844e-02
4.044680693276614392e-02
9.910728029578930176e-03
-1.979087351383934656e-02
-4.555520101906540553e-02
-6.338834838209417288e-02
-7.023495451073336060e-02
-6.684929484850887782e-02
-5.347004409301769901e-02
-3.241822925906234776e-02
-7.656429669156028517e-03
1.659222489664391453e-02
3.798956234370232110e-02
5.322129930037933221e-02
5.963465603935791393e-02
5.789532582249057313e-02
4.809664907676425294e-02
3.193274484648811473e-02
1.271973929899194999e-02
-6.014110251360449411e-03
-2.259557389041511044e-02
-3.458990891487456754e-02
-3.989566098033214825e-02
-3.910062144583903443e-02
-3.216289240235792324e-02
-2.015665981123337946e-02
-5.781842020193606047e-03
7.995750478396734806e-03
2.006330343799933580e-02
2.892832930284572335e-02
3.308474181317566654e-02
3.300191755416359563e-02
2.859697141888872807e-02
2.054473186042971022e-02
1.088150019617217801e-02
1.840395474762335226e-03
-5.912859683383953069e-03
-1.163882622373224596e-02
-1.443044624874434412e-02
-1.468742095418629212e-02
-1.235988955136291256e-02
-7.888936567823634505e-03
-2.660209224487064539e-03
1.886206134446677396e-03
5.418731164859469374e-03
7.764211285839595078e-03
8.568630143951372347e-03
8.051016647389497294e-03
6.738659334417418378e-03
4.739489209702130168e-03
2.161437277910627230e-03
-8.875654562903179112e-04
-4.299587988233821712e-03
-7.966699313253000625e-03
