1.916490659028422527e-01
1.808806321921487825e-01
1.532078834436814141e-01
1.126361062329050977e-01
6.317058713528411751e-02
8.816612726284089874e-03
-4.642053041863036800e-02
-9.853555572399530504e-02
-1.386645861379371958e-01
-1.658213232973402285e-01
-1.772993150735943102e-01
-1.698467024982041051e-01
-1.439055951436646330e-01
-1.039685937745197242e-01
-5.254741769557247366e-02
5.976111913674309051e-03
6.526126035309731677e-02
1.193328117284904177e-01
1.632626117427182777e-01
1.907712757673114545e-01
1.985091731892614231e-01
1.882101426841171765e-01
1.599157972976099629e-01
1.140912194025196502e-01
5.495355028717230361e-02
-1.097350555481557688e-02
-7.845344312210966731e-02
-1.398371178304415041e-01
-1.884334531376647970e-01
-2.207306033480310736e-01
-2.329812918401413802e-01
-2.210367840386503469e-01
-1.850027284655511028e-01
-1.299740141209368982e-01
-5.949007473067702279e-02
2.026799803567413960e-02
1.008883170134597940e-01
1.740696048819172503e-01
2.328799911356398411e-01
2.691307354441663247e-01
2.780361111198028645e-01
2.604174127084646351e-01
2.163733032483876606e-01
1.478723828382673133e-01
6.117732545304610525e-02
-3.379903370517955974e-02
-1.291101514996694233e-01
-2.140655189221406518e-01
-2.791538298035536325e-01
-3.186599896588776515e-01
-3.273153809188228403e-01
-3.012389641803198126e-01
-2.415432080187785990e-01
-1.551060797102197242e-01
-4.809646839612657931e-02
6.896647650721932088e-02
1.838220836634134603e-01
2.837747604204521323e-01
3.582834424064389456e-01
3.963819966891952706e-01
3.918955820377321153e-01
3.467658840097098683e-01
2.629967846494010164e-01
1.467694547827558260e-01
8.733432420442222011e-03
-1.353649792798932161e-01
-2.716141763564873246e-01
-3.831654852593315841e-01
-4.565681664787830663e-01
-4.844443125141784101e-01
-4.613823939043817379e-01
-3.870279289352003271e-01
-2.668588675313884329e-01
-1.145166226366229889e-01
5.719201067625068191e-02
2.293411658545079224e-01
3.827250259105321462e-01
4.997885263509964648e-01
5.669755661198869756e-01
5.736585773070161931e-01
5.157578024088198543e-01
4.011235937983854694e-01
2.384352440711978716e-01
4.448062473871217115e-02
-1.608531675801904148e-01
-3.538061215514298752e-01
-5.138466785676309989e-01
-6.204777320585252998e-01
-6.597180483900890735e-01
-6.286653070268208854e-01
-5.270878559400795638e-01
-3.641221907285274728e-01
-1.551025830529312310e-01
7.485539165150822960e-02
3.034174242045182268e-01
5.039103084304668023e-01
6.528221180295934456e-01
7.339001185136053707e-01
7.357977992108362120e-01
6.564038814754757922e-01
5.010552054163286417e-01
2.879993278107710886e-01
3.624580383500486391e-02
-2.252299879916895842e-01
-4.677620236696808931e-01
-6.635926334600696919e-01
-7.904538145942159311e-01
-8.316906296736430448e-01
-7.792900302915489741e-01
-6.420318465091314764e-01
-4.309063914009694241e-01
-1.682049630160391551e-01
1.195579008905363061e-01
3.984449684742970010e-01
6.386327969012106642e-01
8.107447469215909308e-01
8.936728489745522364e-01
8.807936969729044385e-01
7.698493303281419564e-01
5.722808295034025328e-01
3.069539419677713710e-01
6.194805731528640891e-03
-3.001967757208707788e-01
-5.767519731546721928e-01
-7.913884667327837352e-01
-9.201986817099984117e-01
-9.471483934308416730e-01
-8.692026971140854874e-01
-6.915610621126512259e-01
-4.366449109868899559e-01
-1.283099869100080559e-01
1.973238417137437306e-01
5.044839593842092018e-01
7.580927695596413329e-01
9.297473984001027869e-01
9.984240796358889725e-01
9.532337058654982709e-01
8.039613662816960105e-01
5.635084876031855039e-01
2.594816846558285484e-01
-7.626533794936540822e-02
-4.037600393854008374e-01
-6.877710828197975967e-01
-8.947008275871611849e-01
-1.000000000000000000e+00
-9.958410161384122494e-01
-8.798258305815165325e-01
-6.660230248767228245e-01
-3.762243620635394858e-01
-4.724223166182062172e-02
2.875239678961032386e-01
5.895697199815470579e-01
8.241848328789878053e-01
9.666248186224293271e-01
1.000000000000000000e+00
9.221584876631858663e-01
7.395353100712815930e-01
4.767312974543076454e-01
1.596252932131478897e-01
-1.735342276439073572e-01
-4.855745661955918058e-01
-7.413048295161268619e-01
-9.123685425660803539e-01
-9.800124393186340210e-01
-9.349944481825609444e-01
-7.878710375006363620e-01
-5.523869512326888831e-01
-2.574689048879551523e-01
6.479862493389632050e-02
3.758444095478474800e-01
6.418388273099273622e-01
8.316557593438291818e-01
9.231416037810205033e-01
9.117637675707086498e-01
7.972346818287299186e-01
5.947973966834776416e-01
3.262918072089184829e-01
2.653404442091744642e-02
-2.725926460596010958e-01
-5.355211985378294237e-01
-7.318830365156400175e-01
-8.426961187206303272e-01
-8.551292285682713379e-01
-7.705230332418695482e-01
-5.977916924795081410e-01
-3.619795336455761126e-01
-8.764736758884850154e-02
1.913183117336929584e-01
4.424903673282232219e-01
6.379553116644900435e-01
7.560895282852400090e-01
7.854104111350173056e-01
7.221608067816280840e-01
5.791163687491107659e-01
3.709064791780867232e-01
1.258709874441137355e-01
-1.268680625364064785e-01
-3.571769729653913039e-01
-5.394136858870068885e-01
-6.526402061995031367e-01
-6.836638792984770507e-01
-6.358125204830751276e-01
-5.142787471549250533e-01
-3.360100791925045849e-01
-1.222466485831100735e-01
9.801310504017890501e-02
2.995995532636162029e-01
4.575236229803336663e-01
5.532753819201161605e-01
5.816424435800600090e-01
5.391034459458683425e-01
4.331902412567760763e-01
2.772837432749732933e-01
9.494572339353379853e-02
-9.327598982426543728e-02
-2.633324288356935217e-01
-3.935842469291350731e-01
-4.704717970065492860e-01
-4.853216336125403263e-01
-4.393318853437913063e-01
-3.383716601599808804e-01
-1.997525770600495632e-01
-3.945745871223016454e-02
1.201227614976578817e-01
2.578404356139791798e-01
3.571229854218349598e-01
4.058568978198933141e-01
3.995656266390184008e-01
3.388389690017219458e-01
2.356791193857967759e-01
1.017152625275556943e-01
-4.287829825650035787e-02
-1.782822916833779470e-01
-2.864344683885435838e-01
-3.533025850335144158e-01
-3.703597535788288875e-01
-3.344183463948532387e-01
-2.531527984508202822e-01
-1.346762083404104970e-01
2.974319374999145893e-03
1.412177922920538897e-01
2.607048023851410434e-01
3.457109209729600785e-01
3.833866414177400372e-01
3.669333138901402780e-01
3.014232624676183026e-01
1.923959329561779619e-01
5.450612059362924811e-02
-9.518416029984788640e-02
-2.352958329584634578e-01
-3.479279444395781962e-01
-4.156500167035079851e-01
-4.274976660104865545e-01
-3.845749098703272750e-01
-2.890705768884610505e-01
-1.521668837967712351e-01
1.070268898154047577e-02
1.763731197748132917e-01
3.254457554369600825e-01
4.369493720785191382e-01
4.943830676194909124e-01
4.911225084787547157e-01
4.245710494479284502e-01
3.020708195794565842e-01
1.358095743475409289e-01
-5.142325300989192272e-02
-2.395229802616627435e-01
-4.037932016470773267e-01
-5.222001849055932787e-01
-5.796125641334328726e-01
-5.667955172834799882e-01
-4.842730362357873242e-01
-3.384394386248601450e-01
-1.487732006651087957e-01
6.582696961403500246e-02
2.778899056899082343e-01
4.613544547346577485e-01
5.933742251653020272e-01
6.569759387497708936e-01
6.431008735746177596e-01
5.500180706956205867e-01
3.906110223918106694e-01
1.793104413331272351e-01
-5.662399246603255776e-02
-2.895378234906106352e-01
-4.907247319767629179e-01
-6.364953743819148357e-01
-7.075281676442839451e-01
-6.927844372576605902e-01
-5.976286406213772162e-01
-4.297001177228076951e-01
-2.087402997484519851e-01
4.122781562749189277e-02
2.879142749210052976e-01
5.035557848111700263e-01
6.606410140475895698e-01
7.393652990223278376e-01
7.342892612577447409e-01
6.430373929642152486e-01
4.762431595083442826e-01
2.513223751765629732e-01
-2.037994343093152416e-03
-2.571816455823635605e-01
-4.828320789376430167e-01
-6.513326904941716400e-01
-7.439547994368420625e-01
-7.488253894306076131e-01
-6.667263267711656116e-01
-5.050642026684815100e-01
-2.863848224679466092e-01
-3.306322567275465918e-02
2.229248279964615165e-01
4.512230503013276994e-01
6.252411080682132027e-01
7.246021028087150651e-01
7.386913228499187856e-01
6.644506302126260699e-01
5.144368935116434560e-01
3.031054209432539892e-01
5.822957447552945531e-02
-1.916453508754337731e-01
-4.162266439612885005e-01
-5.899587316670887871e-01
-6.916906048106199467e-01
-7.084869657188228587e-01
-6.442924457968572938e-01
-5.049668224852280618e-01
-3.084605989524800140e-01
-7.700412803638567727e-02
1.590622980571279044e-01
3.729160152285346808e-01
5.375931336498143143e-01
6.333169829271054763e-01
6.539368953329764977e-01
5.960854734232936547e-01
4.686761764766529392e-01
2.865862954020408360e-01
7.609573180523176994e-02
-1.396511388328547376e-01
-3.336571757180389897e-01
-4.816479911779334433e-01
-5.678723423156402106e-01
-5.822876753827254115e-01
-5.258782147552698572e-01
-4.049851216089348505e-01
-2.389661878352060675e-01
-4.617973380572881759e-02
1.475827475302682323e-01
3.178577215319198235e-01
4.445756731624896929e-01
5.127722663177212148e-01
5.158678269160641428e-01
4.531418790133001639e-01
3.369817140758120111e-01
1.800191784471387724e-01
4.840232149522893934e-03
-1.659364001610498240e-01
-3.104752266381520798e-01
-4.112463405511517234e-01
-4.558261215862849935e-01
-4.379769213478592604e-01
-3.643004082578200631e-01
-2.423300882845071946e-01
-9.096087428743715453e-02
6.971127222069029017e-02
2.176202708639622951e-01
3.343035725984313533e-01
4.034955956691312906e-01
4.152475967069015894e-01
3.727027660748780669e-01
2.797349088018954433e-01
1.493233117589842784e-01
-2.047108435037192642e-03
-1.515826838602325477e-01
-2.806279163749318961e-01
-3.706553439606562472e-01
-4.086553924252990244e-01
-3.933391323739556800e-01
-3.246346681647215293e-01
-2.115186687761269058e-01
-6.752568919653889612e-02
8.563236617860425781e-02
2.300063466932027456e-01
3.455820872852075620e-01
4.153151380243602642e-01
4.308172920874169254e-01
3.883747871592124756e-01
2.937361303943277768e-01
1.567359698234480625e-01
-2.535528554325261474e-03
-1.663470320225121091e-01
-3.122820165222159883e-01
-4.201749822525839839e-01
-4.761085875943927848e-01
-4.713569301258757616e-01
-4.060423563987128892e-01
-2.855298248382461823e-01
-1.270074554135868228e-01
5.319503055881558140e-02
2.309509097368660502e-01
3.834375673936263329e-01
4.910862823125763388e-01
5.395444767268604558e-01
5.219209311636325843e-01
4.376015717734791366e-01
2.986677187296633562e-01
1.180395547280606028e-01
-8.061365598593961401e-02
-2.733800942004367407e-01
-4.357952924577026543e-01
-5.480341381213660323e-01
-5.944397897487312399e-01
-5.667687241309340429e-01
-4.714926885374877141e-01
-3.164953927383861165e-01
-1.203383846078931452e-01
9.520189419227498284e-02
3.023193415399076933e-01
4.771192222759215174e-01
5.963380507508790895e-01
6.440100948073512743e-01
6.176928556081631161e-01
5.175447726321222852e-01
3.551452525603417953e-01
1.476211682877843767e-01
-7.760192923750042215e-02
-2.964844049534500758e-01
-4.819242505836016655e-01
-6.106849395758435772e-01
-6.689395828037417724e-01
-6.484304187462056612e-01
-5.521550784099843456e-01
-3.891597478843367153e-01
-1.816750443830438266e-01
4.914923905904711177e-02
2.746932482849298029e-01
4.679802742514600489e-01
6.067500636377438639e-01
6.745580428641768655e-01
6.638360975721495638e-01
5.739568421516019203e-01
4.187263338605771157e-01
2.130636784272967876e-01
-1.639100581015151548e-02
-2.427244423367153070e-01
-4.391942569107525340e-01
-5.836515801502464296e-01
-6.587581189363231893e-01
-6.546562623393626934e-01
-5.769914021448873109e-01
-4.329454943687949253e-01
-2.402769587303567045e-01
-2.061512902062712094e-02
1.978684644026371675e-01
3.910000618264188876e-01
5.352801173814838442e-01
6.137840445425069014e-01
6.227461262501567951e-01
5.601004745432480725e-01
4.342868814385807408e-01
2.596313961493481592e-01
6.009337701973427315e-02
-1.432149082202279766e-01
-3.257931767081353458e-01
-4.656555428975766020e-01
-5.487786395027995923e-01
-5.659938513166287155e-01
-5.176750716554642251e-01
-4.092902949772734278e-01
-2.576179775510942793e-01
-7.865230569082704015e-02
1.046938999247668534e-01
2.702409845442679259e-01
3.995943370550776308e-01
4.785375353640048957e-01
4.996582478097510993e-01
4.608473419323333431e-01
3.709179887598406111e-01
2.391230763666196690e-01
8.377283591252626671e-02
-7.596641473792042909e-02
-2.209627876028105176e-01
-3.350985996052022742e-01
-4.050145774067589466e-01
-4.228318397282369023e-01
-3.921161392061306428e-01
-3.163634532627657148e-01
-2.062878704444229827e-01
-7.569572019011738817e-02
5.765374727081162831e-02
1.783674153876571022e-01
2.708021608143464931e-01
3.241104692000615906e-01
3.371774248178260880e-01
3.087926341416260545e-01
2.438768583875743357e-01
1.514459880031631123e-01
4.636624599742922292e-02
-5.929102128460539411e-02
-1.516330574249784569e-01
-2.183504736570159865e-01
-2.537258352589234489e-01
-2.541759463917434569e-01
-2.214320839239677374e-01
-1.603661773377127453e-01
-8.227907549712321078e-02
3.699776727453807368e-03
8.535059124704202915e-02
1.508093099451874863e-01
1.926842460074018604e-01
2.061610009625909345e-01
1.905827840886338276e-01
1.482248027274826185e-01
8.778162150696511290e-02
1.628267047487952368e-02
-5.518863070590374065e-02
-1.155736779687571714e-01
-1.569352594500190712e-01
-1.738031775312048888e-01
-1.638844998334710867e-01
-1.280072926428608149e-01
-7.332463947001799376e-02
-5.672512433230081363e-03
6.431025167791704078e-02
1.257422801374119548e-01
1.697964410168546490e-01
1.901544921354163531e-01
1.829200199876011013e-01
1.476667210743534131e-01
9.040717790181873603e-02
1.630384508290472212e-02
-6.384888166336266657e-02
-1.386174207946077042e-01
-1.974601106650706317e-01
-2.323590121796834662e-01
-2.365186641219036989e-01
-2.073691096558273328e-01
-1.499459637700428782e-01
-6.877232424892165685e-02
2.531253933637733766e-02
1.200615973357517241e-01
2.026178147668253882e-01
2.626475796872065338e-01
2.901753463253964327e-01
2.798601833264540151e-01
2.349298098951673186e-01
1.583793950597029987e-01
5.832714096980340379e-02
-5.375637444034331303e-02
-1.622161800557491151e-01
-2.547455191973024835e-01
-3.182250364095859929e-01
-3.433093551824903944e-01
-3.288691631212854460e-01
-2.744094135768778697e-01
-1.847718718684573380e-01
-6.919552527135619524e-02
5.690191155640311749e-02
1.806118613896194880e-01
2.860551073931338895e-01
3.591408461934972873e-01
3.914518647525209172e-01
3.779815829544865835e-01
3.195373275479567177e-01
2.211541697827790198e-01
9.593371010745399552e-02
-4.414307785886539826e-02
-1.815586807851716777e-01
-2.992918641602764218e-01
-3.834175141162097233e-01
-4.237045180645084841e-01
-4.147306901560900982e-01
-3.559515347384007988e-01
-2.556511642649816896e-01
-1.224188368579898212e-01
2.723805251087085821e-02
1.758662359725884361e-01
3.058308816005643749e-01
4.024861590228576702e-01
4.527612669776668319e-01
4.494190037518384084e-01
3.964219704098272956e-01
2.978171646096363645e-01
1.640544938467916047e-01
9.436037138980335470e-03
-1.466047032654423932e-01
-2.870638845675090867e-01
-3.937733325658768768e-01
-4.538016772378535846e-01
-4.635340380089050250e-01
-4.203743613127327583e-01
-3.286991067088417262e-01
-1.981895945204387166e-01
-4.636025523734677023e-02
1.116924152605129894e-01
2.571541898855891350e-01
3.722879248999237944e-01
4.446918151754466475e-01
4.660246587141156915e-01
4.341945339810053817e-01
3.517761010421938117e-01
2.306563451398591091e-01
8.234814910220022988e-02
-7.499542865102315492e-02
-2.228750620278007188e-01
-3.445196511143937546e-01
-4.265558611437887393e-01
-4.588504665314312447e-01
-4.367355511484363184e-01
-3.662766101983652156e-01
-2.537757488549570173e-01
-1.132390403143861413e-01
3.903177367477850268e-02
1.847412413588400693e-01
3.081564346812979416e-01
3.940208029792737765e-01
4.321662456782850992e-01
4.223782895799479409e-01
3.649840023334987027e-01
2.667267616261002061e-01
1.388680040506624636e-01
-1.222726492989489877e-03
-1.389941594535837321e-01
-2.578641205032756734e-01
-3.438642134401662664e-01
-3.902625622448624432e-01
-3.917203799307229506e-01
-3.484288233249689393e-01
-2.654185856624529105e-01
-1.549441788661045649e-01
-2.790597255468518778e-02
1.000486108797418172e-01
2.134463510006823217e-01
3.002437355816502951e-01
3.512669649523045834e-01
3.614083667509391251e-01
3.296233727843254080e-01
2.624572378059777389e-01
1.661624852758158966e-01
5.306212137138288654e-02
-6.321858697838900198e-02
-1.693887264404850823e-01
-2.542191371991922022e-01
-3.073459374224275509e-01
-3.227835001484534727e-01
-3.032294075342993889e-01
-2.505288149504760753e-01
-1.706696364209795425e-01
-7.306500470486021470e-02
2.961903190754933135e-02
1.264337855125121646e-01
2.050679155377710394e-01
2.566033377783749625e-01
2.790509866452879351e-01
2.699742702590708365e-01
2.304171255437523769e-01
1.655423099116464236e-01
8.528021894850734697e-02
-2.484373606673973001e-03
-8.716421835237342375e-02
-1.582170526452880699e-01
-2.090126708139007361e-01
-2.346223834725129631e-01
-2.325291736831253120e-01
-2.033566098819541423e-01
-1.529142625912547349e-01
-8.587962663359272053e-02
-1.106083882378450234e-02
6.176980923375885446e-02
1.248696391407158046e-01
1.719646559744405501e-01
1.973535843514935273e-01
1.984468346399492766e-01
1.784101960398616349e-01
1.391311433684880861e-01
8.563350902246580354e-02
2.519037583953154247e-02
-3.459541770367113855e-02
-8.759334275939201220e-02
-1.269229238444591346e-01
-1.484371210533228513e-01
-1.534582290259279835e-01
-1.414671280443217105e-01
-1.134604318868271955e-01
-7.376297138003951037e-02
-2.860883129737912256e-02
1.764238612665369743e-02
5.892967735912746363e-02
9.009162877235277200e-02
1.101344614587962401e-01
1.173081034137837264e-01
1.103402376087372350e-01
9.083324200048448205e-02
6.298196679717249502e-02
2.924136297864565748e-02
-6.047379318873558063e-03
-3.788593769072745587e-02
-6.365988096812580377e-02
-8.114457661988550008e-02
-8.788231610973895602e-02
-8.366868633060675631e-02
-7.141009617665250442e-02
-5.201273274798323687e-02
-2.750400412784836934e-02
-1.761115413945080199e-03
2.219685100492174712e-02
4.232935951951954934e-02
5.589185494654280717e-02
6.165749501399209187e-02
6.122377392953937125e-02
5.444098069180669519e-02
4.161007076949485572e-02
2.519678340894104807e-02
7.936084815287403060e-03
-8.785725563864588139e-03
-2.296974432024578849e-02
-3.298127704022313367e-02
-3.909136850566219401e-02
-4.064796220122579573e-02
-3.699746699439487863e-02
-2.929291313607673697e-02
-1.957782723494971844e-02
-8.558795253194917407e-03
2.659047654433699392e-03
1.255181680815820044e-02
2.058121679858282427e-02
2.599662545229741717e-02
2.773813408148595450e-02
2.594643687439002200e-02
2.187317772902286350e-02
1.579358033031730280e-02
8.416751288159218802e-03
1.045338529038319919e-03
-5.541038803781761501e-03
-1.074688107623655853e-02
-1.376584668916425169e-02
-1.436366747559658652e-02
-1.312715497572114476e-02
-1.014858467948875909e-02
-5.951354858956814375e-03
-1.563924966733409860e-03
2.186414457027607838e-03
4.993790712139123400e-03
6.678980335508288846e-03
7.144956416606618177e-03
6.777799742854417886e-03
5.582683031533308693e-03
3.687070558397120834e-03
1.679329496583559234e-03
1.172993665721211443e-04
-8.954339810295364188e-04
-1.399599421628705542e-03
-1.428402079739932162e-03
-1.299146001493722835e-03
-9.817229885192846339e-04
-3.964662167855736996e-04
2.311020966645482844e-04
7.199866040188407368e-04
1.041256991649586183e-03
1.198140063961128376e-03
1.228741010481870788e-03
1.250856860205429300e-03
1.246013889548480691e-03
1.229302960972233905e-03
1.215814936937897883e-03
1.220640679906459525e-03
1.258871052339349816e-03
1.345596916697555656e-03
