1.969558255005421366e-02
-4.724653550853318285e-01
-7.925415410726840415e-01
-9.614230608861805694e-01
-1.000000000000000000e+00
-9.291624438883199222e-01
-7.698004780253191459e-01
-5.428041878851799229e-01
-2.708878487573513905e-01
3.417411479054521806e-02
3.461955771596785247e-01
6.254943533335153294e-01
8.400676839067684476e-01
9.703766722071187623e-01
1.000000000000000000e+00
9.261037216874137279e-01
7.543231783338064655e-01
5.067112258113821710e-01
2.065090961708990758e-01
-1.110846208026107229e-01
-4.110456182852150198e-01
-6.599935657153488400e-01
-8.309307561602181647e-01
-9.034174009962142593e-01
-8.669528781978856902e-01
-7.314439549371561933e-01
-5.088034882807613846e-01
-2.244638291292037069e-01
9.129524063576033299e-02
4.011625143721626596e-01
6.722706337689041689e-01
8.724746051177159067e-01
9.784595420393551457e-01
9.833851071110162323e-01
8.843657545984395796e-01
6.928941239123642681e-01
4.288328026390195724e-01
1.259857964873185576e-01
-1.855260098919145895e-01
-4.699555525040832737e-01
-6.946603771869303001e-01
-8.367573305011843932e-01
-8.798338040931135140e-01
-8.199173278703100198e-01
-6.618586724679751399e-01
-4.269746910668091866e-01
-1.374326075803042890e-01
1.723314993447182530e-01
4.678481752004244321e-01
7.162501469583051339e-01
8.905975501219587365e-01
9.706115503253469612e-01
9.457308153490715519e-01
8.250408354296159263e-01
6.192951182781016861e-01
3.516762756525866340e-01
5.051356105677773378e-02
-2.481403359156727495e-01
-5.123961790292551610e-01
-7.106487305072677341e-01
-8.199916020363875457e-01
-8.336118452082714736e-01
-7.479649997259458782e-01
-5.730573177039882671e-01
-3.270327799379803002e-01
-4.148273439825389541e-02
2.549730151960116764e-01
5.279574748948074880e-01
7.458130413173715834e-01
8.856979551645884907e-01
9.317386391311190952e-01
8.799391560194222972e-01
7.343335340662231481e-01
5.152456825310234301e-01
2.435779004083746813e-01
-4.819616492841127808e-02
-3.272118399814566425e-01
-5.620991366470938777e-01
-7.272573550606634685e-01
-8.029073681800745765e-01
-7.786845349346414036e-01
-6.634477801118077167e-01
-4.676289201823361497e-01
-2.144724635177743810e-01
6.825321635840508883e-02
3.464012873721133978e-01
5.900036237551780083e-01
7.697484871757334091e-01
8.645365772330984022e-01
8.688676225638065631e-01
7.803987951057296257e-01
6.097928287032288175e-01
3.754095591397963450e-01
1.082371503492154385e-01
-1.645955497927220623e-01
-4.111879071795100371e-01
-6.026315659797771840e-01
-7.196703215601447656e-01
-7.485939757374464598e-01
-6.869525579844628638e-01
-5.402791121506864691e-01
-3.289478336924149815e-01
-7.342524016466311920e-02
1.951590303181007791e-01
4.459560150666739275e-01
6.507242141415907621e-01
7.868178259946145836e-01
8.384875078224178768e-01
7.984598739603858686e-01
6.763814548984323771e-01
4.832308604564061749e-01
2.419663832398040171e-01
-2.079530635919679682e-02
-2.734751046284221720e-01
-4.885843386826926871e-01
-6.396722442449604973e-01
-7.085738460643655756e-01
-6.928508243581854575e-01
-5.921994710862803490e-01
-4.180774060095728828e-01
-1.889231902189740797e-01
6.578652631864456701e-02
3.196211590228872357e-01
5.419493070911889365e-01
7.065094299732614935e-01
7.972283236251629379e-01
8.028822797081625051e-01
7.231794866142906564e-01
5.655566102474915979e-01
3.516763049216042880e-01
1.023418270527793883e-01
-1.524008149878149920e-01
-3.829040153248850498e-01
-5.631967542280972294e-01
-6.730541781589041150e-01
-6.993615668634070026e-01
-6.372024471564892156e-01
-4.977117237993192722e-01
-2.933532310266360188e-01
-4.949667798352552772e-02
2.061050051681272421e-01
4.433182252906109344e-01
6.362522621390445110e-01
7.611296267982268215e-01
8.024288448439604871e-01
7.605228197340965224e-01
6.377861887923117479e-01
4.480415295417068400e-01
2.116034031393538850e-01
-4.122428650700737940e-02
-2.838711513177476498e-01
-4.868620326964814282e-01
-6.264936404252614555e-01
-6.908974215809216002e-01
-6.711186459098916757e-01
-5.689390538920354734e-01
-3.944584631220966475e-01
-1.709130682350832320e-01
7.989897386620836706e-02
3.278799992787393425e-01
5.440800845484243808e-01
7.044703457044960704e-01
7.908601504870991228e-01
7.936161691957139830e-01
7.106971968741371271e-01
5.544867278466483196e-01
3.387917893610221665e-01
8.989520907545456296e-02
-1.642394103397315508e-01
-3.942504477716951561e-01
-5.750776067900471578e-01
-6.841783178853827474e-01
-7.075632099401769626e-01
-6.477414665271021832e-01
-5.087475508782294265e-01
-3.055321367566760093e-01
-5.917176140017876840e-02
2.000658280551839141e-01
4.447344087448934502e-01
6.445203842119273663e-01
7.762577998586885908e-01
8.292335701681181614e-01
7.954577159061984037e-01
6.779656352085785542e-01
4.882696557919767866e-01
2.512035469421660672e-01
-1.037441245529002742e-02
-2.658300798596171521e-01
-4.855474944350566258e-01
-6.453566357269100440e-01
-7.272446568469524975e-01
-7.217101170604631744e-01
-6.272076385715836810e-01
-4.573591716818620201e-01
-2.271551473135571264e-01
3.528046401681028676e-02
3.003855037459670640e-01
5.381200183446410712e-01
7.229140336274324508e-01
8.323436093906111388e-01
8.526032764352966531e-01
7.864617415241812459e-01
6.385570554245263430e-01
4.248524373106545848e-01
1.675989396580237489e-01
-1.016536714247099349e-01
-3.548196649054505825e-01
-5.613458640274501255e-01
-6.978639892861338012e-01
-7.539505279391949255e-01
-7.212826304077908368e-01
-6.025761211245643789e-01
-4.095099659482749344e-01
-1.668112769022672692e-01
1.023545118161117706e-01
3.666404084410050945e-01
5.959568850290672959e-01
7.655245511014001636e-01
8.565727475037017147e-01
8.591481354224594913e-01
7.712061052844150222e-01
6.056263435645745652e-01
3.768199489605699171e-01
1.116093362131356237e-01
-1.611315479947247331e-01
-4.107636375007303053e-01
-6.108782553704881213e-01
-7.374796233898993636e-01
-7.752375224748633276e-01
-7.252027944044001639e-01
-5.902608496154270190e-01
-3.845144205371779922e-01
-1.287198370225403066e-01
1.465844183280375912e-01
4.132677316783426313e-01
6.395859509807744203e-01
8.003618635190445918e-01
8.819590825810541546e-01
8.738378354627609479e-01
7.762909841536747013e-01
5.984480527713345044e-01
3.632158739916768742e-01
9.249358492049020164e-02
-1.829287895245873541e-01
-4.324823459328935860e-01
-6.293163163077657440e-01
-7.523082416672052242e-01
-7.869931206466664886e-01
-7.275227508272077426e-01
-5.848640662013022684e-01
-3.713865951017318867e-01
-1.115100157200942244e-01
1.669031228402144684e-01
4.323176640601933407e-01
6.571351293850222763e-01
8.149428175180186695e-01
8.874423987106838663e-01
8.715373678658839829e-01
7.667377809599704719e-01
5.841622057470823304e-01
3.423870543358129570e-01
7.105548830328833887e-02
-2.032390634431230358e-01
-4.492224298783336067e-01
-6.396719617569337490e-01
-7.571122612506056004e-01
-7.879665702258487059e-01
-7.287190791896229758e-01
-5.844942208862649036e-01
-3.740007893030498076e-01
-1.161872988675207719e-01
1.596492282249462047e-01
4.236576988001850008e-01
6.476601501912342407e-01
8.083298848983386797e-01
8.870844316497814575e-01
8.740288881037923119e-01
7.762999338080416312e-01
6.020376193704524148e-01
3.691999154812628525e-01
1.013540947320286101e-01
-1.707001541565503766e-01
-4.192427251821386758e-01
-6.153289979694611667e-01
-7.373791112048102558e-01
-7.769768806517574067e-01
-7.281606812300469578e-01
-5.956009876473384868e-01
-3.922520649941738657e-01
-1.432464360553120652e-01
1.282269653549199528e-01
3.922227679103038600e-01
6.196053768059675004e-01
7.868804146206340722e-01
8.763886458557956782e-01
8.782527566519746642e-01
7.904985480941442155e-01
6.259964890637126356e-01
3.989090957667487114e-01
1.352454437120982345e-01
-1.367163218868330254e-01
-3.875972709492684354e-01
-5.918778136934266243e-01
-7.261165149032049460e-01
-7.749546958502701033e-01
-7.382218180397466245e-01
-6.177493786599512759e-01
-4.258875578730568767e-01
-1.819460035476236914e-01
8.517260050473707267e-02
3.491969848343770000e-01
5.798901092968329340e-01
7.525055403663205578e-01
8.528768690651356010e-01
8.690936503285768833e-01
7.986571809099385355e-01
6.480667878632828671e-01
4.363474066321069156e-01
1.823106333429296289e-01
-8.577282820641196626e-02
-3.391567658816247999e-01
-5.513365974616136755e-01
-7.005179231801105244e-01
-7.695370498166637097e-01
-7.496114686369149682e-01
-6.482760512016406684e-01
-4.738818670148727819e-01
-2.438224547088622129e-01
1.898916871569933384e-02
2.849515407028064828e-01
5.274416734050577649e-01
7.186440253840038483e-01
8.378605069479325707e-01
8.770429841758196066e-01
8.303555636988966260e-01
7.018889136139749851e-01
5.039807639295041941e-01
2.606392642583210684e-01
-5.909357821098470964e-03
-2.667350890929628404e-01
-4.934616501350639339e-01
-6.628578417746400220e-01
-7.572515857073300882e-01
-7.658582347876485841e-01
-6.858625325498839409e-01
-5.293605479966017047e-01
-3.096427881568686313e-01
-5.114163975467089784e-02
2.188841211082510618e-01
4.712493316128947285e-01
6.804684920726398190e-01
8.224681573554213365e-01
8.810583140813947889e-01
8.546305545158070505e-01
7.437456820756971343e-01
5.593633468078884619e-01
3.197090379155080875e-01
5.299324157628437781e-02
-2.151456900465184008e-01
-4.545022784144021610e-01
-6.394334096820679658e-01
-7.538764820199252981e-01
-7.846345048327247884e-01
-7.275978240349041393e-01
-5.875806611690970183e-01
-3.821324441271718442e-01
-1.290754339085979918e-01
1.436446272515650158e-01
4.071674967509002485e-01
6.338683908127469291e-01
8.006164617790936244e-01
8.881395584593325676e-01
8.857062866759217723e-01
7.988101379850010009e-01
6.341099378492633942e-01
4.078337583552023027e-01
1.422548575885971278e-01
-1.326191781076767606e-01
-3.893599370875162613e-01
-5.982846302009630080e-01
-7.367770683646039931e-01
-7.943703543336506634e-01
-7.631217618228387511e-01
-6.452904194155479889e-01
-4.518496267730282012e-01
-2.063442701455426853e-01
6.899540565387241031e-02
3.441426772856110983e-01
5.893048405643688259e-01
7.788993592596062943e-01
8.930424411475721413e-01
9.183130901568439253e-01
8.498121744142568268e-01
6.989327749290998870e-01
4.783937084020448705e-01
2.122630011026787056e-01
-7.176963085316145907e-02
-3.424835068815313965e-01
-5.724564612896445581e-01
-7.352438244861585481e-01
-8.124189098387358809e-01
-8.002580346765704178e-01
-6.977659148102361986e-01
-5.152344776834985041e-01
-2.707115528905635893e-01
6.522901185765039855e-03
2.899281515829306155e-01
5.477765560918965715e-01
7.520562257867808853e-01
8.837703341530589451e-01
9.279659809100280210e-01
8.793626412510957557e-01
7.416174079005573017e-01
5.322128185950874002e-01
2.694526814805571213e-01
-1.714968549685436106e-02
-2.971011159749831210e-01
-5.405680117694307008e-01
-7.224300969921362281e-01
-8.216077748730030716e-01
-8.259259162741466875e-01
-7.401956942119795047e-01
-5.708516527854130551e-01
-3.349950272722246325e-01
-5.596306712187437693e-02
2.343870461615751299e-01
5.068748547896531065e-01
7.299337253540698622e-01
8.793547667764494147e-01
9.435698744522824644e-01
9.138859725554506763e-01
7.927093956885653547e-01
5.914580984403170483e-01
3.350011813630393576e-01
4.694591751958188119e-02
-2.408524397254957483e-01
-4.970319835902362593e-01
-6.947020375428460959e-01
-8.129733444467672765e-01
-8.382678097943343509e-01
-7.657675866331767889e-01
-6.074898111815307811e-01
-3.770605089090109940e-01
-1.004334695428693580e-01
1.931528426066391191e-01
4.711670690303733089e-01
7.051062190107595384e-01
8.679610022090404886e-01
9.411122701226413145e-01
9.215596080029635484e-01
8.091365796812743927e-01
6.156609619453696780e-01
3.605802794128019073e-01
7.466311182975360339e-02
-2.141932575248373105e-01
-4.732599159096010366e-01
-6.742904364563138131e-01
-7.990862372858814622e-01
-8.333424316934217035e-01
-7.732273551305866022e-01
-6.239784096684484194e-01
-4.049396290004747545e-01
-1.358423814566735999e-01
1.527850731426627640e-01
4.298542755795509152e-01
6.658439523497279300e-01
8.362550362110512392e-01
9.215972433989858548e-01
9.113400642041304955e-01
8.125138216173211081e-01
6.334076859428783290e-01
3.927357206266031131e-01
1.149299355401858236e-01
-1.679703454099126247e-01
-4.270741347737773141e-01
-6.322877863961370304e-01
-7.610906999405194773e-01
-8.045216814460519617e-01
-7.562926766005215740e-01
-6.213052785200419148e-01
-4.129097627767105427e-01
-1.571673050167986530e-01
1.218232441644879760e-01
3.930010967794670407e-01
6.263142044368255057e-01
7.976827037679179444e-01
8.890402163163915183e-01
8.907704868943839838e-01
8.012001851878782777e-01
6.336232423666148250e-01
4.027749070905846107e-01
1.359435118157004130e-01
-1.377256225648992860e-01
-3.885266788978686270e-01
-5.907756449574002033e-01
-7.214816013242650872e-01
-7.658362107607576963e-01
-7.247488037623457391e-01
-6.009519250555274139e-01
-4.078288716085219923e-01
-1.654220859060879789e-01
9.693361272168732334e-02
3.527512256964291382e-01
5.724032881352711932e-01
7.323377347719544073e-01
8.203847077230539409e-01
8.260619973043870079e-01
7.484483704979023599e-01
5.954555009650515096e-01
3.873130264334225803e-01
1.433663666068201170e-01
-1.086183240178024700e-01
-3.408851738038303214e-01
-5.290986250189521067e-01
-6.537901332805398091e-01
-7.013461390516073646e-01
-6.657497359488034894e-01
-5.559367407791930837e-01
-3.816717013188900554e-01
-1.623210088437894161e-01
7.883089348295646559e-02
3.143692435193727874e-01
5.201909136008209256e-01
6.724167401180021209e-01
7.542042912641655494e-01
7.622294141661500877e-01
6.945836977362238596e-01
5.585228955669923057e-01
3.682722299927747578e-01
1.477064157922307608e-01
-8.160224014928785241e-02
-2.934244961365785054e-01
-4.641841751927781035e-01
-5.781150446164964318e-01
-6.230961756645486682e-01
-5.944700898430801406e-01
-4.947937809221434335e-01
-3.386261113631995334e-01
-1.402006116925976764e-01
7.690158271061542372e-02
2.880900017305894067e-01
4.709957922092125049e-01
6.070005199508967664e-01
6.807617382118960059e-01
6.839028813843182064e-01
6.219520787266796802e-01
5.005276249918209075e-01
3.326188015558475541e-01
1.363520150427239841e-01
-6.459047655889271766e-02
-2.497812676928928832e-01
-3.977606841481130528e-01
-4.927580572937539927e-01
-5.302779892349294144e-01
-5.057473747388859797e-01
-4.215413620023028551e-01
-2.871534779585006580e-01
-1.204881307490492937e-01
6.274806569203228435e-02
2.418205569354310303e-01
3.963848872959847558e-01
5.112897069587645227e-01
5.750764295955066441e-01
5.816165015709280350e-01
5.302744143907898167e-01
4.302721909760911512e-01
2.905763040149007548e-01
1.275423655617433649e-01
-4.042055877822614551e-02
-1.951110470065063884e-01
-3.209457631954645285e-01
-4.030433905022237084e-01
-4.323687244300843391e-01
-4.114362342773444370e-01
-3.419926956404174545e-01
-2.309233407632683699e-01
-9.033037920236131058e-02
6.240496988028287895e-02
2.119191758283738292e-01
3.402433523511076974e-01
4.334092830237383787e-01
4.857532349545030659e-01
4.916966213254594376e-01
4.503048794739095140e-01
3.666638209189052588e-01
2.531243552487603132e-01
1.199257900357724171e-01
-1.787530300553308305e-02
-1.441905623092247790e-01
-2.463718435133818163e-01
-3.145536374400514923e-01
-3.408942449488434612e-01
-3.224944271819328856e-01
-2.656312381570362646e-01
-1.754254128706702609e-01
-6.256725641103377811e-02
5.943879487293335373e-02
1.768817063456600280e-01
2.780558685422549470e-01
3.507112802681309205e-01
3.870824657259921420e-01
3.882447961734445396e-01
3.540000293370861861e-01
2.874291792813599145e-01
1.966887413791313932e-01
9.437795563789119768e-02
-9.716021660931328796e-03
-1.033387891127892644e-01
-1.759628547958769218e-01
-2.234406489975417909e-01
-2.410982658653747501e-01
-2.264820682423247522e-01
-1.820756013637159221e-01
-1.153281192714373793e-01
-3.189349775198979664e-02
5.839696457088083825e-02
1.444562046362678487e-01
2.178031813115677284e-01
2.716267609560489849e-01
2.995247302587116245e-01
2.988659578005781192e-01
2.736886990452622737e-01
2.261005317013693450e-01
1.609062259274034457e-01
8.614405811279723935e-02
1.056731097369500993e-02
-5.846788315233653055e-02
-1.118163786518652225e-01
-1.437954159306287227e-01
-1.554044153240549120e-01
-1.453898814062384304e-01
-1.135627240704001339e-01
-6.424024618837420597e-02
-4.689937131639454471e-03
5.986076139325247070e-02
1.214631920592841308e-01
1.726945941828121889e-01
2.104796093397705015e-01
2.314072717048354377e-01
2.317460249368310521e-01
2.118556738148447138e-01
1.769360528057914994e-01
1.297560253908736083e-01
7.594883349646219806e-02
2.297045840012090778e-02
-2.401899888209380052e-02
-6.087691762236524529e-02
-8.276268272671893911e-02
-8.777928438145299328e-02
-7.869342279293967124e-02
-5.607228355321947078e-02
-2.194798980019063706e-02
1.839541051442061814e-02
5.931242610919040814e-02
9.742572515689440493e-02
1.279573135297287223e-01
1.475667178583632833e-01
1.574626491763091440e-01
1.565390257422392128e-01
1.435833408085891438e-01
1.210552131240729690e-01
9.307029199099203787e-02
6.186527613738590503e-02
3.126475175960474751e-02
5.144753132275914353e-03
-1.519404604886653853e-02
-2.785463581698510716e-02
-3.044002809621282335e-02
-2.340627369446257600e-02
-9.853698534174171186e-03
9.361525021363670263e-03
3.252318052275215976e-02
5.627896466589143998e-02
7.821118617784850180e-02
9.651311120262384691e-02
1.086897315682373577e-01
1.137716327824935814e-01
1.132145408609201986e-01
1.068623756129420954e-01
9.479989836261282221e-02
7.911145398336394408e-02
6.222470232505683541e-02
4.544045231297810794e-02
3.066846344119600332e-02
1.949952524578502100e-02
1.187458019100740003e-02
8.551017438605201804e-03
1.052728918965484262e-02
1.707694330272091499e-02
2.639802567807980616e-02
3.783312028170260355e-02
5.030632759137443344e-02
6.222310087361826447e-02
7.272079524407670803e-02
8.083285233683779047e-02
8.487796723560148138e-02
8.444118997869964893e-02
8.065590225313967743e-02
7.380204197350481721e-02
6.500850108226985391e-02
5.597816344709571901e-02
4.775125956222159296e-02
4.104870841131291748e-02
3.666171840599985465e-02
3.500103638917173576e-02
3.574699350443144574e-02
3.882771993571765279e-02
4.373275105650931138e-02
4.925934689027311464e-02
5.402717893456565612e-02
5.770318172271693413e-02
6.016024716324874788e-02
6.120693533919241425e-02
6.146723203711146333e-02
6.083960420736400643e-02
5.914015305418107715e-02
5.691868414570611101e-02
5.468434744727246333e-02
5.262045613360943896e-02
5.102834292100633107e-02
5.010724198833815812e-02
4.970513711872959206e-02
4.987723885400763280e-02
5.054655772499039301e-02
5.139512180687222376e-02
5.213459625427119271e-02
5.271488089092613016e-02
5.317529739887416618e-02
5.347499201980565608e-02
5.364372441358566945e-02
5.366088067402863260e-02
5.351417652727286089e-02
5.333037784036864792e-02
5.329529977551672459e-02
5.339099264628233144e-02
5.351112299728666422e-02
5.361099661443491371e-02
5.358269574577745331e-02
5.344761144698195743e-02
5.330117366061126738e-02
5.314894379402979041e-02
5.301340941811849561e-02
5.290590035620157394e-02
5.282312401953181968e-02
5.278453767467450319e-02
5.280002670498307182e-02
5.286337316845002299e-02
5.295569221320217679e-02
5.305392940339204166e-02
5.313179600993556129e-02
5.318431432598469399e-02
5.321437571550613477e-02
5.321962512773059650e-02
5.321013149592546121e-02
5.318599855956107625e-02
5.314754030900781245e-02
5.310703865116961353e-02
5.307555186539070213e-02
5.305510926708190134e-02
5.304529892620446496e-02
5.304525773837753810e-02
5.304986332280337002e-02
5.305837323997364408e-02
5.306982726334585898e-02
5.308326516637729142e-02
5.309772672252521808e-02
5.311225170524758177e-02
5.312587988800121508e-02
