6.073422788512066184e-01
6.106113795841281444e-01
5.471990339271952664e-01
4.313364806860968681e-01
2.772549586665218335e-01
9.918570667415971265e-02
-8.864003648530105473e-02
-2.719910320061735831e-01
-4.240089698329446710e-01
-5.354240338590565695e-01
-5.951085118531354023e-01
-5.937306569012419377e-01
-5.288743392953099143e-01
-4.095996481652848242e-01
-2.448259664620838771e-01
-5.130559395578293547e-02
1.519893585686347137e-01
3.432672748234890658e-01
5.033423991799741426e-01
6.133145565804167809e-01
6.602621056236013253e-01
6.415969280742619407e-01
5.566303116247857119e-01
4.123703156002689330e-01
2.217357662596410872e-01
5.964313024274803254e-03
-2.150330776619152617e-01
-4.168713051502208611e-01
-5.779003669308969693e-01
-6.822319296659830057e-01
-7.176970106344011668e-01
-6.788724466997184681e-01
-5.674060313203300732e-01
-3.962352457302571462e-01
-1.793948081290072105e-01
5.942667844020332879e-02
2.954780702304857787e-01
5.039119735625177121e-01
6.634976224001751799e-01
7.556382299809427661e-01
7.688644104137918323e-01
7.046023418278355432e-01
5.666562447300171890e-01
3.682749945879051356e-01
1.282303298503182365e-01
-1.265699119440798492e-01
-3.713663571490880555e-01
-5.785651919203635973e-01
-7.261732760614691973e-01
-8.015602497944889215e-01
-7.947243896321007917e-01
-7.048884457960016281e-01
-5.394475274465071468e-01
-3.176088864477207840e-01
-5.883994040001616632e-02
2.088841762187783058e-01
4.576843137521326987e-01
6.613780681714325205e-01
7.986499967200544337e-01
8.534834129310131523e-01
8.178076744391200581e-01
6.988355198535252111e-01
5.059408638402778102e-01
2.583977822474570196e-01
-1.993927416056218149e-02
-2.983703844194131038e-01
-5.491469500231815903e-01
-7.440108453590836834e-01
-8.615682835153597452e-01
-8.923769653295040571e-01
-8.307822389435686183e-01
-6.823970634678292457e-01
-4.604907085910048270e-01
-1.906484837312905078e-01
1.024937465841488926e-01
3.875149600478533518e-01
6.342569344137640730e-01
8.171655645793081124e-01
9.167695693062207773e-01
9.219300149462765770e-01
8.296337776214848247e-01
6.523523775228241561e-01
4.050190379043361322e-01
1.146581890061852960e-01
-1.892792076885787544e-01
-4.742184250322379890e-01
-7.114645906194873026e-01
-8.747012519710136713e-01
-9.455527169267132770e-01
-9.201291822956620958e-01
-7.984753028030192601e-01
-5.930875308938488022e-01
-3.234130960683401224e-01
-2.025980529489346260e-02
2.873177511902165193e-01
5.655605847623796922e-01
7.853343512973334217e-01
9.262078106131019783e-01
9.721712953663184109e-01
9.180489876637596414e-01
7.676087739311925340e-01
5.391097652764333947e-01
2.525704763251990226e-01
-6.066276128085579256e-02
-3.685479509892606309e-01
-6.388057926955097443e-01
-8.439849431446109218e-01
-9.615821747926616148e-01
-9.777223691211518464e-01
-8.950278940225508961e-01
-7.194366823378672837e-01
-4.690947156688880515e-01
-1.679891475818444668e-01
1.504869016296106476e-01
4.550210156082232782e-01
7.118983937465515055e-01
8.941246969661187372e-01
9.861095169451044029e-01
9.765724443374486086e-01
8.664253849248519934e-01
6.653232668934370153e-01
3.972424683517183919e-01
8.646603858753976191e-02
-2.336206069180889466e-01
-5.299080211495250659e-01
-7.717906687675253341e-01
-9.344645847999919486e-01
-1.000000000000000000e+00
-9.594547023287829379e-01
-8.218647222221195925e-01
-5.989150358678438923e-01
-3.141491505178358734e-01
4.335383299081563280e-03
3.217496596194227010e-01
6.066452691482067117e-01
8.281215919274302895e-01
9.626286067733602625e-01
1.000000000000000000e+00
9.345982372486412171e-01
7.737497451763915013e-01
5.327652146956305401e-01
2.401347198805960925e-01
-7.715373705173522723e-02
-3.856852108045830674e-01
-6.533765654677579082e-01
-8.537175649855489601e-01
-9.660770331631489682e-01
-9.792061929921044294e-01
-8.902514687496159151e-01
-7.119344247350301025e-01
-4.596951340637324135e-01
-1.609494996628469954e-01
1.543704422372673690e-01
4.528791923318200574e-01
7.049368455959557078e-01
8.832880911157743320e-01
9.686264056948228340e-01
9.565144284017601528e-01
8.462805033899376550e-01
6.495660565759018290e-01
3.850061124671482204e-01
8.253734965511738686e-02
-2.289012783872058643e-01
-5.153272066350236269e-01
-7.471752333943132429e-01
-9.030887006642480674e-01
-9.662871671489202674e-01
-9.303128865165030126e-01
-7.974802554308136893e-01
-5.847939549409968407e-01
-3.109104384463331483e-01
-6.075870957646833936e-03
2.983478094589315788e-01
5.709473465963308403e-01
7.846413490808550328e-01
9.167337935483836908e-01
9.526577484900329296e-01
8.933421828916940921e-01
7.429507124994059186e-01
5.173638622670424514e-01
2.385212036878610053e-01
-6.233085411614325277e-02
-3.559751500116999923e-01
-6.103545181435174882e-01
-7.994117232976113430e-01
-9.076741140996752444e-01
-9.228329463407680677e-01
-8.434262643152310446e-01
-6.766728453279989841e-01
-4.428288990710941286e-01
-1.628476846209417905e-01
1.330379977791262824e-01
4.144876844556226736e-01
6.528844628703243114e-01
8.244040771702290105e-01
9.109747546609099356e-01
9.025877624433451540e-01
8.049856316829968605e-01
6.262371681201333029e-01
3.847580946606377061e-01
1.039875707524893222e-01
-1.854033071038537761e-01
-4.551141035377201938e-01
-6.758690980809615168e-01
-8.248572547038918179e-01
-8.907184846216164020e-01
-8.655023037950344555e-01
-7.520917592759327475e-01
-5.611208502045150759e-01
-3.153651837413525838e-01
-3.723932874360547096e-02
2.436874889513633846e-01
4.983021028411558362e-01
7.009720645521861915e-01
8.312854776367450960e-01
8.753858180014184587e-01
8.272538089519700932e-01
6.964321649538365300e-01
4.943698472273103661e-01
2.427087999826584852e-01
-3.326174656100466809e-02
-3.037303060237269703e-01
-5.419918571905097959e-01
-7.222827656747021763e-01
-8.255267605007998721e-01
-8.450886371855861334e-01
-7.776659099452146728e-01
-6.307787183762134653e-01
-4.188588311110355011e-01
-1.670629344052694254e-01
1.011260817137169532e-01
3.570833052713660027e-01
5.740772440558346013e-01
7.315533258325934707e-01
8.133391849676245844e-01
8.115925283560023740e-01
7.258011208687940030e-01
5.679057618538154717e-01
3.516619538335505890e-01
1.011590302973992550e-01
-1.578557260489895642e-01
-3.982915164797747876e-01
-5.963218205289080309e-01
-7.305136613512683841e-01
-7.864711568151214749e-01
-7.630636005505844199e-01
-6.613629800401361614e-01
-4.920553850241629057e-01
-2.716790268700868261e-01
-2.537012256696224988e-02
2.227906786461761879e-01
4.450061664528459637e-01
6.183423427205971823e-01
7.282018415403621603e-01
7.625817973342148282e-01
7.178360941764239112e-01
5.979914704467628184e-01
4.188630565833975083e-01
1.966131245202615840e-01
-4.372250466398497348e-02
-2.765725946264505630e-01
-4.779826058447913528e-01
-6.278468886524165571e-01
-7.102764117708038061e-01
-7.161475587292451817e-01
-6.497367435364012067e-01
-5.168608000458874141e-01
-3.318400702029936644e-01
-1.136198144703730595e-01
1.126622480983490160e-01
3.245137246630465100e-01
4.985572244544267395e-01
6.167455128804233411e-01
6.712354138489571298e-01
6.557539399835203842e-01
5.723343138995253820e-01
4.297408947754501884e-01
2.461613752265103816e-01
3.884548791109598831e-02
-1.692303517292573778e-01
-3.555904952048902778e-01
-5.015648280459756858e-01
-5.925034964066246967e-01
-6.195530196097702724e-01
-5.796435637934715945e-01
-4.809090452477690070e-01
-3.323736389922078427e-01
-1.510026292532136161e-01
4.386653399731765823e-02
2.308541859059081158e-01
3.911405092808433182e-01
5.069021322099560578e-01
5.658567921165040815e-01
5.664890617236661985e-01
5.083113910555920878e-01
3.980216221473011906e-01
2.473568506704477699e-01
7.493070147524538704e-02
-1.021417753673641293e-01
-2.636741594629306018e-01
-3.923354624717636518e-01
-4.773859682363816859e-01
-5.101207450791018783e-01
-4.878970561607779421e-01
-4.135211351452853235e-01
-2.983779207605860018e-01
-1.533797264873362209e-01
4.527503074800653948e-03
1.576042029433923908e-01
2.897367802811825488e-01
3.876171675301853803e-01
4.403466893395897586e-01
4.421315529295963831e-01
3.975231090591890837e-01
3.110070510388529552e-01
1.931745933232402734e-01
5.761926186396504335e-02
-7.944471592943413985e-02
-2.037388467010686766e-01
-3.005878714694658616e-01
-3.594954495296345254e-01
-3.782783006887304733e-01
-3.550487530496652111e-01
-2.931660766940543672e-01
-2.004919035959580320e-01
-9.058359583943964566e-02
2.545961537648766537e-02
1.339371182665538562e-01
2.220682331018866140e-01
2.823439976272659191e-01
3.087487278323497453e-01
2.992528279821782267e-01
2.557835915708914776e-01
1.863003835884069481e-01
9.782872088773597596e-02
2.088788013987707970e-03
-8.873545905282842483e-02
-1.646430757664346656e-01
-2.176283283041517969e-01
-2.418257324793215979e-01
-2.349138818213541979e-01
-2.011938559995116726e-01
-1.440773602598536263e-01
-7.139945464627406313e-02
7.193763428019250838e-03
8.161537144653685516e-02
1.433992057749742255e-01
1.840159556681275621e-01
1.985641753900868611e-01
1.890590062213497458e-01
1.563266453588099125e-01
1.043975040428508638e-01
4.030662380675109624e-02
-2.621131388585351552e-02
-8.739793295167752607e-02
-1.341839331751674136e-01
-1.598517573645529266e-01
-1.635288606913881670e-01
-1.443463807280586098e-01
-1.042680636012630613e-01
-4.836503135865743985e-02
1.425149582141349569e-02
7.668381721845562993e-02
1.298937603894383397e-01
1.655101728324388510e-01
1.793806578181438294e-01
1.690981916388210049e-01
1.350587202416488886e-01
8.053972204289627790e-02
1.377650009938280462e-02
-5.867605655698349132e-02
-1.269194062784245736e-01
-1.809763772313911501e-01
-2.136609203158700288e-01
-2.202153130419399751e-01
-1.983033917441233696e-01
-1.488957317683425874e-01
-7.869778403721316984e-02
6.370900001285262348e-03
9.553039336715118957e-02
1.772830225421762051e-01
2.411206569675317102e-01
2.789608870839803689e-01
2.835329516532305583e-01
2.519605960514257337e-01
1.892250154040382437e-01
9.988498857064365133e-02
-6.165193914605793246e-03
-1.168079807064529296e-01
-2.181791971399433816e-01
-2.987269412551899483e-01
-3.464189199716375400e-01
-3.538053255046025303e-01
-3.214644051409000225e-01
-2.503861015241748422e-01
-1.465929117301146833e-01
-2.046711787988608755e-02
1.119430436560742148e-01
2.374008385120411901e-01
3.402405279860021281e-01
4.073237442991428647e-01
4.317261837193462348e-01
4.086435340605056865e-01
3.385486372808261812e-01
2.270715372844349655e-01
8.753267950825960320e-02
-6.760009364425134670e-02
-2.201540757778743806e-01
-3.523479199869968825e-01
-4.488495848251787823e-01
-4.981024312868630455e-01
-4.926621691530480573e-01
-4.306070944557197633e-01
-3.199595196098105054e-01
-1.694166983580970287e-01
4.713297440110730818e-03
1.840496955738593066e-01
3.479103660317364177e-01
4.786231322996490345e-01
5.591564633872476708e-01
5.786262714074386082e-01
5.370094722105529517e-01
4.357802827636039211e-01
2.842132281198195276e-01
9.671581407887286375e-02
-1.046926214408664402e-01
-3.000069483323277719e-01
-4.659518452575962533e-01
-5.833128386462735904e-01
-6.403748692036967949e-01
-6.288425175542164958e-01
-5.484076063074759810e-01
-4.053418363537797386e-01
-2.167773845331881777e-01
4.021096846273941594e-04
2.217742636786002031e-01
4.230656819784490708e-01
5.819082790202989575e-01
6.806423296949783985e-01
7.063529817065614669e-01
6.534352994692231853e-01
5.303942504485998910e-01
3.472504428484377570e-01
1.238010554306927524e-01
-1.169494074244452619e-01
-3.474917656933491639e-01
-5.437097952670058021e-01
-6.821306842113430413e-01
-7.461276123427115214e-01
-7.313178313093996463e-01
-6.364997324180573512e-01
-4.711728559557232243e-01
-2.512556162003870552e-01
-3.128485423610660732e-03
2.492738218004963979e-01
4.774928045440931523e-01
6.560210371938004492e-01
7.666913097526821819e-01
7.962481008586534958e-01
7.410016269281953782e-01
6.046847031963984431e-01
4.040199837758666757e-01
1.568791111996947762e-01
-1.087612049125692426e-01
-3.646438647162372204e-01
-5.828813194618231996e-01
-7.402743878290803936e-01
-8.184192562709827756e-01
-8.069774222446625123e-01
-7.111840449240514062e-01
-5.385138877011376168e-01
-3.071387869316559716e-01
-4.003594951883149289e-02
2.321260920305543429e-01
4.814487310783799323e-01
6.789964266676917770e-01
8.027437760744657869e-01
8.426305076071711753e-01
7.922449126734039115e-01
6.567330102757735766e-01
4.487730793003821272e-01
1.936430826729862442e-01
-8.447174951273428434e-02
-3.545067780431944149e-01
-5.869059311798867640e-01
-7.570860548170594839e-01
-8.465194024519340221e-01
-8.456831608779212806e-01
-7.526631590894434787e-01
-5.802088603379282894e-01
-3.433900375848611963e-01
-6.988477765712175493e-02
2.112177801196686300e-01
4.692373703518701866e-01
6.774862978062226038e-01
8.125075622700537181e-01
8.587222883916316718e-01
8.154980014202868333e-01
6.853400893368171154e-01
4.826267042270036001e-01
2.276764209206179057e-01
-4.935685898737318666e-02
-3.205113878162991758e-01
-5.547661679446144189e-01
-7.270783224210763951e-01
-8.228183073792989521e-01
-8.304104286776760047e-01
-7.491451404371993750e-01
-5.866410975956641849e-01
-3.636577298338443676e-01
-1.010862387867413892e-01
1.713913698717901557e-01
4.245242181126207548e-01
6.314849385431444695e-01
7.705825188466373099e-01
8.267826339944825964e-01
7.927855654581916767e-01
6.770376120449290713e-01
4.899101723890628701e-01
2.520963751018441279e-01
-1.196209596830966060e-02
-2.722517412718593599e-01
-5.020694802185059480e-01
-6.755350358682750134e-01
-7.735914298385284660e-01
-7.901664764764800841e-01
-7.222671993872784579e-01
-5.779154709402940515e-01
-3.716974742793567321e-01
-1.290137920274148087e-01
1.264820766534155982e-01
3.663386236282524244e-01
5.643010394669192298e-01
7.007947356474597544e-01
7.613645486724600620e-01
7.405013076831008512e-01
6.395283892615046817e-01
4.728241256691867456e-01
2.558170449537637836e-01
1.404008428559078148e-02
-2.261847461072391541e-01
-4.391743056100019249e-01
-6.031161660689654536e-01
-7.002272565416319816e-01
-7.196619001726924925e-01
-6.644748178315398324e-01
-5.394608160163444355e-01
-3.587336258837909853e-01
-1.411914648733364475e-01
8.735654709350981761e-02
3.037102252265535540e-01
4.834964507466854577e-01
6.077521588379239947e-01
6.678718030999482025e-01
6.569330529431989252e-01
5.767613485372344861e-01
4.359599177397641689e-01
2.530092490279400863e-01
4.542613733474376581e-02
-1.633901659774852355e-01
-3.506000974000479387e-01
-4.972310942293751701e-01
-5.884138405508512193e-01
-6.153859098665412919e-01
-5.751292133198349088e-01
-4.759125780152896334e-01
-3.269277742127002506e-01
-1.455644225251857549e-01
4.858539260332661591e-02
2.340941257056308178e-01
3.921352529301296297e-01
5.050298277698166416e-01
5.606642054423605082e-01
5.579282319293428216e-01
4.966982160226729448e-01
3.840174167883461109e-01
2.318799246472444953e-01
5.904847239506594292e-02
-1.172190058002852142e-01
-2.767271977781413650e-01
-4.023641756446977302e-01
-4.838963040957445783e-01
-5.129193777493679107e-01
-4.870678563566379626e-01
-4.094826708681679195e-01
-2.917699920738208164e-01
-1.449260298055560225e-01
1.422222046318255551e-02
1.679862202144117855e-01
3.004427726157647971e-01
3.984669876913986553e-01
4.512838210404976902e-01
4.531673814080021678e-01
4.086601432340248863e-01
3.221399797254291819e-01
2.037126383717065004e-01
6.669417264829125003e-02
-7.291690032240805142e-02
-2.009662833625310840e-01
-3.027940889352749299e-01
-3.676997411467833876e-01
-3.928432740501232034e-01
-3.756484385923590796e-01
-3.183872253970367883e-01
-2.280453419189475417e-01
-1.173358429300028760e-01
3.206346323526565456e-03
1.201603326702607166e-01
2.204572493830379010e-01
2.954184500581302775e-01
3.378119123809064650e-01
3.435399809611281441e-01
3.125819837174415028e-01
2.510786076415640888e-01
1.646610944118267472e-01
6.358864345881021229e-02
-4.050480775673936940e-02
-1.366304038788911379e-01
-2.154140716041820225e-01
-2.678169434554342754e-01
-2.884921355008797095e-01
-2.795174836743757885e-01
-2.419164210255858594e-01
-1.794481059165177195e-01
-9.936384556290500658e-02
-1.174751892659264829e-02
7.464463085286388022e-02
1.493289912704773847e-01
2.043127739897918627e-01
2.370603636108115087e-01
2.444021907353226553e-01
2.253101048392138761e-01
1.826591446763690119e-01
1.233218004829255143e-01
5.252054900982616736e-02
-2.171797641949690938e-02
-9.050837334118166932e-02
-1.474164466766632042e-01
-1.872705607729274746e-01
-2.052962334830723545e-01
-1.997910834988473328e-01
-1.744102362468389344e-01
-1.314432932083878791e-01
-7.598933526022566554e-02
-1.517270308469920170e-02
4.427365244373993036e-02
9.668210793308151807e-02
1.356078099394792957e-01
1.571666771144648589e-01
1.623782470076240436e-01
1.508295658096769909e-01
1.234068175272806656e-01
8.420100501368277257e-02
3.921240249657254040e-02
-7.506071917743883937e-03
-5.031964407626365876e-02
-8.430115911983948607e-02
-1.084018948657219372e-01
-1.204802752536974220e-01
-1.183539374767554886e-01
-1.029968163608838694e-01
-7.812504920836293998e-02
-4.578948082423028865e-02
-9.665955372496370934e-03
2.553392660791620195e-02
5.668726645952282261e-02
8.109570229729334834e-02
9.540305535745829957e-02
9.849049802622444894e-02
9.255826622459384367e-02
7.791927009701615781e-02
5.563844658253835895e-02
2.904430978771732619e-02
1.504956217771136195e-03
-2.471722450140922955e-02
-4.627466949861813728e-02
-6.088060123985727934e-02
-6.901397370570772072e-02
-6.984857550887890731e-02
-6.252392001992956860e-02
-4.858549897813058127e-02
-3.088112607995652237e-02
-1.077860549368925280e-02
9.510709645071724339e-03
2.746170369704414860e-02
4.210431637978606645e-02
5.207736790216621614e-02
5.532895196113218894e-02
5.183533124740957732e-02
4.362196323740641368e-02
3.125848421503607533e-02
1.630577212932760034e-02
1.243333399699286801e-03
-1.240744377023661471e-02
-2.350231388069901062e-02
-3.072168318474877147e-02
-3.357772312640583401e-02
-3.285477440154471740e-02
-2.856498083606606730e-02
-2.107323997619692246e-02
-1.195316754274455828e-02
-3.038551875997108631e-03
5.020407448556474250e-03
1.157929742863106348e-02
1.606917632924309558e-02
1.908059552239538270e-02
2.026621489767177486e-02
1.906402847359811581e-02
1.604843019508672697e-02
1.205971384931170398e-02
7.417809602525693435e-03
2.711534090217515569e-03
-1.434407901819034770e-03
-4.861459513987420600e-03
-7.248393471569136715e-03
-8.246475384452112145e-03
-7.985933907811215704e-03
-6.951189025483084372e-03
-5.210259847273857048e-03
-2.921949005762258800e-03
-5.177597436920589047e-04
1.716119937272164719e-03
3.597905819270774685e-03
4.980285233316061877e-03
5.860796136128110234e-03
6.436076352696051828e-03
6.635340562489266958e-03
6.302037304487306812e-03
5.561508460528052922e-03
4.620126228838117299e-03
3.548438696706845974e-03
2.445741131557488401e-03
1.399133181737566289e-03
3.733924506352792605e-04
-5.220919075197283377e-04
-1.060297115125563572e-03
-1.185414151459340815e-03
-9.464847710418666793e-04
-3.732659839652541223e-04
3.882851986616309148e-04
1.182450238455867719e-03
1.902257610057800363e-03
2.481357777253334618e-03
2.860771046991894551e-03
3.000403694600306537e-03
2.929301618254553929e-03
2.656573615275936717e-03
2.240744247967940694e-03
1.800907915720850738e-03
1.462129420063851271e-03
1.246280987204917423e-03
1.137172428617549969e-03
1.132850485755509951e-03
1.169931923445721722e-03
1.252788836617169110e-03
1.395321854360309644e-03
1.547271662833082928e-03
1.667394862320703552e-03
1.748682149536495700e-03
1.791290085022101408e-03
1.802113638176505717e-03
1.805886897948250081e-03
1.800709597746141810e-03
1.790100041224595984e-03
1.777576532038915857e-03
1.766657373843294465e-03
1.760860870292813019e-03
1.763705325042108640e-03
