-4.133495341842814419e-01
-1.192974053842614790e-01
1.199920206941720302e-01
3.063904202597353965e-01
4.417694695211449307e-01
5.280008446871171657e-01
5.669562219663681901e-01
5.605072775676178676e-01
5.021597371414787681e-01
3.899395452416556385e-01
2.322843992341243613e-01
4.782606965058455728e-02
-1.440009726946419599e-01
-3.233513388933064725e-01
-4.708646670671213785e-01
-5.695752792091834937e-01
-6.078147118237491320e-01
-5.834709325773387301e-01
-4.970760876016092622e-01
-3.577366269730490878e-01
-1.786642582072558438e-01
1.957202090459486676e-02
2.173294038108186665e-01
3.920632191025796853e-01
5.247787646307524589e-01
6.024189684182266191e-01
6.154943647875721346e-01
5.626396735429863849e-01
4.479540565822262010e-01
2.854437091579078434e-01
9.001339066959523905e-02
-1.163672532950621452e-01
-3.119652142634120606e-01
-4.756370803087847099e-01
-5.899659146458796632e-01
-6.422110422687132836e-01
-6.254302580897299624e-01
-5.441604050573702889e-01
-4.051456106605533236e-01
-2.235402020785393074e-01
-1.739276649613918924e-02
1.898979151092996531e-01
3.770699114969309207e-01
5.230224311799540615e-01
6.116497763455848169e-01
6.357146196256397985e-01
5.912251455495989294e-01
4.833645123565712964e-01
3.223066396563556424e-01
1.273906387872165702e-01
-8.260388697741094521e-02
-2.843970941564368804e-01
-4.562530265871009849e-01
-5.802727972664951661e-01
-6.430523055256620601e-01
-6.385023079452220029e-01
-5.658647204728349811e-01
-4.351191532290787922e-01
-2.581444934066452479e-01
-5.560908208628023708e-02
1.511499170356207511e-01
3.396648348414588181e-01
4.904503650126108560e-01
5.871317779536950887e-01
6.187811954782749257e-01
5.850925215797837531e-01
4.884154554838826545e-01
3.399859698139198194e-01
1.547563027293230586e-01
-4.554216117771003880e-02
-2.406395158860830108e-01
-4.086770808837544289e-01
-5.318871033970229423e-01
-5.997954733434820440e-01
-6.045383523867254860e-01
-5.464346559224780853e-01
-4.311468959164497239e-01
-2.734809723558917494e-01
-8.853440281474644902e-02
1.028396913706828286e-01
2.803478364866998085e-01
4.255254675307185153e-01
5.234184286404937048e-01
5.642763546534408370e-01
5.433620621971368969e-01
4.663794048183935725e-01
3.405915099781511302e-01
1.804329957750701041e-01
2.472086774646609086e-03
-1.733043014005077875e-01
-3.289946587628604924e-01
-4.477515592384317955e-01
-5.170423646726427513e-01
-5.327943650400144282e-01
-4.930745881517847318e-01
-4.033514067272959691e-01
-2.730114344377692071e-01
-1.182166018617615277e-01
4.575981112419413854e-02
2.009005829591963277e-01
3.306939762883409628e-01
4.229451365862342271e-01
4.684431734487057852e-01
4.637752256915890214e-01
4.095631592851325387e-01
3.143445895696821424e-01
1.873357391244319103e-01
4.362923102275995113e-02
-1.012148836687676301e-01
-2.321411989182177171e-01
-3.361984563572837370e-01
-4.029859289564587943e-01
-4.259001625756544396e-01
-4.063215854554010908e-01
-3.465230921235016304e-01
-2.539654584287049932e-01
-1.387600138815192619e-01
-1.465350460121772613e-02
1.058822377331585241e-01
2.098028025630802595e-01
2.867740108115872655e-01
3.321446130208258740e-01
3.417770317082426956e-01
3.159472636368292342e-01
2.583747952194099806e-01
1.775232990182171733e-01
8.131242013826156523e-02
-1.951054517153971712e-02
-1.141440689530861530e-01
-1.939092477978597850e-01
-2.516727129869983370e-01
-2.828263926039837894e-01
-2.852391243169942747e-01
-2.618877037249588424e-01
-2.155931826111063820e-01
-1.521033795253089460e-01
-7.861592654244287104e-02
-2.869654505302410286e-03
6.810382475988374651e-02
1.273476555401458210e-01
1.698327119033651300e-01
1.948170231756061188e-01
2.009068035780228190e-01
1.883394736509056422e-01
1.595788413910521619e-01
1.190260878370303921e-01
7.052985579684012407e-02
1.910282017848108360e-02
-3.042885846981113751e-02
-7.542567601051797244e-02
-1.128060681256884967e-01
-1.395103708561910016e-01
-1.542602267913416592e-01
-1.583424452253472392e-01
-1.518881364024010638e-01
-1.352545010578944940e-01
-1.104795271718387317e-01
-7.991190834535699672e-02
-4.554187026763700796e-02
-9.061742472299627593e-03
2.780129472993753126e-02
6.385654362146042651e-02
9.674877815217608479e-02
1.232294313827517751e-01
1.417723590832555836e-01
1.518753893878908023e-01
1.519463212883660486e-01
1.390176625648598119e-01
1.125217571449677045e-01
7.423132640172225294e-02
2.620839181770140414e-02
-2.842842170043702321e-02
-8.568630134544996668e-02
-1.404124794050130021e-01
-1.877399724398272074e-01
-2.213902387734861810e-01
-2.368925011123322877e-01
-2.320912873795132336e-01
-2.055732887515774321e-01
-1.575260579850364939e-01
-9.105253974952742801e-02
-1.258813659599622437e-02
7.218897519656519712e-02
1.548265501549381806e-01
2.265453205588876529e-01
2.792377634835156996e-01
3.065407171510758921e-01
3.028374947556191632e-01
2.661153042398729518e-01
2.001300333007347554e-01
1.091119983527395476e-01
7.337709188721674991e-04
-1.151794401427986836e-01
-2.257986848754675036e-01
-3.198745950466341803e-01
-3.853674346618074509e-01
-4.137509728892809768e-01
-4.018383842427518671e-01
-3.481595219494657556e-01
-2.561243696625751243e-01
-1.330676050733127225e-01
7.699282156289566359e-03
1.536815135045326297e-01
2.888125753831332077e-01
3.980327755316559468e-01
4.687189112763499033e-01
4.918840425950454787e-01
4.631364937105759694e-01
3.826476431048440041e-01
2.586831631216799376e-01
1.010118893257831996e-01
-7.323328691136687940e-02
-2.462452016114050624e-01
-3.989169177628316687e-01
-5.149296487998833438e-01
-5.798095446107459638e-01
-5.843953783727500184e-01
-5.286979322155654915e-01
-4.154270621934108565e-01
-2.553981486229919273e-01
-6.326166127022547769e-02
1.393748930739904246e-01
3.323802262610349167e-01
4.932763147530279113e-01
6.040559150440996117e-01
6.534575765109478240e-01
6.335457240773010312e-01
5.448335299352740080e-01
3.939461409292648320e-01
1.977624429083548740e-01
-2.611362708743636407e-02
-2.529064653890015224e-01
-4.587249288710194550e-01
-6.207679621612149923e-01
-7.208844716751769965e-01
-7.467450463748726008e-01
-6.926937593454474129e-01
-5.660507133748455821e-01
-3.769130708517313133e-01
-1.450474688614232788e-01
1.070257649493120411e-01
3.509868669698648080e-01
5.615603034970626517e-01
7.144671111787490592e-01
7.917511291504057969e-01
7.863440658449989407e-01
6.957648727069021266e-01
5.292055103325858934e-01
3.015793762562368752e-01
3.896509723418839499e-02
-2.333999043513609317e-01
-4.852770799222150266e-01
-6.892154088495618947e-01
-8.230476811385457614e-01
-8.709613640904128040e-01
-8.275017257181866981e-01
-6.942207174728907138e-01
-4.868938425667214132e-01
-2.239781323058991358e-01
6.480903639248491999e-02
3.495812184193713978e-01
5.990343024307895892e-01
7.866028014120804990e-01
8.911461177363404484e-01
8.992877115491972884e-01
8.124119030620375881e-01
6.365168717302218671e-01
3.908501549633538463e-01
9.912471249661591877e-02
-2.054219804880903499e-01
-4.919038665310780933e-01
-7.280817667264140036e-01
-8.880959593826576182e-01
-9.567469882355801314e-01
-9.242489088516520068e-01
-7.943095132633496425e-01
-5.781276529931028696e-01
-3.011759146814357857e-01
1.021918141988065187e-02
3.212258382777706256e-01
5.990007003253801088e-01
8.136233793845264461e-01
9.415686395134053033e-01
9.692748549968919214e-01
8.913315165848603172e-01
7.189188210230779141e-01
4.671373205318165578e-01
1.642614749294750709e-01
-1.592253761157207403e-01
-4.673294241383891823e-01
-7.280572908896205675e-01
-9.126076261015897417e-01
-1.000000000000000000e+00
-9.837217533837649963e-01
-8.628964559414236124e-01
-6.515354624149785057e-01
-3.696885825967241024e-01
-5.002022884621171173e-02
2.757564528271856386e-01
5.714570025693790356e-01
8.054269835372582786e-01
9.539486475997971393e-01
1.000000000000000000e+00
9.396992683656113510e-01
7.771769237997585567e-01
5.328216680121762305e-01
2.295427455640348668e-01
-9.804292660171287643e-02
-4.157564396751964875e-01
-6.892782305299076651e-01
-8.897869452402117352e-01
-9.960642430644556233e-01
-9.952602758445576736e-01
-8.912535100871096239e-01
-6.926897686035954349e-01
-4.223794866757671906e-01
-1.072514714028607319e-01
2.167305559223080547e-01
5.165026079591874542e-01
7.591420596425368927e-01
9.185397000482184993e-01
9.809140470751376295e-01
9.379787747178114365e-01
7.958976578974736871e-01
5.680391491163345741e-01
2.818794065981489183e-01
-3.472895308986290175e-02
-3.464880834988135483e-01
-6.204853432042467531e-01
-8.282065883628109138e-01
-9.475278386883262405e-01
-9.674649955775411758e-01
-8.846097427028740690e-01
-7.111254675687467275e-01
-4.628955425098716381e-01
-1.688724341805487583e-01
1.406916062676033530e-01
4.320166355090111487e-01
6.751501422447194756e-01
8.441654901494182184e-01
9.205869248712668096e-01
9.003299512601450338e-01
7.840279310979092475e-01
5.859425512105362888e-01
3.256008615591259314e-01
3.328402866614843525e-02
-2.615312946769392521e-01
-5.260187410785422957e-01
-7.325313762463323553e-01
-8.619460899777094953e-01
-8.999482536594858306e-01
-8.442395786965289917e-01
-6.998131948996167973e-01
-4.855979523031820344e-01
-2.221144964664636401e-01
6.086130355148622328e-02
3.338656723763449019e-01
5.680857126321550155e-01
7.394221371448783664e-01
8.303827596434216751e-01
8.306193507463726089e-01
7.447098075825435703e-01
5.805757220980465316e-01
3.576234965783893216e-01
9.861498971445370465e-02
-1.671550685838240069e-01
-4.127191243969285939e-01
-6.117078328386384989e-01
-7.432783855259700312e-01
-7.970769384040423677e-01
-7.669971594230708956e-01
-6.584316446168161363e-01
-4.825033053259324411e-01
-2.613209614607840958e-01
-1.650256410768613513e-02
2.251470363862049240e-01
4.382524704695789364e-01
6.016704596886819356e-01
6.987625427282389001e-01
7.212425775573327869e-01
6.666402361146794853e-01
5.440734480069364665e-01
3.651173542848553666e-01
1.509356307364040362e-01
-7.618168738696351472e-02
-2.919264757605313232e-01
-4.746265064433715652e-01
-6.053849352597824307e-01
-6.706992330420107340e-01
-6.678401923994057299e-01
-5.967983386320530048e-01
-4.666995567272553824e-01
-2.908169640408199141e-01
-8.980253633922841150e-02
1.162235868131176186e-01
3.045707012705392014e-01
4.560930773969757990e-01
5.579156084122693926e-01
5.996679999950609297e-01
5.784485198105182580e-01
4.967226450883028832e-01
3.662651073713905081e-01
1.996079801473513715e-01
1.584990704843591836e-02
-1.656533375446792578e-01
-3.264208547006617334e-01
-4.506649059958734993e-01
-5.263371744713047917e-01
-5.459315375812364701e-01
-5.114307111473134215e-01
-4.263803783529255265e-01
-3.008700637357067942e-01
-1.479667613207801269e-01
1.484578374392775402e-02
1.714982862412255393e-01
3.054839261712862797e-01
4.035448160690799924e-01
4.589985443615247629e-01
4.664854524631218968e-01
4.265009756270741192e-01
3.437366787547706526e-01
2.291593848345117035e-01
9.362829477844947235e-02
-4.821443849841311469e-02
-1.817366840464675892e-01
-2.942023035257206320e-01
-3.750793427861739415e-01
-4.169998489756581161e-01
-4.161537052296455652e-01
-3.761834792347410472e-01
-3.012196190726623701e-01
-1.994441895764670347e-01
-8.127614980224129315e-02
4.055416636942599240e-02
1.544091093737021136e-01
2.486353792889126613e-01
3.142424628816335996e-01
3.476399770389655419e-01
3.458995018649466680e-01
3.099206648418788568e-01
2.438590904183739472e-01
1.561377532475627383e-01
5.468395902134370878e-02
-5.018291872683666721e-02
-1.479179564963836180e-01
-2.298341025563924722e-01
-2.886657681419612098e-01
-3.187242974528324835e-01
-3.172676992414854569e-01
-2.872841722585266488e-01
-2.316798043563149667e-01
-1.561003932261882943e-01
-6.821437103895855447e-02
2.302194024268255923e-02
1.093751514708398709e-01
1.821137491465829594e-01
2.345209675133692606e-01
2.638783149411911833e-01
2.676307099508206111e-01
2.455815933703127119e-01
2.004475788782213996e-01
1.380068375387293322e-01
6.331846785846484416e-02
-1.648371871409115563e-02
-9.367495196444930450e-02
-1.618736528593704982e-01
-2.152128326316131712e-01
-2.481282979098774488e-01
-2.576740296799956420e-01
-2.451200339076908818e-01
-2.113844265558305624e-01
-1.588904406393211177e-01
-9.241318190832181756e-02
-1.858286616855908679e-02
5.625552062912042572e-02
1.243418785103280744e-01
1.794592728799120351e-01
2.180852700096413965e-01
2.364388013518408105e-01
2.315805770590586565e-01
2.037630370459642126e-01
1.569343528183388958e-01
9.454524860396640307e-02
2.225920131620950926e-02
-5.290796155171917370e-02
-1.238430703350583695e-01
-1.842975148830671150e-01
-2.277238231860261308e-01
-2.497464824323299970e-01
-2.497417178498431145e-01
-2.271444519690097863e-01
-1.832505006271549775e-01
-1.220767913219177325e-01
-5.028535409240120213e-02
2.620917310584780502e-02
9.968262828165186384e-02
1.629750939851946079e-01
2.109291782578353036e-01
2.387279497727736732e-01
2.424206439585974149e-01
2.211879612533622641e-01
1.784152542578760769e-01
1.172594002392670642e-01
4.313311468252889469e-02
-3.689723998785654491e-02
-1.145808939365188239e-01
-1.826339397961878053e-01
-2.332074825933668771e-01
-2.608218619181695841e-01
-2.641204073313881961e-01
-2.420187673538805040e-01
-1.958074796740187917e-01
-1.296393500562549317e-01
-5.094577489660678804e-02
3.348758996391110188e-02
1.146813313176147098e-01
1.840978339084555770e-01
2.351513788766239621e-01
2.625263997654077031e-01
2.624668186729455233e-01
2.342625384398226984e-01
1.820681865739222083e-01
1.099719597727051301e-01
2.534763999925693234e-02
-6.310679036114574814e-02
-1.460825946764839900e-01
-2.154966952081781573e-01
-2.633039277714825932e-01
-2.841568407614006864e-01
-2.775261251094385262e-01
-2.433168167978316809e-01
-1.844817295645307942e-01
-1.067635332803346104e-01
-1.926971260753507220e-02
6.992093215047368027e-02
1.509238547334155189e-01
2.151113625082257119e-01
2.569881992173652652e-01
2.719149497982924490e-01
2.578658054980240699e-01
2.159649623112065431e-01
1.515250622612456244e-01
6.988596721680551127e-02
-1.999154826965610088e-02
-1.085837091513220942e-01
-1.867142675174637834e-01
-2.466024757615040697e-01
-2.812523949615889363e-01
-2.866285847997271929e-01
-2.642208874413979336e-01
-2.156201136345343716e-01
-1.453715265677619772e-01
-6.040566697558336084e-02
2.963324250157328699e-02
1.159074011746594746e-01
1.883987494393528639e-01
2.394597297701548388e-01
2.655209382310224075e-01
2.634447663721644073e-01
2.330725545135776677e-01
1.774184522599890901e-01
1.036257356031309307e-01
1.824625279823699486e-02
-6.940098798817140313e-02
-1.497533097261799506e-01
-2.145944211310832905e-01
-2.574030104323140611e-01
-2.731901981743503072e-01
-2.598255717740299842e-01
-2.206347339049266054e-01
-1.589891647090052595e-01
-8.164616905204835628e-02
3.109149775584851838e-03
8.586917317931552773e-02
1.583673082769792018e-01
2.122321313666728493e-01
2.416108879296263723e-01
2.453952115742334961e-01
2.228304174550339578e-01
1.762080245273771606e-01
1.105273546838099197e-01
3.413621739739247651e-02
-4.576666560554176755e-02
-1.202684999595347026e-01
-1.812355096590727577e-01
-2.234568970905259633e-01
-2.425946222212723713e-01
-2.366779034839996410e-01
-2.064333838439457169e-01
-1.563671021107847503e-01
-9.084911734923173388e-02
-1.744494505624250014e-02
5.570844426784615777e-02
1.210087440010310100e-01
1.719935499813027846e-01
2.027885045437254341e-01
2.100650096422966850e-01
1.954355523484210266e-01
1.601688561333585170e-01
1.076936660207796770e-01
4.355989440583551975e-02
-2.464386887152159034e-02
-9.008925405751322391e-02
-1.449933307519329917e-01
-1.835852939967838049e-01
-2.037848967506572517e-01
-2.033842791765040348e-01
-1.822266664711555961e-01
-1.428043265261520478e-01
-9.066159602219237001e-02
-3.047472606471979262e-02
3.109314598144075070e-02
8.703281508419835610e-02
1.318579313085113114e-01
1.612858488120145761e-01
1.720148706621547063e-01
1.628691033725429005e-01
1.366057825114876945e-01
9.559323923052409633e-02
4.464264156338026979e-02
-1.028533521578434140e-02
-6.313467940350370178e-02
-1.086963309117039422e-01
-1.415747787350859488e-01
-1.583064490595377238e-01
-1.592299649922369609e-01
-1.442436732394466459e-01
-1.147818154963411441e-01
-7.442303034465824751e-02
-2.867558066264142003e-02
1.808914378935733147e-02
6.040977558988513962e-02
9.359451413474562109e-02
1.156723994319635018e-01
1.244898761942381249e-01
1.189487684174321824e-01
1.000712467297741881e-01
7.105423631925855688e-02
3.437256161741619742e-02
-5.690406112488499701e-03
-4.431055082382129306e-02
-7.771106593026833043e-02
-1.028029681662135930e-01
-1.166931852498258593e-01
-1.181194538438576913e-01
-1.087118731228632340e-01
-8.928378797138858403e-02
-6.175541047320776133e-02
-2.946879716853090247e-02
3.810095747091901686e-03
3.486872510568606032e-02
5.970125176606200235e-02
7.573993004373047455e-02
8.322784341257394303e-02
8.147426558939430130e-02
7.020269705081005895e-02
5.104866737404201160e-02
2.697042178324338124e-02
9.421720833246993720e-05
-2.629649556026691926e-02
-4.901855070783089907e-02
-6.656817090506039758e-02
-7.738625785331276763e-02
-7.976169306067104614e-02
-7.363637173727533014e-02
-6.103676691032033919e-02
-4.296572223059391682e-02
-2.154036573663642429e-02
2.219406697823167463e-04
2.008957050778015230e-02
3.630334651341882157e-02
4.672764814580321335e-02
5.039751060889807732e-02
4.831164968449952468e-02
4.056759946161014874e-02
2.780847329816782398e-02
1.206727147433106495e-02
-4.345128697581968069e-03
-2.008060264846989185e-02
-3.320383042574803767e-02
-4.225395280508414952e-02
-4.756159780934954284e-02
-4.859362775027120662e-02
-4.477120066361972572e-02
-3.699108380397442275e-02
-2.688185023275868613e-02
-1.525036865549178611e-02
-3.484111148486013221e-03
6.880556412288019175e-03
1.524046254982347470e-02
2.084099025028329777e-02
2.276556381618788372e-02
2.114741860782354266e-02
1.713600219566324689e-02
1.096901533368832560e-02
3.135920745832132539e-03
-5.169442845167182554e-03
-1.303687489815597011e-02
-1.982752239306595499e-02
-2.468425149345088165e-02
-2.724721395682394576e-02
-2.799265644402149089e-02
-2.679319312036754219e-02
-2.354363482406962582e-02
-1.888704064667623417e-02
-1.363795385328847587e-02
-8.196003240951599267e-03
-3.139658805924372409e-03
9.978116536759618072e-04
4.180383238845841731e-03
6.106944602952246726e-03
6.327868287041571449e-03
4.980203958770967887e-03
2.618878544637714967e-03
-5.789263888492657273e-04
-4.247028679746911450e-03
-7.838689925476871601e-03
-1.105851946882707715e-02
-1.360427477245274019e-02
-1.500348912800864021e-02
-1.512276682991509080e-02
-1.425353532116491184e-02
-1.246341239261850031e-02
-1.007061180223745023e-02
-7.592482212255835528e-03
-5.404540741958174799e-03
-3.691005391733614971e-03
-2.609258897376731667e-03
-2.246075805430458594e-03
-2.450201626905235130e-03
-3.206155428524426476e-03
-4.384909905410738773e-03
-5.645962066392562484e-03
-6.653147568361217346e-03
-7.342370440071466220e-03
-7.747919882221676602e-03
-7.880319489175890979e-03
-7.913757012443900507e-03
-7.830620413157962645e-03
-7.585688900274778490e-03
-7.313174853112669460e-03
-7.126758127447341273e-03
-7.040440474734510623e-03
-7.042385925126737334e-03
-7.106796113466318232e-03
-7.150756590251661216e-03
-7.186771392793223079e-03
-7.251622318494188590e-03
-7.311962674861227640e-03
-7.345477713570747191e-03
-7.350483421728948308e-03
-7.325020969995210685e-03
-7.280294357978056574e-03
-7.243141955786236430e-03
-7.210207938549095807e-03
-7.170723375069520955e-03
-7.130488971183845948e-03
-7.088972185278374916e-03
-7.047931228374881840e-03
-7.013289076677864387e-03
-6.984008794683527199e-03
-6.955460081204845046e-03
-6.928514791793904948e-03
-6.902911405482603513e-03
-6.878388401304169619e-03
-6.854684258291277033e-03
-6.831537455476599519e-03
-6.808686471892921865e-03
