-2.748455129511253592e-01
-5.591893089605057821e-01
-7.117882290274665236e-01
-7.519836858261631507e-01
-6.991170920307514525e-01
-5.725298603153868848e-01
-3.915634033542256809e-01
-1.755591338214246289e-01
4.772654258270692118e-02
2.669753259927527544e-01
4.619337205539268965e-01
6.051831131892853044e-01
6.776165722108458134e-01
6.733239991756851950e-01
5.899522009595139505e-01
4.379605809837554542e-01
2.323323277470290549e-01
-4.168245735832742938e-04
-2.363185175846170827e-01
-4.469950753255975684e-01
-6.067100858830074550e-01
-6.975048175338536272e-01
-7.079132428542560529e-01
-6.372925380174772059e-01
-4.914700339640082349e-01
-2.903929177629384073e-01
-5.383600668826638014e-02
1.891491280109312001e-01
4.102477054368693921e-01
5.839595979081475541e-01
6.904211569187201913e-01
7.173165394366556313e-01
6.598650015270037805e-01
5.282696702796438881e-01
3.345509210229284935e-01
1.038322708219268087e-01
-1.373311000808146165e-01
-3.603519343333683178e-01
-5.406838369372879427e-01
-6.566897854821660552e-01
-6.943382191292060135e-01
-6.547788575246018539e-01
-5.411590002834498758e-01
-3.678369828006520237e-01
-1.541885017238791011e-01
7.188577431756626446e-02
2.858460846808852374e-01
4.617628807518867617e-01
5.796223212952702486e-01
6.312578842038250038e-01
6.104142684879085845e-01
5.210917199505029629e-01
3.738499162987050095e-01
1.899393474876076571e-01
-1.145498059982441585e-02
-2.058533225074472561e-01
-3.702851477403683589e-01
-4.879890844561147745e-01
-5.467164305823024595e-01
-5.425336353121938959e-01
-4.766630854095227354e-01
-3.614001780488884652e-01
-2.088468144474096011e-01
-3.901170943012177705e-02
1.277622089564531827e-01
2.732295596134697302e-01
3.823183460297003844e-01
4.443449876604645965e-01
4.536436291059460224e-01
4.151242376998214301e-01
3.334599320342119810e-01
2.205007095775910475e-01
9.045121361517538539e-02
-4.088502290956308460e-02
-1.596668658465174584e-01
-2.525526183512579737e-01
-3.104747157447631523e-01
-3.338090256516017540e-01
-3.217009605558935892e-01
-2.775812868197868877e-01
-2.086359588378280394e-01
-1.258083105300410454e-01
-3.813424794329745016e-02
4.403512517828978012e-02
1.119038338464017901e-01
1.628165247467883159e-01
1.935302360273898348e-01
2.032303472919390064e-01
1.938712981281538461e-01
1.706059839779960896e-01
1.363652951682463588e-01
9.518907526531728003e-02
5.259365446529584709e-02
1.175827602174250863e-02
-2.493982220538193406e-02
-5.672377374677384232e-02
-8.338124238795863175e-02
-1.062089515574937693e-01
-1.241938709821691633e-01
-1.359463876188397036e-01
-1.420506503719674019e-01
-1.426359607751529479e-01
-1.369003412043294787e-01
-1.208302526565693258e-01
-9.219457087836113729e-02
-5.169727568246229588e-02
-1.636454146382249064e-03
5.411940811367998982e-02
1.116566849539273321e-01
1.655746069792842778e-01
2.104795436564614874e-01
2.383894495131275715e-01
2.434569303207649860e-01
2.232069255491988535e-01
1.772383902791203614e-01
1.076635508112506745e-01
2.003945444398103071e-02
-7.490339488602637541e-02
-1.691825516684897224e-01
-2.515343737470474572e-01
-3.108342662227384645e-01
-3.393491333856551995e-01
-3.319765039507435178e-01
-2.864695692541595617e-01
-2.052499188935706931e-01
-9.754380175296184508e-02
2.793980801312656581e-02
1.562917076209457967e-01
2.723183532180200039e-01
3.618678968565078868e-01
4.140705115766061262e-01
4.203036970557036955e-01
3.773621676486844656e-01
2.914929731551147984e-01
1.691785884037193544e-01
2.395677479865776505e-02
-1.282624745005646050e-01
-2.688258763649912231e-01
-3.820924358648014607e-01
-4.524532926089515072e-01
-4.701644936092347349e-01
-4.362084144541303887e-01
-3.522532421888537879e-01
-2.269817830183320506e-01
-7.365627541517227872e-02
8.777531075059963328e-02
2.402990537775657742e-01
3.647863149743515443e-01
4.457818714777730396e-01
4.762323060289415100e-01
4.518006578964424147e-01
3.756096898014080754e-01
2.557457021283282561e-01
1.091859910195873695e-01
-4.922807777509874416e-02
-2.001114082596849864e-01
-3.249724787540085869e-01
-4.103968911804614095e-01
-4.470375072479620959e-01
-4.318587475575944579e-01
-3.664741251720508020e-01
-2.622099253149051679e-01
-1.297081643821230701e-01
1.356711271750210557e-02
1.498945922681749199e-01
2.638123448321969544e-01
3.430820433575758610e-01
3.793370048574455922e-01
3.689212964015022855e-01
3.176096677063509066e-01
2.310068971644592128e-01
1.229518771620543571e-01
8.280010403952875464e-03
-9.878632622607341762e-02
-1.863808502207189299e-01
-2.446773686358053590e-01
-2.679053479425278494e-01
-2.586337678544504692e-01
-2.188219379124806130e-01
-1.567122212221115918e-01
-8.264028917878296632e-02
-8.507344167714814276e-03
5.645658011459708803e-02
1.039315478095805823e-01
1.287870920879754522e-01
1.330588806078247810e-01
1.171458284342445921e-01
8.646582159500493248e-02
4.840915960326408474e-02
1.139020539468860171e-02
-1.862102482643168688e-02
-3.652786215984860085e-02
-3.904556526594726851e-02
-2.773210954643567927e-02
-4.125352411034510780e-03
2.516704918066103858e-02
5.315388135525567215e-02
7.223344148479493576e-02
7.749111407291753295e-02
6.504641333615834853e-02
3.331791322346244755e-02
-1.397367836592433576e-02
-7.290517529586626466e-02
-1.333760757198464431e-01
-1.855369419333330328e-01
-2.197161633425481764e-01
-2.287355662851192628e-01
-2.063281316111784669e-01
-1.505949982042690261e-01
-6.695594148274419677e-02
3.845909755210175085e-02
1.515901906155339152e-01
2.579946338058689559e-01
3.421263347429126522e-01
3.918247127106400107e-01
3.956991241598248887e-01
3.485105509477395280e-01
2.557474083052586611e-01
1.235615008707997564e-01
-3.398372798476467782e-02
-1.996779628049348831e-01
-3.510757208109821503e-01
-4.700707493675899684e-01
-5.383269327298640938e-01
-5.438774373455866895e-01
-4.863064617749626173e-01
-3.673827575565609127e-01
-1.983366974974247743e-01
4.196438831458815244e-03
2.142243525337947929e-01
4.095648515652965393e-01
5.649234748503855208e-01
6.592275055594873923e-01
6.805576839131384226e-01
6.227302939769971957e-01
4.905648865292475680e-01
2.952191959542149746e-01
6.102033982086707553e-02
-1.890142330201544096e-01
-4.241353421949533020e-01
-6.160119230660417999e-01
-7.414581092572866128e-01
-7.840913611404715100e-01
-7.377925489542371817e-01
-6.041701296882426853e-01
-4.004092323917272100e-01
-1.451145069553746447e-01
1.306057617467186738e-01
3.956446101492481215e-01
6.185107325197505279e-01
7.735578625182659707e-01
8.410073952658323471e-01
8.102665113349669657e-01
6.892256741924689400e-01
4.881155665255447751e-01
2.300680048843555259e-01
-5.760160038677675232e-02
-3.395894858679903150e-01
-5.850226122615044266e-01
-7.639675248538966290e-01
-8.548811827221354243e-01
-8.519108289579606641e-01
-7.530910996222177634e-01
-5.706669843210703252e-01
-3.237090019558545029e-01
-4.416697587425155724e-02
2.392568415634861445e-01
4.936483007548966295e-01
6.894292269486741453e-01
8.066213363342611409e-01
8.321263108297616284e-01
7.656662063332415613e-01
6.137788751212729377e-01
3.983493227208934062e-01
1.411974152748400879e-01
-1.264625070466089962e-01
-3.742255969494450163e-01
-5.752483963398700162e-01
-7.082088759219022922e-01
-7.601859367070096241e-01
-7.255341757323208185e-01
-6.138484929757173081e-01
-4.363727449118594004e-01
-2.169856462554209386e-01
1.881997548684144483e-02
2.440509036700524437e-01
4.351006828112606861e-01
5.712301569899791431e-01
6.383151758629945771e-01
6.364445905191091768e-01
5.668131342739561873e-01
4.401370840315388389e-01
2.719073299950653944e-01
8.463389521569331109e-02
-1.017468147575111281e-01
-2.659160382648113607e-01
-3.909110148253948092e-01
-4.699444863518831283e-01
-4.963646162989188149e-01
-4.706968272117999508e-01
-3.988062863288324156e-01
-2.939534725594552533e-01
-1.675017684735395918e-01
-3.466318894363351610e-02
8.924005111274913027e-02
1.938157102466051551e-01
2.706132825716003332e-01
3.154598149154534958e-01
3.270665167718702637e-01
3.102745842991438963e-01
2.684841544963212367e-01
2.089073388689726141e-01
1.401500912964162016e-01
6.833215723193197810e-02
-9.130349151711403266e-04
-6.305760036412433323e-02
-1.151845730063831841e-01
-1.581228740111692010e-01
-1.900809510662840873e-01
-2.096638720114508692e-01
-2.177980705158244490e-01
-2.159245973561656484e-01
-2.043772601264195465e-01
-1.812388967635389925e-01
-1.455606466969282531e-01
-9.681558213764551724e-02
-3.730226940431780047e-02
3.032308280983109228e-02
1.036987909688240617e-01
1.782494349096461761e-01
2.480082010971873530e-01
3.029821842276219090e-01
3.356293701136763286e-01
3.405240632536836731e-01
3.137206265467438193e-01
2.524804613894040539e-01
1.586540525359254605e-01
3.972117048901657732e-02
-9.624699830143834678e-02
-2.345463555572497860e-01
-3.599671872868459577e-01
-4.567146746593240270e-01
-5.125741584541096962e-01
-5.154617380200063881e-01
-4.599806241078189251e-01
-3.522456217578098236e-01
-1.989933749041641331e-01
-1.426394628158045297e-02
1.838407935067547516e-01
3.715149209181738410e-01
5.283896504076925904e-01
6.327506659620132368e-01
6.696784766460861515e-01
6.349254785288416247e-01
5.273972528725570097e-01
3.559644053898323168e-01
1.362597116060035862e-01
-1.049393273447063457e-01
-3.443403133086828660e-01
-5.536875517222341614e-01
-7.074339706013248463e-01
-7.871858859450912016e-01
-7.810617076878799692e-01
-6.876120532656760931e-01
-5.130226922731395689e-01
-2.781764873146262973e-01
-4.633104866032966562e-03
2.751377665857643873e-01
5.296692261566933180e-01
7.290282005552570777e-01
8.497829384098685157e-01
8.763443625956588434e-01
8.021953656261167076e-01
6.383441917862837656e-01
3.986392494033612621e-01
1.112807760515814870e-01
-1.928844138746554915e-01
-4.773028557679070971e-01
-7.104730442771416410e-01
-8.633545982667938379e-01
-9.163341557680291238e-01
-8.674384742221654676e-01
-7.188504841572201931e-01
-4.880646437604285737e-01
-1.989890097422427617e-01
1.117420523547401068e-01
4.109759656931637473e-01
6.623119448279581878e-01
8.359243824697002445e-01
9.148017100531709023e-01
8.882605253983650861e-01
7.609363838322449336e-01
5.455169535353336929e-01
2.715746199566662078e-01
-3.258563751680787490e-02
-3.296552710294046173e-01
-5.848062823005936162e-01
-7.694434271141668003e-01
-8.624246716572752103e-01
-8.549493549627391609e-01
-7.466430857592776249e-01
-5.555966244126273601e-01
-3.014272170276309781e-01
-1.806401377307242928e-02
2.607989856317436406e-01
5.020194490090537087e-01
6.783018995149974195e-01
7.700589188629047843e-01
7.662810483570379194e-01
6.742230374879196741e-01
5.035382179805949487e-01
2.782505463232922693e-01
2.545477998260436969e-02
-2.214634721361372627e-01
-4.340526456703620584e-01
-5.863754655715679442e-01
-6.603853859933623838e-01
-6.547572355631661178e-01
-5.699807009415045478e-01
-4.196216096772117377e-01
-2.226245219587522639e-01
-7.990941797806572211e-03
1.990412997664163797e-01
3.715781036782830338e-01
4.877087634909422764e-01
5.375581302484171431e-01
5.155110399541129595e-01
4.283679777745756923e-01
2.878370929513784926e-01
1.175816569922667476e-01
-6.169260847574475903e-02
-2.248153768560462451e-01
-3.492504998958754214e-01
-4.207128409980637196e-01
-4.301877433569902820e-01
-3.794689884792179502e-01
-2.751011224212566164e-01
-1.361967351882884536e-01
2.006534186973918388e-02
1.697954175160534263e-01
2.911081078475907802e-01
3.676956558786919071e-01
3.884523389992069475e-01
3.515238007744490023e-01
2.603297995510107654e-01
1.311657653504352261e-01
-2.085536960782374827e-02
-1.720853981545090727e-01
-3.003854259658617076e-01
-3.869497108973856125e-01
-4.183452165662649991e-01
-3.891356523792343092e-01
-2.999848843745520632e-01
-1.649908030658193692e-01
1.872742331757271117e-03
1.760114646137367345e-01
3.336561468298488986e-01
4.519317033634511205e-01
5.134975303424764714e-01
5.076896497679712628e-01
4.309916634060260154e-01
2.939449003324425824e-01
1.085651911738483300e-01
-1.000595259310942398e-01
-3.062933587124231360e-01
-4.819112751217012880e-01
-6.039611562819364732e-01
-6.529488296193428631e-01
-6.181432006247477018e-01
-5.059591765276458819e-01
-3.248640679662005981e-01
-9.588027466770077112e-02
1.560254984762099451e-01
3.971953216700323530e-01
5.988564829748428409e-01
7.325155696769720670e-01
7.784844539462190127e-01
7.327829307566864347e-01
5.956670069450515914e-01
3.822063694268920120e-01
1.139919737872878702e-01
-1.738755799552995640e-01
-4.506372742043975865e-01
-6.815944289061712791e-01
-8.367568644512985987e-01
-8.972468865187028797e-01
-8.526627180609753776e-01
-7.078902911363886830e-01
-4.752571876774553949e-01
-1.847257295228509344e-01
1.345314805115553902e-01
4.433270749088644713e-01
7.052343557369675775e-01
8.892977198286118323e-01
9.727723193505510846e-01
9.455030564154698336e-01
8.067962219337228014e-01
5.757218130993464467e-01
2.737942753130924167e-01
-6.131702704082453437e-02
-3.918385490852894781e-01
-6.788712021454239576e-01
-8.900300845703266184e-01
-1.000000000000000000e+00
-9.938158032764939920e-01
-8.774902538105716632e-01
-6.607979480182375465e-01
-3.696116385233477741e-01
-3.490804659089241646e-02
3.019374694933751879e-01
6.044584572053057769e-01
8.367216717993755104e-01
9.718190988071679914e-01
1.000000000000000000e+00
9.159530050284836467e-01
7.308006684070103010e-01
4.638829532895678565e-01
1.497279525138437428e-01
-1.795145389109608081e-01
-4.853786740881257389e-01
-7.330243144951549272e-01
-8.969216609851076161e-01
-9.590959702190673397e-01
-9.158370519218226313e-01
-7.712706897478986967e-01
-5.468390168237502458e-01
-2.650108618950446360e-01
3.991050570643617235e-02
3.339443016383105700e-01
5.850466985059117331e-01
7.667656566512555116e-01
8.606620616928282175e-01
8.566923796668544089e-01
7.627672004209480328e-01
5.886125671700626061e-01
3.562189798626664849e-01
9.127415485563239450e-02
-1.749214445178363109e-01
-4.144354356374998494e-01
-6.008437018998934454e-01
-7.146853497074592276e-01
-7.508609126401601941e-01
-7.063080072674181586e-01
-5.890525673730101497e-01
-4.131350913231682798e-01
-2.024170223851767814e-01
2.139729013183844231e-02
2.331821844165840041e-01
4.100000980633937697e-01
5.369112200730477014e-01
6.024221316430071749e-01
6.031136474781919610e-01
5.409489939112082091e-01
4.284980522925856405e-01
2.778181702388486940e-01
1.080113214245337350e-01
-6.121319133797897827e-02
-2.133969885221458362e-01
-3.345374189948994159e-01
-4.145375748684128059e-01
-4.475158952809802360e-01
-4.369991905072376781e-01
-3.859218572996528929e-01
-3.025125101928005655e-01
-1.979502845238286790e-01
-8.470808380192307308e-02
2.639884270411063660e-02
1.245279471458664577e-01
2.016710486508013211e-01
2.573003229397115010e-01
2.883490563217756542e-01
2.936406830128155399e-01
2.758871276393417560e-01
2.403168551618113380e-01
1.906725493386725034e-01
1.311395523191560830e-01
6.673140564569401967e-02
5.776297098210037007e-04
-6.332898317597424054e-02
-1.216507475896697610e-01
-1.723945749322434162e-01
-2.152560428803331760e-01
-2.473431363066829203e-01
-2.628566557725697805e-01
-2.598865910604696294e-01
-2.389887097132938898e-01
-2.002660388527097712e-01
-1.435337408365425782e-01
-7.077864025177904583e-02
1.393924206719243664e-02
1.050181071407787492e-01
1.937734137919087107e-01
2.723435002944198935e-01
3.326208790521765213e-01
3.674379314964566490e-01
3.683900995422029201e-01
3.321357382078751197e-01
2.623940469952881216e-01
1.623517311882372027e-01
3.817719988710388535e-02
-9.963441070930612042e-02
-2.359946118274534044e-01
-3.577889419371576007e-01
-4.488301740942638451e-01
-4.968153794975401771e-01
-4.956839830186060558e-01
-4.420153845983098018e-01
-3.378092057101942380e-01
-1.907810441602055818e-01
-1.720354274082780410e-02
1.680697615058546202e-01
3.441728449394532152e-01
4.907222965678252891e-01
5.902313995973940131e-01
6.301624142266122330e-01
6.029250450887797541e-01
5.075961911734263587e-01
3.548522113286403101e-01
1.565629705975393193e-01
-6.501311229363149202e-02
-2.861315467671619039e-01
-4.815263789151249529e-01
-6.299367115697105390e-01
-7.119718942161930020e-01
-7.158729157026223477e-01
-6.434435668013912535e-01
-4.988248663467660382e-01
-2.964724383542439723e-01
-5.636008648951151834e-02
1.925935176151294392e-01
4.247271509555929914e-01
6.119036082194082571e-01
7.323026565284875833e-01
7.751370677733531167e-01
7.328870602694672609e-01
6.089421170878281941e-01
4.146264145810705237e-01
1.741264762665755139e-01
-8.949799088490550947e-02
-3.453686607870020131e-01
-5.644154926789770599e-01
-7.223638394627677206e-01
-8.011457227490508259e-01
-7.921532089305290958e-01
-6.943197691614715339e-01
-5.213457305000064324e-01
-2.888176991794962900e-01
-2.474097109205375400e-02
2.418602606119557574e-01
4.805598361270511099e-01
6.655685415488483692e-01
7.750317351806514932e-01
7.954460934715725795e-01
7.298348571621038339e-01
5.834817882538940736e-01
3.734692294847761218e-01
1.219842040480716427e-01
-1.400762726991519047e-01
-3.847643030981449108e-01
-5.827486996332311708e-01
-7.116439460406414064e-01
-7.617334628928922324e-01
-7.264225191120540215e-01
-6.109416701876818623e-01
-4.276957360091894200e-01
-2.015662757825468221e-01
4.456345911709713725e-02
2.817883309635667022e-01
4.828216304445560603e-01
6.267025656683100632e-01
6.980802322005110749e-01
6.908976787949288045e-01
6.056470695756484002e-01
4.566280862686162845e-01
2.587741551241415916e-01
3.748229224107446633e-02
-1.814580828649521305e-01
-3.736463316635223464e-01
-5.187148527761902272e-01
-6.011523565585916717e-01
-6.120648749206782924e-01
-5.565855868619122848e-01
-4.407196862915082614e-01
-2.795970650259334001e-01
-9.205998293397499310e-02
9.809741307275632316e-02
2.703777872040651342e-01
4.047192612472589879e-01
4.865635677830473238e-01
5.130790922584884672e-01
4.816973376506679116e-01
3.976853890689417970e-01
2.717461307901536394e-01
1.219500397407831116e-01
-3.592377169942018167e-02
-1.829764848129812327e-01
-3.019860657882666999e-01
-3.824749594855194612e-01
-4.167486872675320031e-01
-4.035023074777798202e-01
-3.456010549304983082e-01
-2.538744263440760873e-01
-1.380528644965426377e-01
-1.310818328772245245e-02
1.055785182529411781e-01
2.056933597647674361e-01
2.772791567701384796e-01
3.137150934908712330e-01
3.122564075635394509e-01
2.778599262534369174e-01
2.145301006465500926e-01
1.313087163455519679e-01
3.916397708368801744e-02
-5.094977552038026936e-02
-1.295709042664154875e-01
-1.874364111734284633e-01
-2.188478246949371320e-01
-2.253615467524811011e-01
-2.069532728357542650e-01
-1.665519517801190563e-01
-1.103178557986242980e-01
-4.664483580017753095e-02
1.761229638374084416e-02
7.407679801242328388e-02
1.162551762524104415e-01
1.431038477580888202e-01
1.525381050503218372e-01
1.438366058846700657e-01
1.194456655700588676e-01
8.474157425972594915e-02
4.318993337467724736e-02
2.819708557906253077e-04
-3.802287521473002307e-02
-6.899059534619889078e-02
-9.014536453744659283e-02
-9.887210559549586275e-02
-9.503653835017222828e-02
-8.207552902227588376e-02
-6.128007391645806656e-02
-3.560196096435386259e-02
-9.642191831440993788e-03
1.366014809613003145e-02
3.226666914302378508e-02
4.403601845392501879e-02
4.838485036024309238e-02
4.726624325048445208e-02
4.070281428559896497e-02
2.937919412032918842e-02
1.619635817523357169e-02
4.005674322846042301e-03
-6.206720311378366439e-03
-1.357102769053009084e-02
-1.751107887088976245e-02
-1.927774787949265711e-02
-1.854821251386862269e-02
-1.497457920805034259e-02
-9.907226058149753989e-03
-4.765541022973995844e-03
3.091787854181404782e-05
3.870763972642299322e-03
6.236062586795432239e-03
7.782631570980136360e-03
8.460368640348825409e-03
8.203866614440391558e-03
6.947718312794393114e-03
4.626516554950610427e-03
1.174854160448157714e-03
-3.472676051173184675e-03
