3.478547884474259000e-02
-4.117096266286843775e-01
-7.140327909070409707e-01
-8.882993256771595236e-01
-9.506245426258727038e-01
-9.171237534400136227e-01
-8.039122698064145034e-01
-6.271054034119107889e-01
-4.019422520790619791e-01
-1.365623063204773890e-01
1.467574671346785209e-01
4.143558202366925958e-01
6.377704607516798685e-01
7.963611400036469945e-01
8.724024000050367711e-01
8.581045001757070523e-01
7.531677447538600578e-01
5.711150286311945656e-01
3.279708211701182208e-01
5.157757406052487781e-02
-2.292451235074753901e-01
-4.846877947694190336e-01
-6.889437205872455117e-01
-8.198441603416941614e-01
-8.627261686651581662e-01
-8.174204435140738356e-01
-6.868188074746446325e-01
-4.850550373266827586e-01
-2.320570960705703456e-01
4.304029921766616695e-02
3.130739205363681776e-01
5.479890540251044495e-01
7.233526923988782276e-01
8.246306963422234126e-01
8.401750732685786538e-01
7.685681430286033233e-01
6.164967489024912872e-01
4.030797676764585891e-01
1.478731632944296770e-01
-1.209405274894185256e-01
-3.752256732835790309e-01
-5.886999717727077197e-01
-7.396881894767544097e-01
-8.121623696596823594e-01
-7.975506529547822243e-01
-7.023138856878217151e-01
-5.347972612357627664e-01
-3.127962878618392173e-01
-5.844009662860671916e-02
1.999162635188518333e-01
4.365484632896914352e-01
6.255456578727212058e-01
7.470856877176599298e-01
7.926770820945885365e-01
7.567486120789315152e-01
6.437597389097555745e-01
4.649243830010623135e-01
2.421441424736638925e-01
-3.740763004991931595e-03
-2.462831665563982586e-01
-4.598111773082647069e-01
-6.231754732005270192e-01
-7.200520684629594381e-01
-7.411043190697630401e-01
-6.835042382357747748e-01
-5.571418694066132549e-01
-3.733945961455210627e-01
-1.532486737103259111e-01
8.018823510577699487e-02
3.021568879186788958e-01
4.907621969614166524e-01
6.259663796757737320e-01
6.937466203644240270e-01
6.917657083369861404e-01
6.196676098509033004e-01
4.857528916171947042e-01
3.038193974083487348e-01
9.555631361023952941e-02
-1.189314812369872687e-01
-3.162971001411983840e-01
-4.764361581300859960e-01
-5.863938739671852307e-01
-6.350839952302715918e-01
-6.182656874727363583e-01
-5.381151259449857838e-01
-4.061981289513569848e-01
-2.344656837109181380e-01
-4.210653492801486042e-02
1.506947800106996915e-01
3.245296941629396414e-01
4.626858514723650728e-01
5.508947326869884087e-01
5.803016146158317401e-01
5.529484460602600571e-01
4.714583072405977848e-01
3.445347325251688630e-01
1.852096426245641858e-01
1.155760404896488680e-02
-1.595967919837784077e-01
-3.095784710654768679e-01
-4.235451517800132848e-01
-4.939999599630952032e-01
-5.141502359658016719e-01
-4.825247145605793264e-01
-4.031285062352722992e-01
-2.871066360572531728e-01
-1.447984633845230684e-01
8.719223741211923340e-03
1.573643313514798692e-01
2.870963539895996508e-01
3.861265149597925550e-01
4.443366129032633172e-01
4.561633692245277150e-01
4.252632510584097858e-01
3.548699906397314585e-01
2.523838218500311648e-01
1.287144722973654343e-01
-2.692796000784092314e-03
-1.296202646764573752e-01
-2.386663032269189522e-01
-3.195502721475986796e-01
-3.683541198963119490e-01
-3.809179471087980051e-01
-3.564695103885904270e-01
-2.987877042987864273e-01
-2.162563008751859917e-01
-1.156906972165354652e-01
-6.956851175446088220e-03
9.893151831250479589e-02
1.933893964037411983e-01
2.686104907427984134e-01
3.171099982189995448e-01
3.350421895319188881e-01
3.247955189175342205e-01
2.875092678188548856e-01
2.258235831543753402e-01
1.458222087009581891e-01
5.549804918250211827e-02
-3.764329075696271065e-02
-1.242358484295431609e-01
-1.969794005267133663e-01
-2.526910803553656937e-01
-2.867198043393114348e-01
-2.941768808975092631e-01
-2.747460965513455200e-01
-2.329234659349298520e-01
-1.716246537380289316e-01
-9.545548573244133639e-02
-1.153580037312706974e-02
7.316944987491735830e-02
1.521866184693669855e-01
2.175248629889516838e-01
2.636039275173840402e-01
2.889292434003269960e-01
2.909236456349320044e-01
2.671769905566827585e-01
2.196969614447479291e-01
1.543564059049082893e-01
7.540922880546818696e-02
-1.142694736937799327e-02
-9.894238241849695470e-02
-1.805206949515073545e-01
-2.492277705859045067e-01
-2.964128326837888183e-01
-3.173033728214660343e-01
-3.118071649967175674e-01
-2.789374834663925773e-01
-2.189089131070799388e-01
-1.361606548760870838e-01
-3.840609620796953116e-02
6.727746872470241613e-02
1.705380262700775251e-01
2.614906342428013897e-01
3.322856358281436329e-01
3.756485146177888090e-01
3.838289056092070162e-01
3.541840452428395292e-01
2.913575372690315746e-01
1.991756641003104011e-01
8.436036784787681597e-02
-4.278672989474674448e-02
-1.692501142742112163e-01
-2.834759949745253582e-01
-3.720551736440510515e-01
-4.251983676709838456e-01
-4.387399980591181192e-01
-4.092931283347056581e-01
-3.371954057376181924e-01
-2.281726091739617601e-01
-9.404098210567912730e-02
5.485578526349232931e-02
2.038366330925525105e-01
3.374780814493700820e-01
4.421009828043827028e-01
5.066387777164136352e-01
5.215220663264250600e-01
4.828191462247515275e-01
3.961148734839701202e-01
2.674065613166072275e-01
1.076129854644327644e-01
-6.862174304654355961e-02
-2.422669226537068621e-01
-3.964192341630415894e-01
-5.127876646673098504e-01
-5.779865308267071455e-01
-5.866830021760482961e-01
-5.353978021442927782e-01
-4.270537589958057767e-01
-2.706331006446056620e-01
-8.343670255331470109e-02
1.184169610666705452e-01
3.135752163879772514e-01
4.810487906687685999e-01
6.028687330200863670e-01
6.655568643009528440e-01
6.602857574177831701e-01
5.846994709360113784e-01
4.482299908565758884e-01
2.615428912870021438e-01
4.386248767848122121e-02
-1.830226727711353751e-01
-3.944990467236000331e-01
-5.691021954203465683e-01
-6.861616101529668388e-01
-7.315247917069891415e-01
-7.023205968702437296e-01
-5.984975455589240934e-01
-4.294000589395230438e-01
-2.104975137739445445e-01
3.341250508634763250e-02
2.794319343275111223e-01
5.002453693605830587e-01
6.719740569104026839e-01
7.776655230582414369e-01
8.044296945593809589e-01
7.479985498888819251e-01
6.117843343356310637e-01
4.114027723134585646e-01
1.638301908669788087e-01
-1.039677796112639108e-01
-3.644114446709187938e-01
-5.896039197420488431e-01
-7.560440674178932063e-01
-8.441777287150181719e-01
-8.424598127632189071e-01
-7.541166574865693084e-01
-5.851237391704575685e-01
-3.523053028006315479e-01
-7.778689799440274832e-02
2.077365912971786965e-01
4.757615394990273305e-01
6.955333469463900187e-01
8.429780384548930527e-01
9.048626673413773247e-01
8.720927858309615033e-01
7.471588401301529903e-01
5.407312813145175312e-01
2.770350458476802391e-01
-1.981274721989001453e-02
-3.172543015976584391e-01
-5.836701961708224973e-01
-7.905224487043349679e-01
-9.154348516665621327e-01
-9.438065855863093656e-01
-8.697398477405360318e-01
-7.044518492706286494e-01
-4.618936062869386516e-01
-1.685171606310670311e-01
1.459973669583907174e-01
4.467461113608306444e-01
7.028554378968325800e-01
8.853242757209045521e-01
9.732770264716166242e-01
9.605738890488910720e-01
8.457615543032803718e-01
6.411982786490280084e-01
3.664872094661015822e-01
5.399327568198475369e-02
-2.660045541165446670e-01
-5.579890721057010339e-01
-7.903336092477051267e-01
-9.398309153272524918e-01
-9.893074017822436339e-01
-9.336998931474028707e-01
-7.766908678859690829e-01
-5.378183045409820062e-01
-2.386891144429661438e-01
8.686530068452169573e-02
4.047387349296525105e-01
6.805733240848714782e-01
8.854280323764291971e-01
9.964607104928890902e-01
1.000000000000000000e+00
9.002250617830787061e-01
7.049079144910874728e-01
4.353247338774943742e-01
1.181410933184954271e-01
-2.104139667941165026e-01
-5.168944636378380864e-01
-7.665692412009690315e-01
-9.322861755266096395e-01
-1.000000000000000000e+00
-9.605443097144830134e-01
-8.187507929950056385e-01
-5.879216147398920178e-01
-2.963904481215667852e-01
2.793135820122172319e-02
3.487359080973495562e-01
6.314339349676996171e-01
8.462008712164428292e-01
9.699951981936543177e-01
9.901273271886044114e-01
9.025677841961001757e-01
7.204912444328981369e-01
4.602160353967512663e-01
1.524258165346017435e-01
-1.703295317345373538e-01
-4.723882837475855689e-01
-7.224108735004801662e-01
-8.925842959466881998e-01
-9.636592747521713909e-01
-9.327681925143752606e-01
-8.012468062720803363e-01
-5.845684456417187258e-01
-3.046691159561158990e-01
4.917386037761151130e-03
3.127957948688344647e-01
5.838176220482169665e-01
7.888537468614533754e-01
9.096471272807884478e-01
9.322008409867152956e-01
8.552223649859838073e-01
6.861237425381345734e-01
4.472131083882735503e-01
1.614213775270196827e-01
-1.382365682330009005e-01
-4.193833163733478031e-01
-6.519570824991887115e-01
-8.114538028494534538e-01
-8.811069503863988572e-01
-8.524837007668423228e-01
-7.343643815413569698e-01
-5.377986023871064170e-01
-2.854368787587053813e-01
-3.696347815815403948e-03
2.748543366932711951e-01
5.211497103978828260e-01
7.074830940720913119e-01
8.134469346067125795e-01
8.325596390757066256e-01
7.617736936253782787e-01
6.103345836343108122e-01
3.940464395505520745e-01
1.402240824848730583e-01
-1.256851114357024901e-01
-3.736043754665697714e-01
-5.760580077709459568e-01
-7.129885785213698757e-01
-7.698863777156970123e-01
-7.424070230094548251e-01
-6.329692360191241374e-01
-4.578154602016959451e-01
-2.341295802919790559e-01
1.082563333844932529e-02
2.496353230302732484e-01
4.562887153852239752e-01
6.091267627534935336e-01
6.919455181414966294e-01
6.955199924176340698e-01
6.253859478436072372e-01
4.886328202383494190e-01
3.018749376286122832e-01
8.569678785213441508e-02
-1.333024074753320631e-01
-3.318796583799658029e-01
-4.873429812294508556e-01
-5.827559565449902390e-01
-6.129054958804402986e-01
-5.742116451923218179e-01
-4.724850807872724712e-01
-3.194072014208589883e-01
-1.357965600163429931e-01
5.947704598333025672e-02
2.435518259801758845e-01
3.951555767459751234e-01
4.991167440052359794e-01
5.446385209167563524e-01
5.288730029658117449e-01
4.538620191471396392e-01
3.320081915066295242e-01
1.758277331878088656e-01
5.186999321088459070e-03
-1.598282460996931498e-01
-3.007785956037021258e-01
-4.025757982729349926e-01
-4.543851155628899630e-01
-4.506079327487960695e-01
-3.965144389103153477e-01
-2.977819836226336392e-01
-1.675792836021612331e-01
-2.149525795970153030e-02
1.220861210374024619e-01
2.471911798035018037e-01
3.383807332133943468e-01
3.851108846115403050e-01
3.867555493845735715e-01
3.430463200878124397e-01
2.601516464906146187e-01
1.483009393203120752e-01
2.362161037608556668e-02
-1.000375095682074500e-01
-2.068824939081886916e-01
-2.836039208975154047e-01
-3.236827845581645713e-01
-3.225662515799051500e-01
-2.815021779990432016e-01
-2.056752971813325948e-01
-1.074488018930568334e-01
2.510859984394819833e-03
1.095978002444812915e-01
1.996215812507993181e-01
2.622102500230087951e-01
2.900164105645277601e-01
2.802034691741830397e-01
2.336266562055997476e-01
1.587242752594228978e-01
6.326735200105004786e-02
-3.929890166828331477e-02
-1.351964086364408901e-01
-2.121532010117790357e-01
-2.606337959909142965e-01
-2.736400138134824633e-01
-2.484115695787816325e-01
-1.903274562100458756e-01
-1.046158525301607023e-01
-3.341832880854878063e-03
1.002318430644726366e-01
1.923343240428825318e-01
2.616454047451490794e-01
2.976370531923142604e-01
2.943767612669585532e-01
2.548483412205775345e-01
1.819604574331721292e-01
8.394136823185616159e-02
-2.773667019368841746e-02
-1.372739466784148599e-01
-2.319412908219985470e-01
-2.982882097698146273e-01
-3.267433220575218789e-01
-3.158099881310842960e-01
-2.646391781774873886e-01
-1.779324009044680466e-01
-6.474202263941108981e-02
5.960017031898989792e-02
1.821887361995502275e-01
2.871931539355534468e-01
3.603930230410119506e-01
3.928220883241833050e-01
3.791414082422888132e-01
3.198875272221812782e-01
2.197695996986175349e-01
9.173118315128125921e-02
-5.208916495803783686e-02
-1.938653539867012388e-01
-3.162546408350621618e-01
-4.043871311698148396e-01
-4.471919255675937954e-01
-4.382468489464509398e-01
-3.762599191748516869e-01
-2.692863596027962325e-01
-1.261452991538085655e-01
3.611906178087620489e-02
1.992614782000481366e-01
3.437251887057972688e-01
4.530951336393962414e-01
5.122897457866495419e-01
5.123171620752910993e-01
4.554740092924565165e-01
3.452126987402146518e-01
1.926485032588727275e-01
1.314337184392888602e-02
-1.713308910782835870e-01
-3.411469740482476753e-01
-4.746724088452373147e-01
-5.555186306309323196e-01
-5.762542294335322168e-01
-5.319926694127337097e-01
-4.262213359358300035e-01
-2.685375802773352083e-01
-7.855633976609166513e-02
1.256033786255539297e-01
3.200845241476459879e-01
4.822535240667313872e-01
5.936893701415726365e-01
6.410373841166168152e-01
6.179726324757031097e-01
5.244581458904311599e-01
3.724677358507146874e-01
1.752317535906169343e-01
-4.375644763006159010e-02
-2.602838078359898111e-01
-4.496892016348974508e-01
-5.912450704176106520e-01
-6.674206490370276912e-01
-6.677750507105981725e-01
-5.953355313225966450e-01
-4.552429416519367944e-01
-2.624697006258891463e-01
-3.661501667979127905e-02
1.951124774122563466e-01
4.084698637805868060e-01
5.777600239090452394e-01
6.834429145953297979e-01
7.168163533417473143e-01
6.718316065416882754e-01
5.526274724985384967e-01
3.704280468793839098e-01
1.477031361288423383e-01
-9.417134960194817328e-02
-3.272220387135219566e-01
-5.251867233725872053e-01
-6.665186845296737772e-01
-7.351898631872391121e-01
-7.238212628625384504e-01
-6.317705876296777490e-01
-4.713886224705701178e-01
-2.568053860605395977e-01
-1.310627461841606944e-02
2.335301600404335876e-01
4.555544815503880240e-01
6.293552651245142293e-01
7.345251834096144794e-01
7.581967227760975092e-01
7.018748005928823197e-01
5.693895898388163790e-01
3.752070813058638876e-01
1.388762942080983276e-01
-1.116063904383677308e-01
-3.503105788153026978e-01
-5.490049849731216680e-01
-6.855992783657799405e-01
-7.484145834845886691e-01
-7.290354796079658861e-01
-6.296574651029827052e-01
-4.597368768334624267e-01
-2.409731254396906275e-01
5.661989264788669374e-03
2.519461292368783134e-01
4.706138308060265896e-01
6.381874545249976993e-01
7.365199362104790648e-01
7.550595877201311534e-01
6.902927878939841833e-01
5.526175152506449528e-01
3.543402510383770743e-01
1.191723918842535479e-01
-1.274274181649530657e-01
-3.578728179743113635e-01
-5.480938460343451890e-01
-6.765030531858557961e-01
-7.284584192400382907e-01
-7.027194021199690832e-01
-6.006138891818837422e-01
-4.340132616934903043e-01
-2.202152154783426630e-01
1.457549770104527020e-02
2.464083431402950275e-01
4.485725397714002138e-01
5.991045092135243166e-01
6.852318264046119989e-01
6.969128503121810869e-01
6.334689874702914558e-01
5.012660175140963847e-01
3.180494900561003924e-01
1.013869289552016273e-01
-1.236375253607178148e-01
-3.322964338815204144e-01
-5.024224917479245267e-01
-6.161884658968115325e-01
-6.616506384571354538e-01
-6.332637500751356896e-01
-5.384973746097998504e-01
-3.861247694665331798e-01
-1.938541305078398391e-01
1.776088907774675540e-02
2.244571555430163734e-01
4.048136968502100697e-01
5.383146296878724701e-01
6.102885964014344022e-01
6.175183679910769552e-01
5.585963496977202070e-01
4.407687941351670080e-01
2.765912671960004676e-01
8.683819735295128517e-02
-1.094607359734660612e-01
-2.898631915711668006e-01
-4.344212164885238314e-01
-5.298280905199229673e-01
-5.660430590818932295e-01
-5.402271248794046077e-01
-4.551036547284855738e-01
-3.233412265540112074e-01
-1.575071392102204149e-01
2.283390441158905659e-02
1.975215166902131170e-01
3.479868225586888464e-01
4.588548439563857606e-01
5.179844097449903817e-01
5.187634111126335767e-01
4.659874953396612174e-01
3.648219254636031472e-01
2.271822231242854873e-01
6.830744978512393040e-02
-9.294933871112665003e-02
-2.399871699316467044e-01
-3.560421899877446172e-01
-4.287770934881196538e-01
-4.547204352457185905e-01
-4.310855309511716360e-01
-3.612184690295562328e-01
-2.533997949592937671e-01
-1.224889056796076847e-01
1.869691696829312022e-02
1.542075508696350017e-01
2.687777611279922318e-01
3.519186012427979460e-01
3.954348436033328085e-01
3.956865915854401727e-01
3.532015383258897412e-01
2.754999530386219586e-01
1.699249678052145995e-01
4.937586419689266037e-02
-7.226774089084342378e-02
-1.821023900333508250e-01
-2.691513963376997998e-01
-3.236655907022178980e-01
-3.400035749151949505e-01
-3.208667565041402048e-01
-2.682944509046800707e-01
-1.880860114138529493e-01
-8.936300423725840325e-02
1.572378003789109968e-02
1.163849083371570892e-01
2.004902775705335038e-01
2.591572970268509746e-01
2.899163996786078279e-01
2.897461445680933334e-01
2.587560860321123091e-01
2.011880730101731629e-01
1.258390887091358490e-01
3.980966377645667187e-02
-4.700910314524908706e-02
-1.243572601829059376e-01
-1.850701880021136114e-01
-2.235286946342128767e-01
-2.356916112688500764e-01
-2.206738388234499304e-01
-1.830915036714386712e-01
-1.265081625362762807e-01
-5.810995079223479909e-02
1.339469227291156805e-02
8.026574072997316733e-02
1.360068781448882103e-01
1.741319587713763273e-01
1.909116052627914950e-01
1.879762555147910241e-01
1.657519784348324698e-01
1.266401691568801446e-01
7.597430779387059907e-02
2.083263355565923014e-02
-3.344276012769620277e-02
-8.019027350142748922e-02
-1.143090120041734270e-01
-1.353242564999094233e-01
-1.413633231804873880e-01
-1.312394656659876535e-01
-1.070029590384207197e-01
-7.309322014316543825e-02
-3.251754792829664176e-02
9.629965491787517706e-03
4.793556329444226272e-02
7.940773005596990508e-02
1.013366448474724013e-01
1.109651717108322000e-01
1.078648736559704169e-01
9.486275592537318779e-02
7.302356758092343192e-02
4.464891711019625120e-02
1.385042629676025427e-02
-1.594497420758567152e-02
-4.210320422688951236e-02
-6.108616930496435504e-02
-7.112268983292080460e-02
-7.359683128403526897e-02
-6.814661666564780784e-02
-5.482436682636526726e-02
-3.601915757657903061e-02
-1.475938746934724044e-02
7.210685441433994924e-03
2.726266690858802910e-02
4.310242760775251369e-02
5.450895857375614995e-02
6.040804591493231790e-02
5.948732801965284089e-02
5.252142336715182047e-02
4.176908721770167254e-02
2.800867563466957755e-02
1.258748305734114226e-02
-2.384237426259039339e-03
-1.570871446363364399e-02
-2.619619469682976654e-02
-3.198854536957651540e-02
-3.265025080047456729e-02
-2.951915384315795254e-02
-2.280843674247301500e-02
-1.351506084440001754e-02
-3.527216596106552693e-03
5.832460243717418891e-03
1.376037213518443991e-02
1.939025687506612527e-02
2.222905253122298141e-02
2.265853182403176902e-02
2.061808747198767833e-02
1.632869190708063911e-02
1.092558128325382683e-02
5.844220708702385636e-03
1.440867058039252413e-03
-2.030179682876553926e-03
-4.225414663054705144e-03
-5.644744162095816087e-03
-6.088187843693027013e-03
-5.243192495701820555e-03
-3.561273860475666631e-03
-1.544747642536203891e-03
6.416075315989200334e-04
2.686791746661976177e-03
4.288782067356278205e-03
5.433193362366361967e-03
6.015329600783658748e-03
6.044939521122838499e-03
5.755037443081478798e-03
5.455346998548549209e-03
5.165909694104797723e-03
4.837751170589044136e-03
4.570012164887726769e-03
4.388026670301359289e-03
4.320751765839236924e-03
4.377385565349278806e-03
4.458336321668143754e-03
4.406078623973019859e-03
4.247579476268414922e-03
4.087910193435906336e-03
3.947920027981943747e-03
3.880178574638737388e-03
3.874915521560939879e-03
3.871863525668484129e-03
3.872511011141721582e-03
3.882947684191728754e-03
3.892509310320146909e-03
3.895675492637140636e-03
3.879030920173942576e-03
3.800146047820307516e-03
3.705982596092116665e-03
3.601640141739359535e-03
3.492218261513357902e-03
3.382816532165433543e-03
3.278534530445575967e-03
3.184471833105773086e-03
