-1.580911328290146578e-01
-6.952099612526485561e-02
8.154476996739434824e-03
7.396073792452040330e-02
1.269232380456002396e-01
1.660674287475016886e-01
1.904187614177468291e-01
1.990026874438595161e-01
1.849128449381227668e-01
1.478843131249889531e-01
9.017270001576371818e-02
1.804219159156938979e-02
-6.102772481517682035e-02
-1.376857357480567590e-01
-2.031384499591947224e-01
-2.474893082142791689e-01
-2.644729394012761414e-01
-2.536009176539464338e-01
-2.141756621049675235e-01
-1.487943148723172015e-01
-6.380577589650715531e-02
3.004021396893152840e-02
1.238837342726988311e-01
2.063219150509418842e-01
2.669196486029477011e-01
2.990214550628893520e-01
2.982332981671729222e-01
2.636564386402602267e-01
1.978492740691961682e-01
1.091103011709442239e-01
5.092567233077494038e-03
-1.021800343981226211e-01
-2.003297656947933270e-01
-2.784107167056409926e-01
-3.278418499420993060e-01
-3.419548862485050078e-01
-3.180545828627280303e-01
-2.607284605493417340e-01
-1.744461507375735243e-01
-6.822589943246870625e-02
4.669777448964285149e-02
1.571738988219459898e-01
2.518492785916235377e-01
3.189534954260653254e-01
3.505715322172255899e-01
3.459574171891746097e-01
3.045356688519964550e-01
2.297891586110316631e-01
1.291182894468905218e-01
1.465003906006456802e-02
-1.029539936089522989e-01
-2.105156887932141396e-01
-2.962338695784116904e-01
-3.526563305137390136e-01
-3.738554789962661440e-01
-3.571108541030517669e-01
-3.037285623452975480e-01
-2.209072997289971418e-01
-1.154037241292298344e-01
1.211758538936624774e-03
1.163657092666507964e-01
2.188123836061284244e-01
2.989417336470900910e-01
3.478438758695225896e-01
3.603049066905432696e-01
3.380684309066137594e-01
2.825645117612789470e-01
1.982220751708350104e-01
9.312943370647652763e-02
-2.144767350242593462e-02
-1.353411689703155618e-01
-2.364297800146860640e-01
-3.150990460186222641e-01
-3.664889316938053643e-01
-3.850536715897402429e-01
-3.670328377435458922e-01
-3.136832690935168477e-01
-2.315582616352859224e-01
-1.265376732624504674e-01
-7.596839330532900725e-03
1.142270520760275687e-01
2.273803901756972223e-01
3.216912189508198683e-01
3.863714394418096276e-01
4.142918891626996558e-01
4.043025405498690272e-01
3.555058993155140179e-01
2.699898018539090838e-01
1.544381943757997533e-01
2.020807996666151851e-02
-1.217526417653326254e-01
-2.567055581058135250e-01
-3.710934868077776505e-01
-4.538404398742241774e-01
-4.954850157122102638e-01
-4.881054923543708401e-01
-4.297147162382329855e-01
-3.272096221963610718e-01
-1.877453617610439496e-01
-2.371289120710828868e-02
1.494274612878321307e-01
3.129659239758462164e-01
4.505489698781719454e-01
5.451494177144753372e-01
5.848359002567431464e-01
5.656594126089835584e-01
4.861133350076523030e-01
3.517501788988981470e-01
1.738973254168230120e-01
-2.764321446414907957e-02
-2.347897905322825496e-01
-4.246694431561734984e-01
-5.760710799873962618e-01
-6.719889840829125216e-01
-7.000407696478119224e-01
-6.546337647597681997e-01
-5.369662117637112875e-01
-3.595281615993276558e-01
-1.367239205680523817e-01
1.068742176067118965e-01
3.459364426343725096e-01
5.534008879077532139e-01
7.065011967343595156e-01
7.854351511104933348e-01
7.782820533201755264e-01
6.871739293496954559e-01
5.175704516472632299e-01
2.864463612617598187e-01
1.579869258964583523e-02
-2.630067288783689561e-01
-5.211309255967175869e-01
-7.273180951536299954e-01
-8.573771729780681472e-01
-8.981540378214351028e-01
-8.414865905362917120e-01
-6.921149352159463586e-01
-4.628055062562352884e-01
-1.809853732682523697e-01
1.264557239662429389e-01
4.240776472005753917e-01
6.787125773151936325e-01
8.615681637587229158e-01
9.511361657603514264e-01
9.367371703791111948e-01
8.164408944135832513e-01
6.056864081627357788e-01
3.231320275691098587e-01
2.396770308926265969e-03
-3.221018595523114092e-01
-6.132724818275718803e-01
-8.394232385830517895e-01
-9.740371196260992903e-01
-1.000000000000000000e+00
-9.182073119682377937e-01
-7.342865322699638764e-01
-4.695577501921375241e-01
-1.508916473061981955e-01
1.832856214878868517e-01
4.978461142811714257e-01
7.559066359477428776e-01
9.284142904275491937e-01
1.000000000000000000e+00
9.605557917125404632e-01
8.156005671167312343e-01
5.791794111024219927e-01
2.814670762666671155e-01
-4.782239021823186942e-02
-3.701949160621642587e-01
-6.499090487951505457e-01
-8.569072772533983251e-01
-9.683832277370955088e-01
-9.741745238506109850e-01
-8.724305697804156656e-01
-6.788838170334599020e-01
-4.121105879557778184e-01
-1.047531405517885261e-01
2.097934522959907788e-01
4.962030925259814929e-01
7.240772911334172335e-01
8.686833346020621516e-01
9.138314743761102310e-01
8.608883706481311737e-01
7.146426941935248855e-01
4.936721166684525652e-01
2.214679367149829936e-01
-6.900970582997567604e-02
-3.472336368003943186e-01
-5.816171611214093762e-01
-7.471030742020922100e-01
-8.309483191517232914e-01
-8.241747431018795478e-01
-7.304992911796993615e-01
-5.605183325588516396e-01
-3.376814236415118797e-01
-8.460658877399385158e-02
1.696988676791866268e-01
3.974904507354011240e-01
5.761196818392424479e-01
6.878540718866776871e-01
7.237352319844900794e-01
6.808416800362140364e-01
5.691945454897993084e-01
4.003248869361080153e-01
1.959559659756100469e-01
-2.101556799786119534e-02
-2.273814875443549433e-01
-4.026283987113108420e-01
-5.293330194352687812e-01
-5.954024566594260381e-01
-6.004453044719720856e-01
-5.451704788043865157e-01
-4.379669387968638805e-01
-2.914523601199784375e-01
-1.239835530051296431e-01
4.751171696637856989e-02
2.045490766816948636e-01
3.319450317167140785e-01
4.220194229349338855e-01
4.670338889682901229e-01
4.645412578205698750e-01
4.170136201720928693e-01
3.330962817240863405e-01
2.208981534843093009e-01
9.270931340989507774e-02
-3.811000082514059972e-02
-1.601496039831405982e-01
-2.631947571138187891e-01
-3.382891355599734196e-01
-3.796545205811086010e-01
-3.883437262877316165e-01
-3.644990761952190406e-01
-3.102125821187912136e-01
-2.311763250488930721e-01
-1.353462850539470796e-01
-3.063465117608210608e-02
7.311489604930310193e-02
1.674936936256354869e-01
2.474126819176660774e-01
3.063739940051719568e-01
3.371808224895376238e-01
3.372489124003483774e-01
3.093789462656670874e-01
2.551651906933138925e-01
1.775062035976313624e-01
8.291818925203786605e-02
-2.033598496693389546e-02
-1.242321010860527597e-01
-2.182760753642601914e-01
-2.939761550014570179e-01
-3.458499760407953705e-01
-3.682539477077202417e-01
-3.561471665632272021e-01
-3.096676635967379188e-01
-2.348586820541864739e-01
-1.365208496394043625e-01
-2.201917127810393282e-02
9.832634276247476102e-02
2.124412045593393472e-01
3.095541135892341256e-01
3.775396758310576306e-01
4.083919026686408937e-01
4.001114026898620057e-01
3.514284512230492208e-01
2.649695519967008028e-01
1.479448279357085116e-01
1.316015854876084745e-02
-1.277192366934941647e-01
-2.592379040037747773e-01
-3.669738727653754085e-01
-4.396919238966003896e-01
-4.689245519076262747e-01
-4.497890588574381399e-01
-3.824064214432184583e-01
-2.747951754880106900e-01
-1.354962045433877327e-01
1.994406804037152092e-02
1.748790865768554692e-01
3.123218789557120623e-01
4.179065129424706093e-01
4.784905890098256620e-01
4.861624523549936683e-01
4.424390957642032607e-01
3.499764307344177539e-01
2.178535872788751604e-01
5.922473295366259549e-02
-1.069954222505625774e-01
-2.640108061969795861e-01
-3.931049949817010392e-01
-4.797826045920884352e-01
-5.170931080345197994e-01
-4.995616115519028178e-01
-4.282734690549084844e-01
-3.099604489078267022e-01
-1.595024011162667898e-01
9.043089993696851181e-03
1.762192141638803111e-01
3.232309001323345754e-01
4.342692701382961928e-01
4.972543261690247629e-01
5.053192191214961326e-01
4.566324133979711153e-01
3.588581313867420519e-01
2.205623487766832369e-01
5.800685473158440075e-02
-1.110745041408062184e-01
-2.675562042491119730e-01
-3.949287701966355257e-01
-4.780380226080366279e-01
-5.070923554721116222e-01
-4.825032626782367329e-01
-4.057162253516363171e-01
-2.851189564256523257e-01
-1.332374673769477491e-01
3.132948938502866376e-02
1.916007085587592140e-01
3.284240260513986431e-01
4.264758921671198966e-01
4.776066961552642987e-01
4.755629378412622454e-01
4.206757260231654971e-01
3.184823553625066861e-01
1.828421925748735521e-01
2.676892501395267132e-02
-1.315156271385488074e-01
-2.739864368900127856e-01
-3.853128290918305110e-01
-4.535650277682191645e-01
-4.710991584299379920e-01
-4.351852419516863968e-01
-3.526645277525854993e-01
-2.310197849540552850e-01
-8.516839439918755250e-02
6.839399871526175012e-02
2.120172899159069591e-01
3.304537670052103415e-01
4.095699580922309568e-01
4.400541937495774381e-01
4.219410416993785162e-01
3.562125668435105474e-01
2.502231363881750603e-01
1.154063625485670652e-01
-3.102210317865905509e-02
-1.739564759211195133e-01
-2.963300626360764189e-01
-3.842101735443054222e-01
-4.303754033383944133e-01
-4.290084521062625944e-01
-3.800190982215070346e-01
-2.883572043469662116e-01
-1.664433113918315499e-01
-2.593789096010867823e-02
1.164421836111035891e-01
2.442011034853250884e-01
3.432301620830258138e-01
4.025662307268800255e-01
4.152221697081117657e-01
3.788144693146007214e-01
2.997424179445662418e-01
1.849254869870666784e-01
4.784236662004848206e-02
-9.626434902806368932e-02
-2.303995108536900371e-01
-3.399609669841440196e-01
-4.109818851898374703e-01
-4.343900342328346209e-01
-4.103368421644003616e-01
-3.398635876362010588e-01
-2.302056802018883630e-01
-9.265712611540100063e-02
5.556128952968442114e-02
1.990458366377536592e-01
3.200260649833936988e-01
4.040012240512407260e-01
4.429643138671606195e-01
4.312362309975179553e-01
3.693650514191821888e-01
2.629094644039291495e-01
1.257314085745542265e-01
-2.916927576029437752e-02
-1.833811781452135969e-01
-3.188238783076726701e-01
-4.199066059675754525e-01
-4.748085911640314016e-01
-4.761941685098779464e-01
-4.219644704245246736e-01
-3.198859722226069513e-01
-1.786387407564683505e-01
-1.520260282903795890e-02
1.521025143061711660e-01
3.035797255700785069e-01
4.224609199379136815e-01
4.934324963030067845e-01
5.068348398505577723e-01
4.634883435732277679e-01
3.658139370270678814e-01
2.240492529123951915e-01
5.269451846723405275e-02
-1.269281140783112827e-01
-2.959664277834065382e-01
-4.335431338660750145e-01
-5.232364390412511668e-01
-5.568107634765273595e-01
-5.284159815249824810e-01
-4.401600345374971912e-01
-3.000747032509966106e-01
-1.257418899953919311e-01
6.608306906839200856e-02
2.525600417277316101e-01
4.120885623543317777e-01
5.265082003980261494e-01
5.822715367432211853e-01
5.726327703468294672e-01
4.966203342281096944e-01
3.642307872751735509e-01
1.869354658613953113e-01
-1.417202268875561444e-02
-2.170667389317041396e-01
-3.983683485079028141e-01
-5.381818031940922564e-01
-6.191383984920446615e-01
-6.304946090451407636e-01
-5.739957493087304297e-01
-4.533305236493057055e-01
-2.814704363412510180e-01
-7.572369293731073814e-02
1.392373359240182129e-01
3.408262977986031839e-01
5.045866702235464185e-01
6.117099920830062487e-01
6.528600703852855958e-01
6.215887172559797502e-01
5.209683241478422211e-01
3.604356946310449672e-01
1.602723353467376821e-01
-6.021235707590277819e-02
-2.755557753093068607e-01
-4.615533677898988607e-01
-5.980147568849507600e-01
-6.697236074610148915e-01
-6.688951874362168981e-01
-5.939831281447814915e-01
-4.557109535255802202e-01
-2.664573664552741805e-01
-4.903540408459117206e-02
1.728013221564044244e-01
3.743744742906636169e-01
5.344544249062352925e-01
6.348059218803936421e-01
6.636482077098200261e-01
6.218351910923132220e-01
5.123505128416712129e-01
3.476244625115407771e-01
1.446326849650991786e-01
-7.228671265868036322e-02
-2.809933594241094124e-01
-4.576350936629887123e-01
-5.833265130764448969e-01
-6.483715359848771786e-01
-6.450585259107390890e-01
-5.742619588579891410e-01
-4.432149179926520022e-01
-2.689374732059210960e-01
-6.792972321968382410e-02
1.373553258355741935e-01
3.249096982946562129e-01
4.757426052804634153e-01
5.746744189528076863e-01
6.120456474151128035e-01
5.836996426945135763e-01
4.966340985235124794e-01
3.588641516899722106e-01
1.857958254984524160e-01
-4.628592446727197718e-03
-1.918101298193933824e-01
-3.573370411703301608e-01
-4.835254684169696393e-01
-5.574876822740560955e-01
-5.758907741552248272e-01
-5.366838712138033429e-01
-4.444920548103135083e-01
-3.087805848107737505e-01
-1.456469797607008454e-01
2.971700673950006255e-02
1.988446296783217271e-01
3.446894113321052888e-01
4.548439242261663740e-01
5.189015820244449184e-01
5.305861256740593834e-01
4.887806774548772992e-01
4.009355744026179558e-01
2.745789893238992363e-01
1.226524631659102749e-01
-3.965875650280203946e-02
-1.965892356919032302e-01
-3.339506270820619127e-01
-4.379101265491484041e-01
-4.985494777565782076e-01
-5.133478838993390525e-01
-4.804536705877141545e-01
-4.024595482802865165e-01
-2.867144206402153506e-01
-1.456912381438877357e-01
8.788221044715438524e-03
1.615426471895948790e-01
2.982781931222229233e-01
4.078982590442972178e-01
4.799352499780551451e-01
5.055101084461095517e-01
4.813631420047728149e-01
4.122511991281305743e-01
3.030301822066285844e-01
1.623377550572751016e-01
2.527660473000459262e-03
-1.605141301921924057e-01
-3.121183224290761116e-01
-4.359051083335672150e-01
-5.192607431623419423e-01
-5.556015061982944037e-01
-5.396509784373382246e-01
-4.706989869822156836e-01
-3.538093558716526310e-01
-2.011014450973221956e-01
-2.457424838878130569e-02
1.582514643716186331e-01
3.290736735474826258e-01
4.703044578554491650e-01
5.675526675257813736e-01
6.081683575428629140e-01
5.855221767876215289e-01
5.036241993046994825e-01
3.678819007319347190e-01
1.906840740104189802e-01
-1.147189203715714978e-02
-2.166740557706953174e-01
-4.048967751486913791e-01
-5.543288167017970114e-01
-6.482543354675406322e-01
-6.779393403417488528e-01
-6.376703850187905864e-01
-5.298843339615375569e-01
-3.636337197087412543e-01
-1.581027525210983997e-01
6.848250167614722272e-02
2.915753043665352262e-01
4.872442767140883202e-01
6.343569538171465183e-01
7.164224624045325562e-01
7.229273456510865170e-01
6.504817311772381760e-01
5.085377319294070997e-01
3.086976007301140967e-01
7.254862490902280747e-02
-1.760028881574472459e-01
-4.089740156810264260e-01
-6.019611005500786760e-01
-7.320546347104786022e-01
-7.834492593639560409e-01
-7.531051309233740554e-01
-6.414319180354276506e-01
-4.600521197868049361e-01
-2.263574394257787947e-01
3.200595827712438002e-02
2.892557840849228068e-01
5.156810151509396700e-01
6.858955023683774854e-01
7.826355498171688740e-01
7.938580664836116796e-01
7.183933586489936740e-01
5.623083060737072980e-01
3.454106378643053699e-01
8.812187020171613483e-02
-1.798614326358770610e-01
-4.293332574612421793e-01
-6.326638761273802869e-01
-7.676603604328063879e-01
-8.188191602803596147e-01
-7.785697830980419232e-01
-6.555066289102691179e-01
-4.606394517803292787e-01
-2.168597329390012929e-01
4.998825934957662476e-02
3.087874989103409629e-01
5.321127046294660268e-01
6.943250312716289230e-01
7.768825066468747487e-01
7.747689226740419599e-01
6.867366705615891576e-01
5.239955064706287580e-01
3.036312080381879941e-01
5.368317182780635299e-02
-2.003776513974869777e-01
-4.295575093103045639e-01
-6.081902373300778208e-01
-7.189555481391485259e-01
-7.495007335661707515e-01
-6.983027994507149394e-01
-5.704083738638519030e-01
-3.838956053459767759e-01
-1.573715254861487445e-01
8.187312404846736058e-02
3.071483956213798550e-01
4.938829755109868103e-01
6.221464355416659320e-01
6.788358915969998630e-01
6.574444917984136882e-01
5.653074804616804450e-01
4.114937914745326886e-01
2.152613268047107731e-01
-1.695156235198336248e-03
-2.138060838732199764e-01
-3.985117410289907847e-01
-5.349091414262302502e-01
-6.080552721391462301e-01
-6.150707984328087630e-01
-5.550665667087850697e-01
-4.366623039742341117e-01
-2.732333117165424152e-01
-8.627087559473145539e-02
1.046047431083187984e-01
2.771790267908456062e-01
4.122169592200140009e-01
4.979089107077989684e-01
5.255137477884348485e-01
4.942623597419539827e-01
4.083415165312054285e-01
2.814721676571609876e-01
1.268346304914771405e-01
-3.663090004597024940e-02
-1.900249238767092175e-01
-3.171325964390532270e-01
-4.049225893686001498e-01
-4.449809247814834334e-01
-4.334661448020711294e-01
-3.761583929785644598e-01
-2.792241394196364190e-01
-1.560686971404919854e-01
-2.162480178804226938e-02
1.084420512141868187e-01
2.204320966866644138e-01
3.017722755410963131e-01
3.439694940171380555e-01
3.472911345131690641e-01
3.120457497604822716e-01
2.436278253905013180e-01
1.508791425784330453e-01
4.689452251429515606e-02
-5.717109940410725066e-02
-1.488620760283151379e-01
-2.180891416558057294e-01
-2.610224777145430108e-01
-2.737323715658552814e-01
-2.560568304870565193e-01
-2.114916290447990121e-01
-1.481031272752684202e-01
-7.252519874988261339e-02
5.713914958558774515e-03
7.684366865515523948e-02
1.341161886237891565e-01
1.722476936219170529e-01
1.882008970517552449e-01
1.813746102438855701e-01
1.557216542133825765e-01
1.141170273965981252e-01
6.238348666854887092e-02
7.566143731875918377e-03
-4.432738860002849446e-02
-8.818550315616313640e-02
-1.190902596047944684e-01
-1.344272683647058653e-01
-1.359424364049502953e-01
-1.238652449121390164e-01
-1.001122067017220507e-01
-6.865783682812831579e-02
-3.392588332601254031e-02
5.242568642316314254e-04
3.020157157735692266e-02
5.201814437900109667e-02
6.618676489040620226e-02
7.161883766443799537e-02
6.785501156379569743e-02
5.656881874366903595e-02
4.066578012658728092e-02
2.173496703894239879e-02
2.186367320905047151e-03
-1.533691692478411639e-02
-2.988978560536326157e-02
-4.021066988000976394e-02
-4.490902874595048555e-02
-4.420791852328465055e-02
-3.995063629472228595e-02
-3.252478381363366200e-02
-2.287998765634946530e-02
-1.290519370635201390e-02
-3.716114876180620641e-03
3.869155984814520721e-03
9.033613946840546305e-03
1.168056661592253853e-02
1.265096441362234536e-02
1.185989113078500523e-02
9.500457966391762099e-03
6.636563442416365532e-03
4.197074020620528145e-03
2.350192382613691677e-03
8.511547685121634288e-04
-4.596552678421961247e-04
-2.044667902621366551e-03
-3.742128133290001379e-03
-5.157391298686420100e-03
-6.491398776137358162e-03
-8.014048112654825751e-03
-9.617622021409810706e-03
-1.106653670295287828e-02
-1.214834982442969391e-02
-1.252613936047974885e-02
-1.223416940751786974e-02
-1.142530317980305909e-02
-1.014022050674523445e-02
-8.609783796580949833e-03
-6.921147884999756528e-03
-5.104101638163105470e-03
-3.312769428581829878e-03
-1.640519161999698383e-03
-2.279723160315549890e-04
5.966702417341540610e-04
6.940701846049890378e-04
1.482093924964900111e-04
-1.013987567124785549e-03
-2.675946655936289886e-03
-4.638254023397125891e-03
-6.708198711848800677e-03
-8.714456875997478313e-03
-1.036238649354082053e-02
-1.142531478824393432e-02
-1.185273371594353087e-02
-1.160438435881350205e-02
-1.070694911681679962e-02
-9.321038845964912944e-03
-7.716955224223887022e-03
-5.997873367682093892e-03
-4.276730871244360799e-03
-2.739624133648810300e-03
-1.464817689952879753e-03
-5.571223187522678089e-04
-2.033309084683576629e-04
-4.072889786888023167e-04
-9.843148115045163848e-04
-1.890907662292162783e-03
-3.004179289759045801e-03
-4.133550868190782879e-03
-5.190937775429005363e-03
-6.077001502608148087e-03
-6.645103762418891336e-03
-6.839588306531640960e-03
-6.708442076896026229e-03
-6.270893603584459797e-03
-5.636706006576175376e-03
-4.975745649522966829e-03
-4.445177723075732779e-03
-4.090703416973595630e-03
-3.920671101886319398e-03
-3.948664521110423209e-03
-4.130527705661246607e-03
-4.403484066181517775e-03
-4.746495155974583824e-03
-5.138522528343680840e-03
-5.558527736592155932e-03
-5.985472334023023144e-03
-6.398317873939962652e-03
