5.244289432299598097e-02
2.353601765426998060e-01
3.520361459754568489e-01
4.105789555899319598e-01
4.190967583547899888e-01
3.856977072386960081e-01
3.184899552103144238e-01
2.255816552383123064e-01
1.154744154720732663e-01
-6.668455830978081700e-03
-1.315391117875971405e-01
-2.429739205199987762e-01
-3.277306465271550007e-01
-3.791032466461248251e-01
-3.902820805188744746e-01
-3.594538259483006648e-01
-2.886701399227183940e-01
-1.864807735249291998e-01
-6.168491046131008293e-02
7.166343270469166526e-02
1.990099391874065038e-01
3.064766561518268428e-01
3.827643182743998285e-01
4.179466742336377383e-01
4.068003717838599709e-01
3.533771120643451891e-01
2.618780048612512346e-01
1.415382785945078492e-01
4.754176416889688284e-03
-1.325997288989045897e-01
-2.564939185957886281e-01
-3.520133265370835041e-01
-4.082209184688416759e-01
-4.212544915357552266e-01
-3.884630547008798285e-01
-3.126897150909032641e-01
-2.014898970152604329e-01
-6.892775469450740378e-02
7.284788212585535661e-02
2.081928079210686455e-01
3.217934479677326820e-01
4.019765122124825396e-01
4.399485175356394606e-01
4.311993215046834305e-01
3.756726506656296038e-01
2.807848451064041129e-01
1.544995039760002076e-01
1.110795111730511486e-02
-1.340043263073698032e-01
-2.650422423338194555e-01
-3.684726773632863717e-01
-4.318410579400954186e-01
-4.474925868723124145e-01
-4.167103242809037100e-01
-3.413518593387073752e-01
-2.287378681053805485e-01
-9.005949835790838520e-02
5.844966332157830458e-02
2.018878658431326745e-01
3.232163598386168513e-01
4.090914364151247984e-01
4.525880440043197339e-01
4.480895843039505166e-01
3.954026946607109849e-01
2.994281027769378767e-01
1.723793640812614214e-01
2.573716673240178388e-02
-1.241251365244260274e-01
-2.606694188214040420e-01
-3.693733742321257951e-01
-4.387770765191509881e-01
-4.604798507849025002e-01
-4.309579272349622903e-01
-3.560795268016406778e-01
-2.421762002123487578e-01
-1.018256091864083723e-01
5.007832797173450423e-02
1.964555286392994926e-01
3.223379446548908511e-01
4.129613780374188359e-01
4.580258758880937364e-01
4.555051041028235215e-01
4.045601682500181706e-01
3.103696408553926478e-01
1.825678245635047325e-01
3.697389738061618303e-02
-1.124290353431004474e-01
-2.487776999102762066e-01
-3.569912851320917735e-01
-4.271339053302457556e-01
-4.513783821724035583e-01
-4.269513141123876254e-01
-3.559019236498858207e-01
-2.476466160077428480e-01
-1.117252921787323938e-01
3.637722358900385977e-02
1.805735874588103584e-01
3.055376803668352625e-01
3.984346067346615783e-01
4.484288700470981937e-01
4.494951572642802429e-01
4.049244438896733023e-01
3.182892688624112676e-01
1.982819059573077691e-01
5.705463856729942052e-02
-8.910291195770703165e-02
-2.254676396341205313e-01
-3.361142122974020152e-01
-4.090921752819408619e-01
-4.395199407410597114e-01
-4.234302693207688817e-01
-3.621571176905282741e-01
-2.618490313055679142e-01
-1.352469883357285685e-01
6.042048552260537164e-03
1.464571089834922901e-01
2.704882597042910231e-01
3.654621343478274831e-01
4.216372680917483962e-01
4.326918608034493463e-01
3.966931647426579222e-01
3.199745665489153179e-01
2.091787754921996534e-01
7.689428704476863885e-02
-6.255341730488728214e-02
-1.939760319439757241e-01
-3.041397092380826450e-01
-3.803366383401383111e-01
-4.140851679711367028e-01
-4.049124392629986913e-01
-3.529817799752777985e-01
-2.635417012843871420e-01
-1.458753553397262870e-01
-1.430107904311150868e-02
1.185097255461553534e-01
2.375299455108152991e-01
3.299891218555794925e-01
3.885085202777411872e-01
4.067047784147670431e-01
3.824397298077446550e-01
3.182140152994219484e-01
2.226785112623184126e-01
1.041589561230260585e-01
-2.412448224223373572e-02
-1.482898160044193725e-01
-2.556240264207564339e-01
-3.354902051622052905e-01
-3.787756872319482104e-01
-3.805982844211294180e-01
-3.442592140630239550e-01
-2.728027291936232501e-01
-1.730622435131564663e-01
-5.515626756075631132e-02
6.751028714826801114e-02
1.828402071118788719e-01
2.774894720125022918e-01
3.415187725085881976e-01
3.711364820800764353e-01
3.628231945175097728e-01
3.169402195433834724e-01
2.382250518345365720e-01
1.367365407308853698e-01
2.139207240853324699e-02
-9.549150199141764883e-02
-2.011699043405238418e-01
-2.852009422059417210e-01
-3.393892390147774663e-01
-3.574578152992170521e-01
-3.369863316931436259e-01
-2.827802495179814191e-01
-1.994152751157326486e-01
-9.573962486659592930e-02
1.719999743071043419e-02
1.272601484276871808e-01
2.237750100490130123e-01
2.957472402752625573e-01
3.355679029802884905e-01
3.419782621016405066e-01
3.138472406747030430e-01
2.535975973111821435e-01
1.675887623024141515e-01
6.649628866928503079e-02
-4.054304436447164761e-02
-1.418983509012294864e-01
-2.268100626870113157e-01
-2.882574972260004698e-01
-3.200043339445283186e-01
-3.180844012222477923e-01
-2.825916326526060063e-01
-2.191099768567832395e-01
-1.328035620759800972e-01
-3.263187077520601775e-02
7.088939804611937845e-02
1.670988612518164995e-01
2.467793254781414092e-01
3.006647506568798089e-01
3.229447553284481298e-01
3.142057694657671707e-01
2.746547949567468283e-01
2.072856023651996615e-01
1.187013018071632064e-01
1.903108195569136463e-02
-8.258157567821600153e-02
-1.746987994660288424e-01
-2.476905017700958833e-01
-2.959848117174377347e-01
-3.144590261878817961e-01
-3.001439969327944768e-01
-2.542020404627013397e-01
-1.829639612437088392e-01
-9.212907334248832125e-02
8.428356102524237059e-03
1.077205596552344158e-01
1.957468391070433800e-01
2.640516891439348424e-01
3.045419974581897726e-01
3.126154702991137402e-01
2.900857103156269101e-01
2.384348421066126988e-01
1.619407103035424011e-01
6.829271491033472863e-02
-3.164232453565873904e-02
-1.284665187922974239e-01
-2.110379871090023451e-01
-2.707078805995341009e-01
-3.037726178800211896e-01
-3.062315686800298753e-01
-2.766378780105254176e-01
-2.178573879568770355e-01
-1.371699663359045029e-01
-4.110879339772977037e-02
6.005093057148780389e-02
1.553522352947205309e-01
2.351678701391444193e-01
2.916374774383816426e-01
3.177082454058699490e-01
3.099912286770563075e-01
2.718540190554805669e-01
2.061603313851665398e-01
1.186264843901609911e-01
1.795446436953729297e-02
-8.456510272832584718e-02
-1.789242681626735942e-01
-2.537675700656615296e-01
-3.009131751888511896e-01
-3.177262430605425347e-01
-3.016102333149368597e-01
-2.530606988688131054e-01
-1.767379326076536916e-01
-8.203450545846213693e-02
2.287224308994817434e-02
1.265814513656411400e-01
2.175303192796003149e-01
2.864868310431238907e-01
3.262914327760497724e-01
3.315429114710253256e-01
3.007146831311677815e-01
2.390091805991108043e-01
1.513735412938768121e-01
4.720491680848604155e-02
-6.223682888196280238e-02
-1.649343375470313511e-01
-2.505584870024255562e-01
-3.086568023901964386e-01
-3.324460425366803085e-01
-3.218149509066885461e-01
-2.768585797297188345e-01
-2.014974234576013545e-01
-1.034621094265246732e-01
5.121336842573764869e-03
1.139343750591799154e-01
2.104484219051674376e-01
2.838666894511174821e-01
3.280075545705718465e-01
3.376432020283453017e-01
3.109072043202925073e-01
2.501820430775947290e-01
1.634046551911991774e-01
5.805017583933480552e-02
-5.385238978650175312e-02
-1.597348567882077575e-01
-2.481633929421557250e-01
-3.098406120509171746e-01
-3.368952882515915404e-01
-3.255144565262441114e-01
-2.795260759369870840e-01
-2.025893818483809339e-01
-1.024009385335149513e-01
1.056000560159975343e-02
1.229819122802273679e-01
2.232231949018412820e-01
2.987602913655067471e-01
3.407807369847926093e-01
3.471365242876398582e-01
3.160873760375979558e-01
2.501572361388755272e-01
1.560190956595730594e-01
4.570456742894579705e-02
-7.032628583154654223e-02
-1.785990251435267684e-01
-2.663906721738077410e-01
-3.246491356475688095e-01
-3.467918778189065243e-01
-3.298409151118276705e-01
-2.747618323402636342e-01
-1.892624288793710585e-01
-8.089177204652875375e-02
3.713958198510791675e-02
1.510308480565827338e-01
2.480261203139704218e-01
3.176503041622846801e-01
3.510239265131431807e-01
3.435373898796652004e-01
2.987682126456261411e-01
2.203620074124605921e-01
1.165895673395795917e-01
-1.292547528002563340e-03
-1.185692754812465166e-01
-2.227751504895819634e-01
-3.008108846251504875e-01
-3.434365309498914609e-01
-3.486785436752638523e-01
-3.147397259305946271e-01
-2.445722522909934415e-01
-1.455229529102081143e-01
-3.050715336951392853e-02
8.922637519816101204e-02
1.993779495692136194e-01
2.866407513161397524e-01
3.416666604462279544e-01
3.579678646983430745e-01
3.335785104825141900e-01
2.703293387228418165e-01
1.770125822120076631e-01
6.221266953542614608e-02
-6.012799020315606757e-02
-1.756642809447817033e-01
-2.710212637108205813e-01
-3.354519761419356705e-01
-3.604506935412044033e-01
-3.419868521887907686e-01
-2.846063672039758075e-01
-1.930719832620658716e-01
-7.763291424218121684e-02
4.903102461187081040e-02
1.712869104668417464e-01
2.756633069822114201e-01
3.484100948584971658e-01
3.801811482509955820e-01
3.697310812871998920e-01
3.166721598353956502e-01
2.263172733640337331e-01
1.080491866060833139e-01
-2.273060050516795272e-02
-1.526130207119609228e-01
-2.655649654218318334e-01
-3.475451327073326713e-01
-3.898242263070461622e-01
-3.866059466872641126e-01
-3.377075506197877441e-01
-2.472725425232029650e-01
-1.273552972014617701e-01
1.064082768686169800e-02
1.499447890592091603e-01
2.739456983065782225e-01
3.680490796227313677e-01
4.211066255222981614e-01
4.257885647924932737e-01
3.796962327232589196e-01
2.897503065579098980e-01
1.635784541209921450e-01
1.653338877172472188e-02
-1.346681456957183887e-01
-2.719026736755979501e-01
-3.797926721044838638e-01
-4.441409925726775842e-01
-4.560343458717804888e-01
-4.163801217732954196e-01
-3.274166610710954606e-01
-1.985709134234598938e-01
-4.326489181799542116e-02
1.187611891284983123e-01
2.702893163648847352e-01
3.922768533821379133e-01
4.697652379178871573e-01
4.955678459277059744e-01
4.647033759096932393e-01
3.795526018492860754e-01
2.479590280142032199e-01
8.659616157295668692e-02
-8.885902273126133899e-02
-2.571959965420427263e-01
-3.984685061724768662e-01
-4.962394330420563104e-01
-5.384721842346249510e-01
-5.196160127654323446e-01
-4.395590950618051274e-01
-3.085264677829463453e-01
-1.379299593370226784e-01
5.188901520051625305e-02
2.398898115821219701e-01
4.040657498765445332e-01
5.259507742048137313e-01
5.897310099973434028e-01
5.860891358931894501e-01
5.179289108228701810e-01
3.899395157597080885e-01
2.157060167151436669e-01
1.283008889537429198e-02
-1.941624163583433038e-01
-3.831044480145341380e-01
-5.303659895943246827e-01
-6.181752756734369969e-01
-6.384683875236490946e-01
-5.862718191365537956e-01
-4.663683867579833109e-01
-2.897727585554104035e-01
-7.834807856135006521e-02
1.472924228645018374e-01
3.606482944324418405e-01
5.370193087705144031e-01
6.562337192637466288e-01
7.037244652794178990e-01
6.732684800488968335e-01
5.652962120336417762e-01
3.934073863179416986e-01
1.729112071853813326e-01
-6.993168314418518605e-02
-3.084650644111502915e-01
-5.152820893453993190e-01
-6.674190259664115610e-01
-7.461474040564618493e-01
-7.403114721024590672e-01
-6.532443130308108747e-01
-4.912555820293619258e-01
-2.720638477808126066e-01
-1.783266201685262953e-02
2.409210003021333701e-01
4.768699550619734939e-01
6.617115481697266599e-01
7.738270059199778839e-01
8.031898196926590128e-01
7.436127794611391284e-01
6.009726310489313938e-01
3.884299233557522157e-01
1.319239126848330557e-01
-1.435012758701280644e-01
-4.058143424938135402e-01
-6.254115976642059538e-01
-7.777629584981998745e-01
-8.448325164282286526e-01
-8.190344448958838397e-01
-7.003310986386199755e-01
-5.037914260351354923e-01
-2.469933889983416675e-01
4.003934422155208672e-02
3.266239528899095301e-01
5.801832168152838420e-01
7.730574481147114430e-01
8.823084260306810478e-01
8.935559864251703122e-01
8.088350758753100056e-01
6.339915059872618386e-01
3.882899151416239203e-01
9.609732779585788975e-02
-2.081913056401496487e-01
-4.928176229042707801e-01
-7.241839275813390930e-01
-8.759510376651570285e-01
-9.339339572852346505e-01
-8.890958379524100952e-01
-7.463130967230517943e-01
-5.185184509954170462e-01
-2.337404042603072885e-01
8.038471312181028061e-02
3.877484972230949012e-01
6.543812458726467884e-01
8.509050606757662116e-01
9.550153497750704101e-01
9.553428206102094755e-01
8.490764532708718892e-01
6.505786760005576319e-01
3.775358367788708147e-01
6.238772086729271749e-02
-2.612603303768690211e-01
-5.568962146847180605e-01
-7.928973869710486122e-01
-9.421838208463996223e-01
-9.866122904026064511e-01
-9.250743727155437135e-01
-7.611871303527063537e-01
-5.136771358095673090e-01
-2.072265049719598240e-01
1.217050987329855172e-01
4.391729539447981612e-01
7.083628678967899273e-01
8.995663030290281803e-01
9.950732628667431356e-01
9.822768055675092924e-01
8.630397215962641866e-01
6.481325730649731831e-01
3.644486005141389651e-01
3.940620413523809873e-02
-2.894951953105756592e-01
-5.865172257459148053e-01
-8.192591036207537147e-01
-9.621358739536658433e-01
-1.000000000000000000e+00
-9.266104074455402406e-01
-7.538919022805253833e-01
-4.973251585518727591e-01
-1.867926447947858559e-01
1.453307345618712887e-01
4.612675078723562638e-01
7.276779043302399330e-01
9.144155321511771017e-01
1.000000000000000000e+00
9.793613157789349266e-01
8.523371949038256457e-01
6.340238232860397893e-01
3.460902859904153583e-01
2.306480039418534744e-02
-3.022715578608872189e-01
-5.927914747071468815e-01
-8.166826740649444361e-01
-9.519704885037717501e-01
-9.829123156382271187e-01
-9.075605815736326187e-01
-7.323371369289735089e-01
-4.801779678089053149e-01
-1.753289932039128196e-01
1.470115323608185420e-01
4.521904586006308957e-01
7.069117890225045109e-01
8.839129245178942718e-01
9.638020179307469348e-01
9.361664908217353087e-01
8.093979497185319616e-01
5.950915325833883163e-01
3.182615690379237972e-01
7.738373496565920107e-03
-3.004907628578228351e-01
-5.741708499583899616e-01
-7.825726365421128428e-01
-9.025304097337223386e-01
-9.252444858981515585e-01
-8.467921071282886736e-01
-6.776123624883827468e-01
-4.350343366875417672e-01
-1.494865966051198702e-01
1.506452476885633551e-01
4.318334710195768089e-01
6.631978705987153777e-01
8.213589995372092556e-01
8.892052607336038417e-01
8.614126059379252354e-01
7.400425724475716560e-01
5.421526902620334987e-01
2.867377923948519758e-01
3.981669057912862186e-03
-2.757105805497593876e-01
-5.218517720451816277e-01
-7.086180223403391043e-01
-8.159868584407833358e-01
-8.317356607065287122e-01
-7.596028275221375914e-01
-6.060690219931903489e-01
-3.892559218331728133e-01
-1.316928246343738174e-01
1.363188815788212160e-01
3.869471119828287176e-01
5.918325933286896490e-01
7.288813289181326205e-01
7.875806074891957831e-01
7.609430709582476471e-01
6.534892778581911088e-01
4.763771479073348747e-01
2.526066505910735671e-01
4.312343252591777087e-03
-2.403414863443259497e-01
-4.545681136841225323e-01
-6.164058994444265860e-01
-7.090224871960022490e-01
-7.240597019524513955e-01
-6.595006905731193303e-01
-5.262771061336359857e-01
-3.371194265484527275e-01
-1.153707990027935670e-01
1.145587548758442153e-01
3.274259509531256551e-01
5.012485507114976535e-01
6.172627873731242332e-01
6.629410132807591616e-01
6.384120276764979618e-01
5.458608211146305234e-01
3.968658413334511526e-01
2.075293150298880285e-01
1.183046854293712258e-03
-2.007943649732653046e-01
-3.752084550615436553e-01
-5.035176553106923691e-01
-5.761036567743197390e-01
-5.850266807526738333e-01
-5.305700380798471505e-01
-4.190542629793766460e-01
-2.660685060278240588e-01
-8.667074954383913177e-02
9.822902338108407960e-02
2.681432877600631315e-01
4.056427571197191995e-01
4.967700654462579024e-01
5.329407897154714302e-01
5.105726321265646739e-01
4.362237877586534474e-01
3.171763451425071434e-01
1.678700451906223190e-01
4.781279526016701809e-03
-1.537218875468203683e-01
-2.913927349881819673e-01
-3.929834833512072523e-01
-4.479008405746423005e-01
-4.548422094326866061e-01
-4.131577475119794229e-01
-3.283119416257547218e-01
-2.098881612227350146e-01
-7.311160725425269735e-02
6.807537155360154912e-02
1.973579886177192488e-01
3.007214653919803027e-01
3.697785871297420979e-01
3.976436572435528838e-01
3.823521616224521136e-01
3.262037455802786479e-01
2.382853713677206553e-01
1.271257913486960600e-01
5.862753313308655123e-03
-1.117047433364627418e-01
-2.134188129845545623e-01
-2.892258079833476270e-01
-3.309622757171808427e-01
-3.343316096391079073e-01
-3.029403430336664593e-01
-2.400908777270757133e-01
-1.536474342346206834e-01
-5.380989309633277262e-02
4.768167659315580842e-02
1.404814418874995585e-01
2.138977253650553578e-01
2.603133845619749476e-01
2.784073634555537247e-01
2.666312518442086610e-01
2.267941692435759826e-01
1.642676012625210458e-01
8.836972387323460687e-02
6.546159360589776099e-03
-7.182691603044588646e-02
-1.378542847611897715e-01
-1.864922792620312686e-01
-2.131905363676984688e-01
-2.154516606179618377e-01
-1.938646629330690319e-01
-1.531043526236913754e-01
-9.699399258170349203e-02
-3.245848288846719942e-02
3.260801276510738589e-02
9.151830866800736430e-02
1.386603879261569805e-01
1.687149204177365025e-01
1.788795356843189133e-01
1.711725738718052892e-01
1.464577045067820826e-01
1.074411034436080215e-01
5.912340317830588887e-02
7.536270310589898713e-03
-4.220157260050882986e-02
-8.373129796388079082e-02
-1.126713238658884064e-01
-1.289027266463755872e-01
-1.310411942546138020e-01
-1.184382077634064112e-01
-9.329293790254811203e-02
-5.995443845902082014e-02
-2.143202452581105533e-02
1.750821106394018223e-02
5.200011481434940741e-02
7.963893964755297539e-02
9.804864058687190465e-02
1.045846990429115664e-01
9.895624805427849502e-02
8.401685814121906404e-02
6.102109499841934515e-02
3.280490373430011708e-02
3.608195539280156794e-03
-2.352478410203828751e-02
-4.623328119125158508e-02
-6.162265612118766889e-02
-6.840131257957404731e-02
-6.797537317200785800e-02
-6.030727457108286949e-02
-4.598552851625659077e-02
-2.766964250430015149e-02
-8.454248421250198930e-03
1.010332177436334966e-02
2.592515848193155392e-02
3.734225822128567351e-02
4.487368996457408166e-02
4.774914306627775495e-02
4.501614179938551175e-02
3.774423110872371367e-02
2.788517535674528425e-02
1.621442372560988332e-02
4.092220101086230244e-03
-6.822279275616849326e-03
-1.588731179259561532e-02
-2.227932834009360707e-02
-2.501128969364863064e-02
-2.423079617314605194e-02
-2.113819870827648995e-02
-1.591679438308812866e-02
-9.010890344863464740e-03
-1.624491017912732538e-03
5.348510714903831342e-03
1.132977514565425281e-02
1.561822222868958221e-02
1.795617073855226842e-02
1.883992912865894986e-02
1.814064663429881819e-02
1.575476312048440519e-02
1.228827099036289283e-02
8.455928341217333610e-03
4.545780943017607711e-03
8.925839009514824340e-04
-2.171885309417920240e-03
-4.690827643628159294e-03
-6.414382570278487350e-03
-6.912138618849428262e-03
-6.269387864959341528e-03
-4.900772738880010415e-03
-2.908131938457070298e-03
-5.437570457101914556e-04
1.824190017511551076e-03
4.043418189507930194e-03
5.901096334821387401e-03
7.078709301191921099e-03
7.481994203992536896e-03
7.242063963250666703e-03
6.389693837262289122e-03
5.127534657097365667e-03
3.784168313560209995e-03
2.640626632114395633e-03
1.790513223312251156e-03
1.258995003666329993e-03
1.071459598921187251e-03
1.107519589938155136e-03
1.372510327216414083e-03
1.849236776380935865e-03
2.364056118972390763e-03
2.744228457357777984e-03
2.967963789194838498e-03
3.066365649178282027e-03
3.061106092163923265e-03
3.038992061533463129e-03
2.990868303032856446e-03
2.929368618191707796e-03
2.867126808540287897e-03
2.816776675608201330e-03
2.790952020925274724e-03
2.802286646021778793e-03
