8.047921082919406999e-02
2.884087074786603200e-01
4.176783634029661574e-01
4.783131648902676503e-01
4.803380982287202006e-01
4.337781497064796543e-01
3.486583056117016355e-01
2.350035522325446546e-01
1.042469782250090571e-01
-3.710292666734660294e-02
-1.780478628814358144e-01
-3.001230524850193593e-01
-3.884387939424297498e-01
-4.366571872753309824e-01
-4.381212227251188862e-01
-3.922511359920535234e-01
-3.027913915812064927e-01
-1.808662543728155603e-01
-3.740601600367510216e-02
1.111049488430970733e-01
2.479463356220210635e-01
3.582247368311937130e-01
4.302163700112402456e-01
4.546497254484942463e-01
4.274505331056537294e-01
3.545907927611948729e-01
2.420990416276433965e-01
1.023764392029660186e-01
-4.937474274130615459e-02
-1.956105826493732547e-01
-3.211167450327777617e-01
-4.104164005967906315e-01
-4.529279048077172742e-01
-4.470577850531504138e-01
-3.920397817212284419e-01
-2.931399955235430843e-01
-1.606623193736058663e-01
-1.149057195726965741e-02
1.399411306336815208e-01
2.760408011849977417e-01
3.811029838964830052e-01
4.453279947286790108e-01
4.611032511881953955e-01
4.260767529847186985e-01
3.432277129835832330e-01
2.234664995898603124e-01
7.739023486472529356e-02
-7.801908113164723879e-02
-2.252792330047328484e-01
-3.483156332316543757e-01
-4.340304450661698343e-01
-4.717665148302758737e-01
-4.563265207787348121e-01
-3.929293033962173443e-01
-2.867654149694905952e-01
-1.487972017589410667e-01
6.498883758447426828e-03
1.607850042327212403e-01
2.979352117949836121e-01
4.009816973370643467e-01
4.579552687787626919e-01
4.658187033764680240e-01
4.223218901598226882e-01
3.313263543241691256e-01
2.020201607941438660e-01
5.080378964770027039e-02
-1.078349679928253257e-01
-2.555328668629982536e-01
-3.750695648682026428e-01
-4.540780176135371660e-01
-4.836006510010480985e-01
-4.598259106810427266e-01
-3.840757342206144731e-01
-2.667059841896364247e-01
-1.180855297322201958e-01
4.396873293289260687e-02
2.009312302076782242e-01
3.354740360574777203e-01
4.332664904064809086e-01
4.822159111904305018e-01
4.758258462595976734e-01
4.184736062361320563e-01
3.148384562301176359e-01
1.756714312177316550e-01
1.571775847827217021e-02
-1.454173926414169538e-01
-2.909087838761303946e-01
-4.030496113293101645e-01
-4.689877258261224702e-01
-4.849915328852013596e-01
-4.478665779226755905e-01
-3.607359223327288866e-01
-2.325073225893986573e-01
-7.958284800158099692e-02
8.346707054585467134e-02
2.377316044312736132e-01
3.651561488395944632e-01
4.521594794900227754e-01
4.890053118553518985e-01
4.715987855426964082e-01
4.007223469515543979e-01
2.860968437322843894e-01
1.377783866877371199e-01
-2.677645770655434632e-02
-1.891354177788878710e-01
-3.311554745267502042e-01
-4.376591102425371194e-01
-4.952970569205505935e-01
-4.965070181035704522e-01
-4.449074162801519572e-01
-3.444316900885233679e-01
-2.052913261472225637e-01
-4.186102901075028360e-02
1.261824081521343288e-01
2.812777552641776424e-01
4.042658417660482950e-01
4.809658282132442952e-01
5.059915781773975940e-01
4.751873113921980529e-01
3.910996962091637386e-01
2.620871364009595972e-01
1.048120802435548171e-01
-6.584463821207364731e-02
-2.302310559935858425e-01
-3.692175132498115575e-01
-4.678097800677951668e-01
-5.150525340606209035e-01
-5.052987072640560129e-01
-4.382137053351268241e-01
-3.232679388748053162e-01
-1.704534625057809727e-01
1.766138626341007267e-03
1.738748459282828396e-01
3.266449469966716812e-01
4.438274206187777793e-01
5.110359764656229320e-01
5.197439269319301669e-01
4.726326597023837728e-01
3.731170784762853909e-01
2.315487872523005475e-01
6.273650085567261669e-02
-1.126165404888912480e-01
-2.763249172691928379e-01
-4.085009777941978060e-01
-4.941893864183136698e-01
-5.274219628088692158e-01
-5.030972711562418098e-01
-4.229687847808470957e-01
-2.950514261286439899e-01
-1.357820284696532598e-01
3.980340334807475067e-02
2.112753542686525154e-01
3.588944179813644553e-01
4.667898016662481719e-01
5.230595950175462860e-01
5.214022417983066315e-01
4.608551066891177772e-01
3.502867728200724784e-01
1.992360151343350871e-01
2.537791085876572872e-02
-1.521319479713544309e-01
-3.133472603909057685e-01
-4.412013812719500772e-01
-5.200270262912075614e-01
-5.401311303294684674e-01
-5.030976850596560190e-01
-4.112384641037740707e-01
-2.739214543406942592e-01
-1.051696135978862356e-01
7.468510182708398837e-02
2.471691744993527173e-01
3.914025574347372860e-01
4.911155837242342503e-01
5.382696325039471041e-01
5.265309678427043671e-01
4.565462116560641270e-01
3.350665340845266904e-01
1.779359921920808940e-01
-1.716764670385284575e-04
-1.787967066065201394e-01
-3.376521055916695824e-01
-4.595962621171818530e-01
-5.314200028091986550e-01
-5.445438753339091331e-01
-4.961595798024072135e-01
-3.944256250911819528e-01
-2.481646637632469732e-01
-7.463366451833675086e-02
1.069607467875814955e-01
2.760368649633233584e-01
4.148376222346608078e-01
5.067039061651679166e-01
5.407148966060848494e-01
5.168331326766804068e-01
4.361751546927539192e-01
3.072660078111413284e-01
1.435970126703234317e-01
-3.443442458207623957e-02
-2.088930084716463798e-01
-3.593293807423519892e-01
-4.688945132053804477e-01
-5.285097735583301759e-01
-5.308514251435656472e-01
-4.752753369517157545e-01
-3.672221544939620053e-01
-2.210414573702067509e-01
-5.033719767389799316e-02
1.251113740526923479e-01
2.855525321474767786e-01
4.137491742894690017e-01
4.960606955880784152e-01
5.230793830546107692e-01
4.909628599724684683e-01
4.066016110226782221e-01
2.773750398973835463e-01
1.179290550910638835e-01
-5.446054186682780518e-02
-2.198681538605641306e-01
-3.609524134959307684e-01
-4.606512705385833462e-01
-5.073435439022948579e-01
-4.997683911514488875e-01
-4.375839942124337689e-01
-3.273081547350835674e-01
-1.804570805984588855e-01
-1.548914826025038494e-02
1.510925168121768358e-01
2.996786028870441765e-01
4.133090695178769369e-01
4.815973836466977964e-01
4.967522218916942123e-01
4.571762137195423126e-01
3.666567471800645794e-01
2.378411595104661380e-01
8.266801738985063430e-02
-8.080521525468986610e-02
-2.339896075232336115e-01
-3.602751165707982484e-01
-4.463625281422546331e-01
-4.819980261762314422e-01
-4.624098505416436300e-01
-3.935753398091201838e-01
-2.816345867561471650e-01
-1.397759338424097164e-01
1.607364507155017996e-02
1.675940751001452345e-01
2.988569424167597521e-01
3.940377086334976298e-01
4.422222695202688847e-01
4.419050603147209877e-01
3.923138951823059717e-01
2.989337164058871732e-01
1.721222407583284930e-01
2.875173999404645464e-02
-1.168498873948862204e-01
-2.476189566918504115e-01
-3.484473763687414571e-01
-4.104933361862984631e-01
-4.268004802626556016e-01
-3.956782823890555578e-01
-3.204269759748024082e-01
-2.119518430033967560e-01
-8.047852879713501828e-02
5.806365857958839527e-02
1.874603533639456199e-01
2.936393967359696155e-01
3.653646333910625099e-01
3.944086390096133155e-01
3.772181225515840453e-01
3.192205150195717156e-01
2.256532549205985116e-01
1.075759169144030469e-01
-2.148574491373145268e-02
-1.460697067702190211e-01
-2.528486528938235223e-01
-3.283718866189795360e-01
-3.637987937637067182e-01
-3.591390152845803652e-01
-3.142389002248008323e-01
-2.338581557334621364e-01
-1.270595932219141799e-01
-8.142154226906672676e-03
1.106336311551303631e-01
2.146059927455992167e-01
2.913054575270492830e-01
3.342340248234134670e-01
3.384478279890918984e-01
3.034770075772859066e-01
2.331715383150927412e-01
1.380972310119894519e-01
2.742979734301864703e-02
-8.520128206620658506e-02
-1.858736496038110309e-01
-2.634526493005907577e-01
-3.094855300912718876e-01
-3.182685796195994232e-01
-2.882414424355618232e-01
-2.255013564072984034e-01
-1.357445943106047048e-01
-3.083855408363456174e-02
7.603819253610644147e-02
1.720857144024046104e-01
2.466659507551443031e-01
2.898398939797488527e-01
2.959855754755253976e-01
2.678771034482931857e-01
2.077797047080915949e-01
1.223403610579607559e-01
2.169675213131494473e-02
-8.033671251179241857e-02
-1.725908460384369958e-01
-2.428232457305565806e-01
-2.821941474024473040e-01
-2.892502946758798155e-01
-2.622448921962254875e-01
-2.034558664043588649e-01
-1.195916637952121331e-01
-2.259526205981066127e-02
7.774013218485897880e-02
1.685984776753948200e-01
2.379814150471590839e-01
2.783128747616401277e-01
2.845503095403547622e-01
2.556129764826124973e-01
1.940585147659348308e-01
1.088681070084625002e-01
8.036832408562455399e-03
-9.551180373453738159e-02
-1.885546633825683216e-01
-2.599426920040565081e-01
-3.011614883091997541e-01
-3.061648991757128790e-01
-2.731236668204192197e-01
-2.077661013295069026e-01
-1.154541202866420369e-01
-7.153738218226735057e-03
1.043622922188864877e-01
2.052559138408609485e-01
2.840062520023671766e-01
3.291286103326280799e-01
3.339301024960619202e-01
3.005905286165377888e-01
2.309918352451538759e-01
1.317041322904304312e-01
1.325703468300942767e-02
-1.090109815833870677e-01
-2.220671306934802747e-01
-3.109181151969956369e-01
-3.639683701065685728e-01
-3.765807385900730164e-01
-3.456101792665376982e-01
-2.731152665577292193e-01
-1.659146320322545387e-01
-3.797851631109627757e-02
9.854267786743564628e-02
2.271479723471712120e-01
3.318273459107712320e-01
4.002818032140909033e-01
4.238969796410601010e-01
3.984688742057906907e-01
3.246682200476422864e-01
2.119622381510106734e-01
6.993188007403428053e-02
-8.414748743418287713e-02
-2.323135406308050044e-01
-3.573101615880300841e-01
-4.450025294955751720e-01
-4.831535932638848507e-01
-4.653536802446495146e-01
-3.961602702019367817e-01
-2.806296507029496512e-01
-1.303319714188309053e-01
3.915951765627978531e-02
2.069552121542297396e-01
3.552041836239079320e-01
4.650384826607518729e-01
5.229585942634518148e-01
5.250437056300976124e-01
4.684699203260684897e-01
3.576616566523493912e-01
2.031698226388025663e-01
2.399978485024489849e-02
-1.627868808456489624e-01
-3.353401356678750167e-01
-4.732324332175879000e-01
-5.609143882204424836e-01
-5.875587954728445084e-01
-5.492484212210620997e-01
-4.477942323965639071e-01
-2.956391092304583301e-01
-1.059375081942657282e-01
9.944375995227483500e-02
2.979402606387282493e-01
4.670021211269177464e-01
5.879705417961167413e-01
6.450861912059209224e-01
6.296370301172682371e-01
5.462368737038290067e-01
4.008764781393370225e-01
2.081765464609368621e-01
-1.272226742917514919e-02
-2.358635436731928436e-01
-4.379742092560033884e-01
-5.943078051626627945e-01
-6.864182236174820595e-01
-7.065448650502261785e-01
-6.497629019198261080e-01
-5.208473761421388293e-01
-3.315673700401259305e-01
-1.048781651354443456e-01
1.378277500268350053e-01
3.689178435243432030e-01
5.621767802857295937e-01
6.962365495564859508e-01
7.555068245395752946e-01
7.324864711531542394e-01
6.268568559596643386e-01
4.518767174104172391e-01
2.225480992092034871e-01
-3.444043177710687242e-02
-2.913363858881661272e-01
-5.194414840677041845e-01
-6.943365812601842713e-01
-7.949243224251505424e-01
-8.080831965115059523e-01
-7.355726426991926470e-01
-5.819752451012637495e-01
-3.632673373611973178e-01
-1.010523555012526886e-01
1.737875445206109593e-01
4.331762243736163587e-01
6.465488264405416796e-01
7.900026712472478785e-01
8.509434807034756965e-01
8.201328608781277563e-01
6.997943506091188759e-01
5.006222053318560850e-01
2.467290172426097605e-01
-3.814329728732113178e-02
-3.215882371281165719e-01
-5.725389726963300285e-01
-7.636063198639465588e-01
-8.735463926706181770e-01
-8.897110827949228362e-01
-8.077628749925730434e-01
-6.394894669906616702e-01
-3.992135594430173962e-01
-1.138001825523273780e-01
1.872326118110592130e-01
4.699864193517524491e-01
7.047826118275906104e-01
8.641789197826177382e-01
9.292165695825285177e-01
8.964785606036296262e-01
7.664006463481574105e-01
5.527099202543435119e-01
2.759920469871173232e-01
-3.125698156457212828e-02
-3.384619342192226599e-01
-6.104074432737902622e-01
-8.171175565273804953e-01
-9.381982421274892570e-01
-9.588794849471967696e-01
-8.768039910303201401e-01
-6.983650010182029799e-01
-4.458275290697362170e-01
-1.424512390621081037e-01
1.774459744046779086e-01
4.796458025569458883e-01
7.310980346665327811e-01
9.047854631847700446e-01
9.803782671116636482e-01
9.470711104747862041e-01
8.132130074512089468e-01
5.901130317998550812e-01
3.024447937756264970e-01
-2.048788568778514563e-02
-3.415731218642901190e-01
-6.275160566725523914e-01
-8.454888045777535499e-01
-9.708029790960897021e-01
-9.935013589099672693e-01
-9.086361612170305024e-01
-7.259032980918430633e-01
-4.630991601792928680e-01
-1.523991409817945231e-01
1.762075727609542231e-01
4.861741303947646475e-01
7.434377070610993510e-01
9.213023766621153410e-01
1.000000000000000000e+00
9.718153098840558446e-01
8.377266836138981265e-01
6.153521333362297341e-01
3.248290422224855423e-01
-3.159547659941086550e-04
-3.257290147273222969e-01
-6.158152274793502468e-01
-8.401313692483247664e-01
-9.734812879354981519e-01
-1.000000000000000000e+00
-9.219074101167947788e-01
-7.449695716768383047e-01
-4.888043669930685065e-01
-1.790006155819531264e-01
1.484325304848690408e-01
4.599636998885465733e-01
7.197851892372675309e-01
8.995833301140379046e-01
9.838838221041292798e-01
9.618643198761689384e-01
8.365058802496199153e-01
6.196202917979201086e-01
3.384409202036700037e-01
1.986693313512133408e-02
-3.001498276977280222e-01
-5.869254101020648928e-01
-8.099989943852403673e-01
-9.455273870916497403e-01
-9.792182148879223780e-01
-9.056268196656128699e-01
-7.370849810592551288e-01
-4.887438600626633489e-01
-1.897380800840094972e-01
1.282728651105720097e-01
4.297886498282221801e-01
6.835379833444203967e-01
8.611502542080566869e-01
9.426718732994683325e-01
9.242531910513671622e-01
8.060528694056041665e-01
6.020557260486647522e-01
3.330688578031342217e-01
3.175184844466971690e-02
-2.715782259952278510e-01
-5.424585952320071236e-01
-7.515516102765618101e-01
-8.797779811382657744e-01
-9.125515464909914609e-01
-8.473929580941967910e-01
-6.903887293435979622e-01
-4.623785065797163529e-01
-1.849824813947269497e-01
1.097868220813353890e-01
3.901362133066639259e-01
6.260868497689469070e-01
7.929396578663956419e-01
8.727469076230081058e-01
8.559444902269892630e-01
7.502067772316802774e-01
5.652236652686857266e-01
3.217403426580727199e-01
4.493083799217711949e-02
-2.332133758485356312e-01
-4.839672384856245069e-01
-6.790717417807936584e-01
-7.973655252892272172e-01
-8.310357204288874033e-01
-7.754937195820427176e-01
-6.379227878283734166e-01
-4.325384868282532436e-01
-1.852988756113852498e-01
7.958652446629788102e-02
3.325282410902050678e-01
5.456268637879402306e-01
6.973661277497313904e-01
7.718991981239917699e-01
7.626332803897051260e-01
6.698088185631503322e-01
5.073706364466528118e-01
2.906088312170620469e-01
4.560259425778667719e-02
-2.006989980310748267e-01
-4.216892246274076550e-01
-5.946189293671788612e-01
-7.007084399694962773e-01
-7.282455468815711708e-01
-6.798115520058711780e-01
-5.597506736058441845e-01
-3.820668610275304022e-01
-1.656842605309021277e-01
6.326246560318216083e-02
2.812849625469822090e-01
4.635997651564638389e-01
5.908893849674923260e-01
6.544230074985573076e-01
6.470399299598055265e-01
5.704383297349671089e-01
4.331587654200186321e-01
2.537406470308585238e-01
4.962101383677275379e-02
-1.558537197064010504e-01
-3.399043308641768180e-01
-4.838374707664991892e-01
-5.730428046982321000e-01
-5.991639180591348257e-01
-5.594770491770627574e-01
-4.623508661780162399e-01
-3.169496048283683143e-01
-1.407211803609356160e-01
4.687862701169365209e-02
2.250355498140925725e-01
3.755414058951593859e-01
4.814663978261335409e-01
5.314395521651797960e-01
5.252461728843205169e-01
4.633113843173179980e-01
3.529073858800433339e-01
2.060909725394683978e-01
4.122998561503754544e-02
-1.249150716681745044e-01
-2.729763765577397638e-01
-3.869739727299948973e-01
-4.582345671639491691e-01
-4.794228502507874579e-01
-4.490242148257193033e-01
-3.709341271031673104e-01
-2.570439656843684917e-01
-1.181962561887798246e-01
2.950944597950666548e-02
1.692727571826622146e-01
2.867236376243333940e-01
3.702502157894500545e-01
4.108958428346780600e-01
4.044035039143960564e-01
3.559037169087706509e-01
2.701784200462371555e-01
1.577533672965734102e-01
3.177525751614695970e-02
-9.319377148554519597e-02
-2.044347182444251620e-01
-2.890885479332742092e-01
-3.382525903451270022e-01
-3.510195418282475721e-01
-3.262134222816950313e-01
-2.668565554105229998e-01
-1.803385705654719784e-01
-7.885038500326035926e-02
2.765050896780674172e-02
1.269023220701763766e-01
2.078041970582724662e-01
2.644378411766372672e-01
2.913523242989122242e-01
2.859978012030015559e-01
2.498537902357564899e-01
1.894432050442109716e-01
1.103032065333753309e-01
2.210778126341872429e-02
-6.452388785815921235e-02
-1.407956030194484898e-01
-1.994153269758535130e-01
-2.338421640151189251e-01
-2.408293313321635543e-01
-2.233897283687723556e-01
-1.832670568246826948e-01
-1.249117539864241788e-01
-5.551043792846177549e-02
1.653862645013526311e-02
8.397691818714014822e-02
1.381882556371181181e-01
1.734721449754967892e-01
1.898842478659312771e-01
1.858961142722179716e-01
1.613344718844287318e-01
1.197497982598982880e-01
6.761007634489901719e-02
9.708069622960779910e-03
-4.695349025566886159e-02
-9.556261521155995364e-02
-1.326897595466971502e-01
-1.550335360831731624e-01
-1.594839753985546338e-01
-1.460515829896452678e-01
-1.188640843207375841e-01
-8.024749021723098785e-02
-3.497993099246032855e-02
1.062240486700560815e-02
5.191656998912175247e-02
8.521032011351237223e-02
1.064276741058722831e-01
1.137338161951737536e-01
1.091425910969552326e-01
9.303600993333938085e-02
6.708953850896182125e-02
3.548776248910856523e-02
2.770257887406479824e-03
-2.823495314071577944e-02
-5.362093795558320330e-02
-7.063407128867227325e-02
-8.013254082069665163e-02
-8.116069484748988927e-02
-7.277700879496373787e-02
-5.685186541721409803e-02
-3.654127354681468987e-02
-1.353241490314616158e-02
9.319413904599782583e-03
2.906809555932232669e-02
4.471619097818813060e-02
5.482285968918509944e-02
5.766438342504276449e-02
5.362659456104790223e-02
4.501997318398553993e-02
3.239606723143051425e-02
1.688300665458086769e-02
8.682805232471668688e-04
-1.395483888968085395e-02
-2.636315037911474146e-02
-3.475214448968722003e-02
-3.856434964393096188e-02
-3.887563437924279608e-02
-3.554706748349012457e-02
-2.859635488752343413e-02
-1.942517838816781861e-02
-9.591177080698343183e-03
1.349854389054438997e-04
8.690140043705385509e-03
1.519817856483141050e-02
1.979616178597898291e-02
2.202877128271030216e-02
2.131770577164937563e-02
1.815196456017598159e-02
1.358437010225155284e-02
7.938009091583930754e-03
1.707624286559461524e-03
-4.305069613675605034e-03
-9.711576426461698830e-03
-1.401125379051404440e-02
-1.635756531226650878e-02
-1.658584394404860607e-02
-1.527950311449410847e-02
-1.253802707233964142e-02
-8.842525546144508475e-03
-4.981774022502105659e-03
-1.422630766234056487e-03
1.513552594853084798e-03
3.486361195048859329e-03
4.332501261032462025e-03
4.208089255399727335e-03
3.141588647776805132e-03
1.396062196172387360e-03
-4.736405856695657945e-04
-1.882999886861802530e-03
-2.735805652759215612e-03
-3.123221355292749024e-03
-3.066475693806913760e-03
-2.870223872258326203e-03
-2.510629831307897852e-03
-1.906624176015281336e-03
-1.282106910189151350e-03
-8.198009081289425737e-04
-5.484698299768053786e-04
-4.711701011832492014e-04
-5.541395518071645654e-04
-6.605156821284374757e-04
-8.055570427797364985e-04
-1.030568145875210284e-03
-1.266646119760128641e-03
-1.469365172559466970e-03
-1.627584875726451052e-03
-1.729944923763770959e-03
-1.788336172963256310e-03
-1.842211069325250250e-03
-1.884908335256341161e-03
-1.920744500561122337e-03
-1.954036095044187071e-03
-1.989099648510239682e-03
-2.030251690763540395e-03
-2.081808751609126595e-03
