-1.707814091226854680e-01
4.900339750613502687e-01
8.652796804521007967e-01
1.000000000000000000e+00
9.392392266554796532e-01
7.280416533689735292e-01
4.114515730909138469e-01
3.451327877173260283e-02
-3.160408954196665121e-01
-6.260866474936697124e-01
-8.534472410125300001e-01
-9.567419668943724087e-01
-9.153490169855236225e-01
-7.459814299937368443e-01
-4.690267368526894742e-01
-1.418941209728361574e-01
1.843697915773965246e-01
4.546572683102900747e-01
6.263470505133743593e-01
6.742490864467227674e-01
5.886845437565169092e-01
3.955063162795968701e-01
1.198722527066093946e-01
-1.848287526446459328e-01
-4.699703994486539305e-01
-6.894365738964363111e-01
-8.097318542026412658e-01
-8.164558890550817072e-01
-7.070730154564965897e-01
-5.104370087581242554e-01
-2.525768265009874503e-01
1.886538527994074954e-02
2.606126076088892685e-01
4.357562156258518726e-01
5.181462433167052239e-01
4.996738714824726646e-01
3.820427196068976183e-01
1.938497140119741502e-01
-4.006026488756775361e-02
-2.777537188000446244e-01
-4.811011473310388142e-01
-6.201234386184895087e-01
-6.742110482921718217e-01
-6.392826456738672780e-01
-5.197756294060290605e-01
-3.436500766898180625e-01
-1.344714947425587059e-01
7.025774789369787499e-02
2.366243703580377389e-01
3.402707384480796460e-01
3.653594940648443590e-01
3.117732948235261148e-01
1.868275914938284377e-01
1.887955911482186444e-02
-1.690300343453120524e-01
-3.429171356998774733e-01
-4.726609542178938916e-01
-5.397498732249118580e-01
-5.335326455340110297e-01
-4.590087382880547739e-01
-3.272197234417065781e-01
-1.678125348023558061e-01
-3.721099905345193193e-03
1.349097613273955165e-01
2.222537197856351288e-01
2.469277805482934518e-01
2.044914444650958174e-01
1.062707927021755427e-01
-3.229886813791793543e-02
-1.804860974368082127e-01
-3.158880327830416723e-01
-4.142425642163638511e-01
-4.553899312292138957e-01
-4.345314288378929746e-01
-3.534291266562437084e-01
-2.315753829761996174e-01
-8.924960174159934922e-02
4.375377372858868519e-02
1.468546126737355628e-01
2.039903528856787940e-01
2.021194945260431641e-01
1.418682085137157323e-01
3.018157672198840125e-02
-1.068838620691147101e-01
-2.458984926100258317e-01
-3.602292055525662118e-01
-4.313314104272029104e-01
-4.473428782361601463e-01
-4.019111097432498392e-01
-3.057540415282354873e-01
-1.709190604778056954e-01
-2.572089546688027806e-02
1.049015911865482931e-01
1.987494679555139587e-01
2.394084207702722455e-01
2.188706100681006017e-01
1.377843192437175901e-01
1.480811986065111441e-02
-1.345584032945434938e-01
-2.815867043219045796e-01
-4.002837229566194033e-01
-4.712804459345357744e-01
-4.825672804782114023e-01
-4.331207657730747895e-01
-3.285398000328482171e-01
-1.915957937728405280e-01
-4.013238399868501727e-02
9.842686757234719863e-02
1.994059352575983102e-01
2.477813267129880259e-01
2.353997480472054260e-01
1.657535057708132697e-01
4.785048852099094141e-02
-9.388803125645506231e-02
-2.409329616805807595e-01
-3.679431601821596676e-01
-4.522341422603202155e-01
-4.824882497875764287e-01
-4.535565858800169048e-01
-3.717087544275938793e-01
-2.479654189992034352e-01
-1.071117000177219669e-01
3.240033188549440446e-02
1.471635123042571713e-01
2.163430727195729819e-01
2.314610225331126259e-01
1.897023060728029176e-01
9.940179305860730175e-02
-2.691247481639624795e-02
-1.641625571986311538e-01
-2.939984670185967763e-01
-3.945682184248747726e-01
-4.467179384159968292e-01
-4.447314935983367468e-01
-3.882348437546346842e-01
-2.881966131186057822e-01
-1.590497575702011224e-01
-2.656412234378291437e-02
9.090326126794434636e-02
1.738791516192002007e-01
2.055411552200863134e-01
1.825341969454565838e-01
1.071272435048191696e-01
-4.902643671448214668e-03
-1.362053620637140305e-01
-2.610076696989496181e-01
-3.614767975358553764e-01
-4.221062440885202660e-01
-4.297129766010133745e-01
-3.835183345192261228e-01
-2.886593676270583497e-01
-1.666877755934771388e-01
-3.786186771581079302e-02
7.403030144326061546e-02
1.523058124475902275e-01
1.851110034144642924e-01
1.644986955469636136e-01
9.599422602140417204e-02
-1.200486538530431968e-02
-1.356289366240081007e-01
-2.533685050957887874e-01
-3.448716468919753586e-01
-3.955725799693716738e-01
-3.973516295213416205e-01
-3.485375078713702779e-01
-2.622724111765877275e-01
-1.494832280287827775e-01
-3.308432642119141232e-02
6.571571619255478502e-02
1.309200002865962276e-01
1.520222174511365321e-01
1.262939496034594100e-01
5.711860526168432983e-02
-3.830411764465535551e-02
-1.475697801049533631e-01
-2.499966494674017436e-01
-3.264066200822876018e-01
-3.658745936172629332e-01
-3.624175293437477130e-01
-3.181359500804832319e-01
-2.396916397879221838e-01
-1.451496875741795645e-01
-4.691052970287512558e-02
3.755671763774426353e-02
9.209360578645919837e-02
1.104892474334160379e-01
9.046782825107868575e-02
3.707647057510921051e-02
-4.125943677821619637e-02
-1.274124173641433266e-01
-2.102780046147948445e-01
-2.765395781623256610e-01
-3.133429671549248230e-01
-3.168442708981393796e-01
-2.868844786492291687e-01
-2.309837911748759964e-01
-1.585708134495235067e-01
-8.446237353711971707e-02
-1.780483634001606141e-02
3.169546156129410264e-02
5.414408670152504044e-02
4.748047356759044213e-02
1.289661649719842096e-02
-4.101449301517867685e-02
-1.047870961104084842e-01
-1.662781440544177647e-01
-2.178029992760109890e-01
-2.516779264486576073e-01
-2.611573873049466421e-01
-2.466941968958856757e-01
-2.099989884263996354e-01
-1.595027530804297156e-01
-1.046257688780403150e-01
-5.533094480980671470e-02
-1.779768306266349409e-02
2.106087737802742055e-03
2.030783495623467161e-04
-2.112811648398760234e-02
-5.974717060117085143e-02
-1.074425822618924053e-01
-1.549300515115122900e-01
-1.938695119337960904e-01
-2.192773473832354547e-01
-2.271523707202975917e-01
-2.155230945953965360e-01
-1.880484056104231305e-01
-1.471828263883555588e-01
-1.002265178137042856e-01
-5.602350988448068225e-02
-2.256478114617477271e-02
-4.544451158030704541e-03
-6.412179857721356235e-03
-2.948764726578279038e-02
-6.838465262570658787e-02
-1.196481532422785099e-01
-1.731183034063569215e-01
-2.181439115872821910e-01
-2.474315984806784163e-01
-2.560494733918139421e-01
-2.401363261440521146e-01
-1.998531540571054643e-01
-1.425550670884404569e-01
-7.436605447362676369e-02
-9.310456661042132431e-03
3.925888985717507218e-02
6.227603759970712360e-02
5.492241184076895877e-02
1.623951683031399362e-02
-5.009463659430435367e-02
-1.305269971549245511e-01
-2.155350411051287773e-01
-2.887767064650588189e-01
-3.347031732390843839e-01
-3.449424445970187270e-01
-3.160666560733599306e-01
-2.511993031516248642e-01
-1.582446778119612762e-01
-5.620289463695027354e-02
4.161166572902663674e-02
1.167852727518290390e-01
1.529082496653588752e-01
1.442622225023117988e-01
9.037274082458024438e-02
3.749275862618972610e-05
-1.142762291251060436e-01
-2.295033382158928603e-01
-3.297522726404585880e-01
-3.977866247835033509e-01
-4.186906449860913204e-01
-3.892972251003048445e-01
-3.122234958326081111e-01
-2.032885010584352115e-01
-7.932781629432161807e-02
3.595692403266759207e-02
1.265520437741189941e-01
1.790794014674566004e-01
1.820617334413285882e-01
1.351681511860824969e-01
4.363937634717007796e-02
-7.189365707625983148e-02
-1.924650753074680365e-01
-2.972903502653992946e-01
-3.716017741250160489e-01
-4.049975803795524687e-01
-3.908571090737328335e-01
-3.340531599536907814e-01
-2.411251946194002960e-01
-1.320690462281972621e-01
-2.540820871685212090e-02
6.229169607923568108e-02
1.186697301551231654e-01
1.357296486650600986e-01
1.111912312893190702e-01
5.402608647430029443e-02
-2.938404104990932630e-02
-1.225640935929978026e-01
-2.090105401962375486e-01
-2.763862906639744654e-01
-3.156966749334851885e-01
-3.216856823775680052e-01
-2.945254289930154812e-01
-2.439662659323938998e-01
-1.755964356026080697e-01
-1.023981376953707612e-01
-3.810686610212188352e-02
8.817923842883823582e-03
3.259699685254768831e-02
3.033236076995549091e-02
3.586120915935575582e-03
-3.839459062101946429e-02
-9.087054503557923102e-02
-1.436874620241942457e-01
-1.857649861061144714e-01
-2.119881904884692858e-01
-2.194418523192264159e-01
-2.076423344800261139e-01
-1.796589520042314314e-01
-1.446028119407768431e-01
-1.066858891015255439e-01
-7.315543053119011319e-02
-5.246437310213558636e-02
-4.775743450287839309e-02
-5.951431855385214131e-02
-8.387402219469342057e-02
-1.152113411489920081e-01
-1.444055768306042875e-01
-1.675194487634991125e-01
-1.806619512794395144e-01
-1.784951776648607824e-01
-1.599667560138599010e-01
-1.271266715253880353e-01
-8.804830802595142725e-02
-5.081968080539156496e-02
-2.486065446007923452e-02
-1.480789578568353360e-02
-2.407429739769273436e-02
-5.489555301172643897e-02
-1.026746735854348058e-01
-1.619933801134616491e-01
-2.187664316313731039e-01
-2.607736483446660980e-01
-2.794912020952273757e-01
-2.699106762453038488e-01
-2.306427903577723537e-01
-1.643080172665818406e-01
-8.306325895206556620e-02
2.476404935130682716e-03
7.332140320379232357e-02
1.134040302158703106e-01
1.137320691429724029e-01
7.090028908668677410e-02
-1.030942843347537607e-02
-1.202118634671316411e-01
-2.362246999503020417e-01
-3.421622486297595245e-01
-4.164885714915994575e-01
-4.411088620109095970e-01
-4.109368714660575073e-01
-3.271904738311783856e-01
-2.037325840699936164e-01
-5.786434669592965818e-02
8.046490743880307939e-02
1.903150245153870657e-01
2.518536239549882261e-01
2.492845482727368278e-01
1.810854807409472134e-01
5.377506140391030698e-02
-1.049183744811692520e-01
-2.689404499682155336e-01
-4.061401845223262530e-01
-4.946726760711752657e-01
-5.201483250516625301e-01
-4.728184193918475442e-01
-3.618011327158048296e-01
-2.017598796259465477e-01
-2.807743808677121145e-02
1.292270670640587316e-01
2.416318834079909106e-01
2.893873026959283834e-01
2.654386861564770328e-01
1.714157269348151047e-01
3.122584507334513759e-02
-1.348971971713385232e-01
-2.924392335611689653e-01
-4.118786362311197546e-01
-4.739542588327751993e-01
-4.679260111228360497e-01
-3.995015457735316966e-01
-2.800594457804920223e-01
-1.393569702150022627e-01
7.839324159875094011e-04
1.143385777486147781e-01
1.795195013410586515e-01
1.878144240156225386e-01
1.379059599730700914e-01
4.724818197092450767e-02
-6.671926400196714901e-02
-1.787749181763981232e-01
-2.721519327076564743e-01
-3.339714954864810847e-01
-3.531477439191743617e-01
-3.300803929086311150e-01
-2.692729110545665216e-01
-1.900060653855143444e-01
-1.081774140771766257e-01
-3.742146099734777742e-02
1.304085864585213805e-02
3.888379837733446642e-02
3.793090050160863314e-02
1.552362516489247390e-02
-2.526583602990073452e-02
-7.669608298082564168e-02
-1.303099356008923237e-01
-1.790946876554467826e-01
-2.179799624281660853e-01
-2.434990165973939247e-01
-2.544724804602819246e-01
-2.546618627557015735e-01
-2.419959970610071620e-01
-2.104765036860715144e-01
-1.615813130950526366e-01
-1.010902291974613565e-01
-3.460964939693755849e-02
2.508787137951240531e-02
6.836953073587936913e-02
8.805902705749169002e-02
7.728789992545759269e-02
3.144341761291769011e-02
-4.783815817047820662e-02
-1.489652664178704455e-01
-2.598210773326520284e-01
-3.563935278773323612e-01
-4.181155328004921845e-01
-4.297888050033144003e-01
-3.844866365063286384e-01
-2.868238476185133168e-01
-1.469498421239150421e-01
7.594454403038186641e-03
1.537784715290415605e-01
2.599157559962448349e-01
3.014489482227575845e-01
2.692496971405846651e-01
1.631339161414826489e-01
2.816346958806059675e-03
-1.880434907259739274e-01
-3.684226133231235378e-01
-5.088465321913324679e-01
-5.833763487399565850e-01
-5.731289561377698183e-01
-4.789387932562170214e-01
-3.112342538079920784e-01
-1.083670132042334755e-01
9.499602531606021749e-02
2.572468614008178722e-01
3.506596061066538095e-01
3.606928102701281169e-01
2.799172623083008293e-01
1.281752462987717500e-01
-7.141879739030587704e-02
-2.728581001650490778e-01
-4.392869223828873571e-01
-5.409258048485576786e-01
-5.580715189030184264e-01
-4.912923469714933766e-01
-3.504764772664318295e-01
-1.725836354161538466e-01
1.288746272929830461e-02
1.653317230840130048e-01
2.529421823765862776e-01
2.623664762927506722e-01
1.904339793875753362e-01
5.924349639164194770e-02
-1.073983542333719621e-01
-2.676931887746654137e-01
-3.926348533440381372e-01
-4.583415244333518546e-01
-4.477725669046012102e-01
-3.662216579124663030e-01
-2.260145026918035649e-01
-6.618399245809669651e-02
8.075888829749744424e-02
1.810204547770393191e-01
2.141159358175255267e-01
1.760339358950377964e-01
6.782901380075179176e-02
-8.447088493289411915e-02
-2.553629042444259811e-01
-4.028449537630743871e-01
-4.952859347363450793e-01
-5.141786617323049757e-01
-4.509946496002318339e-01
-3.195727758446231803e-01
-1.392699801671988258e-01
4.860804627275916445e-02
2.136114265998498851e-01
3.232919482973233283e-01
3.529679502813050096e-01
2.966543579451845769e-01
1.584136238204714164e-01
-2.966974117680731826e-02
-2.370951929165888705e-01
-4.231049560193357317e-01
-5.588315960154224271e-01
-6.230410460846659282e-01
-6.008423347739026976e-01
-4.981187789736998273e-01
-3.271355489960490193e-01
-1.239413134018726437e-01
7.983463612166263879e-02
2.510982027543082751e-01
3.647534301220198838e-01
4.047680317172044351e-01
3.641461125290825773e-01
2.557194249612952941e-01
9.130359084117256607e-02
-1.000360428616196007e-01
-2.902026698435212770e-01
-4.530808549104665683e-01
-5.676395397577997937e-01
-6.173489475047959640e-01
-5.946379363382339189e-01
-5.098759414224665054e-01
-3.706824462538303999e-01
-1.951659699593875086e-01
-5.870029055652259409e-03
1.703223568658938092e-01
3.111959347803883169e-01
3.931425391298994931e-01
4.020203395132175839e-01
3.414705563987090464e-01
2.141057599270872469e-01
3.380564552447240523e-02
-1.772965404195440131e-01
-3.847893329272988883e-01
-5.614766365367369616e-01
-6.767388445463313751e-01
-7.080494969964019614e-01
-6.520945796945354367e-01
-5.115914470314302243e-01
-3.081257369734041740e-01
-6.901543877622562384e-02
1.620397714239538711e-01
3.520320329224775335e-01
4.696054050830684723e-01
4.908112018598960180e-01
4.128761305452419705e-01
2.433007232775168394e-01
1.776722528840024573e-02
-2.286250342501551236e-01
-4.494225683670308724e-01
-6.108517126633268290e-01
-6.891643486365345295e-01
-6.680801581323287941e-01
-5.559965162249638215e-01
-3.686138439464468064e-01
-1.486271008353705625e-01
6.665721465009344371e-02
2.377953487353374751e-01
3.368063001620438257e-01
3.510208313610443387e-01
2.775185568524636270e-01
1.414967959628516958e-01
-3.478342825245628323e-02
-2.107483777400837033e-01
-3.527893623110509580e-01
-4.382109948532311172e-01
-4.526676139786416364e-01
-4.008664664443714054e-01
-2.937423266526815180e-01
-1.635195839223950731e-01
-3.393934249368057987e-02
6.720629326818383653e-02
1.178438996165143138e-01
1.097628430636494734e-01
4.358674213877411496e-02
-5.514090146352901289e-02
-1.641324544469699998e-01
-2.543106502010382686e-01
-3.074896730414895529e-01
-3.135233159338984832e-01
-2.659711417958589008e-01
-1.771715644283894386e-01
-6.219584414483492196e-02
4.637682134423770641e-02
1.237386796443089576e-01
1.515408035612157978e-01
1.196835600973322755e-01
3.331990186634348206e-02
-9.591194790698154282e-02
-2.365744048332482086e-01
-3.657913806047710104e-01
-4.546263089576819683e-01
-4.806168727860915535e-01
-4.370845849080330359e-01
-3.260930319957895396e-01
-1.714834420785997793e-01
2.070967977705118201e-03
1.570439723772318885e-01
2.675707897956138837e-01
3.136143921172447335e-01
2.810853376697630690e-01
1.748601447548134846e-01
7.204358025237889152e-03
-1.855527306659244813e-01
-3.713723553566474767e-01
-5.144395370741070561e-01
-5.903650776513871268e-01
-5.863639925377859274e-01
-4.975821108394447023e-01
-3.434389597536119387e-01
-1.443837295514169838e-01
5.909204652994159979e-02
2.325940374784467579e-01
3.469940107061644241e-01
3.818446018389605179e-01
3.317071346511775154e-01
2.011007709980110469e-01
1.856195648052150204e-02
-1.913956857457355110e-01
-3.893017870456617624e-01
-5.410193419445737950e-01
-6.224275934187735171e-01
-6.192702387749600135e-01
-5.343521891060902806e-01
-3.776866907274594176e-01
-1.810963781248933202e-01
2.957812696957518028e-02
2.180972723581429129e-01
3.526933593561536462e-01
4.138798182763714362e-01
3.908068104225650430e-01
2.886213332396780906e-01
1.191932888393594236e-01
-8.598023452835212854e-02
-3.011670047345494927e-01
-4.913252511502661513e-01
-6.252607515745423061e-01
-6.835166269656380855e-01
-6.551385650942047612e-01
-5.442978771938338234e-01
-3.626090016391277926e-01
-1.416693872341610039e-01
9.180277785620205577e-02
3.001600386140215182e-01
4.495973418537344557e-01
5.168872929164178842e-01
4.884855031556620819e-01
3.670289921331051364e-01
1.641148969705845673e-01
-8.562715996360015236e-02
-3.519352454549337095e-01
-5.909300199383497043e-01
-7.637001954964285355e-01
-8.421328548134315861e-01
-8.097950736584760278e-01
-6.699160722339465579e-01
-4.360230904960407106e-01
-1.490232305046867989e-01
1.550222628849635687e-01
4.246713795919017098e-01
6.154607415782336055e-01
6.961885170464898742e-01
6.493060837567075083e-01
4.819147804647081479e-01
2.118003760596525176e-01
-1.121338811128262947e-01
-4.473402405007971261e-01
-7.363227803020053752e-01
-9.307795825424172165e-01
-1.000000000000000000e+00
-9.281114815161863874e-01
-7.288049013313975255e-01
-4.256606650085797972e-01
-7.509802905081197633e-02
2.749643240035264391e-01
5.644847346815335953e-01
7.444040995790279780e-01
7.884575258211972137e-01
6.852344536373122796e-01
4.564331586971963617e-01
1.318099028067465373e-01
-2.269576187457800209e-01
-5.690101842460421055e-01
-8.361638720293155247e-01
-9.822319807634867228e-01
-9.889499308727706106e-01
-8.517412400302089015e-01
-6.006675145222772905e-01
-2.711613201093868719e-01
7.312869978032443541e-02
3.815856885301345258e-01
6.028216304558269290e-01
6.973824901447940317e-01
6.573521065694194476e-01
4.865712517738698395e-01
2.237811012722732418e-01
-9.078570067304170266e-02
-3.959154166146306997e-01
-6.450778795483305128e-01
-7.999574439611466525e-01
-8.321709235714400688e-01
-7.429240410437143449e-01
-5.439193152017189892e-01
-2.833885359447159136e-01
-5.068062578311050004e-03
2.384162356226056101e-01
4.085300941730103386e-01
4.814723997369494413e-01
4.425852278425312925e-01
3.081868787976582702e-01
9.900921754907998640e-02
-1.355965637291182135e-01
-3.537664625829748388e-01
-5.158288914410376069e-01
-5.934708595531756892e-01
-5.778651107504000350e-01
-4.712710324995348365e-01
-3.063356411023995252e-01
-1.096321212055336725e-01
7.495117917890103953e-02
2.107377311240050677e-01
2.747171727986310596e-01
2.543764040805023274e-01
1.603827018519203840e-01
9.077766571325751599e-03
-1.599953023523756901e-01
-3.178078150411056679e-01
-4.325513401137656144e-01
-4.792504234209025160e-01
-4.503510565593620285e-01
-3.477043622417893554e-01
-2.010631513355822797e-01
-3.792693210538811144e-02
1.049504616461802708e-01
2.026872788277767068e-01
2.392953552503915837e-01
2.040572887039222572e-01
1.067738944309393201e-01
-3.833797230662838729e-02
-1.962772113638677762e-01
-3.381926627349851611e-01
-4.371900282298055718e-01
-4.752464524381048161e-01
-4.475755988171556954e-01
-3.575004269381881761e-01
-2.301918209673085025e-01
-8.481192150268535013e-02
4.816763563851877983e-02
1.433746630468901717e-01
1.878965958665377300e-01
1.747297546208954611e-01
1.112652498218642538e-01
9.097091847651617158e-03
-1.061992898109046513e-01
-2.166231703403342923e-01
-3.030980556681466265e-01
-3.493933745676569558e-01
-3.497547650252312845e-01
-3.047169620676560831e-01
-2.318979790129689356e-01
-1.466861685862547171e-01
-5.121152654332250531e-02
3.237962382842418663e-02
9.240158690271993436e-02
1.171686670532996466e-01
9.499516865389789899e-02
1.419539607824904515e-02
-1.369163462999128944e-01
