-2.625642740349893867e-01
4.711722947750052182e-01
8.736973168365733677e-01
1.000000000000000000e+00
9.050695521155700529e-01
6.438951810335682424e-01
2.714660946042799505e-01
-1.572284993220025573e-01
-5.191195563130086565e-01
-8.078768142128889274e-01
-9.790707313973889825e-01
-1.000000000000000000e+00
-8.633639291034274077e-01
-6.089607290998015898e-01
-2.768760372203257214e-01
5.665368138655191288e-02
3.318300517431860275e-01
5.014784754548140544e-01
5.357888882048822410e-01
4.400637861884744151e-01
2.301676234724454595e-01
-3.888508603434159827e-02
-3.239274392856628104e-01
-5.685022308436924465e-01
-7.278276722438554724e-01
-7.826964464735634008e-01
-7.252804621056276879e-01
-5.783655103661378138e-01
-3.676427463281428665e-01
-1.416845178122821958e-01
6.442115877613807662e-02
2.175949732092115063e-01
2.909015273403148250e-01
2.788602222678238096e-01
1.838723165173228313e-01
3.525086516331632502e-02
-1.401913316604943560e-01
-3.080532607273227530e-01
-4.442720775188218063e-01
-5.312879379274286773e-01
-5.539481160360530954e-01
-5.135432169721834139e-01
-4.162820222621791411e-01
-2.883763300444257549e-01
-1.527560941129264549e-01
-3.293453762388742767e-02
5.294329196525193737e-02
9.294014625668789442e-02
8.131635423320160427e-02
2.681530677757693049e-02
-6.389954207186276935e-02
-1.704894808889262370e-01
-2.726525973628564081e-01
-3.525340450373843915e-01
-3.974937173584995875e-01
-4.005521316691861289e-01
-3.617296267715293112e-01
-2.963419771207965736e-01
-2.140404594744385047e-01
-1.342802964571151447e-01
-7.520452643735620057e-02
-4.552085529948379783e-02
-5.029313749775687903e-02
-8.645515771115663828e-02
-1.462621028726761585e-01
-2.111705424167851231e-01
-2.696571655585068283e-01
-3.093325487218010483e-01
-3.189128350750034535e-01
-2.949889702492503041e-01
-2.406660973607988030e-01
-1.752652540780463841e-01
-1.148392555154990058e-01
-7.504054743088139912e-02
-6.314397990004516625e-02
-7.927965742158005202e-02
-1.239679814783083422e-01
-1.869948453861030035e-01
-2.567355389141315891e-01
-3.129396486948022860e-01
-3.410319137803344836e-01
-3.343403168417899973e-01
-2.912733135805417595e-01
-2.224731126492026645e-01
-1.409896574820916904e-01
-6.779477613261430946e-02
-1.484626807828848261e-02
8.652945255572586092e-03
-5.506244918257685583e-03
-5.639991695410073724e-02
-1.377869859513508599e-01
-2.290911722637238856e-01
-3.126959598752657721e-01
-3.715982004411777506e-01
-3.963684029949084975e-01
-3.834997264802244565e-01
-3.322646532420806542e-01
-2.543848556185384080e-01
-1.605928870105524098e-01
-7.165662320212173864e-02
-4.685530830622730569e-03
3.086794849745722047e-02
2.863552330840302140e-02
-1.182631892756780267e-02
-8.511902892593126158e-02
-1.746873960208275012e-01
-2.693355356482955987e-01
-3.511289779369882735e-01
-4.035040916705002756e-01
-4.192832326971909218e-01
-3.958916257525123550e-01
-3.374593769838123425e-01
-2.521020707441254949e-01
-1.582564997841316989e-01
-6.779381990092658850e-02
3.168844452773988962e-03
3.919702794710433480e-02
3.586432793249305639e-02
-6.878129764324003581e-03
-8.133465519393467957e-02
-1.763257723961747514e-01
-2.715519586612531455e-01
-3.540298266135684102e-01
-4.097946248835860894e-01
-4.255852737139739217e-01
-3.985496575570673938e-01
-3.314422310400227945e-01
-2.395358186848584037e-01
-1.386048311615185602e-01
-4.913543494715255644e-02
1.613874732623576946e-02
4.789116420453587430e-02
3.761439490364781868e-02
-1.328288660422793921e-02
-9.840421627175433006e-02
-1.965645947066351207e-01
-2.894277095608223105e-01
-3.605259606584395593e-01
-3.992582080891506902e-01
-4.005875591065373165e-01
-3.631640155197392028e-01
-2.973082508382979272e-01
-2.120845529077547420e-01
-1.267761980024504354e-01
-5.835675043385057936e-02
-1.682428814059799826e-02
-8.321630915957056729e-03
-3.293171744648459853e-02
-8.561559072748081700e-02
-1.511051015751406768e-01
-2.206899792955626660e-01
-2.814490493210681787e-01
-3.203371597536273097e-01
-3.319608677889568371e-01
-3.149526246681692010e-01
-2.757262133048790087e-01
-2.225150429339158853e-01
-1.683098535234467397e-01
-1.197362199752888268e-01
-8.388504426143206238e-02
-6.902111266781529864e-02
-7.691993580450529056e-02
-1.061859339252673173e-01
-1.480002317648777543e-01
-1.936302603879562767e-01
-2.338856332301455510e-01
-2.639147075892283034e-01
-2.798352893192127544e-01
-2.780777270496932463e-01
-2.605694760498914464e-01
-2.292504385115169407e-01
-1.911267178029725233e-01
-1.542543030525070913e-01
-1.257921053942615552e-01
-1.094145928582740401e-01
-1.086530161515392168e-01
-1.248218644982638237e-01
-1.530754165205664430e-01
-1.906933086103018704e-01
-2.283137372848482727e-01
-2.565051959712078000e-01
-2.714069547371978919e-01
-2.709290231511239933e-01
-2.539447053092082074e-01
-2.222295737607536958e-01
-1.833366422745181801e-01
-1.423131351347877160e-01
-1.087693203442804402e-01
-9.199654418800140565e-02
-9.588257735683491934e-02
-1.202988130356592578e-01
-1.586220825356987607e-01
-2.029568779571072623e-01
-2.416839812588063019e-01
-2.695280733636158388e-01
-2.822655576996917492e-01
-2.740925223764905105e-01
-2.444823637371181801e-01
-1.974965133636702452e-01
-1.477424357304627511e-01
-1.071826577582559725e-01
-8.459907811322930904e-02
-8.371802791229621121e-02
-1.039068430029873591e-01
-1.436414573648898685e-01
-1.937276635295466232e-01
-2.462682566281871877e-01
-2.879958282890178189e-01
-3.079285832359167641e-01
-3.015386320187494196e-01
-2.685565593140647467e-01
-2.178919761432458468e-01
-1.599618808908886969e-01
-1.100318964190055704e-01
-7.589232515868493678e-02
-6.265069934236267013e-02
-7.608388434075830098e-02
-1.154579292695367965e-01
-1.754934070158279402e-01
-2.395052697647271911e-01
-2.935831104181620965e-01
-3.258930240578616910e-01
-3.306642222386834140e-01
-3.071842213951738731e-01
-2.569151423958947467e-01
-1.918345505699814435e-01
-1.217698680753883655e-01
-6.359752317399058885e-02
-3.083826801892008973e-02
-2.835836586289264272e-02
-5.804143974763742442e-02
-1.138951189122534569e-01
-1.863319301097360325e-01
-2.581401726896925819e-01
-3.187401618141889603e-01
-3.569021584815980086e-01
-3.623182183265036826e-01
-3.324647850705183538e-01
-2.706297158620870613e-01
-1.935311413400041536e-01
-1.159934297482625443e-01
-5.383187067769601430e-02
-1.616396095294536650e-02
-8.482083609970048066e-03
-3.515433942756418517e-02
-9.110708628354668992e-02
-1.690377728219107922e-01
-2.501100524730489605e-01
-3.183260211525781314e-01
-3.618440736276219427e-01
-3.731694575187479712e-01
-3.496066402222732794e-01
-2.935743685734441000e-01
-2.187269777181666264e-01
-1.344352143765306096e-01
-5.833694531698907504e-02
-6.924260562382378303e-03
1.129152135365396603e-02
-7.620460377856241863e-03
-6.094925501810199986e-02
-1.411263218120160090e-01
-2.294311917843558923e-01
-3.138566320996738490e-01
-3.776906148288187159e-01
-4.055557883966709465e-01
-3.929143483004043924e-01
-3.403327094373447270e-01
-2.588808391753809612e-01
-1.621039693000193571e-01
-7.214933439537851712e-02
-2.711324943019621792e-03
3.507774596427148950e-02
3.077160550692559227e-02
-1.675768966049273612e-02
-1.021667004628405984e-01
-2.036480723443223617e-01
-3.017164399750789094e-01
-3.751707875699927808e-01
-4.114207768651957364e-01
-4.045709630646918686e-01
-3.515875098179958025e-01
-2.649239352791189495e-01
-1.580626357202231658e-01
-5.812087355467243643e-02
1.349410436175513262e-02
4.400774768546211746e-02
2.573169441417655356e-02
-3.731997307319290247e-02
-1.348551713932425455e-01
-2.411047281894588279e-01
-3.380503965388630405e-01
-4.048549431952539468e-01
-4.244239022018448937e-01
-3.906931489917081501e-01
-3.065640693272895234e-01
-1.974542140823011271e-01
-8.585341576486504866e-02
1.498314878462636557e-03
4.853292337986059302e-02
4.741511914299323394e-02
-6.722541974964801881e-03
-1.010532741510551391e-01
-2.197844479490469460e-01
-3.305999719889737287e-01
-4.088952622753718735e-01
-4.386996666842939430e-01
-4.116220828941142829e-01
-3.347059736082770298e-01
-2.210935104661695405e-01
-1.019791514642260921e-01
1.699886735310629504e-03
6.803047974871878623e-02
7.936665231076078797e-02
3.130945338310309189e-02
-7.155344227975513061e-02
-2.010470374892705525e-01
-3.318372102084629072e-01
-4.329919505579290506e-01
-4.858482482171513350e-01
-4.810985753158857348e-01
-4.136675122522285308e-01
-2.993738576077390467e-01
-1.563859833180475389e-01
-2.081837108114581447e-02
7.963206608082273874e-02
1.262264221700908351e-01
1.076266968683354808e-01
2.824048853105121104e-02
-1.000555920444859970e-01
-2.453096543174417832e-01
-3.839927769245923272e-01
-4.866610726847053758e-01
-5.299254856145816373e-01
-5.053482958555318705e-01
-4.139160643510086945e-01
-2.793172207534598828e-01
-1.248784945482757092e-01
1.551225352647533917e-02
1.192953383677479717e-01
1.691696151812460691e-01
1.519649003419221156e-01
7.177082998071293574e-02
-6.102581132967477284e-02
-2.141569676810577416e-01
-3.601984347742374082e-01
-4.717045292098562825e-01
-5.300807976888664008e-01
-5.264010166806023516e-01
-4.583294921055607318e-01
-3.426734107349527214e-01
-1.949501827890747219e-01
-4.657623897415752445e-02
7.516167687140939968e-02
1.495759151343547533e-01
1.632011425266541860e-01
1.141384363051918260e-01
8.344017644162704528e-03
-1.292160460522754351e-01
-2.799476498044612960e-01
-4.142755830859784494e-01
-5.059368891535216406e-01
-5.401686471658716515e-01
-5.096122468713171205e-01
-4.208208397390386102e-01
-2.863737352962265614e-01
-1.365036996353427012e-01
6.814153908928144432e-03
1.155674249832536749e-01
1.662096570569302489e-01
1.518451910584237563e-01
7.265524246952526077e-02
-5.410926173393593164e-02
-2.081148953726622564e-01
-3.551559067147458393e-01
-4.718666620625384667e-01
-5.388080109399986384e-01
-5.400952930128235518e-01
-4.753521941049241306e-01
-3.522834668562261351e-01
-2.015906747477357319e-01
-5.077422426481448259e-02
6.871386186536043716e-02
1.369242763087850090e-01
1.440736623595568755e-01
8.449001533855282631e-02
-2.645187271698423714e-02
-1.710655665446814133e-01
-3.136584327626092961e-01
-4.260775855057634676e-01
-4.886409667274520530e-01
-4.886139527867591204e-01
-4.285737320937886841e-01
-3.185145243229595691e-01
-1.883113243720080376e-01
-5.985744477431598209e-02
3.923351817201115033e-02
8.657408948930966908e-02
7.316371300912205555e-02
-5.856608104044536134e-04
-1.106409554227695269e-01
-2.345903416673431607e-01
-3.417189705226798546e-01
-4.126580144365600278e-01
-4.352432720380502440e-01
-4.008827316048960698e-01
-3.193072132940539820e-01
-2.042571797932268840e-01
-8.870730273959137602e-02
1.690246749680435201e-03
4.758201803592077006e-02
3.837700720634051876e-02
-2.104970957244511887e-02
-1.208838864935002366e-01
-2.327162374707753001e-01
-3.360607512759195004e-01
-4.072093549680615432e-01
-4.276555299883709749e-01
-3.910302762657923425e-01
-2.999685218203118620e-01
-1.813450574009690675e-01
-5.977372405006853295e-02
3.326538196516759527e-02
7.898089377956085677e-02
6.771928410126060172e-02
-5.479207434956223643e-03
-1.235007168611012007e-01
-2.670413673881035788e-01
-3.978767188959205781e-01
-4.870075479333116908e-01
-5.154354975040507103e-01
-4.727547847430678685e-01
-3.673072605621975351e-01
-2.149430646372064713e-01
-5.365677928430456767e-02
8.867519200663998014e-02
1.807656592769437687e-01
1.990332549004216744e-01
1.370700543545282368e-01
6.512180616335960792e-05
-1.760727602561323879e-01
-3.589998434658114856e-01
-5.080223543517601303e-01
-5.964803169165809882e-01
-6.088392003002756070e-01
-5.361943836975811006e-01
-3.950483573105384449e-01
-2.064854596119155561e-01
-1.557372149838454067e-02
1.416812105132971844e-01
2.354315646251763372e-01
2.467426060517012854e-01
1.755898291199344818e-01
3.173804688042580757e-02
-1.484924277334059850e-01
-3.374383706455553744e-01
-4.955909785764442965e-01
-5.908613918320599900e-01
-6.090757581873185167e-01
-5.454744932617865416e-01
-4.168534281360819493e-01
-2.440670233286813540e-01
-6.678964066486792195e-02
8.711067570119235270e-02
1.906542954748788876e-01
2.222213591390891363e-01
1.779473612071442723e-01
6.245329041090919020e-02
-9.407802470641679626e-02
-2.639934551786959904e-01
-4.128204065142729862e-01
-5.173944578700204744e-01
-5.629857940284306306e-01
-5.383884147933341024e-01
-4.505895395441585904e-01
-3.117898982328379809e-01
-1.550290195057221210e-01
-8.472663139371450214e-03
9.995462649021069623e-02
1.505948367407072830e-01
1.343288162492566329e-01
5.118737058243083560e-02
-7.579396390869630462e-02
-2.283162802481266684e-01
-3.723794805557488763e-01
-4.786092448629588603e-01
-5.280673999885654446e-01
-5.094701919300119730e-01
-4.272431188052842055e-01
-2.933562012226336169e-01
-1.410925022252779160e-01
4.489818047236138199e-03
1.114096727739146697e-01
1.542194691054741273e-01
1.244392552269550922e-01
2.358631537759081631e-02
-1.219531656445764778e-01
-2.857553214742369896e-01
-4.280245962076939525e-01
-5.222361822797969566e-01
-5.491710012201819202e-01
-4.958653661799018453e-01
-3.730917842608149071e-01
-1.985235474495367081e-01
-1.676438926840839727e-02
1.356119772894663900e-01
2.241390544171422139e-01
2.284615585343943156e-01
1.484142585116978719e-01
-8.608833719059294509e-03
-2.056413441623988758e-01
-4.099613676313313970e-01
-5.728394436895209996e-01
-6.575375231145217381e-01
-6.471754084832916920e-01
-5.372775224559485086e-01
-3.531858370286652393e-01
-1.247820173049507542e-01
9.286078680376785854e-02
2.605441725636705730e-01
3.441967837889239323e-01
3.202219267008197257e-01
1.935102419702785514e-01
-1.995811608785125202e-02
-2.672924021920547455e-01
-5.026122517591424810e-01
-6.735278103386874715e-01
-7.469341108539785390e-01
-7.117086233831848574e-01
-5.657317078828971724e-01
-3.447482091718881980e-01
-8.540631079808291837e-02
1.497822111599860229e-01
3.135642977066577242e-01
3.756409878684567882e-01
3.196354947891824061e-01
1.623514675417410125e-01
-7.092588140102984440e-02
-3.217694853004126054e-01
-5.458138082773458244e-01
-6.960089364129248279e-01
-7.383963456779617518e-01
-6.673630761818430956e-01
-4.911844890931813534e-01
-2.603977325190212078e-01
-1.946237968212538583e-02
1.757874256856151174e-01
2.885258289675629584e-01
3.006334536539116975e-01
2.034017064103328387e-01
2.476289906856754541e-02
-2.043426001292947269e-01
-4.242762212291769641e-01
-5.894411470878456738e-01
-6.662967647374432589e-01
-6.361366133973098691e-01
-5.110017773649924155e-01
-3.113346536526105934e-01
-9.025903984687355663e-02
1.128339375238829323e-01
2.541005415998316419e-01
3.008543080074883580e-01
2.438995532415106915e-01
8.765001520043735894e-02
-1.242175304488040144e-01
-3.521891027722738876e-01
-5.435506048472905638e-01
-6.628682957416180965e-01
-6.885857741841501234e-01
-6.085467586269466267e-01
-4.429412216158389315e-01
-2.166807136490845886e-01
1.582630588307920583e-02
2.109789125666521326e-01
3.302072165905498569e-01
3.483975228944433677e-01
2.637718616685369444e-01
8.658782453676283630e-02
-1.389634387661206061e-01
-3.778660371880926405e-01
-5.792531622070314912e-01
-7.026586797174187993e-01
-7.282012205537442551e-01
-6.479394878542563685e-01
-4.825138548710954378e-01
-2.576753428621197939e-01
-2.441541762704102503e-02
1.793609770595370190e-01
3.160383222041889262e-01
3.568896815397508693e-01
2.959123343579015408e-01
1.388630619966166879e-01
-7.343965977744715268e-02
-3.040280360429029605e-01
-5.059958815238450036e-01
-6.465980824365038515e-01
-7.045391970290174610e-01
-6.655209629731079213e-01
-5.421868209836755437e-01
-3.528153979835526588e-01
-1.427721071709810996e-01
5.025790849783851044e-02
1.915478138867006130e-01
2.565458408950658242e-01
2.376286994452068146e-01
1.378824509024905165e-01
-1.262414651473031668e-02
-1.907642872635629816e-01
-3.585459387457539115e-01
-4.835613394628464068e-01
-5.473957641289431963e-01
-5.402621638343854116e-01
-4.708978648106895148e-01
-3.530510358418915695e-01
-2.185740347127562710e-01
-8.910502567150702102e-02
1.261853237568333341e-02
6.704827333911711484e-02
6.749319173413370621e-02
1.439715870118019048e-02
-7.108878255532413704e-02
-1.701048950926418168e-01
-2.599199635387898777e-01
-3.268061434088107564e-01
-3.628523277663122659e-01
-3.605186461742128090e-01
-3.232728031520595291e-01
-2.575779570221384818e-01
-1.828257787925569033e-01
-1.145679923677055401e-01
-6.541736448146895366e-02
-4.394370135277170242e-02
-5.428309500276329302e-02
-9.498815974735119738e-02
-1.518457832260559082e-01
-2.168259348853995849e-01
-2.737265995575810518e-01
-3.077324387962653285e-01
-3.135582227350397488e-01
-2.887424374663102311e-01
-2.373667263629329893e-01
-1.679209923526219228e-01
-9.964425610488647500e-02
-4.457011290176382534e-02
-1.663850688435020153e-02
-2.808374439654315324e-02
-8.117905163387428846e-02
-1.708017527727275775e-01
-2.733640260528215071e-01
-3.677763484630141022e-01
-4.290071466570609671e-01
-4.429242237445466523e-01
-4.043102697166588433e-01
-3.108152059715727500e-01
-1.795968987599459998e-01
-3.140677318941476059e-02
9.450321850666631995e-02
1.681276218878926532e-01
1.696460587276946708e-01
9.066414646981257874e-02
-5.427837653356215597e-02
-2.442404719134345648e-01
-4.328211681417701850e-01
-5.850146999411428572e-01
-6.645696722106557708e-01
-6.459432135743581327e-01
-5.276208474939467763e-01
-3.215237508235628816e-01
-7.807472523350988958e-02
1.571669601390566218e-01
3.276719858135377361e-01
3.971016545213625903e-01
3.498394354044931376e-01
1.822469538003244072e-01
-6.743780692556633483e-02
-3.584819922839234119e-01
-6.193984987152245658e-01
-7.959449617635010465e-01
-8.511501583739052856e-01
-7.659932864980633083e-01
-5.611801760722250343e-01
-2.680114528829494747e-01
4.200975381444549406e-02
3.135709078066537536e-01
4.880110696485380206e-01
5.244994810118339679e-01
4.175888694217175789e-01
1.789924961253934743e-01
-1.282256277043777315e-01
-4.479833855426409439e-01
-7.090401447080284525e-01
-8.633433048836745005e-01
-8.857878889805645972e-01
-7.647050071140284455e-01
-5.336196224693277035e-01
-2.301543885888909236e-01
7.271573602619829657e-02
3.179646451594348999e-01
4.593318735450009349e-01
4.685847368611877339e-01
3.516517768178075709e-01
1.258571947628788212e-01
-1.517423248644819145e-01
-4.364344673872281311e-01
-6.695774122223533409e-01
-8.057798774251523355e-01
-8.261539823037225005e-01
-7.247695143438468435e-01
-5.289647222413976779e-01
-2.694738352872085851e-01
-3.134527606498682673e-03
2.282627543944799609e-01
3.837750145716358752e-01
4.321147265367124568e-01
3.696497530547209198e-01
2.024843417743669161e-01
-3.122893844935636931e-02
-2.944977436714067975e-01
-5.350621689758685573e-01
-7.150516313949528691e-01
-8.054181366631404382e-01
-7.845633053973515292e-01
-6.568757217833964823e-01
-4.362502005078052747e-01
-1.698557631797058542e-01
9.923172882306241505e-02
3.190685554138377178e-01
4.515266419438279666e-01
4.719385677616929620e-01
3.685767869553686626e-01
1.650987499649627654e-01
-1.119340140232165659e-01
-4.035041108661384657e-01
-6.581487838956233682e-01
-8.274442916738520282e-01
-8.776614885506426322e-01
-8.000317042594907724e-01
-6.013964585608482238e-01
-3.293128039263416573e-01
-2.564836378562374009e-02
2.442653501325167120e-01
4.274970372770221516e-01
4.912560549422473333e-01
4.202105132983620095e-01
2.363065075515553559e-01
-3.113644425671469040e-02
-3.183598079456450014e-01
-5.767755848518485440e-01
-7.570360913293432414e-01
-8.224530529886062702e-01
-7.660708332312595736e-01
-5.949132855919188057e-01
-3.587591060678543275e-01
-1.019899224751591449e-01
1.201149978224003156e-01
2.700642230023413415e-01
3.278664379210654012e-01
2.818993905113520437e-01
1.532549519149233319e-01
-3.407026902639787025e-02
-2.302825682973524968e-01
-3.970248061309556986e-01
-5.357264381524644570e-01
-6.252166488596535565e-01
-6.478769255545249184e-01
-5.860887555390825732e-01
-4.222336261153292192e-01
-1.386930245852679988e-01
2.821515617490963912e-01
