-2.551364966284722646e-01
-3.699686032548487047e-01
-4.193772424224281314e-01
-4.136100709465763137e-01
-3.629147456426592422e-01
-2.775389233260425748e-01
-1.677302608120921912e-01
-4.373641491617430432e-02
7.879304033476741687e-02
1.935862690035941025e-01
2.912546879270383471e-01
3.587784772951607692e-01
3.867484732731507613e-01
3.746307594379481021e-01
3.223345064357427958e-01
2.354348122073062211e-01
1.220867010600836799e-01
-4.420749738294427189e-03
-1.320033820423843762e-01
-2.460195484234762864e-01
-3.336286989262716718e-01
-3.868162023020318419e-01
-3.994528175565305039e-01
-3.693783633719343040e-01
-2.989608534208119117e-01
-1.972767009010506500e-01
-7.287061199317079740e-02
6.053337433904593112e-02
1.882920035952522220e-01
2.969466533409990117e-01
3.754287653989918372e-01
4.137963424459505379e-01
4.068724274579285094e-01
3.586242875062746194e-01
2.728237893014333615e-01
1.577819144480645530e-01
2.528068086913992651e-02
-1.095350350747654744e-01
-2.333293594516432368e-01
-3.316207975604749114e-01
-3.937478331991003389e-01
-4.160228263210483668e-01
-3.952566691730787785e-01
-3.328944141564150749e-01
-2.353205401421409881e-01
-1.149139088886645954e-01
1.775174657926625876e-02
1.486007992986422277e-01
2.633355111675854676e-01
3.507657111445869891e-01
4.021055956087535854e-01
4.114494522748979310e-01
3.772785477262960985e-01
3.056025110339886108e-01
2.023771974938466389e-01
7.843336548848212075e-02
-5.328253882578282141e-02
-1.786370948013540350e-01
-2.853038932874071287e-01
-3.608203718546956207e-01
-3.968830380888234144e-01
-3.930046955379119522e-01
-3.488016034738423699e-01
-2.680490845172028846e-01
-1.588014845511753759e-01
-3.396612252398811815e-02
9.482717481388469594e-02
2.131505139378271352e-01
3.083811616579361647e-01
3.726174501442054421e-01
3.991780079322264640e-01
3.846450407170709518e-01
3.302449290168671947e-01
2.436152112224450050e-01
1.318722163049699247e-01
7.399412248451531227e-03
-1.162392800292476602e-01
-2.267133861386108062e-01
-3.135102352634664413e-01
-3.668402636584212617e-01
-3.810053490905027651e-01
-3.580283129700500000e-01
-2.996122326470654906e-01
-2.109572659561773644e-01
-1.011062379761852315e-01
1.732829266383428823e-02
1.332320312588664013e-01
2.335733322532302925e-01
3.082983256722680032e-01
3.531900334255295704e-01
3.634291370993094628e-01
3.371456346748602506e-01
2.773143135049400687e-01
1.916510839792966436e-01
8.702239030192782110e-02
-2.570635538461307767e-02
-1.347096034630288486e-01
-2.297118061651594045e-01
-3.020402787863261107e-01
-3.435828811863732568e-01
-3.500397607906731157e-01
-3.242234998335851159e-01
-2.680662236197985937e-01
-1.857986912538247548e-01
-8.528602995203093950e-02
2.281433047512071433e-02
1.287359502811915579e-01
2.207700727944650332e-01
2.900335343535658250e-01
3.327010309991738080e-01
3.443590458040768354e-01
3.224232980621302147e-01
2.690158733992937812e-01
1.911188459665662531e-01
9.465065581711051834e-02
-1.073770759723791102e-02
-1.140590320843610783e-01
-2.057828024263242961e-01
-2.778047747450099747e-01
-3.220970419451065769e-01
-3.341063937728996347e-01
-3.155284370890913959e-01
-2.674237162541460711e-01
-1.929912158378748188e-01
-9.927647280356732828e-02
3.681844930817801398e-03
1.071060662471174929e-01
2.000929849253261228e-01
2.738031261079041379e-01
3.237606775456474129e-01
3.447291587870691121e-01
3.326311249341835641e-01
2.882920540919209351e-01
2.176254614549220090e-01
1.256360345230862485e-01
2.027620625364945361e-02
-8.839059807967164506e-02
-1.899197054047123689e-01
-2.752421797131615611e-01
-3.344878204265926414e-01
-3.612948858417119880e-01
-3.553710103218027383e-01
-3.160799818228303693e-01
-2.451661436538997707e-01
-1.486887242597977332e-01
-3.667058590119298689e-02
8.169264519400298852e-02
1.940580323136982255e-01
2.891775978876200970e-01
3.589047865085182032e-01
3.959421739324493483e-01
3.940473477546464487e-01
3.520626262559569675e-01
2.759933303753427936e-01
1.712177526912870285e-01
4.706020183387149558e-02
-8.443611976481557591e-02
-2.098487892117474329e-01
-3.174329246772535917e-01
-3.945617276550135166e-01
-4.325741030050436198e-01
-4.294395402797318573e-01
-3.837103955028553504e-01
-2.979662759004408912e-01
-1.797150783158302234e-01
-4.190972711870610823e-02
1.039489536588096286e-01
2.427130772881214149e-01
3.600331325610544031e-01
4.449454063495605904e-01
4.882060978047622068e-01
4.830894391793061349e-01
4.284479150998778962e-01
3.312927330663448799e-01
1.987726849041340227e-01
4.314383377712260881e-02
-1.207143760461665272e-01
-2.756223992422489610e-01
-4.065248588548887598e-01
-4.979583089442821686e-01
-5.393658922816564338e-01
-5.284673932680608033e-01
-4.641379120805264602e-01
-3.508519173405080238e-01
-1.984176653304053906e-01
-2.347126865828441655e-02
1.584226427084636235e-01
3.275034904054894280e-01
4.657915456502084162e-01
5.595801171460941248e-01
5.981919965080266799e-01
5.756314637381512167e-01
4.920367934495568640e-01
3.572065184193844445e-01
1.817291023946669970e-01
-1.588310366814937868e-02
-2.154705092807660538e-01
-3.959667302835381264e-01
-5.392179745813427960e-01
-6.283506439769461771e-01
-6.524782463570518720e-01
-6.112371252432977631e-01
-5.062142753092879754e-01
-3.467540656288183865e-01
-1.475453230744681044e-01
6.918536581922074546e-02
2.829315885904848393e-01
4.697898803183873095e-01
6.099468150062137273e-01
6.907365955154751713e-01
7.019630277078328096e-01
6.407507778968992707e-01
5.114711214739167122e-01
3.288684758464557323e-01
1.083647269793706069e-01
-1.263408774903741483e-01
-3.510636846705202929e-01
-5.420566127636701204e-01
-6.795439412422109582e-01
-7.472645951197285363e-01
-7.360256941241062334e-01
-6.498037907817464376e-01
-4.946448641981215921e-01
-2.855499907286896955e-01
-4.226994135182493562e-02
2.083687225772341556e-01
4.416689400446289770e-01
6.311227254525089148e-01
7.561288197067810302e-01
8.058937363212330673e-01
7.729439081497233577e-01
6.595197239559866809e-01
4.752500124050571539e-01
2.413574639575379877e-01
-2.127022503102127260e-02
-2.845020531576736289e-01
-5.207257943549058465e-01
-7.051353220808094235e-01
-8.182041845905001498e-01
-8.465578217223278523e-01
-7.846544371252452965e-01
-6.421909033601576056e-01
-4.309480822362454777e-01
-1.730595910696802742e-01
1.058880843947671568e-01
3.754071094446558288e-01
6.084079354888476399e-01
7.788473988568236361e-01
8.676929208866617227e-01
8.684605119787316418e-01
7.786028472521890897e-01
6.071458729544882971e-01
3.700843103105320164e-01
9.486911213925375286e-02
-1.927966990086278365e-01
-4.619460851340300156e-01
-6.840518317354715716e-01
-8.369971254692283313e-01
-9.039829434100716821e-01
-8.777927637142795003e-01
-7.590986831691377557e-01
-5.623632150022841447e-01
-3.044189899562189661e-01
-1.359934341872437447e-02
2.805448612636753936e-01
5.469048222961914174e-01
7.585003922689346201e-01
8.918638844047375169e-01
9.315722983646814725e-01
8.772213526597174571e-01
7.318454589620577710e-01
5.103440067621687337e-01
2.336492768582720814e-01
-6.739246285473443621e-02
-3.633400539620494918e-01
-6.212062524197059510e-01
-8.140030809898656239e-01
-9.244967920230073855e-01
-9.395662121071107764e-01
-8.573400284451387909e-01
-6.845534333677039118e-01
-4.420121395561170674e-01
-1.513842531445874773e-01
1.559413784999639230e-01
4.483407492633804114e-01
6.953149778636393830e-01
8.715979811531713306e-01
9.576303682555080687e-01
9.424460580228974926e-01
8.319849598882098629e-01
6.351421689944143356e-01
3.727458895019171159e-01
7.046965291633067174e-02
-2.385090805283239801e-01
-5.237023907526239253e-01
-7.540061238271307253e-01
-9.050846626417297092e-01
-9.645939982913397381e-01
-9.246835238257602452e-01
-7.899156913178737582e-01
-5.728439419755898543e-01
-2.992988683855747345e-01
5.720407887644274325e-03
3.100185686172993726e-01
5.822048804188915128e-01
7.949846514455820579e-01
9.265252964591272899e-01
9.630093962579977518e-01
8.990380730507130380e-01
7.452889512162752528e-01
5.150453543965625158e-01
2.326229264382591033e-01
-7.421117010979350059e-02
-3.724873913075309462e-01
-6.326645280634777269e-01
-8.266358986495430106e-01
-9.336322972216190008e-01
-9.464966531002863004e-01
-8.621111684853011159e-01
-6.894795552985212295e-01
-4.447671771857908407e-01
-1.559362647753339548e-01
1.500027153729941443e-01
4.403914870899827694e-01
6.851309048071070329e-01
8.604576120431166597e-01
9.481145791375247267e-01
9.394312794554147139e-01
8.337659815425346732e-01
6.449158582169669529e-01
3.890728957569504765e-01
9.447120412853893257e-02
-2.089811563308292541e-01
-4.899389209001110412e-01
-7.207594686192608791e-01
-8.769294059036331079e-01
-9.416393980386810192e-01
-9.124256734987452599e-01
-7.903734633951076116e-01
-5.882796773018107439e-01
-3.253833354754311902e-01
-3.103392203085730827e-02
2.666066815337606588e-01
5.351931692812978980e-01
7.476303645247006635e-01
8.856879392102545712e-01
9.342422150604068332e-01
8.881979218118223329e-01
7.512254453301268065e-01
5.401039213868241706e-01
2.731580726644298185e-01
-2.098043787870285115e-02
-3.127658120953440424e-01
-5.725199690079657566e-01
-7.746719775739957514e-01
-8.978751136464183658e-01
-9.285661375086515790e-01
-8.678816586737144734e-01
-7.199233572521624991e-01
-4.995775105177778785e-01
-2.275293780903392404e-01
6.676531944989938516e-02
3.551557350749410258e-01
6.065143429709114464e-01
7.953961199763603940e-01
9.058484380747553466e-01
9.254687993015315861e-01
8.518913013213804675e-01
6.911521060320999776e-01
4.623808632545880482e-01
1.856371424281890725e-01
-1.094219724840049812e-01
-3.927799893052880131e-01
-6.358623382227277521e-01
-8.146373444993982860e-01
-9.103303374595397290e-01
-9.119473194231785262e-01
-8.233433241155388993e-01
-6.513136822867156006e-01
-4.132411651631143767e-01
-1.318333944502130262e-01
1.623076463351280641e-01
4.409618577861473820e-01
6.743160670027481540e-01
8.385663632330908612e-01
9.205746296626131642e-01
9.104623796823936299e-01
8.088776160867607867e-01
6.246964950207014589e-01
3.790574902522745315e-01
9.365343590030139609e-02
-2.014973751484017139e-01
-4.765803807171553608e-01
-7.038934700512755605e-01
-8.607041373380623916e-01
-9.302969728144276917e-01
-9.039466356152590087e-01
-7.883747687009659000e-01
-5.928838219086274286e-01
-3.369850791243609311e-01
-4.496851394656242729e-02
2.518625677965966592e-01
5.247333880198652434e-01
7.441982864915295259e-01
8.873765322746833828e-01
9.428455662365000656e-01
9.031346144113168162e-01
7.719843790402634021e-01
5.609836811650525945e-01
2.941936753143035155e-01
-4.477567522457981397e-03
-3.037816371604815657e-01
-5.731077603372340956e-01
-7.851595456586557553e-01
-9.182840622761366811e-01
-9.577382245411362183e-01
-8.971901094661964837e-01
-7.468783406957697490e-01
-5.194511710592155662e-01
-2.383143157806588697e-01
6.915806074600294728e-02
3.700347154645975412e-01
6.347520374931603371e-01
8.347668079795618201e-01
9.486970563685843683e-01
9.680480048178814467e-01
8.887407214717084614e-01
7.189864815553450583e-01
4.745439761589000938e-01
1.835097431665253520e-01
-1.274578708395753823e-01
-4.257762814497233483e-01
-6.805648449817990331e-01
-8.665840572051732860e-01
-9.643531117204187098e-01
-9.637689193183089920e-01
-8.630092288292946501e-01
-6.751901006818412654e-01
-4.162773001300643649e-01
-1.142099451927345299e-01
2.009143881704769097e-01
4.958195354756933515e-01
7.410794574073864549e-01
9.098860161259705315e-01
9.835063886003772016e-01
9.580469094744785696e-01
8.336781357131459735e-01
6.231709990012936906e-01
3.461377624560193489e-01
3.359752689853001684e-02
-2.843981215515596350e-01
-5.728440472674266593e-01
-8.017565587034056751e-01
-9.496794255304743526e-01
-1.000000000000000000e+00
-9.471542780688447793e-01
-7.946436095770170738e-01
-5.612748838578676125e-01
-2.676150118336195760e-01
5.389651611843304657e-02
3.701274553840521175e-01
6.479887153266896682e-01
8.593206643295456804e-01
9.813725494617135947e-01
1.000000000000000000e+00
9.175008920641931631e-01
7.399430782971274656e-01
4.862029687993696392e-01
1.809566248709739700e-01
-1.414465492933792978e-01
-4.492067453219187323e-01
-7.085231358390235989e-01
-8.922559042430164844e-01
-9.849261600562597696e-01
-9.751688963763458506e-01
-8.641259333874570236e-01
-6.617648236259815464e-01
-3.923454060399925725e-01
-8.067124143522097501e-02
2.392604859919962301e-01
5.342027868881922270e-01
7.735275072868463830e-01
9.324773217072557241e-01
9.940737232730618711e-01
9.500683053109493237e-01
8.098843273209259674e-01
5.857573116239540578e-01
3.015134403870463053e-01
-1.473650270649773386e-02
-3.279157336755619268e-01
-6.065040238838302900e-01
-8.199336776327000864e-01
-9.451478124474891329e-01
-9.730016902038102211e-01
-8.988635610085817795e-01
-7.312971388579259102e-01
-4.863889153832994250e-01
-1.932647488612132536e-01
1.202138158272532120e-01
4.200558920985673073e-01
6.742529000391885852e-01
8.569718763560512098e-01
9.490027433096557274e-01
9.416323444347576288e-01
8.340588435296523162e-01
6.410394132596646255e-01
3.798699171468709057e-01
8.057884716142327264e-02
-2.254890417420803983e-01
-5.056503506913899715e-01
-7.314364770441510455e-01
-8.784058875455110771e-01
-9.302317188049264995e-01
-8.861903517476811265e-01
-7.491358043432883029e-01
-5.345124381901086297e-01
-2.637507505913952999e-01
3.170136095805919929e-02
3.223724439938324693e-01
5.757307216286184914e-01
7.652527998899123496e-01
8.749999272920199189e-01
8.924471454548157379e-01
8.165320615316300490e-01
6.545832644928060162e-01
4.273433217412359042e-01
1.560784379011541656e-01
-1.287965339738229575e-01
-3.971855136676003539e-01
-6.211330980991018880e-01
-7.776682116706534753e-01
-8.504178437901653842e-01
-8.308619097906326800e-01
-7.264719371593757469e-01
-5.467463180597371686e-01
-3.114112270394389093e-01
-4.435971354474377293e-02
2.242490452108290011e-01
4.671723858910239446e-01
6.576086729564689648e-01
7.753215714323122842e-01
8.123346463654068650e-01
7.638635233767263610e-01
6.360990489789082325e-01
4.419469888205820318e-01
2.054187018802378084e-01
-5.075957586108714725e-02
-2.985057996048179341e-01
-5.111329862392106627e-01
-6.674321619650076531e-01
-7.514372838804677102e-01
-7.555660579352363460e-01
-6.787681555247784271e-01
-5.328288406995207449e-01
-3.312106846299771590e-01
-9.788326982242090413e-02
1.419796224031837362e-01
3.627281276843701274e-01
5.420388695514479771e-01
6.606448618221416602e-01
7.058227854288476877e-01
6.778105440993809072e-01
5.788599346934020229e-01
4.205680584268174371e-01
2.195628870009878053e-01
-1.198289295611942862e-05
-2.159452035878423048e-01
-4.037392625920467326e-01
-5.437345952279870609e-01
-6.253590395387300660e-01
-6.396606609666897203e-01
-5.859060468128495236e-01
-4.700713483537269921e-01
-3.079095818997604761e-01
-1.148213014620845795e-01
8.717922033272507143e-02
2.761519982185909328e-01
4.327615660722681223e-01
5.412616750575962588e-01
5.907078751363121771e-01
5.758572307161762271e-01
5.029844360914179635e-01
3.790299312480280847e-01
2.180561859458123308e-01
3.718116334915055887e-02
-1.431524574375655501e-01
-3.047038982599568069e-01
-4.295063619626393603e-01
-5.045505939486073510e-01
-5.264344758457919493e-01
-4.927502711382629741e-01
-4.078159182272506067e-01
-2.809755036227644664e-01
-1.285513692762214610e-01
3.455013927026917564e-02
1.900001342282506833e-01
3.208317054872933394e-01
4.151233997729497638e-01
4.635244879204754032e-01
4.616998502932476711e-01
4.100868839325819692e-01
3.173307857651286312e-01
1.921047217853968370e-01
4.965756122088782476e-02
-9.381424895912859885e-02
-2.232905592017750962e-01
-3.259121435976820580e-01
-3.904701664160042940e-01
-4.102647840133546442e-01
-3.877397439782390709e-01
-3.252389750745594554e-01
-2.297576604597830752e-01
-1.119859986738517277e-01
1.352674335750259083e-02
1.340737897534021172e-01
2.356422900362833417e-01
3.076819407025974673e-01
3.467015524713590313e-01
3.487025511304036041e-01
3.136839442698071689e-01
2.463492027722937738e-01
1.565115478111933633e-01
5.257819110671757556e-02
-5.353134852267404931e-02
-1.496176825021898749e-01
-2.264590001860674606e-01
-2.767940227468168590e-01
-2.957857464462996244e-01
-2.819780708051612406e-01
-2.400941604029313003e-01
-1.740799530666681250e-01
-9.152534894497676987e-02
-1.982550091686907656e-03
8.474065226675175921e-02
1.601115982295333584e-01
2.152743724883956489e-01
2.446811582386614337e-01
2.492295839047551365e-01
2.286278076220127353e-01
1.847186315871214290e-01
1.228300325912285995e-01
5.120918032059540437e-02
-2.318523362678870381e-02
-9.146616841732990721e-02
-1.461261283302823788e-01
-1.838570341602466796e-01
-2.011946929474753842e-01
-1.960997771241024257e-01
-1.698478463242428793e-01
-1.275195816259963033e-01
-7.280150922731887242e-02
-1.216939944459471956e-02
4.677285761093119554e-02
9.824307014791200388e-02
1.375620039127509742e-01
1.599966323220469722e-01
1.634057296042197294e-01
1.503473195192219780e-01
1.220284576002563792e-01
8.169930783948853303e-02
3.482119788128090754e-02
-1.294595676069643098e-02
-5.706897707261693320e-02
-9.195225933025352738e-02
-1.140181912327292713e-01
-1.239377101511599522e-01
-1.208060577480221109e-01
-1.044262580527826056e-01
-7.760936125332018598e-02
-4.485250860735245926e-02
-8.963247076731906127e-03
2.566691490054573421e-02
5.485126303052090257e-02
7.739984084788908980e-02
9.140604531013130085e-02
9.457799462534821622e-02
8.725166745817469760e-02
7.232527724782733536e-02
5.098177297640793526e-02
2.547130893723092981e-02
-6.536061324445840981e-04
-2.488408251764262502e-02
-4.515063300899668786e-02
-5.860794984193129498e-02
-6.418831789716938907e-02
-6.351338666527461818e-02
-5.643466558315535231e-02
-4.312956269207712801e-02
-2.592642250774690460e-02
-7.477396040083905682e-03
1.076285362857887229e-02
2.664393495057826300e-02
3.841522098033589572e-02
4.617815456394991358e-02
4.914344595707342833e-02
4.634070084562957881e-02
3.867857297913057657e-02
2.819306074310024002e-02
1.562713487787115163e-02
2.190377484309280476e-03
-1.037809965273217561e-02
-2.122588221761290139e-02
-2.936192601018372539e-02
-3.317091300159802358e-02
-3.238026033519525448e-02
-2.824588857473109282e-02
-2.105680732075143613e-02
-1.187144212886270811e-02
-2.396914653143622509e-03
6.307137784876459818e-03
1.350721827099632399e-02
1.843136456024363490e-02
2.071674349997021380e-02
2.073314839252060615e-02
1.848046910158140932e-02
1.424751318557815338e-02
9.100220812022996597e-03
4.344307748593179141e-03
3.123968568790047584e-04
-2.804336251236438926e-03
-4.758963004807714725e-03
-6.074195776088919807e-03
-6.565638229833581363e-03
-5.901840860990992255e-03
-4.476132020088341434e-03
-2.713730938095570977e-03
-7.628121772484952601e-04
1.098822869693316662e-03
2.623893217483130869e-03
3.807883716543392083e-03
4.534979365239388827e-03
4.756193125911023500e-03
4.633692029847313876e-03
4.410368759391047888e-03
4.091888384118558264e-03
3.622599135683524096e-03
3.086603069610394101e-03
2.534590651635193481e-03
2.013217432646596805e-03
1.571470831045473915e-03
1.175024288151638174e-03
7.267083790818418265e-04
2.768562289865439396e-04
-3.964254571631187218e-05
-1.863793718810402567e-04
-1.473504889393240092e-04
5.917103869657047710e-05
3.442589221260838883e-04
6.550489548782234550e-04
9.611696245357403967e-04
1.231511190959322377e-03
1.440088284401008778e-03
1.563010857038138468e-03
1.592429348514778908e-03
1.532042574243774880e-03
1.411695211213981338e-03
1.279648347987327739e-03
1.195808367112416448e-03
1.165260618078534094e-03
1.167672142000197866e-03
1.198384074930558540e-03
1.234196930651965118e-03
1.277458139098186507e-03
1.324438895192292520e-03
1.371410393856686838e-03
1.414643830013773140e-03
1.450410398586621241e-03
1.474981294497634821e-03
