2.540843980429574600e-02
-3.329465570948524356e-01
-5.321125820121359595e-01
-5.976080200381554963e-01
-5.549512562635117163e-01
-4.296606757788048458e-01
-2.472546636746354443e-01
-3.325160504160307173e-02
1.607048514934774630e-01
3.291237963966133773e-01
4.515451322618564411e-01
5.031061718322260568e-01
4.702681132464723301e-01
3.630491322072293414e-01
1.921473839197360700e-01
-5.783741077515003326e-03
-1.987035870551994154e-01
-3.546372792602382473e-01
-4.492920977832204343e-01
-4.659938307020564663e-01
-3.987743868539007641e-01
-2.639134423924471839e-01
-7.606506233797771799e-02
1.288092187233247365e-01
3.158437684095536380e-01
4.529944011020550221e-01
5.175037843441141483e-01
4.966396124136354118e-01
3.894756731498791869e-01
2.200617267140398958e-01
8.406441459360758373e-03
-2.049952872943811011e-01
-3.818786758605107190e-01
-4.909974880386437368e-01
-5.122617780950500244e-01
-4.411315098799146739e-01
-2.845429519148152675e-01
-7.719502885694784489e-02
1.529261901234224563e-01
3.605826899001096653e-01
5.060014675164141718e-01
5.643423077405833599e-01
5.229581956764621786e-01
3.915691447922384771e-01
1.887806204312449943e-01
-3.963489589320912110e-02
-2.591292058280932897e-01
-4.269549564598376090e-01
-5.081750649809914089e-01
-4.912355356294145770e-01
-3.759645741162529475e-01
-1.902948385922542673e-01
3.501516230409462693e-02
2.504780097497543156e-01
4.217428601764465768e-01
5.212331965544059198e-01
5.273900746326438682e-01
4.418347983728525552e-01
2.760658449622390709e-01
7.223314567789218543e-02
-1.326392374131364349e-01
-2.975654280725918976e-01
-3.958945137712805984e-01
-4.148683279542560998e-01
-3.478689774555556724e-01
-2.152069075823748179e-01
-3.803382821705558747e-02
1.412413591715029337e-01
2.884708621414460161e-01
3.800707012784467764e-01
4.000686446450947287e-01
3.488820820610099016e-01
2.356158360740832070e-01
9.167439672733745937e-02
-6.039391916498604296e-02
-1.892916629756689062e-01
-2.684160714661023572e-01
-2.862886046294758069e-01
-2.401841736030047025e-01
-1.473640800869607803e-01
-2.615468545360899455e-02
9.344284416303749730e-02
1.926954052381384397e-01
2.559755474904290562e-01
2.688972778443423639e-01
2.306068057813797090e-01
1.468274322775680041e-01
4.388803783277128723e-02
-5.627808105839948727e-02
-1.330449795578717564e-01
-1.740982407004761923e-01
-1.749487724916972686e-01
-1.338073675179056732e-01
-6.381493962407247533e-02
2.322204312471587428e-02
1.031319535956036759e-01
1.563733412517673838e-01
1.740320992732786731e-01
1.521227779945806269e-01
9.766075959183107003e-02
2.234184342941847312e-02
-4.946208395164541916e-02
-1.043810907330023907e-01
-1.310388404958628961e-01
-1.184465543822520450e-01
-6.629311455914421725e-02
1.863017834809932438e-02
1.103849981352647003e-01
1.869946326966973604e-01
2.268107812555422154e-01
2.201221389581971000e-01
1.681753095559452849e-01
7.336297973186800547e-02
-4.334444444343721337e-02
-1.610943579666669345e-01
-2.466294254328217361e-01
-2.765754596118820130e-01
-2.434500082432267121e-01
-1.465832400412827585e-01
-5.049790913756235788e-03
1.574711657517187113e-01
3.012837197865037009e-01
3.999226130908539734e-01
4.309338457072160455e-01
3.788020667903355676e-01
2.498981222205292063e-01
6.047601713536265855e-02
-1.432583809979954825e-01
-3.224797474048808343e-01
-4.382695718127821438e-01
-4.679328470941632734e-01
-4.070441681444312287e-01
-2.574317293188760347e-01
-4.974495693478042657e-02
1.845971744441232687e-01
3.931759971886625848e-01
5.353240726927379622e-01
5.852590407424844710e-01
5.296215285944163575e-01
3.794154156323155114e-01
1.549804073153107087e-01
-9.487988534717839428e-02
-3.335139725763417440e-01
-5.149230290856947612e-01
-6.021699533699511608e-01
-5.829151305890294399e-01
-4.559481404058041143e-01
-2.457003321406974194e-01
1.827610416392744241e-02
2.835998312265546328e-01
5.119867332251386571e-01
6.632539058320150449e-01
7.055865909544052350e-01
6.351558449729057809e-01
4.579672936875440747e-01
2.067227104804569837e-01
-8.278402786828154003e-02
-3.555611418857202999e-01
-5.715707950523798431e-01
-6.945003997744148005e-01
-6.961423454849129389e-01
-5.767594038445500448e-01
-3.479070413954660212e-01
-5.445181559011580408e-02
2.591569330171403784e-01
5.341831133857755098e-01
7.280606846993493697e-01
8.099204831960555850e-01
7.584404371363273611e-01
5.831739915155063070e-01
3.042801315419390029e-01
-2.079752987161720412e-02
-3.397729877351849392e-01
-5.941603103533388275e-01
-7.420483525503372979e-01
-7.598107668419484817e-01
-6.383831487586216769e-01
-4.086449154258484651e-01
-1.022554017300608686e-01
2.169708899035587280e-01
4.939786363332570041e-01
6.823376512325223242e-01
7.498094436485100989e-01
6.900120717939155490e-01
5.110965484284659688e-01
2.591337068598660309e-01
-2.769724133681861211e-02
-2.915908679429775052e-01
-4.845320322219834885e-01
-5.795769160904876705e-01
-5.631974983591337969e-01
-4.509052721692726751e-01
-2.639314220727996263e-01
-4.973626823311649847e-02
1.578279186515880728e-01
3.246098329256554837e-01
4.215134667458628748e-01
4.384077385938245364e-01
3.754121174183855381e-01
2.630269127743376512e-01
1.274891982913299859e-01
-4.847593571110087041e-04
-1.017838085348621302e-01
-1.661733681599164569e-01
-1.836915867922139789e-01
-1.601836240322732641e-01
-1.039916428867565523e-01
-3.852478148228266619e-02
1.884363014402556935e-02
5.681548222106269641e-02
6.875897052591239955e-02
5.967631308134757617e-02
3.723200553546690550e-02
1.730833530410391674e-02
5.575216942883098881e-03
6.732494833213031882e-03
2.680910584944262709e-02
6.534466606107947051e-02
1.173528757093698083e-01
1.645536528962909806e-01
1.922318416920190121e-01
1.881837787204585499e-01
1.490028325769274797e-01
7.707723922964326846e-02
-2.321809291035814571e-02
-1.340395778050820219e-01
-2.402224385309306154e-01
-3.159490572465204483e-01
-3.411000008497684366e-01
-3.077966543884429473e-01
-2.137859840278746315e-01
-6.788260768785026045e-02
1.130464408313989200e-01
2.935970459651655595e-01
4.478924996666615588e-01
5.420309129468570131e-01
5.491064581124558419e-01
4.635284047424736986e-01
2.904881802215060205e-01
5.749771139028281297e-02
-2.032862857225420372e-01
-4.384834697457515862e-01
-6.102550447254015964e-01
-6.844150999331801710e-01
-6.355578858285131361e-01
-4.647869595674130050e-01
-1.881399988429379722e-01
1.377951271607082973e-01
4.606853105550710037e-01
7.168019951272956991e-01
8.622791802586380339e-01
8.700640028836879036e-01
7.251410277567718055e-01
4.528229514023998092e-01
8.833872053780011946e-02
-2.921966364802502936e-01
-6.243767091932006519e-01
-8.460628504760656643e-01
-9.147528564675353469e-01
-8.183643303409278147e-01
-5.643524110924359460e-01
-2.100235583491105729e-01
1.943219758510414952e-01
5.682791697835165579e-01
8.444463935320003500e-01
9.757562508146453428e-01
9.360459432820891212e-01
7.399214363457351507e-01
4.146862305101617352e-01
3.248423795850308160e-02
-3.488748800957854890e-01
-6.578601848599322510e-01
-8.379685036662665176e-01
-8.671764573355800199e-01
-7.393771075501998080e-01
-4.898414541696829438e-01
-1.584965949544191455e-01
1.842096423414159023e-01
4.859118014394789853e-01
6.991019071905135718e-01
7.864257958526794656e-01
7.410106139562908645e-01
5.690369956201852819e-01
3.187614211985603241e-01
3.385048459477957294e-02
-2.321405278718003951e-01
-4.408572181683708680e-01
-5.660405113093736063e-01
-5.870734121916254544e-01
-5.100170373112512534e-01
-3.473964599305822132e-01
-1.410373895890673079e-01
7.333443629513025641e-02
2.610226152624468554e-01
3.945700139533971917e-01
4.576260454545479917e-01
4.442582184227874542e-01
3.704840326733043199e-01
2.464864596756977111e-01
9.937734173520706982e-02
-4.342668662670512436e-02
-1.593072973058120567e-01
-2.318403270313335041e-01
-2.520318960396704666e-01
-2.192893301781354554e-01
-1.518804441948056194e-01
-6.006864779770171303e-02
3.409885442092819297e-02
1.091355483811515814e-01
1.547201979158836505e-01
1.640241558235424613e-01
1.386412383115147584e-01
8.582648479726429080e-02
2.624158336840176631e-02
-2.784774394494970995e-02
-6.188818259759631957e-02
-6.228745843899696766e-02
-2.488413083234153333e-02
4.613998644603944932e-02
1.252093826107305574e-01
1.908907182679959735e-01
2.203532693043506185e-01
2.027913713222739833e-01
1.374008109887139284e-01
2.505745056994301834e-02
-1.138703806901120164e-01
-2.564998231478481383e-01
-3.623703324421978511e-01
-4.020705048157975359e-01
-3.602435898447686746e-01
-2.325909180812330002e-01
-3.814506710587850513e-02
1.962498541653203699e-01
4.177872683234422624e-01
5.886043652717738439e-01
6.705726170792694063e-01
6.358027084159967313e-01
4.809377250515813884e-01
2.187290959034939863e-01
-9.607559732568005106e-02
-4.121108875050893960e-01
-6.627198892940886488e-01
-8.024230034393283750e-01
-8.016832315595905367e-01
-6.452119431727704191e-01
-3.610820624278507918e-01
1.385672337176568902e-02
4.003180164851298795e-01
7.321327107779576071e-01
9.464610168685945180e-01
1.000000000000000000e+00
8.813526981006054584e-01
5.999201957911126648e-01
2.171780747712919180e-01
-2.120938710098680957e-01
-6.015879367674257239e-01
-8.804858078244516273e-01
-1.000000000000000000e+00
-9.342752641699523242e-01
-7.022566253983111295e-01
-3.354725773177497095e-01
8.604224457435161177e-02
4.978994981773223749e-01
8.217546512208966369e-01
9.964809478191321013e-01
9.992370063085562748e-01
8.253762320311168743e-01
5.176938224652978260e-01
1.237819780600433184e-01
-2.732655497921095966e-01
-6.110112543607308933e-01
-8.332147612731608532e-01
-8.975464467934985979e-01
-8.002706036891490404e-01
-5.532248884619199725e-01
-2.194161251933707257e-01
1.440437299376970959e-01
4.660868158080397894e-01
6.959017169360999233e-01
8.013638384160630679e-01
7.609245995581586097e-01
5.936961247907905914e-01
3.261138322612235907e-01
2.302329183065610074e-02
-2.614624526106829050e-01
-4.765084193499057319e-01
-5.856706803256656046e-01
-5.771209971641109160e-01
-4.532326409932011524e-01
-2.550530383116558220e-01
-1.479396136650767968e-02
2.140329468428454618e-01
3.861875747289478245e-01
4.748788040796296794e-01
4.656401843486912551e-01
3.713370047157702469e-01
2.110661606050898698e-01
3.054721755416212048e-02
-1.385632734515011011e-01
-2.641221894729334219e-01
-3.195136566546036283e-01
-2.969329496073767061e-01
-1.992711701935592217e-01
-6.047827640622138734e-02
8.957688031508004300e-02
2.133732527167186976e-01
2.880092157991624990e-01
3.012785862769586931e-01
2.450060970595913101e-01
1.356460570454862680e-01
-7.846089881679674249e-03
-1.447450071765995494e-01
-2.442295932087461541e-01
-2.857428975953844041e-01
-2.567678243381386061e-01
-1.623379888861871123e-01
-1.619020929841230583e-02
1.441330194852137314e-01
2.916758299657442599e-01
3.922620063489465903e-01
4.190299506217602943e-01
3.636806440418198783e-01
2.295889648035756014e-01
4.887090776251268309e-02
-1.471825145428378168e-01
-3.139096670356806840e-01
-4.220093515559443231e-01
-4.505801793526155175e-01
-3.852962191354978305e-01
-2.377726964194365467e-01
-2.765733339798281953e-02
1.950653937772584001e-01
3.887532807336451235e-01
5.139175456099764894e-01
5.456675467197391605e-01
4.790534595873336965e-01
3.190546980244655106e-01
1.027978643766396250e-01
-1.367437921974767878e-01
-3.464692150672692428e-01
-4.839027135388733747e-01
-5.249762275972956749e-01
-4.586810577116087195e-01
-3.023316948838141727e-01
-8.072873590000406718e-02
1.534087376934447633e-01
3.619319909977785077e-01
5.056740557972494443e-01
5.538621181724483478e-01
4.987149789813352108e-01
3.456886281480791023e-01
1.383603466110610025e-01
-8.402331083195035966e-02
-2.732517246117263099e-01
-3.974925727970231026e-01
-4.391915226602441935e-01
-3.869267622751580982e-01
-2.571543547385737316e-01
-7.120625591176243940e-02
1.233819109692917415e-01
2.886073914347990765e-01
3.929722378936824079e-01
4.162122897679627620e-01
3.575531424022138083e-01
2.269738828935592423e-01
6.351016519063645838e-02
-1.058191476523445695e-01
-2.435200320431629706e-01
-3.189205629341816950e-01
-3.206021115806800825e-01
-2.459181655121096544e-01
-1.168518520267997074e-01
4.237526022644111379e-02
1.921358066225382633e-01
3.059190975692820391e-01
3.612681088948126451e-01
3.414494272347456949e-01
2.504979974000203224e-01
1.007671917883090629e-01
-6.720059506336328869e-02
-2.198419261548991699e-01
-3.232702433227685468e-01
-3.567738523631320824e-01
-3.141390141311267703e-01
-1.955403572034334347e-01
-2.705928020260617295e-02
1.660476726311799212e-01
3.383751114829007811e-01
4.536646325876632080e-01
4.883554358237498505e-01
4.302650676201738023e-01
2.890467231401525616e-01
8.349295177228355236e-02
-1.397733283861726239e-01
-3.460993874821908234e-01
-4.915739609427305368e-01
-5.415098868301768675e-01
-4.864133425155969803e-01
-3.287025031337909020e-01
-1.001259487537582427e-01
1.640557937803295285e-01
4.065037824641946074e-01
5.869911735097514960e-01
6.725603179628301120e-01
6.392119785710292934e-01
4.909685280005171570e-01
2.443268805493790108e-01
-4.618090579291422859e-02
-3.316012241093047042e-01
-5.546528076558052689e-01
-6.770142773867784403e-01
-6.782788422422284524e-01
-5.483980245323237801e-01
-3.150882596300348393e-01
-1.088148644399222764e-02
2.986766824906323947e-01
5.596067831297890649e-01
7.256343521827226528e-01
7.648816319762601346e-01
6.716749025544337393e-01
4.558550702883419348e-01
1.671291724385910449e-01
-1.524670204571194621e-01
-4.386366277810227476e-01
-6.381902864551237675e-01
-7.184522492189177045e-01
-6.631366965515379519e-01
-4.888186875111597551e-01
-2.207844783306527336e-01
8.117775329710430476e-02
3.711018418724492118e-01
5.948075695991283940e-01
7.089667109121788879e-01
6.999453947488993855e-01
5.670009145321748267e-01
3.433617725936348730e-01
6.502331833384400461e-02
-2.089919837564562233e-01
-4.361254981247697504e-01
-5.799272058832365406e-01
-6.117889520034131001e-01
-5.302675277723456482e-01
-3.454547486383782173e-01
-1.045720065093895812e-01
1.502630197955725500e-01
3.702032918948907625e-01
5.211729224816015194e-01
5.826557596759944779e-01
5.410666019359060552e-01
4.111938186548098617e-01
2.123358950046936311e-01
-8.419781265168180262e-03
-2.113730517744296655e-01
-3.616122843791064190e-01
-4.341201072042925047e-01
-4.204046932843211737e-01
-3.234427881542343286e-01
-1.740631935537628738e-01
5.119877472217204684e-03
1.754259256319938842e-01
3.028025425347073973e-01
3.681665058690679615e-01
3.613031167313374148e-01
2.906420392284339016e-01
1.706193326996252591e-01
3.571118023103236894e-02
-9.149368482545927606e-02
-1.877614554824390547e-01
-2.323259400253813167e-01
-2.179522169471836968e-01
-1.463274864408127263e-01
-4.307206575102684454e-02
6.869183762885922029e-02
1.602796785381321865e-01
2.151451001560571452e-01
2.243243895957747203e-01
1.809750930520450662e-01
9.736864180667725854e-02
-1.173276235069231621e-02
-1.137396199637372707e-01
-1.841841988477618264e-01
-2.088083787472773123e-01
-1.793275224511163835e-01
-1.008844640944929205e-01
1.439130115229558804e-02
1.361081826234762371e-01
2.433590181314637668e-01
3.116001173893694354e-01
3.210347292997366431e-01
2.654142536033721189e-01
1.492462065734314614e-01
3.281683563853388108e-03
-1.448558721965199636e-01
-2.617467289136118369e-01
-3.271011369895990839e-01
-3.293234905926324396e-01
-2.604483456045167955e-01
-1.332591266477234360e-01
3.406750059957319721e-02
2.013708217494978303e-01
3.364936533981430777e-01
4.139131206224631043e-01
4.177553716535176154e-01
3.473477206942090501e-01
2.114563828884648000e-01
4.271035996021721459e-02
-1.345321358121518429e-01
-2.837521710968413657e-01
-3.741783341745597014e-01
-3.923458912901894857e-01
-3.338211188628210646e-01
-2.126613288636837185e-01
-4.809338388830530775e-02
1.225443827643570849e-01
2.739045725755187011e-01
3.802443378603264090e-01
4.195385161133180496e-01
3.866036307619578061e-01
2.849994267915376689e-01
1.417434739740877081e-01
-1.753678194825269987e-02
-1.607976276013990402e-01
-2.674657842518596285e-01
-3.242110975172737275e-01
-3.190503269321726121e-01
-2.548408991867234796e-01
-1.404425681692619277e-01
-4.041460705861976699e-03
1.300123232361083403e-01
2.381044768837532466e-01
3.036790513374323375e-01
3.168023516956135488e-01
2.746190372444388128e-01
1.921704303785432000e-01
8.049655266968902545e-02
-3.537886032875225961e-02
-1.324465706946728050e-01
-1.961473685442794990e-01
-2.160952029622251747e-01
-1.890907498753112703e-01
-1.196073092205078847e-01
-2.731231592385485740e-02
7.466176989778916528e-02
1.642493028337637107e-01
2.211398572120679695e-01
2.364888003789979987e-01
2.077600146144620297e-01
1.434980141374517792e-01
5.554276466899099596e-02
-3.319389568739705698e-02
-1.092843394878267871e-01
-1.593440082787408452e-01
-1.699521618991873817e-01
-1.378939290648755200e-01
-6.704066795816798763e-02
2.130140163259874875e-02
1.082433821084440861e-01
1.739476155970471893e-01
2.075730735925034320e-01
2.040541096247958652e-01
1.593687652612891803e-01
8.256856330042561254e-02
-1.477105413264112599e-02
-1.066847458269647442e-01
-1.724102776809006698e-01
-1.991297904617678194e-01
-1.801702349902931655e-01
-1.186263456339011757e-01
-2.340157208739312988e-02
8.164658374755551229e-02
1.806831879309931388e-01
2.525507599330762964e-01
2.787291634495951964e-01
2.530820793706185512e-01
1.770197255834660144e-01
6.889309238466401197e-02
-5.186659555990424941e-02
-1.577541749756269374e-01
-2.322791350465432947e-01
-2.639406512228200663e-01
-2.424008872286258498e-01
-1.700063231409577602e-01
-5.579143864877866843e-02
7.245283742810548766e-02
1.908726760845365078e-01
2.764896813000394804e-01
3.153111298941109197e-01
3.014633482830544331e-01
2.341363467526815789e-01
1.302420567006774554e-01
4.495930584552665366e-03
-1.149051847024894490e-01
-2.043397721517733467e-01
-2.510093637736441341e-01
-2.467435283765123666e-01
-1.932862438006978101e-01
-9.940612352764033322e-02
1.133687331888122429e-02
1.231694498328157472e-01
2.149803762812207975e-01
2.675742446965749810e-01
2.730573200788704025e-01
2.307586676110564561e-01
1.550976534968537823e-01
6.104919320235602243e-02
-2.996885926606573936e-02
-1.056497464835313149e-01
-1.562809590343692268e-01
-1.712012272378873323e-01
-1.487035282591729901e-01
-9.255781596561907243e-02
-2.157509951349634303e-02
4.865289683872275894e-02
1.059222924890104167e-01
1.431289224450693620e-01
1.573156247987235190e-01
1.469252131732121658e-01
1.178890820801428152e-01
7.431127211375776476e-02
2.725326846851738871e-02
-1.254173324053620142e-02
-3.893799437343148373e-02
-4.892219161480737544e-02
-4.535877782595143515e-02
-3.312305452023633912e-02
-1.993470614873882329e-02
-6.269600137667197259e-03
9.354732087210493319e-03
2.331120809398790072e-02
3.262968533602483845e-02
3.700592688903747707e-02
3.818915790909316321e-02
3.891079691750176650e-02
4.353972023583296824e-02
5.074769213895047315e-02
5.451045192905557002e-02
5.260900790767375490e-02
4.369969772174497891e-02
2.864249738780322296e-02
1.093300940427410772e-02
-7.694830765897830993e-03
-2.554405533755443880e-02
-4.042354963018979230e-02
-4.766213558414933438e-02
-4.395014982048250918e-02
-2.910135118230183782e-02
-4.497846114619563629e-03
2.429419202769889097e-02
5.193795308936000055e-02
7.423780281544978266e-02
8.909258927684504670e-02
9.342747139677243240e-02
8.512759004183356737e-02
6.611622248061799212e-02
3.851527756920658518e-02
1.005284295128205940e-02
-1.188102836310866994e-02
-2.357917220604233144e-02
-2.414190832904294925e-02
-1.626734563953724511e-02
-2.226615478442273144e-03
2.138689292107254225e-02
4.482276586656053219e-02
6.497611285702697970e-02
7.874204339147605758e-02
8.301566696891238273e-02
7.469209308834034999e-02
5.066643124876435422e-02
