1.666180280034514904e-01
6.023262191308620395e-01
8.722526286055365397e-01
9.977072307783054761e-01
1.000000000000000000e+00
9.004409106214505965e-01
7.203399369934881946e-01
4.810070534669483866e-01
2.082611205125231013e-01
-8.580250046632542649e-02
-3.748665831306677854e-01
-6.244806769382791334e-01
-8.077399310777676478e-01
-9.080638648664252077e-01
-9.135219180124083405e-01
-8.249758046350096352e-01
-6.501165941655651093e-01
-4.106074793424352443e-01
-1.292560346449641573e-01
1.621696532737284535e-01
4.327074618216923962e-01
6.535764578498344246e-01
8.015898001528698469e-01
8.608418193070668245e-01
8.234391439350616793e-01
6.982620583757079835e-01
4.966924685671321171e-01
2.415959568113152933e-01
-4.068541978298167994e-02
-3.181679087112418980e-01
-5.623065072065537295e-01
-7.460547934321091201e-01
-8.492684624487570888e-01
-8.648991850591921660e-01
-7.899481827518768373e-01
-6.337989110949882043e-01
-4.122925529611657369e-01
-1.527294444666003059e-01
1.195194528311065429e-01
3.744454100513481265e-01
5.843987227838938203e-01
7.286088790519580360e-01
7.916282459124799331e-01
7.681348577343658501e-01
6.597524066351609928e-01
4.813895676635169263e-01
2.496868395956399755e-01
-8.496639252340343340e-03
-2.657561125772388566e-01
-4.944277015963558508e-01
-6.709040245600093044e-01
-7.761396968661853357e-01
-7.982853022178679758e-01
-7.398665921284852676e-01
-6.058106376238533430e-01
-4.114198847213477173e-01
-1.765534978595867388e-01
7.142360422518212459e-02
3.071438634149155078e-01
5.039028237703571111e-01
6.406678210579805910e-01
7.065888612668043134e-01
6.939078721218132628e-01
6.050315156763226287e-01
4.489628488931032280e-01
2.458817339327936669e-01
1.541791719397345162e-02
-2.164525968127852806e-01
-4.245286753460755236e-01
-5.872105456134287804e-01
-6.875764592308317713e-01
-7.155918774947276351e-01
-6.675340781852620031e-01
-5.523817863380887649e-01
-3.807965710046716801e-01
-1.733193395756291721e-01
4.764680373793783730e-02
2.575692578190871274e-01
4.348364564277031885e-01
5.598206030808317024e-01
6.188464316438984092e-01
6.098736411185341488e-01
5.330974399001047193e-01
3.978827025058535583e-01
2.185350796905958237e-01
1.725866770718398335e-02
-1.855570923174491016e-01
-3.667019646517510889e-01
-5.066028734841618864e-01
-5.932778005662142640e-01
-6.171548950115024468e-01
-5.765075366517720123e-01
-4.756490803313995208e-01
-3.285946606077090326e-01
-1.494170316915547359e-01
4.095641458758958464e-02
2.215801862138180311e-01
3.732734009409623965e-01
4.802915603884363449e-01
5.311947694864156411e-01
5.201420599694370761e-01
4.527056253120800289e-01
3.352316834111339627e-01
1.810820098834791114e-01
6.676473378563363426e-03
-1.676393987285047515e-01
-3.237457956166357453e-01
-4.436845179649877569e-01
-5.143706238295844280e-01
-5.319830939987748586e-01
-4.940945663467571913e-01
-4.053871696755191323e-01
-2.753838288978225357e-01
-1.209218969372594099e-01
4.268737534481514828e-02
1.967161220905522256e-01
3.237440396459767555e-01
4.112141520774184045e-01
4.498501073813789830e-01
4.360420217791953768e-01
3.708557530101883604e-01
2.641227240802779264e-01
1.259134659138141377e-01
-2.685907484923688582e-02
-1.767407677952756995e-01
-3.073542284343163677e-01
-4.050001542994778880e-01
-4.585217945977467791e-01
-4.616284685417045841e-01
-4.178909852005664449e-01
-3.313224828470112682e-01
-2.116308181778897568e-01
-7.187605955770148825e-02
7.066104061136213588e-02
2.010121854404607333e-01
3.036896510642779212e-01
3.672685606063328390e-01
3.882704297216454936e-01
3.637106983194455800e-01
2.962126157410773786e-01
1.931695103344168718e-01
6.831752913955502216e-02
-6.612454630542707879e-02
-1.944359804341855291e-01
-3.015690366552660207e-01
-3.763212842199388231e-01
-4.105709435213437120e-01
-4.009521820779001766e-01
-3.480097367395498242e-01
-2.596174970651806690e-01
-1.438233119461646004e-01
-1.459389141290168279e-02
1.133103569229458873e-01
2.255282554357092017e-01
3.100330625730443046e-01
3.563242261886028217e-01
3.584793568421538179e-01
3.195965057973073620e-01
2.428408131967287886e-01
1.362235564618337058e-01
1.104389840463704253e-02
-1.173633750830512801e-01
-2.353953786890801148e-01
-3.282839177304709422e-01
-3.851944888022602598e-01
-4.023821034761925208e-01
-3.768861951596245152e-01
-3.108813980665171561e-01
-2.110903802297581233e-01
-9.059422863814714511e-02
3.911093751773875304e-02
1.629525083861829149e-01
2.662445406551048332e-01
3.377471458003515892e-01
3.693647859124544741e-01
3.570905353662865434e-01
3.010597281251357060e-01
2.090035707259250142e-01
8.889642751707271806e-02
-4.477350216744357958e-02
-1.767309689593550281e-01
-2.921791266060965730e-01
-3.787120005418727064e-01
-4.253855008887128530e-01
-4.259380597526370993e-01
-3.830078815091699784e-01
-2.996897609261441886e-01
-1.843902869521265586e-01
-4.907307090982404585e-02
8.974657914522143898e-02
2.176585157459751674e-01
3.189266934266699050e-01
3.818511847170598106e-01
4.019955943486253069e-01
3.756041758855606094e-01
3.043440104871291130e-01
1.950148674822169692e-01
6.116760925000686022e-02
-8.479786935883104615e-02
-2.260852806083043509e-01
-3.464776597719945173e-01
-4.328370477558071139e-01
-4.753651770706743829e-01
-4.687176191843346329e-01
-4.121305238356879341e-01
-3.131490675420286474e-01
-1.799501053641067161e-01
-2.738341051675086124e-02
1.282774949812228726e-01
2.696656816300242454e-01
3.818826408317534948e-01
4.509998003912536468e-01
4.682420867878707149e-01
4.342182855827152466e-01
3.505506971477239109e-01
2.251453521485633491e-01
7.013175491371703707e-02
-9.642732729654468482e-02
-2.579161791486295208e-01
-3.951502624299390032e-01
-4.926901601885707027e-01
-5.416158615005863819e-01
-5.351529333316742409e-01
-4.728274585512983741e-01
-3.597553699774436176e-01
-2.096092412445116349e-01
-3.572565424140328183e-02
1.426180544227746427e-01
3.060240888886103239e-01
4.366579349902026674e-01
5.203223711972198018e-01
5.461997156839075718e-01
5.093676766945292034e-01
4.163372263346520885e-01
2.745944087765999075e-01
9.890000856138692065e-02
-9.296335642167319335e-02
-2.793300247176797590e-01
-4.410713291827638161e-01
-5.591086797317654788e-01
-6.196586631057956485e-01
-6.183026069415225034e-01
-5.530485519674033235e-01
-4.300194290023708898e-01
-2.608249726161386839e-01
-6.556602887006324210e-02
1.375015301401900647e-01
3.259890680536534635e-01
4.791025185390054286e-01
5.810782814780315331e-01
6.201645129254158562e-01
5.914889957535254261e-01
4.961847750296186632e-01
3.456244576171227934e-01
1.525414473887187761e-01
-6.163135137319175616e-02
-2.746044059925397685e-01
-4.633828845817393738e-01
-6.083084876581980049e-01
-6.922970969770024796e-01
-7.047634476324702302e-01
-6.470708370583362345e-01
-5.226848813654554338e-01
-3.438338005116954310e-01
-1.274724533606100829e-01
1.020934866384950457e-01
3.220828140301688070e-01
5.071686989855839212e-01
6.372751696971403756e-01
7.007265494741685696e-01
6.888607282218552896e-01
6.018974308061049161e-01
4.470266282033912297e-01
2.424923747889622394e-01
6.626653846726116015e-03
-2.348641327153379033e-01
-4.565036621090110547e-01
-6.345956135531908293e-01
-7.501318897747106806e-01
-7.891944007440061526e-01
-7.451844830653493457e-01
-6.259354809183295121e-01
-4.412459182408287051e-01
-2.103925118811510453e-01
4.375119352436684927e-02
2.928673453767784984e-01
5.116623947154970153e-01
6.752599310601143934e-01
7.651610338724241789e-01
7.741720457543865841e-01
6.989216057948128835e-01
5.469456543401771675e-01
3.323480845787571969e-01
8.022984509878172688e-02
-1.859351407959574098e-01
-4.373625751770018333e-01
-6.470036294853001024e-01
-7.932175533342704643e-01
-8.598268095101231356e-01
-8.396097730476881349e-01
-7.325269844758326432e-01
-5.515558370809314770e-01
-3.120891472449431880e-01
-4.059155601011132930e-02
2.352767954814380946e-01
4.859939479627479741e-01
6.858763289735236857e-01
8.123882739315453350e-01
8.506539975887259519e-01
7.998582030859104908e-01
6.625654180645221825e-01
4.528152490778067918e-01
1.903614371763155955e-01
-9.536042708202652207e-02
-3.761690493607126040e-01
-6.203215390059979573e-01
-8.018892132098452974e-01
-9.040806716030764800e-01
-9.142764640913725316e-01
-8.308918695953579903e-01
-6.605500446723588936e-01
-4.236102663482717023e-01
-1.413877432018926239e-01
1.552767765465454808e-01
4.355762324938261543e-01
6.696794601638955680e-01
8.330629283579897848e-01
9.071625129248612751e-01
8.818214904353118833e-01
7.634507842096267538e-01
5.615741353423508997e-01
2.977230985985444001e-01
-2.173018588480957192e-03
-3.047851815964072175e-01
-5.797012579039976243e-01
-7.963323602440464111e-01
-9.310502439653995932e-01
-9.724388310925876633e-01
-9.139438850117147517e-01
-7.619747807967631736e-01
-5.305757871332814624e-01
-2.471628341834860576e-01
6.178432731881389195e-02
3.627945026623593527e-01
6.240418155086226992e-01
8.185971244242107314e-01
9.255717792442872405e-01
9.337916713987675088e-01
8.403304770711734761e-01
6.577826747993580359e-01
4.018883930386067949e-01
1.010106970569417673e-01
-2.144578897495486025e-01
-5.104239481678930490e-01
-7.567654529385012818e-01
-9.263128275534291411e-01
-1.000000000000000000e+00
-9.737343215265136243e-01
-8.477443113558713605e-01
-6.355264182719488897e-01
-3.571290386523734428e-01
-4.421814783597843856e-02
2.726148520603641767e-01
5.581483523659247492e-01
7.823259780975813094e-01
9.238314056510437133e-01
9.665222810708267165e-01
9.060082911040201470e-01
7.466455037292580865e-01
5.082818016866557098e-01
2.125320568633193297e-01
-1.074092719278296748e-01
-4.181915544570073973e-01
-6.869053541388706607e-01
-8.858376074673802725e-01
-9.936005192828463173e-01
-9.973339875824301926e-01
-9.008670847318760444e-01
-7.118534656142212480e-01
-4.508951774576550608e-01
-1.437143704716888903e-01
1.749224442730394902e-01
4.731345544425484828e-01
7.180689897914560582e-01
8.837218101720201169e-01
9.563687495406405503e-01
9.266466437782407972e-01
7.982312820781860552e-01
5.830042549874447921e-01
3.067167344085790504e-01
-4.684687423373690152e-03
-3.169957724838360358e-01
-5.974538691477143670e-01
-8.170582308703669971e-01
-9.528787807595132664e-01
-9.911210109699556403e-01
-9.262207065504259873e-01
-7.691663326168332038e-01
-5.338788755901939798e-01
-2.462961246299121276e-01
6.461609703006132577e-02
3.648052627508966417e-01
6.238905852863525503e-01
8.136834458715935803e-01
9.135985833904942677e-01
9.172758969009546792e-01
8.226051858187628518e-01
6.404533702341976831e-01
3.884157182233531902e-01
9.594555843959695629e-02
-2.086027575439428627e-01
-4.918613854077249492e-01
-7.239425050669470174e-01
-8.823145984803894004e-01
-9.499992232778915469e-01
-9.207790287972154042e-01
-7.963365812198871518e-01
-5.931757337348111392e-01
-3.298197601961463388e-01
-3.626018515201290260e-02
2.568271898736307346e-01
5.185280639193414753e-01
7.223032766316674902e-01
8.466186388506244942e-01
8.776800797861072923e-01
8.169055588022040570e-01
6.690759613860011168e-01
4.508180518350004551e-01
1.839732934935800479e-01
-1.008403176914453026e-01
-3.752595077224846198e-01
-6.091819608419706267e-01
-7.783191621564944374e-01
-8.689747173078651299e-01
-8.708144964552053668e-01
-7.845827426200109311e-01
-6.186878747627969632e-01
-3.939670043621017470e-01
-1.315529015602303620e-01
1.395624428769288716e-01
3.909567548074988075e-01
5.968390922631152673e-01
7.362523651497325794e-01
7.949753052633332651e-01
7.660368581523515630e-01
6.573753242135620400e-01
4.789553726886506269e-01
2.502716281540147136e-01
-5.590828540344650044e-03
-2.602123325162410961e-01
-4.880369199928606960e-01
-6.644110194629162525e-01
-7.707670392900881629e-01
-8.001541727872470977e-01
-7.487349233948057403e-01
-6.229627479543138335e-01
-4.354343385977047509e-01
-2.088773174807133648e-01
3.513553421995485593e-02
2.703080334602436796e-01
4.717570752307842508e-01
6.198317326243680814e-01
6.996248592744305217e-01
7.040502886183768183e-01
6.321635148984028341e-01
4.948159826026055086e-01
3.045057078018931218e-01
8.338927895750170016e-02
-1.451248579576428499e-01
-3.570449199691465569e-01
-5.313091919248192907e-01
-6.495253946670601630e-01
-6.992911437341913228e-01
-6.799201012860339732e-01
-5.927665124436540811e-01
-4.478168613690939326e-01
-2.599162270237457273e-01
-5.112328912132391157e-02
1.579326971810743885e-01
3.440817212431601657e-01
4.883503037278547065e-01
5.795284092218520033e-01
6.079591983116618970e-01
5.712881664646878299e-01
4.735445501909549826e-01
3.279598589274750342e-01
1.479335695617423063e-01
-4.650832835367679774e-02
-2.349011056411005605e-01
-3.981554339653660124e-01
-5.202376591765114355e-01
-5.885388400882414217e-01
-5.958760496672792506e-01
-5.460859627862719723e-01
-4.438176251191354726e-01
-3.000188268250261192e-01
-1.293630963967403735e-01
4.889908247741514558e-02
2.171643262900488924e-01
3.569675464034436363e-01
4.540259290076993359e-01
5.019918430182694902e-01
4.958119897167854173e-01
4.366495029408985484e-01
3.308560580626005443e-01
1.921011024439436277e-01
3.314401111970299851e-02
-1.289928006478913147e-01
-2.770876502893212523e-01
-3.967162597516262768e-01
-4.763791395324371569e-01
-5.079726401431798877e-01
-4.880626161486834036e-01
-4.223954505085312228e-01
-3.170128856336142942e-01
-1.836626126366107670e-01
-3.651065552940890857e-02
1.086220217201450122e-01
2.376482830278627834e-01
3.366667444244326735e-01
3.956755401887599444e-01
4.122753681317188335e-01
3.847303482282928844e-01
3.162483958308763832e-01
2.143852117938997992e-01
9.205687894973269003e-02
-3.932803686950137045e-02
-1.656509269903374548e-01
-2.737642242359354938e-01
-3.547091354681740638e-01
-4.006724810665057701e-01
-4.070320190074715461e-01
-3.735241981260974953e-01
-3.062359725894737705e-01
-2.110910944134766210e-01
-9.850208000342974834e-02
1.955274208009982750e-02
1.309461159347780068e-01
2.250691642759024003e-01
2.915815154395264841e-01
3.237500321878759024e-01
3.218973131860414227e-01
2.860773511196765817e-01
2.195733733447176039e-01
1.293463861874786236e-01
2.609739846934888696e-02
-8.043422436931180197e-02
-1.782732944372803496e-01
-2.573646738618656782e-01
-3.121066653531382462e-01
-3.371681438523154162e-01
-3.295765690914086443e-01
-2.904583131444299360e-01
-2.260549940037005490e-01
-1.418143571275940484e-01
-4.723156181818222166e-02
4.707254505905011932e-02
1.318389780935735889e-01
1.992116529031435768e-01
2.417474185364800743e-01
2.552257958578856289e-01
2.416651734511534588e-01
2.023387503744846772e-01
1.407566559798016925e-01
6.366954453010631454e-02
-1.962422559382548393e-02
-1.012384858175832125e-01
-1.717944151606314307e-01
-2.241830088905046869e-01
-2.561421589585483050e-01
-2.644158065196196006e-01
-2.475237751494883121e-01
-2.078397572469075083e-01
-1.510493269700349250e-01
-8.175816137995317590e-02
-7.495990846567823773e-03
6.340530523035048382e-02
1.243047102445682395e-01
1.697171728406099422e-01
1.944898375108090605e-01
1.962553979198562448e-01
1.776290671228706319e-01
1.401206416490703432e-01
8.695709133851758921e-02
2.389815849754706178e-02
-4.208769474684415091e-02
-1.048499098949117192e-01
-1.568394142365953092e-01
-1.928959800242974199e-01
-2.122407295879351619e-01
-2.129174238225113314e-01
-1.940117582778275729e-01
-1.579649455937779390e-01
-1.098834999116754529e-01
-5.371903534146738046e-02
4.310473200313413855e-03
5.769441315476675491e-02
1.019845634087028774e-01
1.331593675088287299e-01
1.469505100243273521e-01
1.419486411046382290e-01
1.210599054662786500e-01
8.590244581081618591e-02
4.000692571416419874e-02
-1.112241824795190404e-02
-6.198151539242136021e-02
-1.078895705454676612e-01
-1.430304874265800885e-01
-1.637775186334000654e-01
-1.706446469991881321e-01
-1.629055137683628196e-01
-1.405398922276072105e-01
-1.065469086667448773e-01
-6.590628566513190290e-02
-2.193901381679674856e-02
2.037552070595882725e-02
5.627171986152967875e-02
8.382107898874768814e-02
1.005339427768114913e-01
1.037208918034095984e-01
9.349428727645681114e-02
7.284672941258207857e-02
4.327029996352749208e-02
7.523274429660053997e-03
-3.004418815612364124e-02
-6.558532366383940104e-02
-9.597042957250301320e-02
-1.171600937049125379e-01
-1.270927301622541972e-01
-1.270938834789843153e-01
-1.169224424455539424e-01
-9.675050312585264933e-02
-6.922026974494865925e-02
-3.791427773648670119e-02
-5.361879536200597762e-03
2.441389219271927757e-02
4.803460920849778049e-02
6.477006204552249180e-02
7.311390983025156665e-02
7.094158147428020200e-02
5.869354440091778535e-02
3.927624476192459468e-02
1.415175226304921097e-02
-1.383047743550003261e-02
-4.102245256331615852e-02
-6.523651332958924076e-02
-8.440777273706279171e-02
-9.564093289623210037e-02
-9.797961208200633987e-02
-9.308838954238873864e-02
-8.117261728187585845e-02
-6.307731065922927982e-02
-4.160836233829989794e-02
-1.979243492397653181e-02
6.817364768296751976e-04
1.743621094382508119e-02
2.868681744794532307e-02
3.490545064524153140e-02
3.538289356330914792e-02
2.920325318939798187e-02
1.762927396048752371e-02
3.037393668726018348e-03
-1.351819664429820822e-02
-3.026863640923149745e-02
-4.515130396025457404e-02
-5.737896178679613435e-02
-6.585517569199861310e-02
-6.905114516261001700e-02
-6.695278701064588667e-02
-6.100729311246433362e-02
-5.155504180870451592e-02
-3.933453189487323698e-02
-2.604668346927607736e-02
-1.312455830006598045e-02
-1.601406514440961715e-03
7.042819380477904900e-03
1.201733486090783565e-02
1.383904961061488414e-02
1.224922085320967469e-02
6.981918172196177608e-03
-1.045308049155035945e-03
-1.045423566196956866e-02
-2.054464453029769544e-02
-3.023881586590992931e-02
-3.844440060036879991e-02
-4.487594280409712422e-02
-4.892951019104974097e-02
-4.964388715528389451e-02
-4.708696148975011209e-02
-4.225569219757119299e-02
-3.549567976820766635e-02
-2.763107775019846279e-02
-1.984425195501482442e-02
-1.282436370183848151e-02
-7.180135889318983722e-03
-3.757850884451130469e-03
-2.858062621917900614e-03
-4.019209616271002261e-03
-7.151654269491602989e-03
-1.177820504475646235e-02
-1.693299948094229013e-02
-2.172921297670493690e-02
-2.580006279234747790e-02
-2.884936135010229830e-02
-3.064170483118033861e-02
-3.146001325813885252e-02
-3.120793303300795074e-02
-2.977967843764117717e-02
-2.763203761397958758e-02
-2.537351119485942164e-02
-2.316732448752045759e-02
-2.119926354998202811e-02
-1.967977032908330148e-02
-1.846442551177540636e-02
-1.768911633774006287e-02
-1.754814197591159086e-02
-1.790311475717365486e-02
-1.854411042708503654e-02
-1.941736426657492132e-02
-2.039891842561070145e-02
-2.132056815771932179e-02
-2.210791320949290206e-02
-2.269696320096414865e-02
-2.308908629158412662e-02
-2.335002866215563078e-02
-2.358520850234169242e-02
-2.376303484065622751e-02
-2.375772489678384947e-02
-2.357375036080189279e-02
-2.327082602178764947e-02
-2.287446975861351373e-02
-2.245315668464054060e-02
-2.203873112112220145e-02
-2.159076537386894756e-02
-2.116105674975987672e-02
-2.085638303312142838e-02
-2.072379024896964239e-02
-2.079797722646348213e-02
-2.106111381952513462e-02
-2.142163665195595534e-02
-2.180046086165710051e-02
-2.210993981054498736e-02
-2.232737631648218368e-02
-2.245827861243387957e-02
-2.249063205454782111e-02
-2.245678656258132122e-02
-2.235853310409918748e-02
-2.220293848454146790e-02
-2.203850067073220842e-02
-2.191014426649429137e-02
-2.182643115720683813e-02
-2.178594358083840721e-02
-2.178660529480125341e-02
-2.180310748585678748e-02
-2.183752518186010683e-02
-2.189476695772796244e-02
-2.195546077247423344e-02
-2.200387344450194238e-02
-2.203717425618667569e-02
-2.205533854824659468e-02
-2.206107170560911435e-02
-2.206400473230019088e-02
-2.206335862825581362e-02
-2.206048795124826434e-02
-2.205674725904993583e-02
-2.205349110943277680e-02
-2.205207406016940208e-02
-2.205385066903164937e-02
