-2.779990154959421922e-02
-1.979853234799933137e-02
-2.277852715313521959e-02
-3.341800921818760539e-02
-4.839510179634198828e-02
-6.438792814078408977e-02
-7.807461150469952038e-02
-8.613327514127444573e-02
-6.946135297182409740e-02
-3.729177184486065499e-02
8.227400991905220451e-03
6.032096356978633445e-02
1.117563074000893497e-01
1.530365011418544086e-01
1.751340922769091257e-01
1.668203236076681861e-01
1.221312983384885698e-01
4.376931793955685102e-02
-5.975709240232240926e-02
-1.605156098150095634e-01
-2.352641754235332838e-01
-2.669208725713275721e-01
-2.482472255712603326e-01
-1.808797374128287005e-01
-6.899912482951864323e-02
6.644201935499616241e-02
2.044771526892925628e-01
3.105810739430894252e-01
3.585565840932909421e-01
3.383725409048174981e-01
2.492141854335820916e-01
1.099872695532893019e-01
-5.558717204083141183e-02
-2.081746599979829027e-01
-3.237827703795711498e-01
-3.818892673559544093e-01
-3.644864885066467775e-01
-2.723359005817240774e-01
-1.173951531714982899e-01
5.784123536823737588e-02
2.174883990047706828e-01
3.281999478099388856e-01
3.715874334393072242e-01
3.443345582545491723e-01
2.465185546438881659e-01
1.024433177590582389e-01
-6.380666310273452879e-02
-2.101378827160756968e-01
-3.039674074683912375e-01
-3.297599434883505820e-01
-2.815117460845134589e-01
-1.756283714028317178e-01
-3.435444307653845453e-02
1.015979566429505709e-01
2.085822544574611470e-01
2.676717715087040261e-01
2.616680312510408779e-01
1.914529575021117758e-01
6.778463846068705223e-02
-7.052265192514384218e-02
-1.911813314353704163e-01
-2.640034258235980369e-01
-2.747320437127726001e-01
-2.241990429437268340e-01
-1.154189728911985124e-01
2.422550042904103584e-02
1.699378972319445236e-01
2.827169392395147973e-01
3.341555668268321178e-01
3.141004336887212034e-01
2.205351022310602094e-01
7.568993736179074894e-02
-9.396125560753332273e-02
-2.469175677268001801e-01
-3.571677485347832803e-01
-4.023127640214584355e-01
-3.647259958639530453e-01
-2.480411036452879747e-01
-6.699915573000325697e-02
1.315640790101657576e-01
3.088785486710823314e-01
4.283859600461101813e-01
4.686753035736672679e-01
4.234069272892233560e-01
2.928869355251517703e-01
1.048812337728497468e-01
-1.139368569602535741e-01
-3.144635724164288604e-01
-4.565298246474384092e-01
-5.158211777805509213e-01
-4.792272025557393622e-01
-3.534824450162036280e-01
-1.562938479491001731e-01
6.680456321561756283e-02
2.843306296838552516e-01
4.538919482182937060e-01
5.387864071356727180e-01
5.270282866110218567e-01
4.178462714878943274e-01
2.350685492682869082e-01
7.830120791163963645e-03
-2.146005132610817601e-01
-3.996877902755293643e-01
-5.173002432567976872e-01
-5.410446247378924989e-01
-4.670528015601688177e-01
-3.035369060686303744e-01
-9.210133893531757820e-02
1.289934623314816786e-01
3.163191615279279389e-01
4.421171820014730969e-01
4.910080332655277768e-01
4.510178697694335881e-01
3.333918980466286097e-01
1.551941852548628376e-01
-4.030546796323986047e-02
-2.161961217265002677e-01
-3.414440386599897348e-01
-3.956401001617545488e-01
-3.723105013966226950e-01
-2.758471508841763287e-01
-1.379191303164537530e-01
2.030408872496325401e-02
1.634327500167496172e-01
2.601470831666901073e-01
2.971556132120103388e-01
2.683087427077996967e-01
1.860246868609491955e-01
6.837277207964920223e-02
-5.131622958486004027e-02
-1.529525676430817382e-01
-2.174437471287949952e-01
-2.272516705720359909e-01
-1.796501471161250363e-01
-8.191149432458089130e-02
3.153547469381257073e-02
1.328648086224997193e-01
1.972416038805826499e-01
2.127158270332667467e-01
1.786402196500624928e-01
9.559860100576056396e-02
-1.694204285544786970e-02
-1.399759541229534943e-01
-2.385821614607284147e-01
-2.863206330611324235e-01
-2.728601730246417167e-01
-1.955619316572307920e-01
-6.858016563907665120e-02
8.711936989078439275e-02
2.325945846104702230e-01
3.449227648309367567e-01
4.024195390430824748e-01
3.853627547187543634e-01
2.908499036678575678e-01
1.275457944813005451e-01
-6.826072326376730892e-02
-2.623514079664736043e-01
-4.135202574257638153e-01
-4.971757627179212990e-01
-4.977017180673718455e-01
-4.044234776948698595e-01
-2.330389901489877680e-01
-5.187367393693742557e-03
2.284905613721970319e-01
4.256209276384366191e-01
5.513352900661612210e-01
5.814620046529972441e-01
5.076627029473008701e-01
3.357184788290952238e-01
1.034333848282746882e-01
-1.574365561025810045e-01
-3.923942857069296908e-01
-5.548089995366032312e-01
-6.169535004269834921e-01
-5.656904177341137707e-01
-4.128591204045887197e-01
-1.805481624630960180e-01
7.772672436500194237e-02
3.238381268587762207e-01
5.116440632420253820e-01
6.016828279720969341e-01
5.807919691432408271e-01
4.499337077864675738e-01
2.435430601351111779e-01
-2.164741248482759950e-03
-2.330253860886745132e-01
-4.133358730750487098e-01
-5.151241046312635685e-01
-5.151784877396354823e-01
-4.175488720042698221e-01
-2.372049961970089660e-01
-2.473381565580234920e-02
1.773039912861160694e-01
3.284060753028443802e-01
4.033281646882382887e-01
3.942279618415462927e-01
3.002796129082634380e-01
1.507286376314505016e-01
-2.845490806896389113e-02
-1.900471503989932254e-01
-2.964231702756906506e-01
-3.295526573934642878e-01
-2.817576835438526661e-01
-1.681648344451772692e-01
-1.098703423376334865e-02
1.436353859769381458e-01
2.675543945448495275e-01
3.354485822486130697e-01
3.254510021634142714e-01
2.356187571456447305e-01
7.656760614685342858e-02
-1.069379785872819344e-01
-2.763050234686906803e-01
-3.890354463082583703e-01
-4.222419954111453766e-01
-3.688678600732767654e-01
-2.259265130581952219e-01
-2.206964181271708902e-02
2.110416023659380524e-01
4.145555221219696662e-01
5.440757144718439964e-01
5.727809599992219614e-01
4.858245168093611177e-01
2.946731861662517105e-01
2.435600036404461655e-02
-2.643534792941694134e-01
-5.260854685337459369e-01
-7.034198516404266410e-01
-7.516376285752661701e-01
-6.584084673077420513e-01
-4.292246514541623315e-01
-1.118131344248253223e-01
2.437891232114328677e-01
5.605715800828137141e-01
7.855118989667173590e-01
8.763035225247646220e-01
8.029211127960191874e-01
5.767800584678328679e-01
2.253180403090921935e-01
-1.711133320771919264e-01
-5.427129609703313928e-01
-8.148466092649148118e-01
-9.383790663586216718e-01
-8.932885324908034219e-01
-6.747834067916236300e-01
-3.310683400414756727e-01
8.759660263653090695e-02
4.893069958048998913e-01
7.992144512101855280e-01
9.607924059345347434e-01
9.402129502349516610e-01
7.464468206830370267e-01
4.062136609970663503e-01
3.945340164683841522e-04
-4.078914651237437461e-01
-7.350967091249347440e-01
-9.146751274679001398e-01
-9.208794537998852281e-01
-7.480804690897580045e-01
-4.403192803406136280e-01
-4.812195547783981731e-02
3.389653037012876347e-01
6.572379720358076938e-01
8.518890370086162900e-01
8.812225491094058949e-01
7.449809163009264434e-01
4.605545342258174912e-01
1.011845279325396252e-01
-2.682627315743147944e-01
-5.709111718645115685e-01
-7.562451385756914224e-01
-7.982088890652250246e-01
-6.811406718499144475e-01
-4.383564158220062401e-01
-1.085534208452657579e-01
2.281538285736190996e-01
5.080275073000535269e-01
6.811718621331441792e-01
7.137135880455947046e-01
6.046327844627485959e-01
3.697516389701021033e-01
7.121332713600203590e-02
-2.428618088478119441e-01
-5.030479193324629561e-01
-6.534839902587414873e-01
-6.709971795329898736e-01
-5.494900186487252647e-01
-3.223437264025226234e-01
-2.834330885448799187e-02
2.609094053135030400e-01
4.963936404027842197e-01
6.349357220651004052e-01
6.427408101979137367e-01
5.202349400548729186e-01
2.830733639654632317e-01
-4.976830060740455863e-03
-2.888240318771474469e-01
-5.080486007286841854e-01
-6.249834831260742130e-01
-6.242512026777511380e-01
-4.971516073876821595e-01
-2.738929749027848581e-01
1.045224052846016605e-02
2.872686631178049677e-01
5.027356826419751012e-01
6.184591218083432818e-01
6.109183029535765197e-01
4.854570574797296700e-01
2.611366767498755070e-01
-5.178964518286699459e-03
-2.726369261925373211e-01
-4.862329822919323474e-01
-6.003214665729494914e-01
-5.981176332501219051e-01
-4.767189183816953335e-01
-2.659951532506462657e-01
-7.734223995230493642e-04
2.594491402026732896e-01
4.745037938678458023e-01
6.073452770121612332e-01
6.274966508956385525e-01
5.319263360646702132e-01
3.306347009811734239e-01
7.227987740804553418e-02
-1.985523232776040814e-01
-4.290257497193168401e-01
-5.836630557470221525e-01
-6.394787239135328871e-01
-5.801354777380438588e-01
-4.173821177118933745e-01
-1.705638014332485630e-01
1.069796648953489360e-01
3.677488919309273019e-01
5.634692801546843377e-01
6.597531081485321636e-01
6.366213497824908529e-01
4.908670932890757399e-01
2.578233869061690164e-01
-3.307575536081830414e-02
-3.213219777053296644e-01
-5.523148689638606168e-01
-6.836603071326596837e-01
-6.873918217232040107e-01
-5.600264424748139236e-01
-3.155542275452114520e-01
-1.029118330555478522e-02
3.102519260333358453e-01
5.763646793144447944e-01
7.304711678054922608e-01
7.434920830667626213e-01
6.057526079692838739e-01
3.479733990154056933e-01
1.006631449992134719e-02
-3.284020920159572698e-01
-6.099693502606626794e-01
-7.783082134785435091e-01
-7.905084935253270384e-01
-6.421665023542677542e-01
-3.492180654405832030e-01
1.283317579736231728e-02
3.764487256536259707e-01
6.608070578628026936e-01
8.132006826292255131e-01
8.080517419166994841e-01
6.330683590720835863e-01
3.300747889698047999e-01
-5.232484883677501752e-02
-4.194099803470627830e-01
-6.972398273554037962e-01
-8.304151967593982331e-01
-7.869830177276303518e-01
-5.822348696979299243e-01
-2.481610139912043822e-01
1.288537268861189578e-01
4.841642990920083101e-01
7.421330685491569490e-01
8.446057016169514764e-01
7.709875662410337060e-01
5.248191094299021753e-01
1.761745803272438682e-01
-2.096804428446312762e-01
-5.439190867560439457e-01
-7.664822283910879275e-01
-8.391706798866217509e-01
-7.386726429199736987e-01
-4.934341629591226797e-01
-1.415247685307791103e-01
2.290008524318940530e-01
5.471627299635553054e-01
7.492569040951717607e-01
7.947570410927364826e-01
6.811929278975845659e-01
4.249693121009834318e-01
9.767125129268694472e-02
-2.468301216879039695e-01
-5.323893289169312482e-01
-6.989258094596463300e-01
-7.219198012804945996e-01
-5.936161458546088676e-01
-3.524009817507078868e-01
-4.174038611145969302e-02
2.624409811017183181e-01
5.072671647507651649e-01
6.475130963402244699e-01
6.502158101211905628e-01
5.211534660338716929e-01
2.800144687865204762e-01
-3.925804266528443165e-03
-2.734625295587560512e-01
-4.703077549017433689e-01
-5.591360893376338126e-01
-5.321518203978552464e-01
-3.887722700517285412e-01
-1.698197979611365538e-01
8.559421661096155987e-02
3.107854382066008725e-01
4.556439196699793026e-01
4.950622802408803924e-01
4.180914977259546639e-01
2.486137494257403269e-01
1.836054908425999166e-02
-2.086040374666509045e-01
-3.904529845291955237e-01
-4.899151300273937304e-01
-4.780601004939667442e-01
-3.560866988032030944e-01
-1.394470506758093142e-01
1.124227038827141367e-01
3.483979145823226098e-01
5.116695008809508671e-01
5.696791449246469963e-01
5.128480555408465591e-01
3.385523997091850479e-01
8.540590737659048415e-02
-2.059671265280953456e-01
-4.635734044719135305e-01
-6.332703229681241330e-01
-6.821950166859372944e-01
-5.924604061251590448e-01
-3.802452405201397490e-01
-7.527638244586543070e-02
2.526072739246993937e-01
5.510803504518810847e-01
7.573129687579149838e-01
8.228783646863411239e-01
7.340633641058322834e-01
4.961618295244560883e-01
1.617069063871114931e-01
-2.161550276851219587e-01
-5.582336899726874080e-01
-8.094041816919373966e-01
-9.257145868959539836e-01
-8.752852126400090249e-01
-6.667042455294108771e-01
-3.241113808980071731e-01
7.622579427346676262e-02
4.672868579424833690e-01
7.756886172961627857e-01
9.502126511722586155e-01
9.629937651689155498e-01
8.024337264809242587e-01
5.053576319496373426e-01
1.112401606415540645e-01
-2.977618860003277135e-01
-6.508204996405455578e-01
-8.867789445849713070e-01
-9.639591666239799572e-01
-8.724985816674635242e-01
-6.224835552714993447e-01
-2.745261370483889074e-01
1.223179361051078828e-01
4.899370690269464479e-01
7.608886377017904934e-01
8.927841978491835029e-01
8.622315179062089996e-01
6.836234052051834986e-01
3.843825925602737392e-01
3.454147867357115764e-02
-3.132144322273903159e-01
-5.943673063024628167e-01
-7.554667990420997903e-01
-7.772596085446237257e-01
-6.560575850228742567e-01
-4.284978428016326113e-01
-1.348387884085675559e-01
1.586629968053108186e-01
4.063397653250633290e-01
5.709452978205422635e-01
6.212813628542739330e-01
5.552438406171464891e-01
3.834870374485832567e-01
1.565648202184455329e-01
-8.137286978637692236e-02
-2.811229911699749673e-01
-4.108395886842093336e-01
-4.536967845427549717e-01
-3.993563139923695937e-01
-2.701099610834958309e-01
-8.849381082358376283e-02
9.600581274154218470e-02
2.438893635816206107e-01
3.304587537952925480e-01
3.390238230105071526e-01
2.713937558335388633e-01
1.403370307562015196e-01
-1.390234300604464845e-02
-1.644641094285131944e-01
-2.758435743500537995e-01
-3.178585229172231630e-01
-2.796415611576895666e-01
-1.638427012470040633e-01
-5.475715406586201262e-03
1.627162448421597407e-01
2.965174873070910433e-01
3.700856769181393169e-01
3.673378431898972618e-01
2.760467123055849736e-01
1.114191653987808284e-01
-1.028661202147475029e-01
-3.107116007006901492e-01
-4.674294506362469681e-01
-5.364121601159868025e-01
-4.975654993894988998e-01
-3.545166204093529450e-01
-1.219677623371997477e-01
1.486824966685906801e-01
4.155320495904455402e-01
6.169269168244635448e-01
7.046397172107770057e-01
6.596261244036949467e-01
4.794020447618949632e-01
1.983509348529575167e-01
-1.411721503746579121e-01
-4.628849114341483384e-01
-7.133191264368098361e-01
-8.442860388866638699e-01
-8.195088593547815714e-01
-6.381086566392972781e-01
-3.183841720782072393e-01
6.766422823075779469e-02
4.544840001378307459e-01
7.623082514806489574e-01
9.382044503388782264e-01
9.517780862724649626e-01
7.862708631646047053e-01
4.764693785920790514e-01
6.571252361636448214e-02
-3.554275859222190137e-01
-7.128016029415138455e-01
-9.424037927645844137e-01
-1.000000000000000000e+00
-8.768470293796055692e-01
-5.861992115269224479e-01
-1.962776385553254288e-01
2.358913239089681646e-01
6.227598112357082272e-01
8.918868817465737120e-01
1.000000000000000000e+00
9.260463711781510288e-01
6.929268884318731114e-01
3.351276754465544183e-01
-6.732814588597346717e-02
-4.540605944107339864e-01
-7.547430338849290266e-01
-9.123081956549355942e-01
-9.086208831437778688e-01
-7.424508401523548518e-01
-4.561771915255804499e-01
-9.577629239108598203e-02
2.638769711413744279e-01
5.692613007378961587e-01
7.722346585965027543e-01
8.335051481812647545e-01
7.489177961242947656e-01
5.285664309026072427e-01
2.265709767766450611e-01
-1.065518180535495185e-01
-4.079520872075709237e-01
-6.327441476870092618e-01
-7.482479190989017592e-01
-7.306107356636313277e-01
-5.893963444804841689e-01
-3.423300147798806758e-01
-4.690487089074646399e-02
2.453635853620512730e-01
4.825503798435224478e-01
6.265844827632904845e-01
6.555236762791762928e-01
5.623075568573145944e-01
3.769051130892071555e-01
1.251330395367047377e-01
-1.366592301033424661e-01
-3.576294567205388075e-01
-4.993012512840508954e-01
-5.368724216454692222e-01
-4.688844732026316020e-01
-3.075554203118532337e-01
-1.003287686614336982e-01
1.192831625013357488e-01
3.037911821231260578e-01
4.121567644634005489e-01
4.267425286248824889e-01
3.437110216339283042e-01
1.926226352173008305e-01
5.452769295968051821e-03
-1.668479035127045096e-01
-2.926890725320704378e-01
-3.499059789529925801e-01
-3.208092426545103848e-01
-2.142333331243708727e-01
-4.811742564459298155e-02
1.271895914801783878e-01
2.713283739587142307e-01
3.497990018559187231e-01
3.453259703303757089e-01
2.626754101736490377e-01
1.118720375512254339e-01
-6.645449510075529531e-02
-2.398381797297712836e-01
-3.652698035302928137e-01
-4.110852346399046509e-01
-3.663131873997432786e-01
-2.320189871356519440e-01
-4.576129811074591824e-02
1.557353952763242955e-01
3.243914384377046822e-01
4.300604662877438589e-01
4.523489430904168440e-01
3.774952906679098774e-01
2.208291979125296400e-01
6.130474026857957170e-03
-2.102109948623649416e-01
-3.840720124044695316e-01
-4.807431339180832097e-01
-4.801389749813407271e-01
-3.844531542811231439e-01
-2.063509210363205781e-01
9.472636984926730008e-03
2.296304663327948248e-01
4.066330216326390357e-01
5.016031565096563671e-01
4.989439628155003525e-01
3.960456171017436855e-01
2.200402698537495816e-01
1.682280544012648704e-03
-2.082313091208780609e-01
-3.770156367976456036e-01
-4.778119054990584980e-01
-4.874064137636202609e-01
-4.043223530614634686e-01
-2.388603536737001765e-01
-3.459023919555659354e-02
1.703686360285057155e-01
3.346652616941414582e-01
4.324015692514999731e-01
4.496842997247920692e-01
3.787026301124301053e-01
2.397020981885691349e-01
5.345203008509380460e-02
-1.346141718152600308e-01
-2.870902429351785967e-01
-3.793229004533017479e-01
-3.942593943073827711e-01
-3.303362808411819396e-01
-1.978577572678438257e-01
-3.311810113540125666e-02
1.387675738311888729e-01
2.803956547129746735e-01
3.590507464742438426e-01
3.612248669927753397e-01
2.850249760780385611e-01
1.526621830816765613e-01
-1.101646412462664593e-02
-1.651909119299738160e-01
-2.850570975538853080e-01
-3.500877173319891789e-01
-3.415670041875211727e-01
-2.600057659118260034e-01
-1.162692842153275619e-01
4.857582011434047331e-02
2.000319195047646215e-01
3.059017497611582481e-01
3.478727573753721547e-01
3.210200119565593813e-01
2.247494022865514918e-01
8.233621142366165380e-02
-8.376183830301120459e-02
-2.314142538827278495e-01
-3.272162396156553799e-01
-3.547256494437699414e-01
-3.064226513150050124e-01
-1.931642769081589606e-01
-3.439639222760537685e-02
1.282778817030456597e-01
2.692449381031580824e-01
3.621500381050235529e-01
3.830410645946136228e-01
3.251480640066024552e-01
1.937877521205846332e-01
2.338020035900201243e-02
-1.537307195440459351e-01
-2.981291782165097493e-01
-3.870256670464993221e-01
-4.067879045292032147e-01
-3.462026638328995487e-01
-2.172181852192434093e-01
-3.799627778589831362e-02
1.474532575453875172e-01
3.035161686848266704e-01
4.027983092702682733e-01
4.268053522608123984e-01
3.701892753759410404e-01
2.390081972499560337e-01
6.549718560132133938e-02
-1.259861343441340820e-01
-2.939497356440433640e-01
-4.026479557901386785e-01
-4.351429425520132455e-01
-3.845381906470443090e-01
-2.616528070121481031e-01
-8.526543443880951756e-02
1.032755391594708527e-01
2.768292424110057048e-01
4.036305258874377522e-01
4.549818370447329396e-01
4.225792129467209612e-01
3.092482134665599514e-01
1.431163522824794310e-01
-4.687068105031255705e-02
-2.206904343396661750e-01
-3.535541227941676468e-01
-4.264462623631786187e-01
-4.214881808948400810e-01
-3.398388446552028652e-01
-1.923626777965742329e-01
-1.799361776233798782e-02
1.499348010199381687e-01
2.807511607341501847e-01
3.546264145904149956e-01
3.618071849587085609e-01
2.988622970423362446e-01
1.842057909924612602e-01
3.424000890299350175e-02
-1.155966611748195927e-01
-2.343649545606318885e-01
-3.043492392096001087e-01
-3.150716278333132170e-01
-2.679491491506525991e-01
-1.729892030983267714e-01
-5.843196024644048414e-02
5.988198761854657270e-02
1.610468361237129553e-01
2.233560103364089500e-01
2.373288387611280914e-01
2.020257220547316823e-01
1.349471876660526259e-01
5.350428567656440038e-02
-2.159537851900683592e-02
-8.132816896222827552e-02
-1.219918614992515637e-01
-1.351679671642616043e-01
-1.126272486369057635e-01
-7.657756989923658608e-02
-3.076617738001052871e-02
2.105968249201506381e-02
7.515276328808240258e-02
1.277658185794345869e-01
1.751516019373136057e-01
