5.184276501141904525e-02
-2.150628307530882966e-01
-3.909381115204374479e-01
-4.868680653621252352e-01
-5.139376803496495949e-01
-4.832319445545073533e-01
-4.058358460481961139e-01
-2.928343729022135911e-01
-1.566319696317022281e-01
-3.044542589946019895e-03
1.540366967225128558e-01
2.929453415175164999e-01
3.964246275386533735e-01
4.550970333100918808e-01
4.609053425736522325e-01
4.137816063134045486e-01
3.180364885465669644e-01
1.871650259844193087e-01
3.445877791452667260e-02
-1.207239581588912536e-01
-2.598143826121086519e-01
-3.668082505455914077e-01
-4.294902904329030990e-01
-4.409397731043795954e-01
-3.989935642639131919e-01
-3.112327585399941032e-01
-1.859773306703247364e-01
-3.995990021330597664e-02
1.093626930029991673e-01
2.442611564745862385e-01
3.497603860376685692e-01
4.130879186262821356e-01
4.264747042694900792e-01
3.924380588195159891e-01
3.140926877621703639e-01
2.011043351920518418e-01
6.639497045685271992e-02
-7.232447780608974863e-02
-1.998131939398681833e-01
-3.003673184055787315e-01
-3.624272329516503577e-01
-3.827488238796751263e-01
-3.585475189210945990e-01
-2.930631311072624534e-01
-1.939570975762624494e-01
-7.518174190502013854e-02
5.112803522643538656e-02
1.699095491989501827e-01
2.669565662528530225e-01
3.325303745330128180e-01
3.597871946781043828e-01
3.469109815078033066e-01
2.954657494863655032e-01
2.138793316368887698e-01
1.102090355717790793e-01
-2.628034748232699336e-03
-1.112961820305915506e-01
-2.040176182630272228e-01
-2.711517197513290123e-01
-3.053563174207831743e-01
-3.029479931054255282e-01
-2.676303868074942915e-01
-2.027933004599804523e-01
-1.161263225374518093e-01
-1.754625338849713501e-02
8.132479786268120847e-02
1.702887817642919632e-01
2.387664624386012235e-01
2.793966528480971157e-01
2.912519536597810710e-01
2.729975969488678267e-01
2.264504414963535162e-01
1.569560190264513988e-01
7.368926843148582151e-02
-1.545521491127599401e-02
-1.003941464179052279e-01
-1.717540091135199010e-01
-2.236874702110276392e-01
-2.511698664701609296e-01
-2.509305413575833033e-01
-2.230724943694503137e-01
-1.726940765828114399e-01
-1.040591548591573989e-01
-2.474275232819256320e-02
5.628389818796053490e-02
1.308344891390731402e-01
1.918940678409850609e-01
2.323450784598926067e-01
2.479198934375332897e-01
2.397445040338146427e-01
2.082244820420862119e-01
1.555807639423665290e-01
8.731665616794548335e-02
1.157028881047317270e-02
-6.484939132580302967e-02
-1.333035327221726574e-01
-1.866416926107283825e-01
-2.214544666417378460e-01
-2.338256614771190289e-01
-2.209205517174336331e-01
-1.838008600459783981e-01
-1.275362825385670806e-01
-5.633056605349029411e-02
2.281270004007840413e-02
1.014860266315986692e-01
1.714877238252869862e-01
2.259602351675078502e-01
2.576358689125786139e-01
2.624297757807405596e-01
2.419053766100349723e-01
1.970244469251538622e-01
1.308113973897835347e-01
4.959451287908289707e-02
-3.726676718182964088e-02
-1.216283965411797396e-01
-1.932638099101482432e-01
-2.439783582115996330e-01
-2.696980998628411008e-01
-2.668737167981650726e-01
-2.343335540315545362e-01
-1.747734608351774188e-01
-9.557000107433688552e-02
-3.192143752448362015e-03
9.219378460803540065e-02
1.797290333829102416e-01
2.498347443271127233e-01
2.950121188013719031e-01
3.086331863096329897e-01
2.879081692032956497e-01
2.370006488698790381e-01
1.597672638428275782e-01
6.417444051527043669e-02
-3.950691443246545642e-02
-1.392806015369121297e-01
-2.248459543759524504e-01
-2.853133799706746299e-01
-3.133477596149473188e-01
-3.079491230542451552e-01
-2.684621654674594904e-01
-1.981682705611088613e-01
-1.042387330865991446e-01
1.393360558844092267e-03
1.087941508126382129e-01
2.056501543963455969e-01
2.807738818664684555e-01
3.271738177657943503e-01
3.394127781386666598e-01
3.155001392799554605e-01
2.573796509511370179e-01
1.726918386428428764e-01
6.874603001102341793e-02
-4.249734703082530540e-02
-1.485485728257704974e-01
-2.379671571112444983e-01
-3.014152858308540850e-01
-3.309820027834643463e-01
-3.227140965870837208e-01
-2.802085593802049468e-01
-2.068482076523961988e-01
-1.099412033646207654e-01
4.421947649833057881e-04
1.115258416283066989e-01
2.120710286652123244e-01
2.899541899798256939e-01
3.365170791274720852e-01
3.494645328939971485e-01
3.266964412285744412e-01
2.699288016326955031e-01
1.849133105921887399e-01
8.229946427042644785e-02
-2.862786059685373807e-02
-1.357182611214334811e-01
-2.271224026689795394e-01
-2.941359609771770911e-01
-3.300038391519490855e-01
-3.304613949341093093e-01
-2.949705346544603257e-01
-2.292966180212291372e-01
-1.389097189542255473e-01
-3.376041472576174485e-02
7.473355115821189720e-02
1.753255785369014497e-01
2.583016695390103479e-01
3.141912137236475555e-01
3.369785461152570161e-01
3.271534653247438751e-01
2.850828725309868528e-01
2.143083388947815138e-01
1.219936145685489581e-01
1.893045775901480710e-02
-8.546097831356491703e-02
-1.797263947317465638e-01
-2.542190018751022684e-01
-3.036359541502645643e-01
-3.226939092599068193e-01
-3.083339637208920569e-01
-2.617974498628471425e-01
-1.892443610554958022e-01
-9.632168255497342013e-02
7.693510374712886346e-03
1.121584603444936157e-01
2.066754219320721120e-01
2.823229889382306013e-01
3.301737674940110612e-01
3.448181976140165528e-01
3.272027737357876553e-01
2.780304615904380938e-01
2.007337917618294831e-01
1.024218906498026715e-01
-6.205652330644517711e-03
-1.153206438335778738e-01
-2.126234606753084622e-01
-2.879698702128071774e-01
-3.353437017498686057e-01
-3.492722397668465151e-01
-3.266557393596792869e-01
-2.689585021688346567e-01
-1.832377906508362297e-01
-7.612040627357874456e-02
4.100863036918966920e-02
1.556596046114793186e-01
2.560648157360465582e-01
3.323245860520616102e-01
3.751022496990046307e-01
3.790606363072501761e-01
3.459927174210783996e-01
2.778590573757977467e-01
1.804261226079801883e-01
6.312019786980593850e-02
-6.065836798131030161e-02
-1.791190957550112817e-01
-2.786073461471668677e-01
-3.485102695131913064e-01
-3.837691581695944487e-01
-3.796780940959422201e-01
-3.353198808433552891e-01
-2.546522828981581110e-01
-1.474070426569753511e-01
-2.267089722560133858e-02
1.060723225800876968e-01
2.249904251448850978e-01
3.217714513561142908e-01
3.865493908840373916e-01
4.115167691632266589e-01
3.931484814306458464e-01
3.359535880405133401e-01
2.445403384472040198e-01
1.279950323014704683e-01
-1.875486761508504685e-03
-1.305480493340313020e-01
-2.452246062936058735e-01
-3.324891528641995553e-01
-3.827587560680979495e-01
-3.935376142794929644e-01
-3.629488061594033921e-01
-2.937069990900159633e-01
-1.927580550924904434e-01
-7.249545679307978219e-02
5.603611644968431449e-02
1.788051263798822177e-01
2.824815082836062974e-01
3.574422251077726820e-01
3.962325422550205811e-01
3.947776328285363956e-01
3.529942194380686349e-01
2.774684104371836213e-01
1.746308640215155084e-01
5.605906491452583573e-02
-6.541976696093676491e-02
-1.776083233413781048e-01
-2.699326975146758567e-01
-3.325316427501415761e-01
-3.591833141351933323e-01
-3.507821475451228244e-01
-3.080294270736294582e-01
-2.350320395030420784e-01
-1.394304420649178367e-01
-3.222189554928700517e-02
7.680492841554098504e-02
1.761284369250619708e-01
2.563446122238481895e-01
3.128704150895769143e-01
3.404892212546026808e-01
3.359830284613583018e-01
3.003927970165964911e-01
2.393532420318522647e-01
1.576336927488033446e-01
6.260954548471220349e-02
-3.659494029748733279e-02
-1.312735945127680992e-01
-2.136218412810868550e-01
-2.754193681026154694e-01
-3.111733523669245605e-01
-3.203980653286282454e-01
-3.018459608893825363e-01
-2.554788641093965751e-01
-1.850825174471520951e-01
-9.735392732411185523e-02
1.243512229807119951e-03
1.017084009451896254e-01
1.953616136494786826e-01
2.752256676379951639e-01
3.340205572930543543e-01
3.634817500242133459e-01
3.597828177218402868e-01
3.247498011033855825e-01
2.597041193885429866e-01
1.682706896979142552e-01
5.787026079141188717e-02
-6.119074364688570355e-02
-1.790856503147877365e-01
-2.830497850951473326e-01
-3.625934443903779947e-01
-4.104732715471250959e-01
-4.202897046236303558e-01
-3.876664005204691898e-01
-3.137394422247014036e-01
-2.063757776457877391e-01
-7.289614026653956635e-02
7.496768922576424465e-02
2.232228684865813495e-01
3.562967867359285723e-01
4.606350047753735577e-01
5.222959417598942444e-01
5.325810127515075987e-01
4.906093435348359844e-01
3.971720172742088106e-01
2.590697581607512845e-01
8.790475742957148952e-02
-9.786829106249783639e-02
-2.810837413794708972e-01
-4.407136712503609832e-01
-5.587314844680166814e-01
-6.221125351874087217e-01
-6.215658550856695275e-01
-5.543669856899715587e-01
-4.241693101674426369e-01
-2.449024708247458104e-01
-3.139319757530367738e-02
1.931869724070411909e-01
4.052910620362977223e-01
5.810054017002048710e-01
7.008020436050197421e-01
7.484173314884026151e-01
7.150943705908499037e-01
6.058408293401547073e-01
4.282634012146206981e-01
2.003735506160990720e-01
-5.572879364461569285e-02
-3.107628678454693594e-01
-5.383350879616490836e-01
-7.110618889110352780e-01
-8.083317656816240149e-01
-8.205472151944410708e-01
-7.427338535740207748e-01
-5.819883517905974912e-01
-3.525727197524433087e-01
-8.157078642152737480e-02
2.053902334371937588e-01
4.759892399428165000e-01
7.002259972400286525e-01
8.534186249878545905e-01
9.173520589200048203e-01
8.842640432405952655e-01
7.544766819682331427e-01
5.435838067271181462e-01
2.699550362472054044e-01
-3.519200798939359220e-02
-3.399890810950403353e-01
-6.104348204652858545e-01
-8.175421905701806269e-01
-9.371284841207685457e-01
-9.539099809427422638e-01
-8.693621948622368700e-01
-6.891099584650788312e-01
-4.327904016866891412e-01
-1.254362698811457566e-01
1.973724964685694694e-01
5.024813453125360763e-01
7.545777843547634145e-01
9.256943784894797744e-01
1.000000000000000000e+00
9.670629876747716125e-01
8.307787194002869136e-01
6.033937095436820996e-01
3.127506389281704546e-01
-1.328288925442278057e-02
-3.378500392780218187e-01
-6.259363622551266104e-01
-8.465898244880986079e-01
-9.757667474404916330e-01
-1.000000000000000000e+00
-9.145133315706331922e-01
-7.320732492345858322e-01
-4.689481372596896458e-01
-1.560671058823739354e-01
1.738114546381777092e-01
4.841421279943862732e-01
7.427153993265671605e-01
9.210382343635155067e-01
9.990643946063748615e-01
9.729346690803784004e-01
8.434874131328737867e-01
6.262419832303716127e-01
3.429849347447766483e-01
2.740528577803558186e-02
-2.886802864786327527e-01
-5.697294548218396759e-01
-7.859001830886661599e-01
-9.176975956809111379e-01
-9.503038699512429410e-01
-8.818284505703750664e-01
-7.187652479947158612e-01
-4.825669284587084107e-01
-1.957968202768011201e-01
1.088857878575861804e-01
3.993052104451528805e-01
6.450260996343042397e-01
8.208421910327179383e-01
9.089976969407926877e-01
8.996948372127810956e-01
7.998045780580260722e-01
6.187811722120657443e-01
3.773631190954327419e-01
1.002563733318264649e-01
-1.812589652106069149e-01
-4.387430914241141622e-01
-6.446045011675406444e-01
-7.776266250482275488e-01
-8.289677452019837967e-01
-7.932007284396921376e-01
-6.763757835962329601e-01
-4.908856899492261006e-01
-2.601151210363109589e-01
-6.458987421955941777e-03
2.427101350499141219e-01
4.612722485198712530e-01
6.284622720132553297e-01
7.282397962992945839e-01
7.527831378644294080e-01
7.001259781749149536e-01
5.802027410802779173e-01
4.045664214740019027e-01
1.941910632002827874e-01
-2.858062012397677432e-02
-2.410567995318120271e-01
-4.229503705589204854e-01
-5.565176747485293118e-01
-6.292313705048844241e-01
-6.394886636459278240e-01
-5.870733238626697492e-01
-4.791922378992040654e-01
-3.276119786982971682e-01
-1.500969429495169205e-01
3.644235818722108000e-02
2.127832937015539105e-01
3.626108555918994281e-01
4.760317930890942684e-01
5.432346846872289081e-01
5.590028643184619117e-01
5.235295787349003582e-01
4.441545196266625251e-01
3.280485433529745087e-01
1.865806161416401210e-01
3.324143796892697900e-02
-1.185486285825367858e-01
-2.563119449856459120e-01
-3.678808043179400133e-01
-4.441713137798734001e-01
-4.823578537013087919e-01
-4.794015048488795561e-01
-4.344186340983993144e-01
-3.512314254688296833e-01
-2.381480326618472532e-01
-1.037331307170040740e-01
4.024450917674093908e-02
1.818746557355765958e-01
3.107963782859448632e-01
4.162563130278058576e-01
4.869744251275620606e-01
5.161981245056097567e-01
5.026069643530306497e-01
4.453575161739513621e-01
3.465486701270064085e-01
2.133178725064164283e-01
5.745381594686294058e-02
-1.092852154936532205e-01
-2.708338519586663828e-01
-4.124022462225540586e-01
-5.212127073635075547e-01
-5.854480861669079106e-01
-5.944503344044419491e-01
-5.444099733750895620e-01
-4.403841643611221546e-01
-2.885981551264559242e-01
-1.011543604765163806e-01
1.058311515645875556e-01
3.107537514154761205e-01
4.939579871083239482e-01
6.337041320945275835e-01
7.137231429013324302e-01
7.255707724425353167e-01
6.641126838188704529e-01
5.323510246299423265e-01
3.402178757585196944e-01
1.082987411737350580e-01
-1.431544361642321794e-01
-3.867122476025257605e-01
-5.961410496518568802e-01
-7.477111004368943714e-01
-8.235795489813492187e-01
-8.128276854443646782e-01
-7.124158297545071239e-01
-5.337824036094422908e-01
-2.911960138489846361e-01
-1.121816529089925130e-02
2.776358506071232579e-01
5.427507643665812065e-01
7.559358437669381203e-01
8.915453137074118573e-01
9.322688239314715908e-01
8.755134947992995187e-01
7.233972461337765392e-01
4.919331399104094338e-01
2.032609425076470355e-01
-1.085597648755746158e-01
-4.120793720976904106e-01
-6.722028428182302839e-01
-8.598030944050496505e-01
-9.561920465957065574e-01
-9.485423092309041015e-01
-8.378190110810317393e-01
-6.334402129763874179e-01
-3.608630181803043069e-01
-4.626461816159888052e-02
2.738080704346015359e-01
5.645577738050848726e-01
7.941525864178176075e-01
9.374662546161700583e-01
9.797039917977987677e-01
9.146407561664040564e-01
7.535485745830226012e-01
5.111389826605847730e-01
2.166239576229358477e-01
-9.877613001726837094e-02
-3.992488479958570258e-01
-6.532638394383650793e-01
-8.328457959756017104e-01
-9.182058601770212158e-01
-9.057494631909737137e-01
-7.958803399304914539e-01
-6.031488049213720171e-01
-3.477885328260984510e-01
-6.110745758420743634e-02
2.273921883701071067e-01
4.852821382129657302e-01
6.853041007760207748e-01
8.104490823173884362e-01
8.480079951699179830e-01
7.973819098995049703e-01
6.648102544533964764e-01
4.698344688893847376e-01
2.321293673624147402e-01
-2.095743742880429306e-02
-2.623772523255447631e-01
-4.681040662325486323e-01
-6.182648426230443750e-01
-6.996831637752113364e-01
-7.051682917721602273e-01
-6.409458323650818468e-01
-5.144665143564469689e-01
-3.419159502102299131e-01
-1.421806708111996720e-01
6.325602440947553085e-02
2.547210268085371432e-01
4.137997011499756628e-01
5.261416039698012526e-01
5.867958801308006400e-01
5.916879591488197754e-01
5.431220251970798607e-01
4.479330517659978472e-01
3.186694320134506597e-01
1.670276882929198070e-01
7.259084098963031195e-03
-1.462188571169981133e-01
-2.826901700820618757e-01
-3.915619530966053530e-01
-4.637512556593124113e-01
-4.942149400081744526e-01
-4.843566105784045117e-01
-4.351511522632035556e-01
-3.493478071429616527e-01
-2.338226929677430510e-01
-9.792842763187148414e-02
4.840473195698957731e-02
1.925084569728843231e-01
3.229241593275311573e-01
4.304419093687910092e-01
5.052762764195126710e-01
5.368884802902094133e-01
5.206524529874803076e-01
4.584938367149704597e-01
3.528708357692569297e-01
2.101524121618503216e-01
4.143067871752048603e-02
-1.375047441017163141e-01
-3.112979506375369576e-01
-4.606187740815320675e-01
-5.698124522657911362e-01
-6.274239427169064909e-01
-6.244949763302216628e-01
-5.571594834388206019e-01
-4.287180650289024175e-01
-2.518144256616009491e-01
-3.977669029129271561e-02
1.855883080292710652e-01
4.015114169904909769e-01
5.840288277060849964e-01
7.130374684791196405e-01
7.706928127560270791e-01
7.469939970822367936e-01
6.448231204814194317e-01
4.702942200819035801e-01
2.402852267497328498e-01
-2.367073105457784266e-02
-2.911506674489879876e-01
-5.344275108664451324e-01
-7.235810386011778395e-01
-8.358744533216146966e-01
-8.595403430415073931e-01
-7.878819664152124647e-01
-6.270906514935933318e-01
-3.910825786760414591e-01
-1.081975566012745027e-01
1.941435731239100626e-01
4.805255539227153427e-01
7.183829272633892593e-01
8.803023966844081283e-01
9.464806867535462409e-01
9.088040395178114128e-01
7.677713706785651571e-01
5.415933387511262520e-01
2.511438162276704578e-01
-6.831109322504036463e-02
-3.816313037631205995e-01
-6.523785268478938804e-01
-8.502552208303021386e-01
-9.519326700457111379e-01
-9.436239712938997437e-01
-8.306709536311237541e-01
-6.226337438002488289e-01
-3.446758867252633918e-01
-2.625712815679948076e-02
2.933145870478366390e-01
5.792569124124882229e-01
7.977178057433589320e-01
9.232716111065211173e-01
9.463327842079305441e-01
8.623174910821587158e-01
6.829817943346163656e-01
4.272483554773074399e-01
1.286964802647481143e-01
-1.812349179819997547e-01
-4.655809707695341970e-01
-6.914532677210121214e-01
-8.350195883607374192e-01
-8.798944837218369841e-01
-8.242886051463482744e-01
-6.736298578508888024e-01
-4.503143872818519133e-01
-1.776780533783877125e-01
1.099498453011744648e-01
3.796161419977268636e-01
6.009720716171584876e-01
7.496273643025115341e-01
8.112005775213191328e-01
7.788449351411257382e-01
6.619322487276186884e-01
4.725011246958856770e-01
2.364357849462854766e-01
-1.899456007552102754e-02
-2.631910047259951035e-01
-4.693479338426881364e-01
-6.142932421609822446e-01
-6.820253083258400739e-01
-6.716340250774199827e-01
-5.845642866209903588e-01
-4.341647612554223601e-01
-2.381265402089702832e-01
-2.265168219272173378e-02
1.881900012309540848e-01
3.689719448072981134e-01
4.995199864334998185e-01
5.701263004685452884e-01
5.735485942513103286e-01
5.127658101287952963e-01
3.960494815236232924e-01
2.419008078289137664e-01
6.733851098888399278e-02
-1.059782946733300868e-01
-2.575079529654721311e-01
-3.718451133964494337e-01
-4.373523735062591067e-01
-4.495510686084682739e-01
-4.082813522634044512e-01
-3.233983919247613859e-01
-2.047215954524563841e-01
-6.916736073750706648e-02
6.617628784032603129e-02
1.861089257813071107e-01
2.779452113376259526e-01
3.329079354197201912e-01
3.460378198179219211e-01
3.209109114598198698e-01
2.611478740522497066e-01
1.764216725435319155e-01
7.823576826926714745e-02
-2.042792711019436602e-02
-1.086164151620849783e-01
-1.760461374026349723e-01
-2.157206770765628390e-01
-2.284289775934364997e-01
-2.137226157806559890e-01
-1.746364883887260300e-01
-1.173112489898069377e-01
-5.085604913075103539e-02
1.709686794890230566e-02
7.767616343443406457e-02
1.236624517727225037e-01
1.528608891452785112e-01
1.629316742271096352e-01
1.540581544268699865e-01
1.288467001575421822e-01
9.295236650207594487e-02
5.033400499180240573e-02
6.688519678105464550e-03
-3.179165407189821213e-02
-6.182234566559829947e-02
-8.095813598676526723e-02
-8.791292183476429045e-02
-8.303696538933669213e-02
-6.948486609927528868e-02
-4.886179274879398626e-02
-2.429329812242353448e-02
6.548233154890503727e-05
2.172926607213176986e-02
3.875647902457335370e-02
4.918337074971979028e-02
5.255888022029786555e-02
5.088109838608589897e-02
4.438601026278843342e-02
3.397706992830151762e-02
2.207433807699588080e-02
1.061220895717807089e-02
7.074228982320018844e-04
-6.413983250397659042e-03
-1.027240034199916607e-02
-1.193006134157004183e-02
-1.109592761169286845e-02
-7.737888149944138760e-03
-3.202471336356538245e-03
1.701998198066601020e-03
6.592668645482246959e-03
1.098046571189881249e-02
1.437631510332515461e-02
1.629114252576968624e-02
1.623587368524126440e-02
1.372143428774830198e-02
