-2.442882050035113384e-01
4.497099094656045182e-01
8.491364969695469611e-01
1.000000000000000000e+00
9.483088610486480885e-01
7.400715226071747921e-01
4.212964271672656746e-01
3.799201722060607800e-02
-3.214088183282973743e-01
-6.430521998174562048e-01
-8.833761883915043356e-01
-1.000000000000000000e+00
-9.714359050166434528e-01
-8.135556505790013659e-01
-5.460557119673599136e-01
-2.260688777950372597e-01
9.577270340397614490e-02
3.652057620719297848e-01
5.401628662640742817e-01
5.964590783351499947e-01
5.248757686626206453e-01
3.509649309104523329e-01
9.871084817527675526e-02
-1.811222154469903645e-01
-4.427185147277138411e-01
-6.444191185909766695e-01
-7.561178735530451611e-01
-7.667796523457919289e-01
-6.757841224768165178e-01
-5.112255865277306466e-01
-2.967097867106316400e-01
-7.344903450853146332e-02
1.216010483591589697e-01
2.604467297968890982e-01
3.236156894051591681e-01
3.081508084534863023e-01
2.182689392642600534e-01
7.949068044961293822e-02
-8.828866291253190113e-02
-2.544701153702516594e-01
-3.913296342538787886e-01
-4.817217942807692221e-01
-5.142871825259534013e-01
-4.899851619865722707e-01
-4.146745498306734223e-01
-3.088683082115954992e-01
-1.873657010296323477e-01
-7.121984422760641031e-02
1.975795803507485182e-02
7.588911548827748099e-02
9.119628526956047310e-02
6.766070068857343855e-02
1.082269526091939049e-02
-6.427362351639187565e-02
-1.479012035202648123e-01
-2.267782706796891423e-01
-2.872398186774204332e-01
-3.235433300474096496e-01
-3.325820741636607014e-01
-3.163912999410460891e-01
-2.795060354911678147e-01
-2.318511319909211110e-01
-1.787844575756899479e-01
-1.279993241468992959e-01
-8.876774495799655273e-02
-6.484555489891874469e-02
-5.799546094331675672e-02
-6.705066794428116150e-02
-8.884171934928808412e-02
-1.169221153673012381e-01
-1.486070582211732605e-01
-1.797691593324868276e-01
-2.045251899530295958e-01
-2.205926025696387516e-01
-2.265436496041688397e-01
-2.220093929529416421e-01
-2.090179335608133293e-01
-1.921856704508274616e-01
-1.727206024947075536e-01
-1.524666196926129924e-01
-1.350759598928709115e-01
-1.221637460279098031e-01
-1.149284552344850274e-01
-1.144660158937608196e-01
-1.198422008154823581e-01
-1.281108370456610634e-01
-1.388256271151351307e-01
-1.511721881212720886e-01
-1.628085798648393201e-01
-1.724134158804098149e-01
-1.791282010836457994e-01
-1.818876195894422176e-01
-1.807695190906529747e-01
-1.772919648398794124e-01
-1.716365743713642589e-01
-1.644354968833902086e-01
-1.572787521949609024e-01
-1.512103857760370706e-01
-1.467658146819367238e-01
-1.445149630682778241e-01
-1.445579176257322240e-01
-1.461448895295847095e-01
-1.491818042772860009e-01
-1.530947734896881407e-01
-1.567768506034864506e-01
-1.595057062545546245e-01
-1.611471605238291582e-01
-1.620468578701693696e-01
-1.625061960344157397e-01
-1.630029665387325855e-01
-1.635592863310600942e-01
-1.642990186643328299e-01
-1.656672780184912375e-01
-1.678682727429493537e-01
-1.706588482052088240e-01
-1.733623439275936429e-01
-1.752937175941995385e-01
-1.756890276140500307e-01
-1.743026698309716460e-01
-1.701924738715814289e-01
-1.628834681176271060e-01
-1.532964925659779931e-01
-1.421900030489190447e-01
-1.314052166918574516e-01
-1.228081558157309017e-01
-1.173916651422544088e-01
-1.161057798659530516e-01
-1.217737119073556418e-01
-1.355236014637696274e-01
-1.556655453915498644e-01
-1.804492970856620415e-01
-2.049308099065818567e-01
-2.244993365872576252e-01
-2.364581095549093126e-01
-2.389682778451680534e-01
-2.288246993114219086e-01
-2.050610623375072050e-01
-1.707627537948347429e-01
-1.289794303356235350e-01
-8.806065694156206547e-02
-5.618746220058645768e-02
-3.910281139937166195e-02
-3.971231835191901816e-02
-6.005140161743971472e-02
-9.957312001308793459e-02
-1.519046467098474906e-01
-2.118655962682540750e-01
-2.676260196751636400e-01
-3.075469409020672451e-01
-3.243134395344742238e-01
-3.145477525064745983e-01
-2.780122380296614626e-01
-2.181517976097315792e-01
-1.467529931988534875e-01
-7.231334565392433245e-02
-9.296758706722862975e-03
2.878488068884865747e-02
3.572573287547364806e-02
9.470607226464977657e-03
-4.620522672253146723e-02
-1.235483074111606294e-01
-2.057551994486837010e-01
-2.818685465743639984e-01
-3.382690267614596458e-01
-3.623048987968766621e-01
-3.500595115225412224e-01
-3.025239764911871188e-01
-2.306961979334667401e-01
-1.467789311979252886e-01
-6.844940273646460405e-02
-6.687812786507763008e-03
2.962051334698423410e-02
3.200786507175967799e-02
-3.292054493375662361e-04
-6.337492748986262026e-02
-1.401580107433402222e-01
-2.160002163067126224e-01
-2.770671752231149698e-01
-3.146262642641373120e-01
-3.241920709890283581e-01
-3.033897704064910661e-01
-2.588147821453162800e-01
-1.969955874877670210e-01
-1.334218850436393877e-01
-8.135117280944770268e-02
-4.855995972425541929e-02
-3.999761291187664547e-02
-5.576822533481351485e-02
-9.178097590901657110e-02
-1.357873982616418784e-01
-1.813807429027508578e-01
-2.194366692496927396e-01
-2.404893326731426528e-01
-2.408404629699962829e-01
-2.203986012620222645e-01
-1.872273517954003985e-01
-1.497733517061191622e-01
-1.188935809921122244e-01
-9.938363671255312504e-02
-9.350710065777578794e-02
-1.048383097804219677e-01
-1.323457072858812422e-01
-1.721253198463873479e-01
-2.122520055254626392e-01
-2.429606482608124285e-01
-2.568364785831200869e-01
-2.504991463097401283e-01
-2.236047663574165512e-01
-1.781899818330161533e-01
-1.243483130252961422e-01
-6.939793649298320322e-02
-2.650401588854589541e-02
-6.677293491205382736e-03
-1.321429173105670429e-02
-4.724797251811507781e-02
-1.054580793657555748e-01
-1.801974296333538339e-01
-2.555329044246442693e-01
-3.209554278711724828e-01
-3.627096140238283972e-01
-3.688951991666784558e-01
-3.368693328815307586e-01
-2.690240236584426903e-01
-1.772620031856616540e-01
-7.508816285400921053e-02
1.671679725436914232e-02
8.470807518498113531e-02
1.162632126606109040e-01
1.006326963671939634e-01
3.789937063627757396e-02
-6.592348923192326016e-02
-1.903078851305054497e-01
-3.156107816575912661e-01
-4.179187471943467402e-01
-4.809199414523462890e-01
-4.925362398027786082e-01
-4.452338528895734004e-01
-3.456798755165575443e-01
-2.046134223128596163e-01
-5.034441296185632186e-02
9.140891339405854410e-02
1.943743331492699955e-01
2.403088858949584683e-01
2.191333107552806414e-01
1.288667797967815165e-01
-1.299574335401576519e-02
-1.893153160328957529e-01
-3.657501791850131800e-01
-5.115247189123057758e-01
-6.001171119767392259e-01
-6.143492206437968228e-01
-5.506627746389523015e-01
-4.148045760555914008e-01
-2.355956492809889724e-01
-3.724065985248625754e-02
1.418695970441921084e-01
2.686904895394683912e-01
3.213298320046800161e-01
2.881791955045327480e-01
1.768235703978509044e-01
2.053828590128148335e-03
-1.984279605776169131e-01
-3.949178450318118205e-01
-5.498296097926055337e-01
-6.329328146641466368e-01
-6.329789118486333077e-01
-5.477992687030858177e-01
-3.976367394333030214e-01
-2.060593933159341473e-01
-1.429009961239435800e-02
1.476246423753162507e-01
2.528861584517827499e-01
2.807672288553293427e-01
2.294701542047925535e-01
1.056627660150877279e-01
-5.727157166123209020e-02
-2.295785766056178678e-01
-3.765079804556348275e-01
-4.746283920398813860e-01
-5.119177285482925388e-01
-4.803634184700426024e-01
-3.918863403401250389e-01
-2.614830671801671169e-01
-1.218723198082953818e-01
5.511793478110149636e-04
8.411291523045960616e-02
1.142595407595969892e-01
8.953367387104660402e-02
1.540341850875504015e-02
-8.371370182571502561e-02
-1.911263379138903318e-01
-2.835113364663305324e-01
-3.412456356730956264e-01
-3.561249640422199381e-01
-3.253306528001015385e-01
-2.613556665664049650e-01
-1.777559396782789625e-01
-9.638759032568511298e-02
-3.141980132687371974e-02
5.187893105742080735e-03
3.780839682443026817e-03
-3.445324232231816719e-02
-1.038238798450816791e-01
-1.838078039841410938e-01
-2.578212523041311099e-01
-3.105439922269107589e-01
-3.328143741410500844e-01
-3.216433693925548898e-01
-2.767401892426850640e-01
-2.088924066333994745e-01
-1.276030046566458687e-01
-5.119716960241771364e-02
4.950830914958403994e-03
3.188507928708350647e-02
2.447693781096416110e-02
-1.643051353097035872e-02
-8.552164598476585944e-02
-1.676002658230042464e-01
-2.527861760742183828e-01
-3.257939664334360552e-01
-3.721094639373576651e-01
-3.852253571622996642e-01
-3.623826867619390768e-01
-3.063726518796580089e-01
-2.240577784865210864e-01
-1.313572962512403741e-01
-3.909896318344918686e-02
3.697798407333308113e-02
8.186998827909164334e-02
8.900906640345085385e-02
5.603362608833317715e-02
-1.285374859386334556e-02
-1.090330162605016584e-01
-2.137054035646895889e-01
-3.135523030952128698e-01
-3.905091805886619083e-01
-4.282953495493485585e-01
-4.212073527800265227e-01
-3.685530955120178698e-01
-2.791576303965485062e-01
-1.657069401217837745e-01
-5.173272851084287360e-02
4.637072268282871335e-02
1.110309755729037562e-01
1.273246309169064894e-01
9.231742436484702274e-02
9.294459792287046440e-03
-1.029173139181974728e-01
-2.252240583831432996e-01
-3.317787186153683399e-01
-4.055659643585128871e-01
-4.350825705682979105e-01
-4.114926619868820579e-01
-3.394213137932911017e-01
-2.287177521571702732e-01
-1.063264307685476417e-01
4.668159109991076861e-03
8.118865081812187690e-02
1.086215281477451722e-01
8.223051359710109587e-02
2.988104985801820490e-03
-1.094177961598880033e-01
-2.375504351977030248e-01
-3.512311612024683338e-01
-4.262084236731599196e-01
-4.483194201111059263e-01
-4.100660573590202418e-01
-3.186645921415417471e-01
-1.872880704896572324e-01
-4.677974047261290735e-02
7.982334778094957173e-02
1.650944004044152535e-01
1.878821491717455050e-01
1.424687651443876657e-01
3.178380508526390535e-02
-1.195651728524699253e-01
-2.869951363595042437e-01
-4.345568425222583464e-01
-5.374342647411729512e-01
-5.763027361659978087e-01
-5.376725071888885932e-01
-4.273468180934651972e-01
-2.581790389993279256e-01
-6.699127430566542696e-02
1.140963715659837341e-01
2.504059388554094046e-01
3.179845232159324020e-01
3.045030686208114457e-01
2.061183609558594476e-01
4.278404354479015126e-02
-1.646045342076083440e-01
-3.747052120947048648e-01
-5.517936297147268965e-01
-6.645209821313149412e-01
-6.918781124758834888e-01
-6.288768191746967329e-01
-4.807684398843098394e-01
-2.786932555567835923e-01
-4.929740292446294081e-02
1.644775099974069565e-01
3.253639221191468867e-01
4.063537568726478533e-01
3.914734720090524700e-01
2.846211165797714049e-01
9.827699730220085250e-02
-1.294456802256959138e-01
-3.670198605011396609e-01
-5.708479288684148445e-01
-7.044256326826590087e-01
-7.469293173982294309e-01
-6.883936733934512553e-01
-5.418523531670378368e-01
-3.270351291267491467e-01
-8.788622080063268616e-02
1.406362597802084391e-01
3.168017256587554176e-01
4.072701118848855995e-01
4.002608485426799589e-01
2.939247728939999860e-01
1.118561922751462046e-01
-1.186275557779171708e-01
-3.500247833779063233e-01
-5.465388540789615224e-01
-6.748231630836510897e-01
-7.093168983523161497e-01
-6.463709863751585516e-01
-4.925004686573286605e-01
-2.854654064087752685e-01
-6.039665248463688130e-02
1.377735194066915803e-01
2.769525950818738647e-01
3.362336125145710675e-01
3.017670386510169500e-01
1.849890709114401233e-01
3.097502833378396048e-03
-2.008364406381808465e-01
-3.902856986410299100e-01
-5.286494623119621927e-01
-5.903542876628198321e-01
-5.665770270651321328e-01
-4.593071108554359627e-01
-2.996721942543622008e-01
-1.130637645118652834e-01
5.831698929178075197e-02
1.797626048832208223e-01
2.302182992168564368e-01
1.982984301490056112e-01
9.509746173787747558e-02
-6.230666936651008125e-02
-2.338561796704633489e-01
-3.894377737441443443e-01
-4.964006577240941409e-01
-5.301400456106687420e-01
-4.843565058568157777e-01
-3.631403421826832068e-01
-2.008094154523232255e-01
-2.810015638027407725e-02
1.152510197135507841e-01
2.026145648157324786e-01
2.182260753521712004e-01
1.530258613633921350e-01
2.302997576717991102e-02
-1.517869760141523638e-01
-3.282316655983682496e-01
-4.718917109880369498e-01
-5.536484890854567187e-01
-5.552416396887808192e-01
-4.777053012646883534e-01
-3.311954012139668446e-01
-1.522659612424722697e-01
3.064067299445016879e-02
1.778776929715777388e-01
2.581693867900445305e-01
2.583483485729318740e-01
1.750030358879988146e-01
2.802783934845543001e-02
-1.593152418232158807e-01
-3.449619610297065542e-01
-4.987811974704634554e-01
-5.933997779825685992e-01
-6.082340879703391767e-01
-5.418758523342532829e-01
-4.015521422750071290e-01
-2.216610280224563523e-01
-3.292654038227105229e-02
1.282919909740427578e-01
2.370803757914898835e-01
2.788750380821898300e-01
2.437224342974861901e-01
1.412093203200894820e-01
-1.471787818714509477e-02
-1.906290964544714583e-01
-3.579886170340439433e-01
-4.890293505793820161e-01
-5.630655013155111410e-01
-5.691553051022416598e-01
-5.054668032836127090e-01
-3.903660050451447372e-01
-2.380168152783792568e-01
-7.663521819613738906e-02
6.726945525439997908e-02
1.726941243408339766e-01
2.240664722581702240e-01
2.145463078695435399e-01
1.447059749907153581e-01
3.147482315866811931e-02
-1.111768624381416215e-01
-2.573884892009158376e-01
-3.828546980987032056e-01
-4.690659414739194455e-01
-5.036430694651519158e-01
-4.830023417908546612e-01
-4.095978011537312335e-01
-3.010751745325146445e-01
-1.710939755422360431e-01
-4.299415549106111456e-02
6.091020601974617144e-02
1.255157755428628619e-01
1.414500145628825312e-01
1.082307154393695736e-01
3.088558772466742930e-02
-7.158004426478448146e-02
-1.851953668818692167e-01
-2.887734326876858493e-01
-3.628096142006381752e-01
-3.976622802566023296e-01
-3.887639099370007179e-01
-3.411533725200490696e-01
-2.636101354924907936e-01
-1.761359043250992906e-01
-9.205671757764999352e-02
-2.620716983614734819e-02
7.721259972429450613e-03
5.150337296783380481e-03
-3.318401714636465272e-02
-9.310398018973253809e-02
-1.611549241336216465e-01
-2.201078185818833299e-01
-2.599424362219620033e-01
-2.746259135408120056e-01
-2.586426889282565922e-01
-2.164121509447425318e-01
-1.554102411653479621e-01
-9.512554298888731275e-02
-5.076236096698050204e-02
-3.335520217834164747e-02
-4.859127986502220775e-02
-9.442363413004084549e-02
-1.652985345500931347e-01
-2.438289581144632567e-01
-3.171059912930779268e-01
-3.662564086339750169e-01
-3.764011087320341398e-01
-3.432860120863697739e-01
-2.680531974704942755e-01
-1.638998692291274706e-01
-4.645100321335871030e-02
5.889392518222935635e-02
1.354070589330214069e-01
1.679965763283239877e-01
1.448800567358179414e-01
6.631197531967325531e-02
-6.067565732471491557e-02
-2.106498609457142512e-01
-3.600558356447934871e-01
-4.814687836282650624e-01
-5.561967950721139475e-01
-5.719789234142158563e-01
-5.210458847276462357e-01
-4.103037156575529698e-01
-2.512860134691927705e-01
-7.307912628483559381e-02
9.774113539855000532e-02
2.329924482050265144e-01
3.115033559099407157e-01
3.186038348458573033e-01
2.493932641823743968e-01
1.182983041818792547e-01
-6.130881997585835297e-02
-2.586717280587639278e-01
-4.439893614404900601e-01
-5.886083715852372666e-01
-6.704330162064581211e-01
-6.748576932566030528e-01
-5.976998526080863350e-01
-4.548011783327631230e-01
-2.616316348039197104e-01
-5.201514717313637792e-02
1.416404070117063263e-01
2.882864594883329801e-01
3.656102069204358873e-01
3.614857553523851408e-01
2.735200071589505288e-01
1.214960129662767674e-01
-7.657268156822782945e-02
-2.849669720436720510e-01
-4.699087714786513992e-01
-6.015584436869916285e-01
-6.593510166416717277e-01
-6.358628182242493931e-01
-5.329498913563583962e-01
-3.756900665981638410e-01
-1.854470423745470109e-01
1.396810688964578162e-03
1.522317484339124061e-01
2.435532756889311479e-01
2.610004481725598513e-01
2.067379663764912223e-01
8.981510668522796337e-02
-5.937460008432660086e-02
-2.173973083051443655e-01
-3.528875123875883091e-01
-4.395617942350522611e-01
-4.664139039455219571e-01
-4.300077983260613967e-01
-3.457957036678031004e-01
-2.311755767969370101e-01
-1.172028731031521387e-01
-2.474629119877502781e-02
2.906491092409790866e-02
3.094007331592774079e-02
-1.595744462688120091e-02
-1.029475417979258678e-01
-2.008229564677651569e-01
-2.858634691708344944e-01
-3.350036457829906889e-01
-3.357609975975022198e-01
-2.887382841852708104e-01
-1.973027729481908743e-01
-8.371808075267161975e-02
3.126297711392078682e-02
1.153348473098896321e-01
1.454174270009616077e-01
1.121272540114524041e-01
1.410899579771451862e-02
-1.307774931459303458e-01
-3.010175143198849934e-01
-4.577777724178463403e-01
-5.739121040659909134e-01
-6.247310919043553845e-01
-5.926274203521698647e-01
-4.782651351574668253e-01
-2.920206554268371946e-01
-7.169565950656830999e-02
1.479772516587372078e-01
3.236497643587574746e-01
4.256022352697148570e-01
4.345674260553391566e-01
3.397475261084674791e-01
1.571359928211175649e-01
-9.132553513015961855e-02
-3.567006146792999211e-01
-5.970293741407404209e-01
-7.703626935764116279e-01
-8.458086283889227897e-01
-8.087979410173434802e-01
-6.587518287285418772e-01
-4.267183997242890436e-01
-1.421989695150456257e-01
1.413980615030883126e-01
3.772361257768830356e-01
5.251494958149947045e-01
5.590826972258744476e-01
4.758060032281514751e-01
2.834153541129720288e-01
2.286622562376661172e-02
-2.701087515241896719e-01
-5.414745990477950466e-01
-7.451356363252186199e-01
-8.490876482556662941e-01
-8.347791868785122693e-01
-7.103310632955439630e-01
-4.926158161252750523e-01
-2.288970255619530159e-01
4.196582074953414399e-02
2.701401366273952220e-01
4.150002172677176304e-01
4.571333665880770170e-01
3.886820655232825494e-01
2.299879164535256759e-01
6.108157726605556448e-03
-2.339106260584857822e-01
-4.524615143567722875e-01
-6.117067241717524251e-01
-6.819506593973717612e-01
-6.558898803382903209e-01
-5.363411910121743675e-01
-3.566713511527733749e-01
-1.485762511730585045e-01
4.429119984663354437e-02
1.905910800306072073e-01
2.675452538616256426e-01
2.589256478346220192e-01
1.720400253305276461e-01
2.010534096739902132e-02
-1.580131777666775594e-01
-3.293808942392096872e-01
-4.602479457107607752e-01
-5.268063096569213233e-01
-5.187002931540705131e-01
-4.345003088741835606e-01
-2.972434605098480676e-01
-1.271426137715168103e-01
3.793792557358099948e-02
1.658610276477621159e-01
2.323118872271268120e-01
2.224944211263186755e-01
1.384840356441461307e-01
-9.739931796586831503e-03
-1.890571807874097399e-01
-3.733599164167387130e-01
-5.251679567267633075e-01
-6.135126012219154212e-01
-6.216943958818506033e-01
-5.427572568067663417e-01
-3.901122817055461267e-01
-1.832982884634414278e-01
3.582704124528013345e-02
2.346650007475818978e-01
3.740746239220049674e-01
4.234512494201718713e-01
3.731099180806449755e-01
2.236843975563560516e-01
1.281484989301695521e-03
-2.637711113182389377e-01
-5.194229913958037237e-01
-7.260163154676697594e-01
-8.449154410882155908e-01
-8.478707772123944553e-01
-7.329533849059786110e-01
-5.100044979476998641e-01
-2.232538481652921458e-01
8.390803531837365270e-02
3.521106064347556686e-01
5.377287421294165704e-01
6.092124614752307821e-01
5.465005630359931477e-01
3.623549000163068801e-01
7.929301587968229370e-02
-2.438462872887423583e-01
-5.549311119448119278e-01
-7.960993384245926840e-01
-9.261005415762119108e-01
-9.252728126944905762e-01
-7.883008018152289909e-01
-5.500453279893497971e-01
-2.450212123421064980e-01
6.369353743886629893e-02
3.232116406566800659e-01
4.906086246694509878e-01
5.373895259334058316e-01
4.639803671545441599e-01
2.820381579554667173e-01
3.844471454005393696e-02
-2.278259829141949799e-01
-4.636730780169051602e-01
-6.268247586383277614e-01
-6.965605217700798768e-01
-6.636711402100095025e-01
-5.482053691375785576e-01
-3.727493427276364901e-01
-1.469447479462830941e-01
6.671262827173429777e-02
2.399769278786010318e-01
3.446022928265004559e-01
3.523428650676176943e-01
2.349527865541380933e-01
-3.581380076175255667e-02
