-5.378188827593631816e-01
-8.370466055421285079e-01
-9.775682907161635793e-01
-9.838989395385685510e-01
-8.805535532664443554e-01
-6.920471331568909257e-01
-4.428946804670078619e-01
-1.576111964539002042e-01
1.265725717267447425e-01
3.940492774772379470e-01
6.200726410988437465e-01
7.767562322342542735e-01
8.461473595578570261e-01
8.236515428164801200e-01
7.100709723600011625e-01
5.200376462501117292e-01
2.724462002201710753e-01
-2.868190344635146438e-03
-2.776268302026513313e-01
-5.203615616443201253e-01
-7.040982351573410458e-01
-8.107346144415352729e-01
-8.277289206133026100e-01
-7.545662737078268067e-01
-5.977420679537470694e-01
-3.778804508714613819e-01
-1.163520768571690844e-01
1.564517678294561343e-01
4.108029262829497874e-01
6.188019406757270247e-01
7.579119591964957880e-01
8.128381434899343283e-01
7.759865674739228059e-01
6.558355642817537134e-01
4.634491048780553513e-01
2.216048337965597081e-01
-4.409521460062004738e-02
-3.027776139129112476e-01
-5.270542214529919667e-01
-6.914515239864937879e-01
-7.772944520873565910e-01
-7.789084073825762733e-01
-6.946270755170049771e-01
-5.351854917179961202e-01
-3.170512510897823821e-01
-6.761948234533021740e-02
1.878535800250720200e-01
4.203732285823975623e-01
6.040282476374116971e-01
7.204261697824227983e-01
7.563551819071083759e-01
7.092399799607893573e-01
5.831032290188653544e-01
3.950854746971417253e-01
1.634664158890977159e-01
-8.430224858474133498e-02
-3.210989257273143549e-01
-5.207169858313325239e-01
-6.615648254743573542e-01
-7.280567407954423587e-01
-7.116928899353190952e-01
-6.187451691251605324e-01
-4.577247644735449317e-01
-2.473386651550837367e-01
-9.642874179589200345e-03
2.271935755928016221e-01
4.380081765468986088e-01
5.984284269134001466e-01
6.902322046707709546e-01
7.068093815084881548e-01
6.449732638582139632e-01
5.125583304478327218e-01
3.230485322048994856e-01
1.003847322686690635e-01
-1.330863555643215790e-01
-3.506973393736397826e-01
-5.278907790130940025e-01
-6.460648154266608323e-01
-6.920093335720782779e-01
-6.617215850299706936e-01
-5.571804778351261422e-01
-3.929242232025818016e-01
-1.847103700512831015e-01
4.235094856631449467e-02
2.631074318868211748e-01
4.529847299627225432e-01
5.914977727020060971e-01
6.631163418239227614e-01
6.588861492613649062e-01
5.832751455592570800e-01
4.429344388818177158e-01
2.541429825143508570e-01
3.677228760769835070e-02
-1.830108684017294207e-01
-3.819661479559779416e-01
-5.369396243709105843e-01
-6.304123622216157852e-01
-6.555043570664448316e-01
-6.080071943887125352e-01
-4.936405779927814930e-01
-3.239283380515071142e-01
-1.202155846633063963e-01
9.728669602893891266e-02
3.034650971792547391e-01
4.750845759891937359e-01
5.939308585817084651e-01
6.467026683148708877e-01
6.285086015642231683e-01
5.401133772898474295e-01
3.937235607792546332e-01
2.029229310397484554e-01
-9.732338341202351195e-03
-2.211451576384363404e-01
-4.077536110663101399e-01
-5.495790525262207460e-01
-6.303192308017258050e-01
-6.400432583415802679e-01
-5.813551096994034051e-01
-4.588572662607466324e-01
-2.862384643246835836e-01
-8.110576224752064078e-02
1.322832260181663333e-01
3.316531934011197613e-01
4.935639063631811485e-01
5.998693237877241735e-01
6.416477971805230052e-01
6.128877547125128888e-01
5.168380688697891134e-01
3.626563364634638464e-01
1.696728846398583013e-01
-4.349009751661858658e-02
-2.525281184065006901e-01
-4.342555486731820569e-01
-5.691166865106058737e-01
-6.422280224836505180e-01
-6.456864720501835908e-01
-5.775175302691087920e-01
-4.473201142703475686e-01
-2.665493427213652122e-01
-5.660106013236498868e-02
1.599873483845990485e-01
3.591721009202328840e-01
5.200276602637661227e-01
6.240760947560115568e-01
6.589779987097335034e-01
6.240019710617583648e-01
5.209845507155907995e-01
3.611939087621023337e-01
1.605458064829499154e-01
-5.715759788467966729e-02
-2.698366453999851977e-01
-4.528976145020642274e-01
-5.864200965196569859e-01
-6.585038503357092399e-01
-6.599250961998424092e-01
-5.901704546833901333e-01
-4.553448189757569597e-01
-2.721711307265015645e-01
-5.764652736166298030e-02
1.640123216626199198e-01
3.690022237428265406e-01
5.351559243189203396e-01
6.445887986120815150e-01
6.847071630533234643e-01
6.494150378115448596e-01
5.457511327420128122e-01
3.825637624150590721e-01
1.772056018828240820e-01
-4.974905857746847460e-02
-2.724882554044388838e-01
-4.680367209842755116e-01
-6.139800924855332021e-01
-6.937102077395134181e-01
-7.012184285261269245e-01
-6.337261703605985286e-01
-4.982473520333721151e-01
-3.075222137728901295e-01
-8.412984839169124207e-02
1.506411077122358222e-01
3.709156546406193744e-01
5.525594457760063527e-01
6.764804960183581350e-01
7.288522410777187321e-01
7.040136285183129505e-01
6.025540431997689073e-01
4.372215350234902598e-01
2.225535381043213246e-01
-1.702073916468405113e-02
-2.563065295043944758e-01
-4.693921075952292021e-01
-6.340916751664985584e-01
-7.317742325312677210e-01
-7.505649600884961581e-01
-6.913508206304649351e-01
-5.579722232676656013e-01
-3.644898427399227980e-01
-1.297135012020339540e-01
1.194675557633713137e-01
3.581640142931823423e-01
5.594048135149265466e-01
7.015384186632818153e-01
7.719478031296083120e-01
7.613019300801431299e-01
6.701876143349836390e-01
5.063839459821608546e-01
2.893223173012080540e-01
3.887291720877206203e-02
-2.174021182989002154e-01
-4.525881031919801734e-01
-6.416402285175004661e-01
-7.644080384132244665e-01
-8.069765116678035977e-01
-7.627167805600716388e-01
-6.395595386171837315e-01
-4.478580595534674691e-01
-2.077339143290242163e-01
5.719685385415185230e-02
3.173250005673318164e-01
5.461315629036895825e-01
7.178137318461261795e-01
8.130620997749309353e-01
8.242492995718162518e-01
7.478738384054273158e-01
5.918682793642380258e-01
3.705823844436499925e-01
1.097378200360725753e-01
-1.659970790406996022e-01
-4.265430894548833951e-01
-6.438263000961577109e-01
-7.950148758674989713e-01
-8.633704783176068265e-01
-8.416030255614388444e-01
-7.295910711479877131e-01
-5.411988500554465453e-01
-2.928018813110319085e-01
-1.233069774367201443e-02
2.712790910677920220e-01
5.275137017824940155e-01
7.299562740074403422e-01
8.560955336668321092e-01
8.910377119195356244e-01
8.340995100181023414e-01
6.885496191163995583e-01
4.698797139392580924e-01
1.990475661048849432e-01
-9.315622950214474951e-02
-3.777573924984687359e-01
-6.229226347584760903e-01
-8.026093932574713818e-01
-9.003413425137123394e-01
-9.038597029315881271e-01
-8.124824854879161284e-01
-6.337081937137896137e-01
-3.888014461615939554e-01
-1.001512366800070275e-01
2.004344993165629862e-01
4.817252268317040453e-01
7.137696708059444450e-01
8.720621460456963181e-01
9.390983782163515592e-01
9.055977487519204505e-01
7.786267786768361621e-01
5.686453769842372274e-01
2.980093183249326039e-01
-6.847918858532420217e-03
-3.119425697458045876e-01
-5.863958127349038207e-01
-7.996713006895754816e-01
-9.283212159901690352e-01
-9.615060822962802067e-01
-8.934253988884072184e-01
-7.315641868658186997e-01
-4.907143978558020647e-01
-1.990429057017732983e-01
1.158325674290665575e-01
4.195243336559901781e-01
6.797437935892101102e-01
8.692649556765614793e-01
9.675457681133210475e-01
9.645343979810849788e-01
8.582200568941600327e-01
6.623829224272483884e-01
3.941111104384864561e-01
8.388155226215299187e-02
-2.364359590479735429e-01
-5.322701045977622503e-01
-7.732662871453512832e-01
-9.329208626888172429e-01
-9.929625940382239557e-01
-9.504752921993320225e-01
-8.072753363351089506e-01
-5.791335789899312303e-01
-2.879440683709973969e-01
3.302660388600098251e-02
3.519937545742557461e-01
6.333267847725414512e-01
8.474071764148904951e-01
9.744384741116456361e-01
9.993595917324715749e-01
9.198289320405950154e-01
7.423426209854244728e-01
4.885493815307131449e-01
1.817353629030677986e-01
-1.440527018781746493e-01
-4.551326545962854908e-01
-7.185554774660407595e-01
-9.069002816517195420e-01
-1.000000000000000000e+00
-9.863625473600210469e-01
-8.716561426305129423e-01
-6.653416353824379570e-01
-3.899062053887225598e-01
-7.237098806299269160e-02
2.517764916177378520e-01
5.498268358914977227e-01
7.888963920074349989e-01
9.432971976525716951e-01
1.000000000000000000e+00
9.511727088073365088e-01
8.028344271272562782e-01
5.686886242163755600e-01
2.765710237654417369e-01
-4.576522092528045871e-02
-3.630395726581766569e-01
-6.418258252569928324e-01
-8.531950471344604825e-01
-9.747568923978531252e-01
-9.943231755474785105e-01
-9.079400069971561571e-01
-7.281388183042840634e-01
-4.708539630120893715e-01
-1.654001358629860752e-01
1.569516155170946892e-01
4.612839320510428998e-01
7.166300196940629252e-01
8.953828178483522748e-01
9.778485367022415886e-01
9.592493172684213310e-01
8.395693183482781929e-01
6.326678514265908770e-01
3.587069215233251729e-01
4.952430553907394284e-02
-2.643929421258069956e-01
-5.483213109487081738e-01
-7.725144763661254688e-01
-9.160978279835476634e-01
-9.630269841511377438e-01
-9.092897771092970371e-01
-7.592453812032632365e-01
-5.319913646097707005e-01
-2.485100459126245998e-01
5.939760936727922491e-02
3.598588555770430020e-01
6.211450087039362966e-01
8.164312592868898655e-01
9.251554354101709787e-01
9.348270569843282196e-01
8.489987626902475437e-01
6.747524459301583732e-01
4.314631013004432969e-01
1.431689004419762767e-01
-1.577110254182298998e-01
-4.409842415637285074e-01
-6.755796662432600463e-01
-8.368115868368419807e-01
-9.113039347292599679e-01
-8.901201821078161824e-01
-7.766924469752150006e-01
-5.817832435955097026e-01
-3.292519167469735164e-01
-4.308283053457728773e-02
2.453477504571037748e-01
5.057892395226744053e-01
7.114583688820788065e-01
8.411076460783770692e-01
8.816850756224718921e-01
8.276874971536869463e-01
6.890274901735227164e-01
4.783047779945805988e-01
2.194614530996832347e-01
-6.096595799528115034e-02
-3.322863640467077495e-01
-5.670795850620211631e-01
-7.401120516188545162e-01
-8.328427983205354268e-01
-8.395190716253051466e-01
-7.582945331024739666e-01
-5.991293384032809755e-01
-3.779279370356245504e-01
-1.210653208421402782e-01
1.464584321054920313e-01
3.954688121084490859e-01
5.998474108102838098e-01
7.404194067288822900e-01
8.023748901197673700e-01
7.805373988128818663e-01
6.766543573225285435e-01
5.048894274194937193e-01
2.811081134116042435e-01
3.072463508551170897e-02
-2.202102822168591212e-01
-4.453139400483677734e-01
-6.218633722514469442e-01
-7.313418131608615536e-01
-7.618990399295895166e-01
-7.148790973971070883e-01
-5.941254092611999438e-01
-4.132703556440917581e-01
-1.904249698361079046e-01
4.901534010844477152e-02
2.811258687802760114e-01
4.802804035886560907e-01
6.258416328379508009e-01
7.060264816088692719e-01
7.119916959868344275e-01
6.441174312487329967e-01
5.091372688154565118e-01
3.243569522068634470e-01
1.071592180334466349e-01
-1.185795624455304731e-01
-3.291540111961092085e-01
-5.030872273873314704e-01
-6.228921089179644266e-01
-6.762041675887604519e-01
-6.568182032842612150e-01
-5.712704755869628670e-01
-4.275810757918873106e-01
-2.419172781618486034e-01
-3.346869257467632863e-02
1.745794650788075053e-01
3.613989144514591079e-01
5.068824983674911078e-01
5.958637174601211228e-01
6.227555479421589268e-01
5.844022617323123558e-01
4.860088947416403293e-01
3.379531134942050929e-01
1.588203456992101081e-01
-3.428273278071392038e-02
-2.205503053444489714e-01
-3.802030741435138417e-01
-4.981350187383049022e-01
-5.625433064082686618e-01
-5.678515993594406286e-01
-5.135301581696709583e-01
-4.080123011740628414e-01
-2.609134610057787240e-01
-8.928392903380666379e-02
8.873092817213046324e-02
2.544636873904493335e-01
3.914999132575220919e-01
4.852387354646789941e-01
5.259391551308496560e-01
5.133990108104655725e-01
4.485176606618421769e-01
3.385583146357025175e-01
1.947817363867743179e-01
3.396578280136242078e-02
-1.279449636845526594e-01
-2.727213867841277173e-01
-3.855758038928063236e-01
-4.578603187479829417e-01
-4.820773843705928874e-01
-4.561177687281228188e-01
-3.829676378738114950e-01
-2.729987313927368930e-01
-1.363541921179762806e-01
1.154786930342588391e-02
1.547451855855410674e-01
2.787510867439768614e-01
3.714411150658454286e-01
4.230441346623927679e-01
4.281243948132278376e-01
3.900911276351974877e-01
3.126424037364758934e-01
2.042065925116101077e-01
7.626580027733642630e-02
-5.643497505882066889e-02
-1.807633425960762930e-01
-2.829960089000852497e-01
-3.527016692233582162e-01
-3.859864923780266244e-01
-3.794102614158620934e-01
-3.340277080884384020e-01
-2.551135691539929695e-01
-1.532171049213439940e-01
-3.770286655480492577e-02
7.894892506658912623e-02
1.840954771479710317e-01
2.678015841773067063e-01
3.221404914795247265e-01
3.418763315017789850e-01
3.252314102181419475e-01
2.767890529526839671e-01
2.010256852549421325e-01
1.063096667639797932e-01
2.851533859343780009e-03
-9.822275008263070539e-02
-1.870915821253741340e-01
-2.538759053321768544e-01
-2.918319373013260609e-01
-3.003328584638738086e-01
-2.785117993754241406e-01
-2.285077057288010804e-01
-1.558363342186871447e-01
-6.960062645832798545e-02
2.205694427765370058e-02
1.088621341377478124e-01
1.816401445828683681e-01
2.347355896448022339e-01
2.630937211539532417e-01
2.636080982529398486e-01
2.365575951570646485e-01
1.869455313523731288e-01
1.191106492541775808e-01
4.088426932854805074e-02
-3.878961250580537090e-02
-1.119168233037223237e-01
-1.716605358405788317e-01
-2.114075750939556908e-01
-2.272703245229786839e-01
-2.207229471190300663e-01
-1.925128813863585808e-01
-1.452580970537423743e-01
-8.440488387170919093e-02
-1.761722153467615293e-02
4.875915622638760105e-02
1.071169080963385589e-01
1.515244241904032396e-01
1.801079154671305638e-01
1.901206199418097320e-01
1.800902389121161740e-01
1.517465595645608456e-01
1.096248563705721768e-01
5.719979107130868101e-02
2.183772655521831751e-04
-5.476005422570329184e-02
-1.026095042958629078e-01
-1.390979462082764240e-01
-1.600987775550072323e-01
-1.637082346871655547e-01
-1.519996274003271308e-01
-1.259623324442155079e-01
-8.787405731307462720e-02
-4.212564817546826657e-02
6.125548251778800690e-03
5.243950314228218446e-02
9.113720983557249689e-02
1.183528884192732722e-01
1.338431320781938716e-01
1.361808168594236257e-01
1.243476017321696325e-01
1.000927141984853108e-01
6.725770309249190504e-02
2.854016526989200386e-02
-1.176348144277916674e-02
-4.905447950763386356e-02
-8.051904787088348669e-02
-1.034123493681183836e-01
-1.144090716876946523e-01
-1.125288042997990567e-01
-1.000742724324222843e-01
-7.796523091752038948e-02
-4.841482207914404867e-02
-1.532635654627612087e-02
1.774642970129614028e-02
4.794804918016604134e-02
7.144662716870175956e-02
8.586798303248133202e-02
9.172351202422901473e-02
8.841654433910695055e-02
7.564147417626143621e-02
5.544475297082351872e-02
3.124340901702704620e-02
4.903872857144664366e-03
-2.078614247220911260e-02
-4.297602564286528981e-02
-6.089014361459310631e-02
-7.297539912402251083e-02
-7.704063137474936873e-02
-7.312650312288671017e-02
-6.323966178482343103e-02
-4.801814454955355416e-02
-2.867073808843423333e-02
-7.608907086909422191e-03
1.313134125022297205e-02
3.190336189871545436e-02
4.632487569048260312e-02
5.513444943277301391e-02
5.902350369377296069e-02
5.750999355304231564e-02
4.997535202385749997e-02
3.763834654377040678e-02
2.256066346682561452e-02
5.844833392605330857e-03
-1.078737297363763226e-02
-2.552470723149879994e-02
-3.768609435915792893e-02
-4.616823183953167042e-02
-4.916720803489593727e-02
-4.649003527394490742e-02
-3.957974876911640738e-02
-2.888433399875944829e-02
-1.556267461197546886e-02
-1.505978111619232784e-03
1.195557534650326659e-02
2.372863679618508748e-02
3.235788924715432557e-02
3.706624416466919314e-02
3.821555880149318796e-02
3.563785673352581895e-02
2.929660188808691501e-02
2.030097253415830139e-02
1.033581425430618594e-02
8.848062315935933952e-05
-9.559859582617513674e-03
-1.764311753130354266e-02
-2.417134237229034976e-02
-2.854332805522419303e-02
-2.980029096170566660e-02
-2.807689466707785630e-02
-2.416829521704244588e-02
-1.832249744340763709e-02
-1.102791380153156364e-02
-3.165918966023362202e-03
4.550980126358350475e-03
1.150940936684241578e-02
1.685705903424339347e-02
2.016616905097023960e-02
2.169115766314377858e-02
2.123433733533075518e-02
1.847702103656834183e-02
1.380425330668044737e-02
7.963111737612882379e-03
1.364218246021398073e-03
-5.375889654843812870e-03
-1.157917730464363970e-02
-1.692564571978982801e-02
-2.091649092552261280e-02
-2.257104542159737992e-02
-2.161439579505342046e-02
-1.859804088622241114e-02
-1.373724764427075584e-02
-7.775594827439724632e-03
-1.654825619082589405e-03
4.073141866719032222e-03
8.947271114003951809e-03
1.246561757939068649e-02
1.433036212394278586e-02
1.459554070392310443e-02
1.325101872118805701e-02
1.044064663356558675e-02
6.755331920180296379e-03
3.072318221701397789e-03
-3.786093224792397294e-04
-3.466900566699293584e-03
-5.955411206433836036e-03
-8.077423917252080088e-03
-9.612893602396810344e-03
-1.012011518773392460e-02
-9.676279699802337042e-03
-8.503753005684067112e-03
-6.677951134662851729e-03
-4.370441580074380106e-03
-1.823266330652217881e-03
7.616132458905244818e-04
3.180778200612799367e-03
5.167089753130182928e-03
6.579052883102232130e-03
7.463533883755424370e-03
7.726226061653740373e-03
7.175808544384931764e-03
5.868167726436501752e-03
4.036873873945578950e-03
1.813231880162247123e-03
-5.573218341425878464e-04
-2.810737055387035888e-03
-4.819142041899593387e-03
-6.400813298508167826e-03
-7.215279321441725457e-03
-7.140454004025853507e-03
-6.323011771545594684e-03
-4.838042469322623162e-03
-2.967220518526936246e-03
-1.061742541474841595e-03
6.345164342023146276e-04
1.973033989256967047e-03
2.787117207482703307e-03
2.977905900737765066e-03
2.631988701379261997e-03
1.783007369682065857e-03
5.943371387626683600e-04
-6.439378875635615174e-04
-1.654231934854810682e-03
-2.364750636380197335e-03
-2.766609388228258304e-03
-2.841095974803864443e-03
-2.720519050055991706e-03
-2.403913898502363367e-03
-1.901733471821542842e-03
-1.366392222621581887e-03
-9.305572535837081105e-04
-6.222194583770379595e-04
-4.408921659253550729e-04
-3.774570603031213167e-04
-3.542612238417452986e-04
-3.802365378928751483e-04
-4.742101961566769219e-04
-5.795700105560852577e-04
-6.492311915020643198e-04
-6.769891484201817633e-04
-6.673476919711873734e-04
-6.315450342394557381e-04
-6.050261974122062014e-04
-5.825187112492580255e-04
-5.485164538979736548e-04
-5.172122212899754601e-04
-4.980067310510483125e-04
-4.917323855544442068e-04
-4.997387298998345884e-04
-5.174630505233590583e-04
-5.333306872359333539e-04
-5.485101057962626925e-04
-5.669189779244909744e-04
-5.855364428276610411e-04
-6.042654876172726119e-04
-6.219975832885138445e-04
-6.356637660759334452e-04
-6.453590154176236382e-04
-6.525594156004954627e-04
-6.572325667740797073e-04
-6.602683849191715026e-04
-6.632328551600119582e-04
-6.670879221187808739e-04
-6.723968723928441804e-04
-6.797479365694414355e-04
-6.893270286703057081e-04
-7.005226072245296365e-04
-7.131826993088674627e-04
-7.267310582242947348e-04
-7.399370548901718081e-04
-7.516248584806817234e-04
-7.614613227717725863e-04
-7.694012289244378522e-04
-7.753558901401058634e-04
-7.797928870868497953e-04
-7.825841248216836021e-04
-7.835643729515728850e-04
-7.831512814198138273e-04
-7.816958596492673550e-04
-7.791787442904540839e-04
-7.751070665871218068e-04
-7.692223794930619363e-04
-7.615130049335450124e-04
-7.522882901712657500e-04
-7.422979152982289719e-04
-7.319734501431973683e-04
-7.214910842945343461e-04
-7.112319959674540115e-04
-7.018577030634132186e-04
-6.937897569416762167e-04
-6.871224139539666709e-04
-6.811768683042673800e-04
-6.758647471162282372e-04
-6.710976775141652695e-04
-6.667872866223945039e-04
-6.628452015647878781e-04
-6.591830494656614192e-04
