4.237066142024690230e-01
-9.075621891563423471e-02
-4.767753313184670549e-01
-7.448175539746550999e-01
-9.053497178528239209e-01
-9.688386539215980697e-01
-9.457511931496042079e-01
-8.465541665054729936e-01
-6.737196057026670903e-01
-4.283735799241787934e-01
-1.328488768066035108e-01
1.780595474140529433e-01
4.715783407514808623e-01
7.166242403695148866e-01
8.862074503440025008e-01
9.616429445874243864e-01
9.326085314950172123e-01
8.049688147783879977e-01
5.894000891499964201e-01
3.102311196325044929e-01
-4.644778872826327287e-03
-3.193126481316049814e-01
-6.011982646619589143e-01
-8.189150194520008474e-01
-9.481992141297462817e-01
-9.775481071050881043e-01
-9.013781799144559015e-01
-7.288379739386423584e-01
-4.759604479404324628e-01
-1.725046977112584257e-01
1.515806461105062564e-01
4.601110503481775638e-01
7.199262201619798240e-01
9.033109710417099869e-01
9.897784406580354410e-01
9.709857417713596561e-01
8.466111547777215307e-01
6.327213527135597815e-01
3.489782846502604841e-01
2.793417501561079597e-02
-2.970617293508146517e-01
-5.902368229723129467e-01
-8.205337080744568024e-01
-9.626969005104966115e-01
-1.000000000000000000e+00
-9.315253697711517455e-01
-7.619863440895717765e-01
-5.110379634682938876e-01
-2.033285415448676803e-01
1.258301109811206242e-01
4.426484547227667044e-01
7.116198009808498703e-01
9.035523182929086072e-01
1.000000000000000000e+00
9.889734179130338365e-01
8.728766245082406616e-01
6.620202118031348615e-01
3.821625539955759709e-01
6.055634652765617965e-02
-2.666088223483186193e-01
-5.646835627982160766e-01
-8.015624467620869886e-01
-9.516759155079833610e-01
-9.992964607577456970e-01
-9.374139373106047390e-01
-7.764607566615967515e-01
-5.311411347597667643e-01
-2.297342028263701375e-01
9.680800109968634715e-02
4.117780883783470625e-01
6.822746156411900742e-01
8.787088442831481050e-01
9.792553096757838915e-01
9.761449731587952261e-01
8.677906417445404585e-01
6.678261380458743179e-01
3.958701052790962738e-01
8.428082935800618181e-02
-2.356335169938202911e-01
-5.285112176335398093e-01
-7.628320952978752123e-01
-9.148181063109785960e-01
-9.675545107874329309e-01
-9.170514827844793437e-01
-7.670606405325878230e-01
-5.370257707799461766e-01
-2.490087027899857697e-01
6.380231008770098633e-02
3.685952880203922088e-01
6.322499590969841154e-01
8.268401493694768067e-01
9.318819746084758826e-01
9.349944307537865207e-01
8.398226196031552959e-01
6.546405624906943554e-01
4.012453912486242391e-01
1.052135797756068580e-01
-1.994428403822374740e-01
-4.812594061035949666e-01
-7.090810335011169530e-01
-8.582151749260999996e-01
-9.157046987729302590e-01
-8.741352714674619495e-01
-7.399179131461925962e-01
-5.260090907757899448e-01
-2.587481373476345770e-01
3.541119128816871964e-02
3.234529592335833037e-01
5.746303031338195755e-01
7.626806191082877717e-01
8.674665618258494693e-01
8.794124299841863390e-01
7.960482368881287574e-01
6.298091571986603743e-01
3.963749936288456510e-01
1.235961296895726758e-01
-1.598523468357876398e-01
-4.227354183894042050e-01
-6.376574228062443783e-01
-7.817348266634414067e-01
-8.390060454769621145e-01
-8.071997413150193701e-01
-6.884266735344140020e-01
-4.975563813521792778e-01
-2.539526689959247241e-01
1.350516823378900000e-02
2.773993691121166005e-01
5.081982384653791485e-01
6.814054787879919584e-01
7.813623812388605927e-01
7.966931499804372763e-01
7.275490751856075189e-01
5.805965719953745108e-01
3.749949679046882256e-01
1.309374377810905710e-01
-1.235935742706676388e-01
-3.615917081393154042e-01
-5.578000634857680495e-01
-6.916197477953056616e-01
-7.497441177474094554e-01
-7.252985321395346574e-01
-6.252172907031718907e-01
-4.591174161208491089e-01
-2.464905067540091865e-01
-9.302610724423621136e-03
2.253731602812369950e-01
4.331958135160793866e-01
5.916376503581199930e-01
6.836423529579838121e-01
7.028308173539812298e-01
6.465186156835820430e-01
5.227008530837109479e-01
3.440740908796910968e-01
1.327124520284128639e-01
-9.021239628656840814e-02
-3.000167639108296536e-01
-4.740828654229587436e-01
-5.950140770241657551e-01
-6.501286267905932448e-01
-6.353804183109115211e-01
-5.518486123112997799e-01
-4.116767445571118955e-01
-2.285673717509615344e-01
-2.429703681283945649e-02
1.792202721891529293e-01
3.600753360606234743e-01
4.995755278706228708e-01
5.834002158766617985e-01
6.024636358982142781e-01
5.585909365498642476e-01
4.559527859075773737e-01
3.071956369586013036e-01
1.279651247727375818e-01
-6.052246413766371180e-02
-2.388427402510888697e-01
-3.873445869507087247e-01
-4.903916669032889475e-01
-5.401400240369758077e-01
-5.311083993901342115e-01
-4.657887148966488589e-01
-3.512101881128389946e-01
-2.024122592009552912e-01
-3.422586259972226763e-02
1.342077917470698711e-01
2.846935808369606136e-01
4.019436136490901479e-01
4.739548613061164151e-01
4.945322071464512970e-01
4.615789749426939537e-01
3.814418595205668616e-01
2.618784781065202072e-01
1.174933295102553732e-01
-3.614261062647283751e-02
-1.821646288039768802e-01
-3.056319579411388432e-01
-3.933858954028746080e-01
-4.362264615735531592e-01
-4.329579249714664568e-01
-3.838268376999949272e-01
-2.952691046187656543e-01
-1.767405877337602238e-01
-4.270537763336201831e-02
9.306532988958293728e-02
2.151168024753491448e-01
3.106662967199069758e-01
3.719069956190124149e-01
3.925155152986843365e-01
3.713948557753328217e-01
3.111890928345162344e-01
2.208256045113330401e-01
1.092000687874792320e-01
-1.076614810068676764e-02
-1.259818074461374060e-01
-2.244977139013739631e-01
-2.964254490162102629e-01
-3.344385219711266677e-01
-3.345549042194062572e-01
-2.999191926652196027e-01
-2.341504654223477422e-01
-1.452669902161936033e-01
-4.306095175076951609e-02
6.066463139358679868e-02
1.553197389325202682e-01
2.305073403773743035e-01
2.784366378088178884e-01
2.966256560594571212e-01
2.833639581092004534e-01
2.409693579995060286e-01
1.745190408179917441e-01
9.308412153196599093e-02
4.654103601819281621e-03
-8.100545619040433465e-02
-1.545642333904891919e-01
-2.095194984889893197e-01
-2.406373143339214371e-01
-2.455047880691391127e-01
-2.241597834731320349e-01
-1.807252347515255764e-01
-1.193884589970574117e-01
-4.761922472685653496e-02
2.650788561497141593e-02
9.531496629537716814e-02
1.521035998668851530e-01
1.908460961600570993e-01
2.077937080851945950e-01
2.038742430938196293e-01
1.797099701180642217e-01
1.380226009572382839e-01
8.352368224616468773e-02
2.284280709370944962e-02
-3.793626866175847656e-02
-9.179468214813379934e-02
-1.333416940944976981e-01
-1.603857538455397691e-01
-1.704339176489670926e-01
-1.626298948468203331e-01
-1.384275336357695396e-01
-1.018230283174609285e-01
-5.610771636156552944e-02
-6.298641420738326779e-03
4.200750003384023934e-02
8.433375518862740172e-02
1.169546786075854605e-01
1.364198070100273164e-01
1.409875437426997280e-01
1.322355074689494092e-01
1.111312947428788611e-01
8.006565505409279915e-02
4.279857552310017965e-02
3.417995822254216165e-03
-3.445078211513297184e-02
-6.655987316326095193e-02
-8.990452465023457407e-02
-1.040478947966192447e-01
-1.078665381821577451e-01
-1.007561883699410465e-01
-8.406155143975346800e-02
-6.070228720830428415e-02
-3.257842883593786709e-02
-2.386549800651338593e-03
2.679201856365875933e-02
5.310080459552191101e-02
7.440952681933055146e-02
8.813570856029917522e-02
9.329711757346936807e-02
9.093255431757407692e-02
8.115057800706138025e-02
6.422499913940948879e-02
4.193772064458967108e-02
1.661912493150929926e-02
-9.811601043479667439e-03
-3.462167540872751470e-02
-5.562514803313445277e-02
-7.213411253565982229e-02
-8.269252378816538407e-02
-8.507761376670730513e-02
-7.902219170793434166e-02
-6.618072921546225285e-02
-4.732473407090109774e-02
-2.378669266695643270e-02
2.121233391314758521e-03
2.825840905996979124e-02
5.256819977000204425e-02
7.204524540105516905e-02
8.478165252295544185e-02
9.059922928692554223e-02
8.866944080784366911e-02
7.797574306846599690e-02
5.947157105240918895e-02
3.570396650741769484e-02
8.224789359996931282e-03
-2.067242809959779493e-02
-4.816616247645266746e-02
-7.202438074997985495e-02
-8.990289652412875032e-02
-9.863065726808972755e-02
-9.694711710111258984e-02
-8.601132542288836280e-02
-6.623298479026296093e-02
-3.844278981256565864e-02
-5.192242195530494264e-03
2.981575247657497485e-02
6.358956565812023953e-02
9.199372210503997671e-02
1.116711770119802605e-01
1.211532745291621360e-01
1.190087212354924429e-01
1.043162637004013682e-01
7.813016631411673352e-02
4.355658153578656488e-02
3.053011411268347075e-03
-3.927408697125667203e-02
-7.869081008681311218e-02
-1.109681127120696331e-01
-1.327343770383363486e-01
-1.403207812083649975e-01
-1.320977418598205944e-01
-1.099392901365054964e-01
-7.525424974382677323e-02
-3.099818717376290333e-02
1.828587315067942143e-02
6.695189373885912509e-02
1.101892578922407662e-01
1.423747302919753377e-01
1.595462867695618403e-01
1.606572947571345278e-01
1.448026645118958289e-01
1.127177182322167681e-01
6.744121106889955364e-02
1.461816736485865853e-02
-4.119711615924370740e-02
-9.377576950181132354e-02
-1.369753101088725389e-01
-1.663246957326275366e-01
-1.783330227257396983e-01
-1.707425219445294351e-01
-1.436060025007915852e-01
-1.003514821649794664e-01
-4.431967676944992274e-02
1.847499133056951237e-02
8.124529852602946356e-02
1.369262979970025107e-01
1.796030734954294772e-01
2.034296362462988395e-01
2.050016765165059152e-01
1.852903889111325864e-01
1.453169288483469046e-01
8.845405948589535328e-02
2.020817762491700087e-02
-5.136753860282072814e-02
-1.191515161590372962e-01
-1.747754703235181450e-01
-2.116622469049062039e-01
-2.265408677455102993e-01
-2.169404732030405514e-01
-1.830053092158375749e-01
-1.276135773229353232e-01
-5.752375570622247913e-02
2.107044354374076889e-02
9.929330460938778913e-02
1.682254335413293500e-01
2.201559124654475230e-01
2.492155684647685554e-01
2.512396616666110472e-01
2.248792552900336084e-01
1.739574888115704709e-01
1.025514354726737576e-01
1.852297865337337868e-02
-6.912505062820228918e-02
-1.503648931775916076e-01
-2.165932490486907058e-01
-2.594672638367094830e-01
-2.735037119846682740e-01
-2.583388794141072697e-01
-2.143694143514267569e-01
-1.457215835429214179e-01
-5.913457597573523739e-02
3.489930175211974905e-02
1.271301779259237374e-01
2.067391753114382613e-01
2.645744386058308528e-01
2.950679452108140310e-01
2.940535127355523581e-01
2.609479108354237908e-01
1.983862208917264169e-01
1.139807178335259241e-01
1.529459603961513814e-02
-8.637854938372757641e-02
-1.797948835500102760e-01
-2.545470645376580743e-01
-3.023417139192133840e-01
-3.170542514996618211e-01
-2.959306802471515230e-01
-2.427024476868310243e-01
-1.616748703813086774e-01
-6.134509677272992345e-02
4.805198256739284801e-02
1.538262432354542408e-01
2.448487464358417576e-01
3.100332610926683774e-01
3.415238016590989023e-01
3.371965737499311722e-01
2.961935982426249225e-01
2.224170640094871310e-01
1.228747201601529948e-01
9.517692879837946762e-03
-1.066966888122372614e-01
-2.124881870612418400e-01
-2.958110918473740858e-01
-3.478119081913811916e-01
-3.622346445961741601e-01
-3.371134656358263371e-01
-2.739254963326619441e-01
-1.805586107490462222e-01
-6.535655920294936028e-02
5.832081377198661265e-02
1.769553941499890648e-01
2.773851138936627159e-01
3.487380316889683307e-01
3.823845525666160761e-01
3.735617638312620503e-01
3.249951328556273111e-01
2.404932271598891891e-01
1.290564311495550065e-01
1.988383265499660268e-03
-1.257371275796644872e-01
-2.408495185892329804e-01
-3.297459801207928143e-01
-3.822204907616091329e-01
-3.941472283985075764e-01
-3.629402101250592816e-01
-2.916194449564675217e-01
-1.869318082830971894e-01
-6.156747208667190385e-02
7.248536909512748316e-02
1.999761378472086903e-01
3.066561942161132315e-01
3.810599614409126978e-01
4.147451306926028813e-01
4.040868681389671035e-01
3.491437377545354437e-01
2.570159326832890390e-01
1.357975187737412437e-01
-5.550007694964387284e-04
-1.375467931861513726e-01
-2.600080762891172625e-01
-3.549615521977567134e-01
-4.112932203481188820e-01
-4.220366046380112923e-01
-3.880721530751859438e-01
-3.116786293376505590e-01
-2.010367671602879547e-01
-6.711306824732599097e-02
7.444188558027864389e-02
2.090859276369685382e-01
3.209989091366121094e-01
3.977544610944880876e-01
4.325828924869592473e-01
4.206849757640516163e-01
3.632412033727623335e-01
2.655053783504019993e-01
1.396494234203222717e-01
-2.398114887996349864e-03
-1.445238365172466510e-01
-2.711542903133453697e-01
-3.685871651730324716e-01
-4.261759861663183546e-01
-4.374775637234739056e-01
-4.001576752422303374e-01
-3.200092116724607694e-01
-2.040551709071528608e-01
-6.577067223809451857e-02
8.020294396207305887e-02
2.174715325533993493e-01
3.316681061415915899e-01
4.096944632043872936e-01
4.424789443770040798e-01
4.285203539410813445e-01
3.681722690599176229e-01
2.682431393920925444e-01
1.387720749319962810e-01
-4.619067414732502819e-03
-1.475042708899844124e-01
-2.734912496636575652e-01
-3.687479795057202470e-01
-4.244162838079914568e-01
-4.338343730180491686e-01
-3.961744211910187552e-01
-3.147713191044787528e-01
-2.000814131952086683e-01
-6.287618483227364052e-02
8.107102876195360075e-02
2.161959156950892247e-01
3.279007683607466639e-01
4.042870430130736104e-01
4.368687287967198962e-01
4.213562575016556178e-01
3.620062691157652779e-01
2.640979545808632700e-01
1.384150313464771465e-01
-2.159934263398000098e-03
-1.414191066134206087e-01
-2.649040989375481825e-01
-3.585393698695749087e-01
-4.119260303232493703e-01
-4.214757949861765995e-01
-3.853601958171143371e-01
-3.078416258125463711e-01
-1.966870753503174862e-01
-6.563806397218896471e-02
7.249858714727741571e-02
2.022824097178246294e-01
3.093337690522506289e-01
3.826700493078822873e-01
4.143718856300984132e-01
4.015347998079068503e-01
3.448363917282120106e-01
2.521685245903466654e-01
1.321631611535347695e-01
-9.579375748970386795e-04
-1.326821473510002569e-01
-2.487102005795934767e-01
-3.369396118126737338e-01
-3.876506726049565588e-01
-3.949501978729607066e-01
-3.606171896454016812e-01
-2.875773069389405689e-01
-1.841407298816929439e-01
-6.108113812605731052e-02
6.696637549672779244e-02
1.868566987662485523e-01
2.849693602641454326e-01
3.507491028128832955e-01
3.794403064108673451e-01
3.674947980352456511e-01
3.165625437254089292e-01
2.319295318288718821e-01
1.245184417930040865e-01
4.733014457676487652e-03
-1.138315268754706011e-01
-2.181398115272092930e-01
-2.974692553247495486e-01
-3.435612365980957872e-01
-3.520982032915469517e-01
-3.219479973610140933e-01
-2.582123262841549138e-01
-1.667504298799834528e-01
-5.846562033876478992e-02
5.489356336108297540e-02
1.608381522191844049e-01
2.484558490495831773e-01
3.079103552147788303e-01
3.326336324702197089e-01
3.225090970930328815e-01
2.782062489276917461e-01
2.048403453134888252e-01
1.100916631137924817e-01
5.447628934312609417e-03
-9.839988996188575587e-02
-1.893704812206338239e-01
-2.576955490351030553e-01
-2.979233853039021662e-01
-3.056260178416246864e-01
-2.803486605967816514e-01
-2.248612457850261981e-01
-1.469619772656625134e-01
-5.407241918145644366e-02
4.317506078093380495e-02
1.340087627364727751e-01
2.089717350007627150e-01
2.604540263061658756e-01
2.829974595684572325e-01
2.740381041285244734e-01
2.368679329171536896e-01
1.750313012824800118e-01
9.594816460240518374e-02
8.417009184391366361e-03
-7.755655278985296164e-02
-1.531603729818242776e-01
-2.098480093702750349e-01
-2.415535313479346691e-01
-2.471328111840702668e-01
-2.259016982839459065e-01
-1.805205307807395965e-01
-1.161431993084974801e-01
-4.128235696654236619e-02
3.665421967132864722e-02
1.088338497853162945e-01
1.673235728573130299e-01
2.072371468032800923e-01
2.245262815320852035e-01
2.177089309278417151e-01
1.877891878903570344e-01
1.394964846820188065e-01
7.736888348588033537e-02
8.810519529964144780e-03
-5.839684822390445174e-02
-1.172445730653218776e-01
-1.618809369112558239e-01
-1.874450531618399030e-01
-1.913042720579904987e-01
-1.753101897802806786e-01
-1.410623106090190815e-01
-9.239435283534391807e-02
-3.477587420572703092e-02
2.490537766221612159e-02
8.055013866616578255e-02
1.255452784222124141e-01
1.551311382198654609e-01
1.681844574348474453e-01
1.633738671608562232e-01
1.412326784817745651e-01
1.045079601580420903e-01
5.843265176602607802e-02
7.384624397766215154e-03
-4.279060586878091765e-02
-8.632048582267826120e-02
-1.193075554236078251e-01
-1.386321917692207029e-01
-1.422651298226422778e-01
-1.300088228455797967e-01
-1.046741758890521456e-01
-6.859384606736895762e-02
-2.627057656568121402e-02
1.709057230519461790e-02
5.691729971767256480e-02
8.935340914929890133e-02
1.106910782042187513e-01
1.188291986405274336e-01
1.147838617335619205e-01
9.901950259638114815e-02
7.324880804976530158e-02
4.077503521985859081e-02
5.944524045605970031e-03
-2.780793486675670056e-02
-5.636179216036951711e-02
-7.665600369698821748e-02
-8.832015457475561604e-02
-9.024562138661496036e-02
-8.196202446394462715e-02
-6.485726664405855324e-02
-4.173030150221168633e-02
-1.463544293731100510e-02
1.310273175599974138e-02
3.804774006732913882e-02
5.815633048011248363e-02
7.164653227583483996e-02
7.692081871467415510e-02
7.371900014178067728e-02
6.373468091661993462e-02
4.780994680205075120e-02
2.764243984857372993e-02
5.892282636123846729e-03
-1.507757285735011887e-02
-3.333840126397091819e-02
-4.650510920578354579e-02
-5.334066728835717974e-02
-5.462167348332269690e-02
-5.018273717149845936e-02
-4.024822176732256729e-02
-2.639204572825692985e-02
-1.060115081645518487e-02
5.765569034877016108e-03
2.060344888122034313e-02
3.218241353547512951e-02
4.026542245394737485e-02
4.414354181143576028e-02
4.302262280034874209e-02
3.737948288198045255e-02
2.873052360546290984e-02
1.776039055887568274e-02
5.643165636442182276e-03
-6.012357920901822972e-03
-1.627755013374343473e-02
-2.422957723677687802e-02
-2.847564214977837960e-02
-2.868608135865091668e-02
-2.587850282717751860e-02
-2.021235833556689343e-02
-1.234326383520623072e-02
-3.682177406084341520e-03
4.671981543018510763e-03
1.202722697740110647e-02
1.750826807470340363e-02
2.057868577223653794e-02
2.151084310385709131e-02
2.019184848429289580e-02
1.667142603701976533e-02
1.178333415146948226e-02
6.670023028673366383e-03
1.704407595751078475e-03
-2.672353362073498495e-03
-5.949748223618045451e-03
-8.295909256561206924e-03
-9.459014901010753817e-03
-9.088830521332691426e-03
-7.483757682995362259e-03
-5.184023483625121997e-03
-2.363107104620842946e-03
6.403156292502654168e-04
3.374450533033535038e-03
5.646293236124089177e-03
7.256201359403524620e-03
8.016081351316595160e-03
7.997334731727256951e-03
7.514196286123819846e-03
6.588097496815992216e-03
5.263225208015143153e-03
3.801849217115016444e-03
2.401376427122237089e-03
1.170644696597333834e-03
2.013024403242358318e-04
-4.939775468995044605e-04
-1.030112916532766043e-03
-1.345661651383167623e-03
-1.301989973350847762e-03
-9.492107595955312505e-04
-4.055916882336196849e-04
2.860290447099789191e-04
1.040103714177176286e-03
1.778762476969841799e-03
2.502590106013835580e-03
3.138945068398735216e-03
3.556452391960895909e-03
3.715573166799934768e-03
3.638736191412306198e-03
3.341276889577748932e-03
2.910384673678656497e-03
2.449514388639162377e-03
2.043616651778101811e-03
1.727807367323253018e-03
1.516650375683159524e-03
1.425596210527624308e-03
1.426170536040993753e-03
1.518264961070103780e-03
1.686836255860635347e-03
1.869639069636885864e-03
2.000741233463276814e-03
2.072563812716810006e-03
2.100043073148150086e-03
2.090277814674967871e-03
2.073745141425442640e-03
2.047672730865812696e-03
2.016707802681594330e-03
1.985497576558747923e-03
1.958689272183011809e-03
1.940930109240346368e-03
1.936867307416267892e-03
