1.373195402635081219e-01
-3.858615385639035944e-01
-7.339522483243674511e-01
-9.281223710238437619e-01
-9.895416886682936175e-01
-9.393799832636772207e-01
-7.988070368159555512e-01
-5.889926313310951400e-01
-3.341351776369972937e-01
-4.381611898907888936e-02
2.537239999361016185e-01
5.177342912962425991e-01
7.157096492366179508e-01
8.285431194543040334e-01
8.411669098427017044e-01
7.543825770408327802e-01
5.765721204870215555e-01
3.335171994105350368e-01
5.074484637882425986e-02
-2.356709807237901133e-01
-4.916938860511749221e-01
-6.882471459747001585e-01
-8.030877540048375618e-01
-8.248006069314001154e-01
-7.499974905648194579e-01
-5.928275943385628022e-01
-3.689366480331885967e-01
-1.082154879295367245e-01
1.585939739523332115e-01
4.004064179289339442e-01
5.908085915604364136e-01
7.081710850885483133e-01
7.389495882990377851e-01
6.868231392206138874e-01
5.569315252504567493e-01
3.657393158746251594e-01
1.348575746445193069e-01
-1.062314302077105310e-01
-3.316247226613686649e-01
-5.147853442890171216e-01
-6.355264583164467185e-01
-6.865980123090320575e-01
-6.619514917935771514e-01
-5.654723504064942396e-01
-4.082690564123674370e-01
-2.119545895722493301e-01
3.892658916440749906e-03
2.142127897898231659e-01
3.949166615240953249e-01
5.277758344677794256e-01
5.991057459021127407e-01
6.027641070689164771e-01
5.384003687912515268e-01
4.169117314725396817e-01
2.496953393660763521e-01
5.714145271432458095e-02
-1.389091833485313066e-01
-3.168867921185127834e-01
-4.583054783733803150e-01
-5.466641355399446400e-01
-5.718823004143086530e-01
-5.367583402482252186e-01
-4.442624787404114706e-01
-3.044062267672914546e-01
-1.322404707277295977e-01
5.106169560369444582e-02
2.263539451822997872e-01
3.722157133536470042e-01
4.723963704768947558e-01
5.201083062147471292e-01
5.094135710419205321e-01
4.411989351073715149e-01
3.229122588694461893e-01
1.709795925917834136e-01
-1.285339993015721660e-04
-1.704532395386639809e-01
-3.200055253602157590e-01
-4.329086631595836510e-01
-4.971953643945625778e-01
-5.056852746711830715e-01
-4.567791460643340073e-01
-3.592566534116190535e-01
-2.219735980304600176e-01
-6.240868869257776286e-02
1.004423916160459562e-01
2.478941991844061388e-01
3.641594689977989407e-01
4.348524667623903106e-01
4.514586909710216478e-01
4.170691348163919621e-01
3.346527287558025421e-01
2.134758507857028587e-01
6.743000589026415525e-02
-8.412897787182715970e-02
-2.249111712442032340e-01
-3.371883971606355335e-01
-4.078747652508826205e-01
-4.335357065694567247e-01
-4.106576946659542537e-01
-3.416936732791476805e-01
-2.348521259692358809e-01
-1.054846942878796545e-01
3.351807758934577386e-02
1.651875684413930401e-01
2.731762875738048546e-01
3.464739590798799895e-01
3.773994736390600124e-01
3.634927378574257517e-01
3.065032516266568141e-01
2.160491367774564075e-01
1.008011452445278788e-01
-2.454279834333428223e-02
-1.445200295060397044e-01
-2.459301510423265169e-01
-3.180884660631333460e-01
-3.525502162141483931e-01
-3.455378792387120424e-01
-3.020745774022244312e-01
-2.260977979120476489e-01
-1.265807480991859579e-01
-1.539580972977927509e-02
9.405304234092981552e-02
1.901964388812908968e-01
2.606207563435227748e-01
2.973536128679017398e-01
3.009083802317618073e-01
2.705084769194086025e-01
2.087291385246188291e-01
1.228097299797656916e-01
2.446770052884628122e-02
-7.660935506241417503e-02
-1.679627910503221910e-01
-2.386653187504618190e-01
-2.831577764777420958e-01
-2.966413164187221563e-01
-2.769937568799667460e-01
-2.264366811873081975e-01
-1.527985518117614960e-01
-6.239580325681537420e-02
3.406349485297677226e-02
1.246420342068548237e-01
1.994501397176258184e-01
2.506774304627026329e-01
2.708641417711985522e-01
2.568862414297023999e-01
2.134459099647383340e-01
1.440056310071820000e-01
5.645682636044746516e-02
-3.851862630106428487e-02
-1.292817867039462998e-01
-2.061106430235428721e-01
-2.582014651192602317e-01
-2.788954974655371011e-01
-2.692482206548429957e-01
-2.293746149098729870e-01
-1.626245917015510800e-01
-7.691857405458857322e-02
1.532964869753006276e-02
1.048512694817305135e-01
1.801683600519956574e-01
2.314387973830507317e-01
2.549419838781843417e-01
2.474855163321265650e-01
2.089416086217816826e-01
1.435864876177466165e-01
6.109667114212746775e-02
-3.080679944427100470e-02
-1.203304382584866605e-01
-1.955472263667268340e-01
-2.480930072177415235e-01
-2.720656274183457235e-01
-2.643195807728919711e-01
-2.253560026910332859e-01
-1.617291911222272782e-01
-7.888317958909818461e-02
1.254876553055339627e-02
1.008133937928372692e-01
1.756964382405583613e-01
2.290225425561405181e-01
2.533611329532223788e-01
2.454656312073926205e-01
2.095011476901824654e-01
1.482139859934383797e-01
6.824760857602774067e-02
-2.082003670434506848e-02
-1.079090268384330642e-01
-1.837182504750813905e-01
-2.376087497122350012e-01
-2.629416166827500678e-01
-2.606042298909492239e-01
-2.300672998468682451e-01
-1.733370088401313680e-01
-9.682995343010358802e-02
-1.095563285439948853e-02
7.602513264436749907e-02
1.531931865005764504e-01
2.109028837960171820e-01
2.444799753647661777e-01
2.500141232260846280e-01
2.257624693592437115e-01
1.740613985905992145e-01
1.023427463542478932e-01
1.644799200615465473e-02
-7.370785938347335087e-02
-1.569883415200588050e-01
-2.242764274502293542e-01
-2.684631294719428407e-01
-2.824595073044591231e-01
-2.634733702005390699e-01
-2.162905932932571718e-01
-1.443932796433312626e-01
-5.531068157550966813e-02
4.052532359416138874e-02
1.316063966526035411e-01
2.083069955087815117e-01
2.596640476504412653e-01
2.788792230321779364e-01
2.665807975048528622e-01
2.226525605497040594e-01
1.502020849342722286e-01
5.716751448762869003e-02
-4.365406937509797025e-02
-1.424940765040655366e-01
-2.268451841217455911e-01
-2.857524725460743875e-01
-3.139527079362878226e-01
-3.072181208891503479e-01
-2.645913183124667389e-01
-1.899886211593663221e-01
-9.355702401474219609e-02
1.606072510663358877e-02
1.250588902188696228e-01
2.194690668405412382e-01
2.881248633649897695e-01
3.228274551130865255e-01
3.182598392204667448e-01
2.736591515373787420e-01
1.959809521072060079e-01
9.161953176856507675e-02
-2.654146282026659254e-02
-1.441018499539619135e-01
-2.466247628079438758e-01
-3.223571760986819745e-01
-3.601913960297776773e-01
-3.543831900467675489e-01
-3.089983074507763883e-01
-2.273726327405066749e-01
-1.182885665247489504e-01
5.783330629714367177e-03
1.284807559450165115e-01
2.361314115451882412e-01
3.138028138746737916e-01
3.512131049703521857e-01
3.472142167784226796e-01
3.009433408073840521e-01
2.170143031975311221e-01
1.047954244213131769e-01
-1.991408700717167690e-02
-1.442446944376172269e-01
-2.524553338367478972e-01
-3.303610805799725991e-01
-3.701753215574670186e-01
-3.669782160063616017e-01
-3.211219772043695242e-01
-2.372661620504965541e-01
-1.278886388171240895e-01
-3.690877933744896033e-03
1.197030203107809498e-01
2.266165736885588089e-01
3.051199036998644143e-01
3.464843627986136099e-01
3.456558399562874584e-01
3.020905729145442198e-01
2.235140252417147089e-01
1.169983721071727878e-01
-3.209355922100587399e-03
-1.218947142184515497e-01
-2.255625981046307515e-01
-3.031111599179159288e-01
-3.448544592349062077e-01
-3.457585487042909023e-01
-3.096942230411451336e-01
-2.396739553267684952e-01
-1.435164159117677807e-01
-3.257435605852543326e-02
7.909018255787869656e-02
1.798584020414952800e-01
2.569356809052236734e-01
3.016575162439565361e-01
3.136759692904687036e-01
2.909689492729077287e-01
2.346616005184904985e-01
1.511277883600101735e-01
5.128061403798356288e-02
-5.576839221699880778e-02
-1.574351562980326191e-01
-2.418784410243878247e-01
-3.015427248624877876e-01
-3.301320513228337417e-01
-3.233268708120338175e-01
-2.813254336236266084e-01
-2.109151629998718969e-01
-1.175685645849054994e-01
-1.057772457707328861e-02
9.832010783229616635e-02
1.972027852993194497e-01
2.760292575942473459e-01
3.238697580463147929e-01
3.344005559577494235e-01
3.093296875470588070e-01
2.494416177224698661e-01
1.586105336453331738e-01
4.567309146766596051e-02
-7.577928804329414625e-02
-1.940281189289853048e-01
-2.939638668825597101e-01
-3.632145063610284774e-01
-3.950826436551558851e-01
-3.842486080056218833e-01
-3.292128739717146146e-01
-2.342202989939542457e-01
-1.111461475342399030e-01
2.939686174822742082e-02
1.705906740293470225e-01
2.951736721213862324e-01
3.878556725529640481e-01
4.371599309053837423e-01
4.343184396770261024e-01
3.766807803790703790e-01
2.722944861904432745e-01
1.294846220091210309e-01
-3.450373429142339354e-02
-2.004551393300822992e-01
-3.474368215849921171e-01
-4.581685084612138192e-01
-5.161960159491063571e-01
-5.119742417203101414e-01
-4.485219182567927731e-01
-3.298966125613830291e-01
-1.687564701173889237e-01
1.731719429850575587e-02
2.031170005383653443e-01
3.678280605643544643e-01
4.891699163990472776e-01
5.504824813415147844e-01
5.465466001203180824e-01
4.747620780888799352e-01
3.423711202291221944e-01
1.629399453066706638e-01
-3.914540694761081685e-02
-2.425855809133585783e-01
-4.210311279841647547e-01
-5.509567396878297663e-01
-6.165290533765506176e-01
-6.080754064541640247e-01
-5.262947036723801819e-01
-3.781137181373207534e-01
-1.840398759697563502e-01
3.629363088077197652e-02
2.541964206930231729e-01
4.424601470041598095e-01
5.778667787202158568e-01
6.432548416618577569e-01
6.302302980489391526e-01
5.377907162604034230e-01
3.796199979711125660e-01
1.704467687797777131e-01
-6.242706238696338339e-02
-2.912105422642112806e-01
-4.874276424231295257e-01
-6.277487741867314730e-01
-6.933688924611449700e-01
-6.740971836786223692e-01
-5.768649155074563328e-01
-4.099277758619290779e-01
-1.933657430713914271e-01
4.864163864400161685e-02
2.847004683644498435e-01
4.876574782549589759e-01
6.307046367660544828e-01
6.952433526579480105e-01
6.778176696914017807e-01
5.776573512600295945e-01
4.066486790315342326e-01
1.831810898566894608e-01
-6.262398780681777133e-02
-3.044553280871266088e-01
-5.122074336896220714e-01
-6.595677933613082189e-01
-7.303464855262247202e-01
-7.147756421564943619e-01
-6.153457219985734028e-01
-4.412776156097348856e-01
-2.166183808463006955e-01
3.568154452236216301e-02
2.838993453717706394e-01
4.979272265679461906e-01
6.525362977284261401e-01
7.289970149041242742e-01
7.180634749558163499e-01
6.184721616438153546e-01
4.452327391031007942e-01
2.147037230135884212e-01
-4.305788591327019965e-02
-2.975090330437211161e-01
-5.177909850794560898e-01
-6.783699298839862557e-01
-7.586458300118538167e-01
-7.469514701452355521e-01
-6.496771164285484179e-01
-4.751771090641710993e-01
-2.443653396453334681e-01
1.707767687036332305e-02
2.749845326780808730e-01
5.001258039201361694e-01
6.636133930786245472e-01
7.448347821002041513e-01
7.389306486850264477e-01
6.437573860133536385e-01
4.706593552517737145e-01
2.383298086856533438e-01
-2.177424381086068284e-02
-2.818766426734290453e-01
-5.095736852357519719e-01
-6.762110308579827311e-01
-7.631245144178914197e-01
-7.588679601849673828e-01
-6.653604100207861638e-01
-4.914413601592402259e-01
-2.619205944184193058e-01
-7.549504006377771859e-04
2.584474045946627552e-01
4.839991332735467111e-01
6.491533556729915944e-01
7.339625120765873589e-01
7.292686603830553782e-01
6.339050973886104501e-01
4.635685948027341574e-01
2.351965268263094266e-01
-2.063931096192794801e-02
-2.731412363375653740e-01
-4.911792811965334238e-01
-6.492252145509549432e-01
-7.278960548336713687e-01
-7.164754196988036838e-01
-6.221552307895226175e-01
-4.538483061045824885e-01
-2.339128074752508946e-01
1.191415811471729924e-02
2.515916661254358200e-01
4.574773514853458511e-01
6.033707078739141139e-01
6.711807987969464762e-01
6.589989238382498726e-01
5.670344024325431054e-01
4.080830316857766427e-01
2.006847957574100505e-01
-2.616020874537861030e-02
-2.473154850233569846e-01
-4.353008851921105204e-01
-5.669244934872648134e-01
-6.303099359979561500e-01
-6.180760615021245741e-01
-5.342056066108330503e-01
-3.884460179127708912e-01
-2.028607614161169748e-01
2.636683574807729968e-03
2.021919803977718644e-01
3.712647713054477716e-01
4.916213132372695416e-01
5.500065257611608249e-01
5.415308606277029480e-01
4.670815607596874308e-01
3.400316129744367366e-01
1.734507747155129564e-01
-1.051307917981703088e-02
-1.892918593425498841e-01
-3.424720777369748559e-01
-4.533346527338859566e-01
-5.093284897244395593e-01
-5.039215957467072515e-01
-4.430853140591838324e-01
-3.328383540282358055e-01
-1.874821400121897685e-01
-2.446614865482743539e-02
1.357778806755176593e-01
2.758127991714334204e-01
3.784080789210797491e-01
4.317446889293774515e-01
4.350668994465070050e-01
3.873799732839042775e-01
2.941199358856971813e-01
1.662361155209377550e-01
2.138365888491033928e-02
-1.253608365099275757e-01
-2.557337487394746312e-01
-3.538652240921275061e-01
-4.108660409646242018e-01
-4.198755707672534587e-01
-3.796952242214090001e-01
-2.945235859517112420e-01
-1.769225392731125224e-01
-3.826217291631595074e-02
1.037935516688568427e-01
2.314280518728635272e-01
3.295979830991411230e-01
3.867710582785803819e-01
3.953048043391034216e-01
3.529561439687902702e-01
2.673000711919084615e-01
1.458720525690933023e-01
4.199704212163535288e-03
-1.403474296710772729e-01
-2.690392889352538619e-01
-3.664098934581572209e-01
-4.177846599258524529e-01
-4.149573591052049260e-01
-3.619631000498385598e-01
-2.628087413115930415e-01
-1.287999942303773571e-01
2.445937935419983944e-02
1.750489483404078506e-01
3.047587596672174381e-01
3.941874848602802128e-01
4.296916601115730039e-01
4.088474394156871305e-01
3.314047232414962796e-01
2.063518732328841754e-01
4.779607483999170903e-02
-1.205396814867415456e-01
-2.791874056177342522e-01
-4.055378648802380193e-01
-4.801034736053070295e-01
-4.925535076968331483e-01
-4.385483047048928107e-01
-3.245947924170127230e-01
-1.621763015472843517e-01
2.449094285416086869e-02
2.140845013294063737e-01
3.791546714438394083e-01
4.954655424791878371e-01
5.463776027523297163e-01
5.222205056059372463e-01
4.250531694769605906e-01
2.633679352334694634e-01
6.127034716922641344e-02
-1.588477124122333883e-01
-3.650738272434790321e-01
-5.284678806923230887e-01
-6.255845972950361267e-01
-6.407720260765421560e-01
-5.704182982446137640e-01
-4.188609431003437189e-01
-2.086978995552325467e-01
3.773650549064644366e-02
2.849423729034779029e-01
4.997390163395631912e-01
6.516598868153322677e-01
7.185182631489144267e-01
6.895948658041837209e-01
5.635853641693995275e-01
3.595961742203261924e-01
9.815355573978301607e-02
-1.833089882667521264e-01
-4.485402308564881979e-01
-6.605587487499915422e-01
-7.906154266293816679e-01
-8.196083224769743492e-01
-7.391174827996471741e-01
-5.624942021482022270e-01
-3.062744979387039823e-01
-7.753100005177926413e-03
2.955616188027880842e-01
5.619548202045401286e-01
7.572213327764965030e-01
8.539055892504687773e-01
8.360087284580655087e-01
7.107998032053548521e-01
4.892652727967818915e-01
2.020709817915857798e-01
-1.164610654592117545e-01
-4.214065056411882004e-01
-6.751658696663882520e-01
-8.432498786022375459e-01
-9.022649533814122158e-01
-8.510969471458498248e-01
-6.924641482550223381e-01
-4.484888231138529635e-01
-1.475566927649583082e-01
1.676300441083427017e-01
4.603730321831622785e-01
6.929144916343756844e-01
8.347444120583038529e-01
8.724327802292533018e-01
8.000579208469908998e-01
6.305929002747026058e-01
3.831689916534033458e-01
9.382658159891543725e-02
-2.049712237716525554e-01
-4.753317701106564153e-01
-6.836384945236095856e-01
-8.078076146642960698e-01
-8.333468589140312632e-01
-7.614489727530188157e-01
-6.001584540080999730e-01
-3.748347130957977447e-01
-1.098468004812506171e-01
1.609023929920925244e-01
4.051336142930692663e-01
5.961839766953540565e-01
7.132757892164460767e-01
7.462420706672769910e-01
6.918522568910407955e-01
5.621770949976268028e-01
3.702936726322090255e-01
1.410776755061839971e-01
-9.919662433165477022e-02
-3.239508516916762559e-01
-5.099732615273102621e-01
-6.371495019436621554e-01
-6.920750254272504121e-01
-6.757888129193030391e-01
-5.898038034272559127e-01
-4.437482336326387111e-01
-2.529015604670481476e-01
-3.943309169927866620e-02
1.756778181132718775e-01
3.683706807797448857e-01
5.190084964062733341e-01
6.163722131875604138e-01
6.499510581233116646e-01
6.148210711683099738e-01
5.138288869240543733e-01
3.597790220951271323e-01
1.652605150563157821e-01
-4.924651531651780267e-02
-2.612831424935680991e-01
-4.490243130468996036e-01
-5.937089718739364530e-01
-6.777694450020135264e-01
-6.904807811294175757e-01
-6.329370019885256493e-01
-5.078429588342101564e-01
-3.257781042751489720e-01
-1.038165123286575175e-01
1.325654423061786158e-01
3.601979900558460734e-01
5.516638468889343283e-01
6.850910438449817619e-01
7.474418849681063737e-01
7.284492784048117731e-01
6.266514844983204213e-01
4.497949868635982007e-01
2.187889980876047691e-01
-4.558649832895345089e-02
-3.122623353019950976e-01
-5.508981880501966355e-01
-7.330376462615397770e-01
-8.367076716843233619e-01
-8.471617911676280199e-01
-7.589710531081277356e-01
-5.839658435326744446e-01
-3.366457038238716004e-01
-4.600190057831798907e-02
2.562861485181207044e-01
5.328454546043437379e-01
7.519015134773496811e-01
8.840116597984948310e-01
9.101550476609168161e-01
8.302650166004925669e-01
6.486065223407051494e-01
3.858558565087664149e-01
6.936009806431009395e-02
-2.598512381697035689e-01
-5.653344753551403645e-01
-8.075976432719078613e-01
-9.554856626187553381e-01
-9.931963872492710621e-01
-9.123567804300204420e-01
-7.228450549011324888e-01
-4.433281515396974015e-01
-1.117986885947093167e-01
2.364087894979893800e-01
5.568184465995011934e-01
8.095267159127474965e-01
9.640825430800865625e-01
1.000000000000000000e+00
9.141453376839432376e-01
7.131637641120811555e-01
4.265578311161377645e-01
8.442662893329044849e-02
-2.677589091884703398e-01
-5.869613210281222626e-01
-8.334307853143647637e-01
-9.766731851302631329e-01
-1.000000000000000000e+00
-8.977828711736506317e-01
-6.884659444496226133e-01
-3.934492705608932939e-01
-5.470337213268539056e-02
2.860684773388713076e-01
5.850289456064872162e-01
8.060679036841313927e-01
9.223581273442096329e-01
9.182503152927916634e-01
8.017842594112774002e-01
5.847646057974182909e-01
2.993205776705782917e-01
-1.937837112078633073e-02
-3.273731363318175269e-01
-5.875614576788064092e-01
-7.669479420221925192e-01
-8.430001351950735522e-01
-8.155790975255065023e-01
-6.873391041332193030e-01
-4.791047941073819372e-01
-2.172822499161292109e-01
5.932447502979143472e-02
3.173840915137220442e-01
5.235511057305415328e-01
6.516229259157149123e-01
6.925481548024534639e-01
6.422202066842717105e-01
5.132085170076634562e-01
3.230946766604660958e-01
1.030687081192900312e-01
-1.201618419467568311e-01
-3.172427908973624033e-01
-4.624141011602170837e-01
-5.422167412679140819e-01
-5.487298522686216984e-01
-4.875395789514620493e-01
-3.684420991216429409e-01
-2.139800479114239984e-01
-4.361040545789041101e-02
1.187733542286155686e-01
2.512849510719488144e-01
3.406671059350931952e-01
3.778543178004158953e-01
3.635080827209544729e-01
3.020285678755214587e-01
2.083666481472739029e-01
9.501418577971376678e-02
-2.057120225827291371e-02
-1.216887616676347594e-01
-1.976615876998287780e-01
-2.406687231315302045e-01
-2.491123621721372805e-01
-2.244188891142583353e-01
-1.757866605778751756e-01
-1.101626261300706622e-01
-3.901514949099793572e-02
2.609295610619377648e-02
7.805822691647867906e-02
1.115176616880466653e-01
1.245033581146459678e-01
1.174006957798310324e-01
9.567342098957443142e-02
6.244612005052641024e-02
2.439313998911507575e-02
-1.114930381475476295e-02
-4.387849692164191850e-02
-7.057083161591615195e-02
-8.816798907449407974e-02
-9.361165047429242936e-02
-8.384349699222792829e-02
-5.580520980521741503e-02
-6.438470090177617067e-03
