3.518371116331289183e-01
3.219271611505458708e-02
-2.183866525956373872e-01
-4.040943293764442945e-01
-5.291236491048638690e-01
-5.976679466583940670e-01
-6.139205569145321784e-01
-5.820748147507796011e-01
-4.991640813613656968e-01
-3.654167998088275748e-01
-1.906262772514769610e-01
3.458220795606870013e-03
1.958456896930085289e-01
3.683719302586552224e-01
5.025772486725934574e-01
5.833689640194470449e-01
6.013617554080881167e-01
5.576167093311428236e-01
4.552226155539429442e-01
3.050081953092704801e-01
1.218242887641289851e-01
-7.320471308559906021e-02
-2.607969863356451867e-01
-4.199317056112552571e-01
-5.338405252367999232e-01
-5.934641690211971410e-01
-5.915189861730822951e-01
-5.278862078798390867e-01
-4.085078227278143848e-01
-2.481418353236684027e-01
-6.140402316052384624e-02
1.311471365241820841e-01
3.090910235397739125e-01
4.538984396215035577e-01
5.506153544318626025e-01
5.885498504894051131e-01
5.626389062356411674e-01
4.790115885987293876e-01
3.449287399091562900e-01
1.745454117232780877e-01
-1.494214537766458406e-02
-2.022360258690550916e-01
-3.683601683016585193e-01
-4.944844398851609979e-01
-5.667284004384811613e-01
-5.804087697647120070e-01
-5.329470681934984633e-01
-4.293723719594252364e-01
-2.798207746059979684e-01
-1.024088458356500198e-01
8.601925707142510369e-02
2.646998335579198169e-01
4.141408586113533019e-01
5.193465294056158754e-01
5.691739271730182903e-01
5.586083617524992828e-01
4.878477706588419949e-01
3.667698553781499893e-01
2.061792300879830009e-01
2.480170868838094123e-02
-1.577529096807469555e-01
-3.218889552048008751e-01
-4.508217332153373613e-01
-5.301942534997687861e-01
-5.509932766102785262e-01
-5.145687192748360506e-01
-4.236837629319425425e-01
-2.882780732869502094e-01
-1.222905294236568130e-01
5.453222123351419981e-02
2.243021000943576926e-01
3.675879233858483364e-01
4.691158027641224582e-01
5.212448383576984146e-01
5.177000559324174134e-01
4.589147004823552756e-01
3.508766251514841006e-01
2.076460467467748927e-01
4.273727878687028081e-02
-1.251504639261145080e-01
-2.776391394835571180e-01
-3.988570307085610445e-01
-4.762550069196498370e-01
-5.018192270691637091e-01
-4.723488925970712460e-01
-3.941324731341996346e-01
-2.742972090195573420e-01
-1.266861191114868612e-01
3.284614427743726139e-02
1.862508431449196866e-01
3.176950249949348493e-01
4.120869187319127214e-01
4.589513621858702930e-01
4.567955160936629788e-01
4.052496630000350653e-01
3.102846438108639582e-01
1.819684990805401359e-01
3.638175871814541829e-02
-1.118031606744145368e-01
-2.454028267803378682e-01
-3.496073091628788543e-01
-4.151766986878339116e-01
-4.350267221124316519e-01
-4.076107345082143896e-01
-3.358602939098007667e-01
-2.302448451646046390e-01
-1.008259726418514468e-01
3.722479475033479979e-02
1.683318250451726339e-01
2.784661894299254037e-01
3.562480595363866076e-01
3.930044732386985817e-01
3.844335014468778233e-01
3.350463982448339539e-01
2.495834069993541071e-01
1.385497197290390670e-01
1.462158614678332746e-02
-1.075196569042471406e-01
-2.150270816597340540e-01
-2.952499398824540711e-01
-3.393064004801401579e-01
-3.457678822516881967e-01
-3.137647224931621182e-01
-2.474291789331669600e-01
-1.545950643329985219e-01
-4.813531689101835376e-02
6.107098509413533272e-02
1.601665489925105934e-01
2.376852657720462947e-01
2.870698515657164052e-01
3.031165903965644670e-01
2.846609413771810093e-01
2.341505256631195575e-01
1.596868336709278413e-01
6.868496371245691456e-02
-2.736283406154305098e-02
-1.168040835252517340e-01
-1.899428745895584969e-01
-2.391019185180780493e-01
-2.590947774122653868e-01
-2.479044139965976834e-01
-2.096280972651055619e-01
-1.480487946704331925e-01
-7.131525495415769189e-02
1.101832409554215353e-02
8.885966256745847502e-02
1.536473670042568518e-01
1.970305305980399879e-01
2.139305749891280417e-01
2.058476236517343683e-01
1.735979751144198779e-01
1.210530840505146255e-01
5.481083498404815124e-02
-1.563608482452827353e-02
-8.241288570536131619e-02
-1.365630123537985297e-01
-1.712386940421584125e-01
-1.846487154451186274e-01
-1.752044186813881410e-01
-1.442063419221611964e-01
-9.575560755863143925e-02
-3.779564443576066690e-02
2.352531842554017594e-02
8.010341889032246421e-02
1.239619507522824460e-01
1.503332537959352067e-01
1.562092117263500501e-01
1.410758431671153001e-01
1.066659927108801753e-01
5.901306705073272596e-02
3.037137972242920370e-03
-5.337066084209385330e-02
-1.020869637430138477e-01
-1.369670483865013111e-01
-1.536282844923968494e-01
-1.494755484135127377e-01
-1.244167389479078345e-01
-8.284955887330969215e-02
-2.851062413420479835e-02
3.101518285974758093e-02
8.749086804877537205e-02
1.334436299947290294e-01
1.630721378654156339e-01
1.711024910465899218e-01
1.553420346625367099e-01
1.191838720122841977e-01
6.545884348663477681e-02
1.036029720671516330e-03
-6.579251127660568077e-02
-1.260260313926401254e-01
-1.723455699489558901e-01
-1.971967667289875603e-01
-1.962865106174555008e-01
-1.713770988251163141e-01
-1.238991175509174258e-01
-5.841950700074660663e-02
1.765220742153394973e-02
9.354562458357040811e-02
1.609279796043190380e-01
2.104392290696401879e-01
2.348615324273335414e-01
2.322604888496797582e-01
2.014160616166944529e-01
1.445512642028332628e-01
6.720604833444077109e-02
-2.044197939155889543e-02
-1.098319312928065505e-01
-1.896643478920714276e-01
-2.493429144895661365e-01
-2.815374112956462449e-01
-2.815849956280557231e-01
-2.484592761663956262e-01
-1.843500385020937493e-01
-9.736092282430008904e-02
4.790848217739451798e-03
1.096898248289233102e-01
2.047699030635621309e-01
2.786203218027327733e-01
3.223900396931833612e-01
3.294367168194456408e-01
2.972269831753466818e-01
2.307314589857145659e-01
1.351249618693106669e-01
2.086023694489846925e-02
-9.969607276432479459e-02
-2.119785078585803006e-01
-3.035779125238218246e-01
-3.620869475018073658e-01
-3.794829963582365684e-01
-3.555333822068074134e-01
-2.908067913875320709e-01
-1.912849724948206820e-01
-6.675720616460134593e-02
6.746493052115476452e-02
1.978615106822840808e-01
3.085405326279153648e-01
3.861048579287162941e-01
4.225442961906304973e-01
4.124304337492987749e-01
3.558478719999536022e-01
2.573547546458172519e-01
1.291730461072779779e-01
-1.698655517582992047e-02
-1.642009222773082033e-01
-2.957383752132038968e-01
-3.967480270765214589e-01
-4.557371432659185206e-01
-4.648099136781538299e-01
-4.210808024041520214e-01
-3.311481150368328352e-01
-2.024490494415275288e-01
-4.968069983752687602e-02
1.107075385484801444e-01
2.602581013306581870e-01
3.830489939790826526e-01
4.640242049302609750e-01
4.931064687326029983e-01
4.693666613728322279e-01
3.934881114666526347e-01
2.731979354565798879e-01
1.205132473024119744e-01
-4.593874942530618011e-02
-2.095839309560532104e-01
-3.514392330283669930e-01
-4.554760896473820653e-01
-5.119692801914269564e-01
-5.136386028266306525e-01
-4.597116033690054060e-01
-3.547426323027527140e-01
-2.118479557283445835e-01
-4.407817027875349236e-02
1.294906238950215283e-01
2.899120836530946210e-01
4.197749685615290716e-01
5.051154847574645945e-01
5.358825405624043636e-01
5.073957496266532363e-01
4.255736327401840047e-01
2.973357965540432968e-01
1.364494138344887197e-01
-4.059123215965365628e-02
-2.135371267132863959e-01
-3.645186391877623944e-01
-4.758726734172048500e-01
-5.348610485583837892e-01
-5.378827516973794243e-01
-4.832228830356253280e-01
-3.765050999000399967e-01
-2.281620502636065861e-01
-5.614296454426426219e-02
1.230269071634559896e-01
2.893136233643860411e-01
4.243423067196039344e-01
5.146316118031399878e-01
5.502746876832547152e-01
5.274868226379749725e-01
4.475962756546325583e-01
3.212473470295977851e-01
1.596755566820033945e-01
-1.854207165318677575e-02
-1.941812464669472327e-01
-3.485952955250614105e-01
-4.660177097126401158e-01
-5.333974799795573318e-01
-5.429306852534407923e-01
-4.970556011007370989e-01
-3.994124577550787203e-01
-2.603508430081709069e-01
-9.399284069502678030e-02
8.032180239988373494e-02
2.452068806985527871e-01
3.821456181992126666e-01
4.767355812725688757e-01
5.222482841727329461e-01
5.131769952426648018e-01
4.503955219461575066e-01
3.401705647904125218e-01
1.963165963066753061e-01
3.205931218371249614e-02
-1.346076379618047492e-01
-2.858987110094624029e-01
-4.065664357435907483e-01
-4.844918434724220235e-01
-5.116418422815682820e-01
-4.847004125462598401e-01
-4.096124434574913709e-01
-2.930094656807499254e-01
-1.474488638414224173e-01
1.213165512002678526e-02
1.683875707605448913e-01
3.059145744801980982e-01
4.096078508575291544e-01
4.686116490895884112e-01
4.802600863031547540e-01
4.429278899668436242e-01
3.606578637632431583e-01
2.418466276278348204e-01
1.008269870344244978e-01
-4.911316661935827277e-02
-1.916645129753477006e-01
-3.118865717679214500e-01
-3.991473961642594270e-01
-4.448770166073321430e-01
-4.446998108417574702e-01
-3.986803856109893962e-01
-3.140905167797068964e-01
-1.983573854805094072e-01
-6.465714568840974508e-02
7.266543879423270624e-02
1.998116964692342457e-01
3.047249473027238142e-01
3.764274775456153410e-01
4.078331010630420472e-01
3.995073581099415350e-01
3.522224114031093922e-01
2.709385432754063405e-01
1.642186671136669496e-01
4.447899947748412686e-02
-7.700433821545094037e-02
-1.871208782701483386e-01
-2.752688467905634040e-01
-3.361094219627895896e-01
-3.639765888798977000e-01
-3.562954649319667322e-01
-3.147879538031376212e-01
-2.458434518310270711e-01
-1.552947045890189504e-01
-5.259890638648945238e-02
5.170011807400598514e-02
1.482008764046263138e-01
2.286233730035360789e-01
2.851299801354092445e-01
3.128978451102757408e-01
3.130247750074166557e-01
2.857764856601854309e-01
2.332203056364043903e-01
1.606451885777531174e-01
7.561550031746921974e-02
-1.465234251960534362e-02
-1.011603031118013529e-01
-1.765037068293098255e-01
-2.367028257382390866e-01
-2.767521633337495235e-01
-2.916413959880752582e-01
-2.803351607929159828e-01
-2.464909717339786033e-01
-1.924659792828230520e-01
-1.219731255539480141e-01
-4.132105634356730839e-02
4.281990819365777412e-02
1.241900515757203838e-01
1.951472451340503511e-01
2.498253816484854450e-01
2.855271009926227954e-01
2.988141560426997856e-01
2.861407345797384316e-01
2.481233682642260963e-01
1.896308343078130232e-01
1.141370282214415610e-01
2.595959722677632087e-02
-6.814964293258995998e-02
-1.604891375490729022e-01
-2.433823366848512082e-01
-3.071685184721512085e-01
-3.453500965466436146e-01
-3.551435644345550813e-01
-3.337690586166107698e-01
-2.800470049659813387e-01
-1.971876442101462290e-01
-9.260366486255289242e-02
2.653916439333414701e-02
1.490968746786021093e-01
2.632067451272086522e-01
3.572863020398018286e-01
4.215641656130642012e-01
4.460560836455760292e-01
4.256371542934267449e-01
3.626872738615922742e-01
2.602819768998327898e-01
1.261974326296344540e-01
-2.795518895600479503e-02
-1.860281902181794011e-01
-3.331562419140601250e-01
-4.518926785021183390e-01
-5.286795623423015122e-01
-5.554211392913248613e-01
-5.263471629047964395e-01
-4.413809341187744373e-01
-3.064484144828314438e-01
-1.359137283221762971e-01
5.630318170419057466e-02
2.500712056574210251e-01
4.251227642179358224e-01
5.621129090562897446e-01
6.454958440315927692e-01
6.630598401820602117e-01
6.093977108927774999e-01
4.910116547970899692e-01
3.164122705889840237e-01
1.023816469190466094e-01
-1.308258352602176267e-01
-3.569075633930819391e-01
-5.525232478028372363e-01
-6.938889761597705208e-01
-7.636166455095515504e-01
-7.547757828480998743e-01
-6.644475709747148517e-01
-5.003182777206016674e-01
-2.765545213165798710e-01
-1.869982991288743346e-02
2.490124028145141999e-01
4.965188495574412997e-01
6.961402636073807937e-01
8.253173597205125667e-01
8.681365386804498208e-01
8.184618561419039207e-01
6.777595567902943152e-01
4.623157914553610581e-01
1.907916316719791006e-01
-1.059251557191946969e-01
-3.965882320135416528e-01
-6.486766518794084835e-01
-8.348656778227954156e-01
-9.330176559890354104e-01
-9.296866612038496847e-01
-8.277310334387630864e-01
-6.342733895684182777e-01
-3.702477183418059203e-01
-6.159216543683432299e-02
2.556846966869559257e-01
5.488187112581432991e-01
7.838003268429829529e-01
9.340993714209557819e-01
9.858899238758098704e-01
9.305778094364549613e-01
7.741088224486327718e-01
5.306822460256501728e-01
2.297666237197344419e-01
-9.942941564715990221e-02
-4.192317812977637281e-01
-6.946713471364411863e-01
-8.958030918354831229e-01
-1.000000000000000000e+00
-9.967132778567089346e-01
-8.839349216745749915e-01
-6.770982112441539247e-01
-3.950573531815023687e-01
-7.113216227643526235e-02
2.604218215400044834e-01
5.624094956308733906e-01
8.027354433087023899e-01
9.545489985991626458e-01
1.000000000000000000e+00
9.389353626884611170e-01
7.757602084429500167e-01
5.300763220665929421e-01
2.268928493923449974e-01
-9.764070441986971716e-02
-4.097256740116309581e-01
-6.735423210502067271e-01
-8.603249578742129255e-01
-9.536860484164086937e-01
-9.424578211438167097e-01
-8.300708160248386758e-01
-6.278354426696585167e-01
-3.624469912337244804e-01
-6.043872748995782196e-02
2.432731081471777301e-01
5.155385906486071868e-01
7.277390499916358557e-01
8.575116537954408091e-01
8.930797272670707443e-01
8.302547871730441287e-01
6.809424762651050678e-01
4.598100407410328216e-01
1.948308551105137898e-01
-8.487004137217923905e-02
-3.481238803553018402e-01
-5.675833899544604488e-01
-7.201394763678437005e-01
-7.897681558194838969e-01
-7.752610533989959807e-01
-6.784040319691799770e-01
-5.129234024153797034e-01
-2.972682643590289775e-01
-5.855104152503765036e-02
1.781700645382831016e-01
3.862780322436101255e-01
5.441348313037785989e-01
6.401560696355730329e-01
6.649829949146519592e-01
6.191813234452563375e-01
5.093542662151708811e-01
3.524682788467408123e-01
1.649547198755758615e-01
-3.099156235147748628e-02
-2.137561609424551978e-01
-3.654742615731879640e-01
-4.716488728733930769e-01
-5.242315730096007709e-01
-5.195888458689172928e-01
-4.637953861146574264e-01
-3.636108997877646187e-01
-2.329788160950198028e-01
-8.728651171215129345e-02
5.754444441623984829e-02
1.872396000426059803e-01
2.891178829714022847e-01
3.541659372871872602e-01
3.820042449440952392e-01
3.718745470803386244e-01
3.274370798205714639e-01
2.555195736624611413e-01
1.664297399225889151e-01
6.960724397664663776e-02
-2.433766449592500436e-02
-1.065616465506649124e-01
-1.734119320777783857e-01
-2.203253817634905909e-01
-2.448031420707166284e-01
-2.472565537872012387e-01
-2.316482084656166229e-01
-2.004090930923746461e-01
-1.573543805429666875e-01
-1.077912232365401124e-01
-5.542261401850079316e-02
-3.563103000798983899e-03
4.560964988782845175e-02
9.025149417320932344e-02
1.299473554581012102e-01
1.625782276142100358e-01
1.850549309889302219e-01
1.965524716554487572e-01
1.971208802724242481e-01
1.858505570589381595e-01
1.598501400172047671e-01
1.183752866252330005e-01
6.310190932107428985e-02
-2.606321251709342590e-03
-7.344446111855473802e-02
-1.441901575263063728e-01
-2.082711223108015819e-01
-2.594311400098562315e-01
-2.897886380664466133e-01
-2.941377683958920075e-01
-2.708256219558105027e-01
-2.194342599348629852e-01
-1.421239624698596993e-01
-4.467088317841927392e-02
6.248121609981094338e-02
1.705551526381454686e-01
2.675200143188012358e-01
3.419482232473658456e-01
3.849436244533315232e-01
3.901698054949953587e-01
3.542837578006272636e-01
2.783867364063909999e-01
1.700488209592745381e-01
3.742578020700060293e-02
-1.050398639431936454e-01
-2.422493909108272003e-01
-3.585031666057046928e-01
-4.408774247129562118e-01
-4.776052999144062561e-01
-4.622245641123411408e-01
-3.976099474452811089e-01
-2.877633587943214666e-01
-1.430365559700310651e-01
2.266986300041184954e-02
1.899782118219868199e-01
3.415433821705682327e-01
4.584435342686634662e-01
5.266468726402582234e-01
5.400125744547461526e-01
4.946946889112004975e-01
3.943337310174244159e-01
2.479645029714800941e-01
7.340548005846447843e-02
-1.128199998146782734e-01
-2.893017728631851471e-01
-4.359007616367156501e-01
-5.363488007979642092e-01
-5.789358514436391268e-01
-5.585096546348453650e-01
-4.753955397714936248e-01
-3.405976935597505584e-01
-1.662068853213709563e-01
2.684835307578858909e-02
2.172077343208904665e-01
3.833840057460375927e-01
5.074033954693100146e-01
5.746188708166670711e-01
5.764128772495140662e-01
5.160374561625038492e-01
3.984348236385830688e-01
2.369904759894327917e-01
4.869227429277800390e-02
-1.434717362555719689e-01
-3.192139573105309269e-01
-4.577834841018141310e-01
-5.435675258703400736e-01
-5.706091270310784669e-01
-5.348758171092733438e-01
-4.408987014423005890e-01
-2.985798693196304310e-01
-1.265218474936867787e-01
5.805484046088471572e-02
2.335923079391351020e-01
3.800683426930320241e-01
4.823422830658543603e-01
5.294398888026221606e-01
5.176983828951162714e-01
4.481863580198290897e-01
3.317677452828162732e-01
1.798576122611037498e-01
1.119015295967495938e-02
-1.551463514109230335e-01
-3.007240529196438805e-01
-4.101387113002372686e-01
-4.714216376491419114e-01
-4.777690219468758714e-01
-4.331769851512090597e-01
-3.421970156152335241e-01
-2.159607939923456899e-01
-6.852399802083131153e-02
8.204625307633750531e-02
2.196889966408732686e-01
3.283504926738050056e-01
3.962332576072755685e-01
4.199696699682358147e-01
3.970986771903488588e-01
3.314327100726983666e-01
2.308779939083382970e-01
1.095836976462523094e-01
-2.001543540147465716e-02
-1.429158342812247851e-01
-2.449331051917930102e-01
-3.164724519256593149e-01
-3.505805825463869096e-01
-3.451428244739461748e-01
-3.014107682229213436e-01
-2.274403868648231519e-01
-1.308867060341635247e-01
-2.404093398883011545e-02
8.030369418005633975e-02
1.709901764939332214e-01
2.388336787599323330e-01
2.767618179110047372e-01
2.810826159880721598e-01
2.551369691781468774e-01
2.019147582298421728e-01
1.288733403291124624e-01
4.530840309416417355e-02
-3.855215769800224290e-02
-1.138866291525550967e-01
-1.718668799022600169e-01
-2.064747011769632046e-01
-2.177720703095684662e-01
-2.050990524790790026e-01
-1.705224903076065779e-01
-1.191063833329812915e-01
-5.887715599322662641e-02
3.870324211615594479e-03
6.154655296650646257e-02
1.074808954691752749e-01
1.390786197805764512e-01
1.535925117156631270e-01
1.500015261440736936e-01
1.298535482863181212e-01
9.762315961947587439e-02
5.654253081850901808e-02
1.200650483248888456e-02
-2.996531969121862815e-02
-6.538506192323756405e-02
-9.109537876513262855e-02
-1.045023665689238657e-01
-1.048221964849116450e-01
-9.450258554717927417e-02
-7.469280637763797692e-02
-4.807581686478634708e-02
-1.871814553433159833e-02
9.955564486075374475e-03
3.517131758240710226e-02
5.365349577064471021e-02
6.375900170372483799e-02
6.676485803947262987e-02
6.241452032245131676e-02
5.115889857586530809e-02
3.530819333267753990e-02
1.749723080782739082e-02
-6.522677611288107968e-04
-1.684174740195898412e-02
-2.923494007054572297e-02
-3.790595041972733004e-02
-4.207367724588395586e-02
-4.102466409302940598e-02
-3.567234014959252963e-02
-2.787406829958105625e-02
-1.827583703552138061e-02
-7.876642579389470100e-03
1.847631185108999929e-03
1.027199119249910808e-02
1.660602127677579531e-02
1.976204132579817419e-02
1.977347257415962289e-02
1.776814366866119599e-02
1.387941360918087952e-02
8.636909452435226342e-03
3.209565922245527503e-03
-1.692915604863509671e-03
-5.612562209104110522e-03
-8.057668540887186204e-03
-8.895325319417834997e-03
-8.548957658009781468e-03
-7.030980244844942106e-03
-4.606486177742952215e-03
-2.022851234729339254e-03
2.275831447762222126e-05
1.380814150826026321e-03
2.098657035663809012e-03
2.201595887765250836e-03
1.947407609564466568e-03
1.468551959951769348e-03
8.392508091801254011e-04
1.337260275027229994e-04
-5.738005148275826528e-04
-1.209106947557936351e-03
-1.697971400434927780e-03
