-5.621407246596765717e-02
2.104573106024989482e-01
3.849729275337601120e-01
4.788703802627496398e-01
5.036872707244004488e-01
4.709612008536461225e-01
3.922297725854209105e-01
2.790305878546597285e-01
1.452414210435379882e-01
-3.108409261054490003e-03
-1.525266891881181808e-01
-2.808557350183852330e-01
-3.709176947020129678e-01
-4.157312403492670061e-01
-4.086355036491191584e-01
-3.516408834315859488e-01
-2.509210950683851138e-01
-1.217228666397160985e-01
2.206519480423030366e-02
1.614217304829246302e-01
2.784884627538319890e-01
3.600340565120079273e-01
3.967617096323918791e-01
3.855771628392461459e-01
3.276594834892880836e-01
2.336588853331567073e-01
1.134287106033011749e-01
-1.657802452781720337e-02
-1.396714373570357992e-01
-2.413774957038654634e-01
-3.103263575093534454e-01
-3.387737923179764410e-01
-3.234546420073147743e-01
-2.701345984000421696e-01
-1.842436733185701669e-01
-7.876958874205464145e-02
3.216588452106106111e-02
1.349207418447819773e-01
2.180715002612556574e-01
2.716039767072269129e-01
2.895963558411671634e-01
2.745212748753409482e-01
2.281193760293123152e-01
1.571493006582393992e-01
7.127686631289753549e-02
-1.730980955126448784e-02
-9.880862519075095385e-02
-1.627882463153358383e-01
-2.020218999785110547e-01
-2.169123022429910730e-01
-2.062269777869546461e-01
-1.715059205963002098e-01
-1.181072986689721827e-01
-5.471743642982229705e-02
1.197967064437621687e-02
7.330135192116582488e-02
1.214193582309655017e-01
1.532913458243929661e-01
1.662318411195793377e-01
1.595209458803481528e-01
1.351040406992674026e-01
9.829627535355101031e-02
5.255193294448146091e-02
3.715463036813471120e-03
-4.137090344438076883e-02
-7.860476304536423431e-02
-1.048015666910928623e-01
-1.170136594954324094e-01
-1.146212863816060690e-01
-1.008775269923789519e-01
-7.697892424966201741e-02
-4.541271929842816135e-02
-1.076260741640922003e-02
2.314705534164862577e-02
5.324883663910884302e-02
7.530516616993643275e-02
8.724589563074847121e-02
9.071851463350055766e-02
8.517289274817851918e-02
7.021138787906888723e-02
4.836239032988021158e-02
2.318179143489929039e-02
-3.180853432562247285e-03
-2.712821957017830243e-02
-4.555597917668197105e-02
-5.800105462172189252e-02
-6.306918046170850722e-02
-5.870686088752008480e-02
-4.565853511585704627e-02
-2.704289491838962611e-02
-4.293409360304756284e-03
1.965366031290427529e-02
4.108588978232430300e-02
5.781691788563003698e-02
6.799309568860656405e-02
6.868945812074334079e-02
5.926888176192157687e-02
4.230853642455212338e-02
1.902642956201372471e-02
-7.454533420067188665e-03
-3.269083394624927585e-02
-5.295059848765204524e-02
-6.583647424553706884e-02
-6.804033935301667668e-02
-5.807473554566233709e-02
-3.811307302412547671e-02
-9.585464053439962662e-03
2.357292854967774076e-02
5.594751563743494138e-02
8.213265484725784660e-02
9.885888419113331160e-02
1.024048340727639061e-01
9.067001090276805009e-02
6.569267697805925010e-02
2.912486110207224144e-02
-1.491788747167011042e-02
-6.037490467600581390e-02
-9.987364014220445618e-02
-1.285751282307164844e-01
-1.407734433787232176e-01
-1.328101504668378618e-01
-1.064395394494324076e-01
-6.315285042870710797e-02
-6.889991669223771709e-03
5.579015314867596942e-02
1.155321016441681614e-01
1.653987424328422495e-01
1.968641544233185048e-01
2.035828223157147843e-01
1.848873541111466512e-01
1.411641747928773505e-01
7.613292857883036113e-02
-3.436337342300088693e-03
-8.606541206687112755e-02
-1.628959790202549884e-01
-2.226915451722492056e-01
-2.556229910431484509e-01
-2.569819555773887876e-01
-2.247200921623242476e-01
-1.611265516781750229e-01
-7.199274024835489172e-02
3.039277210247393057e-02
1.357666058074975535e-01
2.298443630485098588e-01
2.991868128502161994e-01
3.343252833983016981e-01
3.294190266851964033e-01
2.833596793592072505e-01
1.993051620918386835e-01
8.854115319754374269e-02
-3.855925539739546437e-02
-1.653256508626910204e-01
-2.753617010157546341e-01
-3.543984803068430667e-01
-3.919507874302560202e-01
-3.817515605592437522e-01
-3.226723202058913165e-01
-2.227302221594313902e-01
-9.029599260096210500e-02
5.772451839652004146e-02
2.035256624819175020e-01
3.286293430235447399e-01
4.179549835584615014e-01
4.580453773056816225e-01
4.417251376441870825e-01
3.737225359648999046e-01
2.591252876705398833e-01
1.104802279043590740e-01
-5.602069934660003359e-02
-2.187233164153482567e-01
-3.590556021234782014e-01
-4.576570598639609910e-01
-5.012063552969647784e-01
-4.871562796266591944e-01
-4.145033481556502641e-01
-2.906179658010714650e-01
-1.282822148190841949e-01
5.099695611470278500e-02
2.287862133135132314e-01
3.832000788786342760e-01
4.945805058910535124e-01
5.503371894131381392e-01
5.427598511974132123e-01
4.723823772419990519e-01
3.451062267490569990e-01
1.778766141357936981e-01
-1.313912034170472420e-02
-2.046079042313826424e-01
-3.737558656619376363e-01
-5.008567774299813591e-01
-5.709386799855471484e-01
-5.749162422753579804e-01
-5.101267152804372929e-01
-3.861898351926495998e-01
-2.138165099840583228e-01
-1.434730611534040801e-02
1.894741496811480630e-01
3.736219474946200769e-01
5.176889186282798150e-01
6.033143822974202930e-01
6.190504339101881026e-01
5.665768466109351031e-01
4.492073812112871156e-01
2.796253260899441706e-01
7.556161438879316350e-02
-1.373543544713680120e-01
-3.365451937914258895e-01
-4.973149305549526833e-01
-6.006280675250875722e-01
-6.378410383778041481e-01
-6.025799009540254714e-01
-4.978636669663716319e-01
-3.337946834659893947e-01
-1.315079080658926314e-01
8.925732102068284490e-02
3.020093250802267093e-01
4.817687361419029646e-01
6.082664830947435153e-01
6.666065463658408241e-01
6.500688730108816760e-01
5.585317658244051131e-01
4.046156862666516751e-01
2.021671042673216512e-01
-2.419179566300699857e-02
-2.490046824707632389e-01
-4.461415072486125677e-01
-5.937074679764684504e-01
-6.732555198543650476e-01
-6.740314385410535181e-01
-6.002657836376341649e-01
-4.577325830091169001e-01
-2.623733077288082916e-01
-3.474021105617486338e-02
1.971316091048442853e-01
4.082079049034295082e-01
5.724027954766726101e-01
6.704111379793842307e-01
6.949894774346441206e-01
6.415656623707612916e-01
5.163566379263107020e-01
3.322700156464792887e-01
1.135338832595425007e-01
-1.178868813919743408e-01
-3.347692630988876594e-01
-5.117603546169420259e-01
-6.300132492616224988e-01
-6.762449509144903281e-01
-6.463511959896085513e-01
-5.424928647613904698e-01
-3.798636851076565568e-01
-1.741071677131500461e-01
4.970591343486585600e-02
2.661902561723439309e-01
4.513486353553206598e-01
5.854234071884156787e-01
6.532192918474160059e-01
6.464540377650873637e-01
5.712206496224248031e-01
4.345233909946717432e-01
2.525156878804406535e-01
4.505325810285198962e-02
-1.633868283198192106e-01
-3.512542360376541550e-01
-4.972604990925189039e-01
-5.856848967353971425e-01
-6.119577786953387388e-01
-5.727975534498377375e-01
-4.730602913335120174e-01
-3.235763472239282512e-01
-1.434335335837652048e-01
5.033642357906753517e-02
2.368564235354690961e-01
3.961352776101827455e-01
5.135609655429174136e-01
5.774468164605284226e-01
5.813308335763951451e-01
5.244679325621852684e-01
4.158869353820744408e-01
2.648885308107855607e-01
8.719883143275741766e-02
-9.903049210143155534e-02
-2.745035946362089918e-01
-4.221638227253547981e-01
-5.252411390546516401e-01
-5.723244267683413877e-01
-5.617881366349601890e-01
-4.929514921466979782e-01
-3.710684247110469514e-01
-2.072287921607366412e-01
-1.961448149958155973e-02
1.744914834111781499e-01
3.531686398873756794e-01
4.972243542894423385e-01
5.926584517594768453e-01
6.279824220482246311e-01
5.967658090048388875e-01
4.998981809055675907e-01
3.487786620019741601e-01
1.555172226589303097e-01
-5.830813367030529548e-02
-2.696506652868601028e-01
-4.547336462934641332e-01
-5.935313693492580978e-01
-6.678703584955563155e-01
-6.669784318406628554e-01
-5.931275595964997649e-01
-4.508048949085858847e-01
-2.543366440511237725e-01
-2.344734878039667070e-02
2.134370490766768214e-01
4.311901095127199657e-01
6.022583185060554900e-01
7.057692977227145725e-01
7.320884449463096466e-01
6.748866315178612130e-01
5.391346617158501164e-01
3.376416086689326690e-01
9.635611586068382195e-02
-1.604758263644907590e-01
-4.011070463785249007e-01
-5.964941086786703650e-01
-7.235395346969215602e-01
-7.660971823929252356e-01
-7.191530407389177260e-01
-5.853206002332298485e-01
-3.832462496941789754e-01
-1.326301687252643413e-01
1.345090216735826960e-01
3.868079535021942128e-01
5.937531556570885272e-01
7.310081479990593323e-01
7.821568308814395021e-01
7.393233471170950200e-01
6.117806941279300137e-01
4.112870071152856521e-01
1.642474024211570960e-01
-1.008456089657644439e-01
-3.506572884096712528e-01
-5.565859084587322370e-01
-6.929613091897852684e-01
-7.427220030670615980e-01
-7.059630583994802588e-01
-5.854028593827718119e-01
-3.973623938557059310e-01
-1.632527539888528612e-01
8.538084632578524236e-02
3.206139380182719822e-01
5.131882579738074046e-01
6.400508140404477242e-01
6.911535106068522616e-01
6.602989224371680343e-01
5.540570278571121943e-01
3.849841656518060429e-01
1.780696289927343745e-01
-4.423204914180667302e-02
-2.545540588645146540e-01
-4.276042163410831431e-01
-5.457131151270904201e-01
-5.964272265289325414e-01
-5.773325372840271141e-01
-4.913400942931750448e-01
-3.539002008227920548e-01
-1.799219832518674789e-01
7.992751929448704828e-03
1.873159703956743805e-01
3.386157997481102910e-01
4.461759521228729763e-01
4.998232859512203863e-01
4.945893495951361185e-01
4.369330491897613911e-01
3.333717057283451801e-01
1.987984373251587833e-01
4.991521114467167841e-02
-9.623823509487927641e-02
-2.246760826110000275e-01
-3.216212590483602529e-01
-3.775686810990703801e-01
-3.926700289359843499e-01
-3.664009973696968903e-01
-3.028110811862668728e-01
-2.101857673376483771e-01
-1.009848271162649969e-01
1.408376326463378625e-02
1.225371251865474687e-01
2.136933405588534729e-01
2.826153816814618303e-01
3.232192893029739444e-01
3.309421776704364326e-01
3.060519568209021379e-01
2.543380782916899729e-01
1.800786132369891490e-01
8.964530246212554232e-02
-7.866333803689729010e-03
-1.032425427157006581e-01
-1.882396442064773190e-01
-2.532236502727884808e-01
-2.916910157323817643e-01
-3.027728531996826122e-01
-2.845947683839705755e-01
-2.365865486433943454e-01
-1.629841144161618960e-01
-7.187077797550278646e-02
2.947478198981756670e-02
1.299068389824054037e-01
2.186918090502030232e-01
2.874297049638625534e-01
3.284948436010863837e-01
3.342487466153822862e-01
3.024546487494170766e-01
2.385154406510678893e-01
1.469220025425332921e-01
3.656980150259103723e-02
-8.065920459310149671e-02
-1.909433466385817013e-01
-2.826266036150447691e-01
-3.429803463002912833e-01
-3.638694570810533380e-01
-3.449401988352495119e-01
-2.862068996567638246e-01
-1.925002755755301775e-01
-7.349340226637257611e-02
5.512112873584396056e-02
1.806458808868400823e-01
2.875747726267989801e-01
3.623211089245137462e-01
3.972247580242214138e-01
3.869871238711430905e-01
3.314240462912985130e-01
2.354105423025174559e-01
1.117417483497737951e-01
-2.788348213283120547e-02
-1.659487473540629532e-01
-2.853552893261028789e-01
-3.717983047691576504e-01
-4.147083494449423924e-01
-4.080964853117248214e-01
-3.510399509213976144e-01
-2.516925762535080491e-01
-1.185966338545973997e-01
3.142264114868997815e-02
1.805258174343071786e-01
3.103746749061637722e-01
4.058376896937709866e-01
4.532623436645248916e-01
4.451517045137325379e-01
3.858362095043208484e-01
2.798894069467867673e-01
1.388793344702869970e-01
-2.174528909531281418e-02
-1.809136532087602944e-01
-3.204682317941467407e-01
-4.211998157577804269e-01
-4.697218021503719587e-01
-4.629866014266753593e-01
-3.994271665121262860e-01
-2.856358084736780878e-01
-1.336582526567743345e-01
3.567706736138132051e-02
2.046464743237426109e-01
3.518818365469689180e-01
4.579745287974139600e-01
5.102448070733054397e-01
5.011353298753240537e-01
4.313652039622000167e-01
3.068689343490973442e-01
1.448396954069399722e-01
-3.843857834820962882e-02
-2.193805682877362218e-01
-3.753547825562050244e-01
-4.870632856815219069e-01
-5.403013571363157741e-01
-5.275236512135748068e-01
-4.476567681003768007e-01
-3.123834451974480952e-01
-1.342261050998103666e-01
6.311219450068050740e-02
2.555831329366318183e-01
4.189921553460445036e-01
5.336483279103334532e-01
5.838381895925250920e-01
5.611954215628853770e-01
4.718131151525568612e-01
3.232336267593416412e-01
1.336365102538745742e-01
-7.533492010399089889e-02
-2.757616078962420447e-01
-4.442353093293773814e-01
-5.581257867269457940e-01
-6.020633006399785936e-01
-5.745755758876600616e-01
-4.760357662503448273e-01
-3.179977862720956283e-01
-1.177519418129365780e-01
9.744383680721480090e-02
3.039373035380630306e-01
4.751762317787642242e-01
5.888151058023942674e-01
6.324909150012101300e-01
5.993617894814082803e-01
4.942835666244280723e-01
3.277389203481775315e-01
1.230398274175756868e-01
-9.817596271099704452e-02
-3.074929399614565462e-01
-4.787935900468972550e-01
-5.920323288019018193e-01
-6.331162177716649353e-01
-5.980984631267671769e-01
-4.894634779452277096e-01
-3.236707118449643206e-01
-1.174010650050500981e-01
1.023747085697215287e-01
3.092050678421656151e-01
4.784380606969376171e-01
5.904212316998451726e-01
6.323431575623281731e-01
5.983562258709749226e-01
4.966680850443732087e-01
3.367620129859505429e-01
1.396550942446397325e-01
-7.173179430411891211e-02
-2.715696555912534560e-01
-4.375762386405335214e-01
-5.495274658539796020e-01
-5.941163527826853752e-01
-5.719108514141394428e-01
-4.845265554954167886e-01
-3.430800984691058098e-01
-1.634300954541513251e-01
3.106497104738137338e-02
2.195435063544055598e-01
3.793691446173479420e-01
4.924745634721798826e-01
5.505780833442530664e-01
5.473679056797327025e-01
4.847280063786616466e-01
3.700384914680978632e-01
2.198299869960309572e-01
4.898417882493610875e-02
-1.228943641351533111e-01
-2.763537018206863038e-01
-3.964100642634593719e-01
-4.713988126153478841e-01
-4.944350871012611615e-01
-4.633916753826932133e-01
-3.857540321547839879e-01
-2.688089924558629829e-01
-1.262515896418963113e-01
2.617374664161609132e-02
1.729812465883608930e-01
3.004025377122592211e-01
3.952089903420472616e-01
4.482735054842204026e-01
4.588363559464918584e-01
4.257707813762103832e-01
3.517154629338214988e-01
2.442346388832148385e-01
1.153566437348825247e-01
-2.397017623731667602e-02
-1.598238917093122158e-01
-2.795342191824180533e-01
-3.744466557009713537e-01
-4.353189891147061230e-01
-4.533021463936909301e-01
-4.257545185828537360e-01
-3.579414103113817136e-01
-2.543327678985368712e-01
-1.221567596985190240e-01
2.700010586257883816e-02
1.779255518049227547e-01
3.167657397748575576e-01
4.270491578445299030e-01
4.964473535906914758e-01
5.189362671461885679e-01
4.895639570272103391e-01
4.076259482224495745e-01
2.790207749074620214e-01
1.174353987130625221e-01
-6.419786113640801872e-02
-2.465554495453969874e-01
-4.096780740977965518e-01
-5.346919619814619606e-01
-6.070219799244804815e-01
-6.144188333304890781e-01
-5.519123129062379896e-01
-4.275838221912476866e-01
-2.505445380171215097e-01
-3.845330878888864046e-02
1.872288247019784357e-01
3.996845127245900464e-01
5.758461319915906262e-01
6.923807298572324243e-01
7.333233384515067677e-01
6.948625945213802169e-01
5.767448559730097291e-01
3.899916282568867132e-01
1.524124729843141512e-01
-1.064838187793660795e-01
-3.607840709375904620e-01
-5.799240162006942256e-01
-7.369323314385569645e-01
-8.132533927816549824e-01
-7.971116113869421982e-01
-6.886156192524763853e-01
-4.958451378232106022e-01
-2.426402786566997927e-01
4.676441409526255200e-02
3.370196404778165178e-01
5.945293297305784819e-01
7.883398325314390220e-01
8.947562613564847833e-01
9.000777216142177295e-01
7.998362348705145841e-01
6.073589355963719960e-01
3.393184762121663756e-01
2.880990394198890137e-02
-2.897575089966505368e-01
-5.777886040479320862e-01
-8.024323302664283508e-01
-9.349646528204118567e-01
-9.570651034211502539e-01
-8.701639523083561922e-01
-6.799852743670831146e-01
-4.089134941948108226e-01
-8.524147184802677302e-02
2.501494433089652691e-01
5.602119991402312316e-01
8.058196172110299038e-01
9.571145144022721318e-01
1.000000000000000000e+00
9.262290730010556139e-01
7.451047144378890597e-01
4.747461636790999417e-01
1.511257626366984130e-01
-1.920003928047566699e-01
-5.125683279225132782e-01
-7.723956189635503566e-01
-9.418008711355628781e-01
-1.000000000000000000e+00
-9.417476445837265064e-01
-7.709475279047560692e-01
-5.121191581582893448e-01
-1.912807774880146416e-01
1.510377561439875116e-01
4.752903905407590557e-01
7.430735133258377090e-01
9.234805855577545852e-01
9.956050710543900006e-01
9.488720411121738252e-01
7.943882641335209271e-01
5.467816597469172812e-01
2.386549756743656658e-01
-9.487341714991204267e-02
-4.125340164401660736e-01
-6.785192202089721514e-01
-8.608476541056065967e-01
-9.373003652198170776e-01
-9.051582926509609273e-01
-7.662327912274712327e-01
-5.396073487182693196e-01
-2.506930602054109336e-01
6.170796661425215213e-02
3.630948275296501659e-01
6.167170094343252806e-01
7.924843777108971921e-01
8.745284117654645861e-01
8.524765649790055910e-01
7.318535278208817552e-01
5.260055299745169943e-01
2.646446944228952880e-01
-2.403173742806030688e-02
-3.036706341230885897e-01
-5.408295652817219912e-01
-7.092953293098223089e-01
-7.898546991331920619e-01
-7.762867004105863389e-01
-6.698180190840596904e-01
-4.888208106150114807e-01
-2.525833682687330661e-01
7.303596408312351684e-03
2.596936164297831695e-01
4.748108153394334785e-01
6.283685239623588714e-01
7.040647775556403420e-01
6.932123869986348552e-01
6.035689021495407314e-01
4.446465664362033721e-01
2.391029412578278279e-01
1.180392791193440871e-02
-2.083685861811997997e-01
-3.963620787444972482e-01
-5.295789452981332079e-01
-5.925662277201477757e-01
-5.849842035010486274e-01
-5.078691013273675114e-01
-3.731861852360981446e-01
-1.975619268963429986e-01
-5.866771952777849464e-03
1.800445156644980838e-01
3.369665723605077545e-01
4.462716667185919750e-01
5.000903471148108181e-01
4.929140234660238651e-01
4.286585158203908286e-01
3.161685139272707445e-01
1.738436723531968653e-01
1.764113520659105205e-02
-1.325612033444171223e-01
-2.579141849050980984e-01
-3.458092336191260774e-01
-3.873178908497277861e-01
-3.804881504064668851e-01
-3.273640105217575647e-01
-2.392613047260149228e-01
-1.263383624522778081e-01
-4.443632791062523957e-03
1.104092151331255156e-01
2.053935681406895419e-01
2.704193647342829632e-01
2.993293333716204874e-01
2.897883090512456405e-01
2.475398558361636692e-01
1.775817478152856843e-01
9.161131463069027703e-02
2.143369860167387841e-03
-8.002758774473373027e-02
-1.459104609907769801e-01
-1.882273148740959412e-01
-2.029748372799499156e-01
-1.929213648593102182e-01
-1.596774003706969980e-01
-1.092326468825783881e-01
-4.970047035917879441e-02
1.020482310531023451e-02
6.367925737182189572e-02
1.038671742408834309e-01
1.266685875230597613e-01
1.339619831656637672e-01
1.252714743713316814e-01
1.024589939485491819e-01
7.021830325410460816e-02
3.410602479706814627e-02
-1.851566489262990167e-03
-3.245391034673572594e-02
-5.372019950216389006e-02
-6.562078129931270265e-02
-6.725115235791623292e-02
-5.921188743312755243e-02
-4.404261209915361075e-02
-2.537696613684004010e-02
-5.168738591777466418e-03
1.362006150176497954e-02
2.795618254221343690e-02
3.728168317979752011e-02
4.075796077655180483e-02
3.825952782787234163e-02
3.125490123975360746e-02
2.234577965100736918e-02
1.230360106078842719e-02
2.415196940785957480e-03
-5.382472796553683381e-03
-1.138535372922278022e-02
-1.546641718379915265e-02
-1.716200998200523298e-02
-1.600847894556411966e-02
-1.154217089619824499e-02
-3.299432655630374356e-03
9.183388954416837890e-03
