-9.240878669050778260e-02
-1.058798158834731717e-01
-1.046701181590222740e-01
-9.147343352787173920e-02
-6.898350200073866123e-02
-3.989406358834002297e-02
-6.898858301392585268e-03
2.730837384938733514e-02
5.814182588429717136e-02
8.450559512241939686e-02
1.040315391139243761e-01
1.129356700376367151e-01
1.086040357427937586e-01
9.143846133850752622e-02
6.239650768438864681e-02
2.354225156829437005e-02
-2.167558990168849675e-02
-6.800685870387346288e-02
-1.112719359736099589e-01
-1.456135753432336033e-01
-1.662346458236660940e-01
-1.713904700252278923e-01
-1.596054235131328936e-01
-1.302579482314901727e-01
-8.559370085392681293e-02
-3.089533808745548171e-02
2.972411609487690676e-02
8.948084805234213235e-02
1.411168567998493106e-01
1.788978031251000633e-01
1.984101579215211686e-01
1.952748084534801087e-01
1.683650547293575883e-01
1.216675064076764290e-01
5.836514613934151718e-02
-1.525282014014517351e-02
-9.107087593910834222e-02
-1.603842803967272523e-01
-2.159548306276766194e-01
-2.497818076519490171e-01
-2.570771003590079928e-01
-2.385574342870757647e-01
-1.946847587002841218e-01
-1.285656169991179487e-01
-4.677085549759851801e-02
4.051221130619575561e-02
1.251193027911969846e-01
1.969128549152150409e-01
2.472259332219033379e-01
2.715855093662913333e-01
2.663613626705687576e-01
2.305819124975827528e-01
1.671323823868309244e-01
8.371990181500543748e-02
-1.269215173505544580e-02
-1.111278453219769480e-01
-2.002675347232514280e-01
-2.702160775417989935e-01
-3.132396675697094457e-01
-3.230981983027306770e-01
-2.973965298153586900e-01
-2.405952111962793571e-01
-1.569634936205245301e-01
-5.486613721304989255e-02
5.503841695636402243e-02
1.600528404635306323e-01
2.492543733568215458e-01
3.111281095616702519e-01
3.380215512658628629e-01
3.290962253172085017e-01
2.838178777126090235e-01
2.058003293660615185e-01
1.026125636788419726e-01
-1.324327159793625697e-02
-1.308149996651620794e-01
-2.364673476212152403e-01
-3.180291315367033134e-01
-3.675408267467682455e-01
-3.791123005686252156e-01
-3.507514284100508029e-01
-2.845403954493592735e-01
-1.889715583971330881e-01
-7.221094806430639057e-02
5.267146163592317798e-02
1.718815132755804331e-01
2.724909001674964415e-01
3.439454425609926869e-01
3.769181385876458901e-01
3.666142122120026325e-01
3.169896645788741196e-01
2.319816946944153191e-01
1.202937980210798674e-01
-6.426974175617106155e-03
-1.335506249493035869e-01
-2.481664941278677317e-01
-3.365211703098446305e-01
-3.886206720912792623e-01
-4.012815234278496179e-01
-3.721602784774167283e-01
-3.037897363980530674e-01
-2.031316601566215407e-01
-8.292351422426347263e-02
4.596074166340291534e-02
1.695181655328339421e-01
2.740210603689954283e-01
3.493202281503580142e-01
3.875286331856433453e-01
3.842406460409659719e-01
3.392217502997754153e-01
2.590121600768418020e-01
1.502756223166945571e-01
2.480694261623028751e-02
-1.041809598310471374e-01
-2.230613317637015758e-01
-3.200441760256554913e-01
-3.838289991446035554e-01
-4.072781864390017104e-01
-3.909911395412777324e-01
-3.356824201193767676e-01
-2.462158925023730793e-01
-1.313355149890613749e-01
-4.217012411924958570e-03
1.230068605247325308e-01
2.357821286585681797e-01
3.221536819531822804e-01
3.752300022028989268e-01
3.890349599553375448e-01
3.612124096425695097e-01
2.941152023081603506e-01
1.963553137140094940e-01
7.611640578236666954e-02
-5.330703169297212884e-02
-1.778652422716778814e-01
-2.849028764856821327e-01
-3.638727854468722933e-01
-4.056274372438803955e-01
-4.051965989173164084e-01
-3.654829176007037272e-01
-2.894672014630064183e-01
-1.841028932292616549e-01
-5.985713143199133945e-02
6.915462533020511060e-02
1.905109143326015886e-01
2.904130226708567797e-01
3.584344221975268585e-01
3.903503209916980854e-01
3.820354331845294826e-01
3.333040732184719968e-01
2.488445656250255489e-01
1.388766505913727745e-01
1.283254336951733521e-02
-1.157625635167178757e-01
-2.331064361773483862e-01
-3.273532938054370955e-01
-3.890615907082731750e-01
-4.109737007740869030e-01
-3.900258886351749554e-01
-3.309711869135149032e-01
-2.385608756788621942e-01
-1.217680610316845824e-01
7.699040854487915198e-03
1.356750840192078034e-01
2.496296610370474234e-01
3.363972024026655738e-01
3.866031857984228992e-01
3.977218522622036900e-01
3.677214450685568625e-01
2.988746963710315896e-01
1.978314625413040151e-01
7.661926668782803596e-02
-5.389606973418303859e-02
-1.796312153007608714e-01
-2.871298473951623409e-01
-3.662688586462216067e-01
-4.090314632704981079e-01
-4.103394670458466731e-01
-3.694280686500779343e-01
-2.926952672702533009e-01
-1.865043198159455073e-01
-6.239468531015979202e-02
6.647685264333813571e-02
1.867291682797216357e-01
2.867344412337107240e-01
3.552896694644283038e-01
3.850661764586920111e-01
3.759859707698502973e-01
3.282576155487102465e-01
2.461702331332686899e-01
1.379547339248827775e-01
1.621691885964704483e-02
-1.078443164445082036e-01
-2.207703044039297513e-01
-3.110751579882343743e-01
-3.719994048700676625e-01
-3.971985695016631013e-01
-3.833410770571702431e-01
-3.316991867450472808e-01
-2.491505580642082718e-01
-1.422961416146671931e-01
-2.203321066918983995e-02
9.941354819011993804e-02
2.101177907163060965e-01
2.997446971344401856e-01
3.582588109393998188e-01
3.794014199698141354e-01
3.638678861693849242e-01
3.122873743119527479e-01
2.285158079895064365e-01
1.202797168269087447e-01
-8.316643849199945038e-04
-1.239322187245691653e-01
-2.355580641396025632e-01
-3.245226998105547045e-01
-3.838735631215040023e-01
-4.071330132934871671e-01
-3.901794155750212267e-01
-3.338704845783381225e-01
-2.453681565569575396e-01
-1.314393674482460250e-01
-3.457213340418818781e-03
1.255522239156496855e-01
2.425538887428391188e-01
3.363108029857921899e-01
3.957347364248624544e-01
4.138376456858001706e-01
3.907133630426526949e-01
3.270335734826508300e-01
2.276786493374831633e-01
1.017663652532487806e-01
-3.678597966043373191e-02
-1.754061011397829439e-01
-2.986338761361377880e-01
-3.934435875152092477e-01
-4.515850634119897844e-01
-4.659328364042700787e-01
-4.332944362214522505e-01
-3.558103271973369619e-01
-2.422504159575679106e-01
-1.015944634964522919e-01
5.117975600028179528e-02
2.002168344366448416e-01
3.297580369928774235e-01
4.265133190792160800e-01
4.784426027514974145e-01
4.786630267650215931e-01
4.294574996066375938e-01
3.338837693244907090e-01
2.006693045784815332e-01
4.250127801639025371e-02
-1.227110765050917207e-01
-2.785023986658997641e-01
-4.062765529496422667e-01
-4.918255132667114227e-01
-5.279686234544436196e-01
-5.092316940633490052e-01
-4.364377401138022083e-01
-3.160098478063827487e-01
-1.625908986702249148e-01
9.936482433113180690e-03
1.823211465200416104e-01
3.355830600776685824e-01
4.531813770597399316e-01
5.223683194745747382e-01
5.347861523906880521e-01
4.875161837667898457e-01
3.879749714958518059e-01
2.445790104437628454e-01
7.363671566961227377e-02
-1.066643729304653787e-01
-2.761779855427326513e-01
-4.173778220063606437e-01
-5.138181499155418663e-01
-5.543596285051852757e-01
-5.377975355322622830e-01
-4.645871001049559634e-01
-3.426919496856168923e-01
-1.846010272720980394e-01
-9.622871539410993158e-03
1.649064964595732263e-01
3.191036455785998260e-01
4.361509354627204349e-01
5.060256887630527611e-01
5.208559890348247734e-01
4.793993493397046279e-01
3.857827873225758708e-01
2.525123830486339926e-01
9.192143008034880935e-02
-7.772042989547955916e-02
-2.380366717997376425e-01
-3.725131335175424496e-01
-4.676113570516455820e-01
-5.133629004487798575e-01
-5.047554321013441037e-01
-4.467421881567358311e-01
-3.446296252612898181e-01
-2.094385043825299775e-01
-5.515818069549272007e-02
1.010817616254200413e-01
2.438863581927603885e-01
3.576758431087938561e-01
4.309347874035942549e-01
4.599965045712908207e-01
4.418389031096596753e-01
3.786993960641025225e-01
2.773439262947103856e-01
1.503674327086770290e-01
9.338530061817618133e-03
-1.310115437507868297e-01
-2.562120415889483915e-01
-3.551406217715434854e-01
-4.186687809979818820e-01
-4.403732562069393452e-01
-4.180701676666888078e-01
-3.572458252627431774e-01
-2.631982889969907147e-01
-1.454526172051406885e-01
-1.593576268291940767e-02
1.124983507836598839e-01
2.282326830757501757e-01
3.193204113459016114e-01
3.770440762836231308e-01
3.988400190019225633e-01
3.823342642120415302e-01
3.284743346474587877e-01
2.425353424189005125e-01
1.341400031015473893e-01
1.204948290362173324e-02
-1.118964956494398200e-01
-2.259276319051792825e-01
-3.207075698529089358e-01
-3.874000919411556554e-01
-4.177793124877775544e-01
-4.083200468016746632e-01
-3.622707520422365768e-01
-2.826216415348006272e-01
-1.751851199455093377e-01
-4.936877114343607431e-02
8.218972460800166857e-02
2.077390138129004971e-01
3.134119122736138685e-01
3.884801755027869063e-01
4.271956845591655672e-01
4.244155055753722205e-01
3.781889467730301657e-01
2.917930218075575066e-01
1.745078958574084460e-01
3.534499194718976334e-02
-1.115121223867099332e-01
-2.509629728415042615e-01
-3.686015376244712316e-01
-4.525277466485606581e-01
-4.918522574936949887e-01
-4.807096940690419595e-01
-4.220707774980930749e-01
-3.196658616091565541e-01
-1.826170136627075502e-01
-2.388315337491808688e-02
1.389056299057134236e-01
2.898772373399871594e-01
4.113472216572144902e-01
4.898648048394211862e-01
5.188762927803005631e-01
4.934592676066851258e-01
4.147661207327564270e-01
2.896721852515278250e-01
1.330192129457279382e-01
-4.133887636799959964e-02
-2.143432750652708441e-01
-3.672328693534042676e-01
-4.837452221793187013e-01
-5.512207731079318274e-01
-5.614665070669887514e-01
-5.118203084267660685e-01
-4.096436861893536507e-01
-2.634301604608263458e-01
-8.923074866074043321e-02
9.489182827783104734e-02
2.683043399111264549e-01
4.130606720584757419e-01
5.121009065096953083e-01
5.538431627023292503e-01
5.368972610035092075e-01
4.615853994243981351e-01
3.358899369699872572e-01
1.723756276896502015e-01
-9.281809932161988463e-03
-1.910504586677785888e-01
-3.521215007431465205e-01
-4.748104331749698481e-01
-5.480709107313728179e-01
-5.637253476374017858e-01
-5.206671413434127427e-01
-4.230729783981093117e-01
-2.842589038498053444e-01
-1.172242699166406998e-01
5.906718162331814348e-02
2.254342926377008727e-01
3.646269764656226986e-01
4.626482367397757312e-01
5.092879005303294626e-01
4.994384694851856654e-01
4.384258826178695223e-01
3.321302204306593175e-01
1.932817416070991001e-01
3.705696732201313459e-02
-1.190829013244528722e-01
-2.596076400530333839e-01
-3.694878458168475710e-01
-4.377440987420898599e-01
-4.617406203033408429e-01
-4.395311796826971706e-01
-3.747531126325071016e-01
-2.752004274079224988e-01
-1.540902766895649867e-01
-2.295370681016672965e-02
1.044907094365634670e-01
2.153600705171916374e-01
3.014620449954743542e-01
3.554659805177000642e-01
3.732827240244507294e-01
3.545649715991170403e-01
3.046317146109096541e-01
2.282614459450031941e-01
1.335296602463660331e-01
3.020307267753574720e-02
-7.253792402389114269e-02
-1.663003242268134008e-01
-2.426991939389802067e-01
-2.957656110934668847e-01
-3.249141611887715886e-01
-3.283481780902368641e-01
-3.047948579461008389e-01
-2.567557995187988995e-01
-1.898963617546490790e-01
-1.093544891428792631e-01
-2.181568360013130814e-02
6.589354139067249427e-02
1.488491489090411068e-01
2.208689389974463069e-01
2.745711694951353810e-01
3.057731136822290363e-01
3.135531620445817236e-01
2.960147636111623015e-01
2.511118894648536326e-01
1.813559018894073116e-01
9.308310087379556563e-02
-8.094814953942819358e-03
-1.145013713990017390e-01
-2.175768640004482890e-01
-3.084721490791823006e-01
-3.781893042752461076e-01
-4.160246692081761566e-01
-4.162119234629707565e-01
-3.784151405335973717e-01
-3.029136596687669325e-01
-1.933755696250539780e-01
-5.802866671218342987e-02
8.949196718755580982e-02
2.366084532498198278e-01
3.666932925735844062e-01
4.650439723878097009e-01
5.203135377590639710e-01
5.242065222055816154e-01
4.724694620809331003e-01
3.667725703803601522e-01
2.174515145704436492e-01
3.571558050056133915e-02
-1.589657960242759627e-01
-3.462598398165216418e-01
-5.050557173374763398e-01
-6.178705352049178590e-01
-6.690975560894446561e-01
-6.498208661602634661e-01
-5.624743233107855067e-01
-4.119646124454277025e-01
-2.122399488798095701e-01
1.807002663749113225e-02
2.524812576519916973e-01
4.671489738614855725e-01
6.358894289984005077e-01
7.387040737507801769e-01
7.651576178022112540e-01
7.084195797815329154e-01
5.720777679573927355e-01
3.672690725358960240e-01
1.174502453993047091e-01
-1.542801898616849021e-01
-4.168482800590466164e-01
-6.411850556297467030e-01
-8.017982539127945785e-01
-8.795785178680826100e-01
-8.646775905342016788e-01
-7.551390380706047845e-01
-5.638499302380711731e-01
-3.067594965492200787e-01
-1.313298367123016952e-02
2.865098126978415927e-01
5.583307872254672510e-01
7.731264529640640149e-01
9.051906117552115383e-01
9.376564056868059716e-01
8.697659711362384360e-01
7.050851514202836068e-01
4.613408152853484268e-01
1.620816755503011741e-01
-1.577186977796186662e-01
-4.651695867778140592e-01
-7.241176552944369460e-01
-9.056338955090870169e-01
-9.922366842124250574e-01
-9.719212412797680889e-01
-8.469416481740303926e-01
-6.282083443025139324e-01
-3.428080110689439852e-01
-1.809534103682908235e-02
3.087483122007370628e-01
6.022262314609549971e-01
8.302693675653520788e-01
9.677795444650663104e-01
1.000000000000000000e+00
9.211105003869664021e-01
7.434429187339461897e-01
4.828788942410444651e-01
1.703227275717937861e-01
-1.612984863864052043e-01
-4.746768818459560224e-01
-7.369659274546129790e-01
-9.189522597701009765e-01
-1.000000000000000000e+00
-9.759719520479405164e-01
-8.475196884631583938e-01
-6.303963441990436678e-01
-3.466458672790667661e-01
-3.051768477230520915e-02
2.858725590496868918e-01
5.667767433047936620e-01
7.820455859129002985e-01
9.121410435347629964e-01
9.424693220507409652e-01
8.717201980952868912e-01
7.067955433228976236e-01
4.697058376400395918e-01
1.834023541509419708e-01
-1.192539885521110010e-01
-4.060524827747905574e-01
-6.469529231945039260e-01
-8.172090455613979509e-01
-8.998624425615765476e-01
-8.858296608260470828e-01
-7.827998614484544815e-01
-6.007818622033535005e-01
-3.607336252688989608e-01
-8.739565715357600073e-02
1.884366217202351201e-01
4.389008624177963558e-01
6.373777358249188563e-01
7.635383317205388654e-01
8.095136266803630853e-01
7.705820351078092045e-01
6.531050608967017279e-01
4.695991833041448515e-01
2.429869012387677607e-01
-4.898522670603866480e-03
-2.476927688962820007e-01
-4.601340367346468119e-01
-6.223206736076702938e-01
-7.188558217278491203e-01
-7.419880856422820248e-01
-6.897382611078435311e-01
-5.717586619189075625e-01
-3.991578048492838704e-01
-1.917355256556414478e-01
2.896121991634115211e-02
2.407063743956350255e-01
4.235012792041301655e-01
5.593074557681816383e-01
6.351734997149385276e-01
6.484205207360462797e-01
5.979307088751220078e-01
4.897594858175622345e-01
3.349682937058040544e-01
1.510749114682579108e-01
-4.501547340908529371e-02
-2.332275008490548585e-01
-3.958485304198404720e-01
-5.204686443033101906e-01
-5.954109622944731006e-01
-6.130649859009241753e-01
-5.720162633314598288e-01
-4.797220085485582874e-01
-3.439162639131485566e-01
-1.772338106529790513e-01
4.748078106401099063e-03
1.843425191065937163e-01
3.453938149404711666e-01
4.715697425814395771e-01
5.506848222373823543e-01
5.779616378825629397e-01
5.498650602076338156e-01
4.679462730428025630e-01
3.391996305643172338e-01
1.771408065032675783e-01
-4.774349569748315147e-03
-1.884627788385276892e-01
-3.560785243843511694e-01
-4.918225523266903654e-01
-5.823007535322666239e-01
-6.163050596129544534e-01
-5.887178009183220428e-01
-5.046794137536801950e-01
-3.702878359786806461e-01
-1.977875051708876120e-01
-3.266244564852471832e-03
1.927710107050455424e-01
3.716252883731052670e-01
5.133183203435527364e-01
6.026061358878178620e-01
6.319357281058579634e-01
5.963325292363186314e-01
4.981237176909658615e-01
3.458328181342791297e-01
1.570255603504771003e-01
-5.174480020134208935e-02
-2.583562444264414504e-01
-4.409997405257010117e-01
-5.805256622396408606e-01
-6.618571252657062809e-01
-6.749969445945038782e-01
-6.165179785884238317e-01
-4.947599322022421253e-01
-3.197854825680402913e-01
-1.103432144699235673e-01
1.123655885519023734e-01
3.233126548999618599e-01
5.005907788124879243e-01
6.232956819885391297e-01
6.768775334627579188e-01
6.582635568180668084e-01
5.672600559725877734e-01
4.134888230177460322e-01
2.119518234170700843e-01
-1.313178732315134489e-02
-2.393342447468588263e-01
-4.405595593211104610e-01
-5.941977715948394412e-01
-6.848171311752712098e-01
-7.015970663296984267e-01
-6.431057992026669723e-01
-5.142591937952398773e-01
-3.320706793252622413e-01
-1.138757858983693305e-01
1.148112622715939946e-01
3.287406436622419825e-01
5.042591281119803703e-01
6.223700344999554268e-01
6.698224357853637123e-01
6.401731462891742108e-01
5.408430781609800952e-01
3.810308456327557991e-01
1.803078446441426230e-01
-3.931541605105304260e-02
-2.518978798735429514e-01
-4.346930216217903542e-01
-5.665582406420546224e-01
-6.324754650865225258e-01
-6.294047246850795752e-01
-5.568821332586848527e-01
-4.245964774539336961e-01
-2.471484535735599675e-01
-4.788801595440206338e-02
1.523645393018229210e-01
3.302566100667294613e-01
4.655936928534567532e-01
5.461416118701465372e-01
5.630597316768033433e-01
5.163183274295177760e-01
4.112790799340790837e-01
2.635589772603488257e-01
8.839835033472964732e-02
-9.254395844278151539e-02
-2.583274176099180641e-01
-3.911307147338739520e-01
-4.768977320574991907e-01
-5.078436213243018305e-01
-4.810290513494505094e-01
-4.035053759167351872e-01
-2.832080446378725247e-01
-1.364510114357821990e-01
1.936407845762277979e-02
1.660725337031716542e-01
2.879236283841577482e-01
3.710921417935180155e-01
4.066186931226134504e-01
3.958266581941458639e-01
3.402760715718635698e-01
2.477405978601130432e-01
1.293586140958637998e-01
9.417488615282021414e-04
-1.233119847218167031e-01
-2.281597058884577978e-01
-3.020542212089976086e-01
-3.409060771960529257e-01
-3.409432969224629462e-01
-3.036522528743349492e-01
-2.345090274789569662e-01
-1.448360109917673499e-01
-4.417080079200319531e-02
5.519862029964350825e-02
1.411148953941241402e-01
2.053141251434817960e-01
2.416970154839199747e-01
2.476967336588786761e-01
2.235858606267120408e-01
1.754670744242865510e-01
1.086780316647202316e-01
3.281982797005245089e-02
-4.196143580721933830e-02
-1.075703573531151536e-01
-1.573682202088955151e-01
-1.863472555080009085e-01
-1.920821283136224800e-01
-1.773762981585903509e-01
-1.441652953569514395e-01
-9.770642433364584711e-02
-4.486994736879079682e-02
7.412788585097196403e-03
5.358279533452026122e-02
8.809917141603529345e-02
1.076203360412955057e-01
1.135440416008373088e-01
1.055736944793217447e-01
8.510660085970900290e-02
5.593327069342612923e-02
2.279674966786049417e-02
-1.078722800995013387e-02
-4.029121830019244399e-02
-6.220459876434436541e-02
-7.631368958347983789e-02
-8.152278852758487737e-02
-7.755910111597685841e-02
-6.607950297511488991e-02
-5.007894204022811380e-02
-3.119562813272158674e-02
-1.207576491932371709e-02
4.379212237709761979e-03
1.715823103053648602e-02
2.517461983864799357e-02
2.759114132752205073e-02
2.497379345709238585e-02
1.931963515237211659e-02
1.115079166165977576e-02
1.482315786648813472e-03
-7.751117084947689584e-03
-1.546076817722941144e-02
-2.091589762706336231e-02
-2.347188601190342006e-02
-2.333152548234995738e-02
-2.173908470853136432e-02
-1.873404981476278763e-02
-1.460006500664623452e-02
-1.047687656045814819e-02
-6.660165486922164924e-03
-3.338464935916163334e-03
-8.498043266462751433e-04
4.677869216807017949e-04
2.762793898580806484e-04
-1.762356341320714392e-03
-5.986149691062370160e-03
