-6.386891207841871587e-02
4.381019777397687776e-01
7.691571460946431404e-01
9.496665133825912264e-01
1.000000000000000000e+00
9.405275263432562038e-01
7.916190128087476907e-01
5.736443797928652000e-01
3.093863336913200701e-01
7.856987749888855177e-03
-3.018596719394723848e-01
-5.836087504538149950e-01
-8.077362926922589947e-01
-9.518446193552856371e-01
-1.000000000000000000e+00
-9.489332312130694946e-01
-8.026640830405800120e-01
-5.804084812068053267e-01
-3.038483612723945626e-01
-5.359774075282763839e-03
2.834513631917565668e-01
5.313168683807154569e-01
7.120936006184737099e-01
8.073022272898329188e-01
8.059980487880469280e-01
7.126391644553469185e-01
5.358522602890885000e-01
2.969222617107025730e-01
2.045911724688198596e-02
-2.614387207018671333e-01
-5.195481189885551299e-01
-7.256607014432012726e-01
-8.576496262563616524e-01
-9.050149227449624245e-01
-8.618442743125096506e-01
-7.351098675983844810e-01
-5.376470042251396686e-01
-2.941264742747347061e-01
-2.901596095705716305e-02
2.277695480989538890e-01
4.486796052850616778e-01
6.110808908561928821e-01
6.977953449136289343e-01
7.018298554412176760e-01
6.222734038946240442e-01
4.713528070615078391e-01
2.637845861419703120e-01
2.442199620653284775e-02
-2.213622177837417659e-01
-4.466462687672257958e-01
-6.280265673604779053e-01
-7.466194140753950048e-01
-7.896304402079551421e-01
-7.567867297073561650e-01
-6.510351406910710459e-01
-4.859528652698553719e-01
-2.787445616144933469e-01
-5.404516618540944339e-02
1.648636044933038391e-01
3.535675772281843265e-01
4.921439073708597789e-01
5.688951805165758380e-01
5.755556474799132793e-01
5.136029030982063315e-01
3.896978886043456214e-01
2.206363250555876121e-01
2.344765743204946240e-02
-1.792081660647480978e-01
-3.655279663036248294e-01
-5.162132398966026159e-01
-6.157788785056537151e-01
-6.551359319133295278e-01
-6.301376489337737752e-01
-5.472679932738022668e-01
-4.148785950749073193e-01
-2.496189392592035317e-01
-6.945568640009558425e-02
1.053991589633391790e-01
2.569065082376338349e-01
3.690702889989396773e-01
4.302120372721303099e-01
4.375664692900762542e-01
3.905373748423663915e-01
2.962478555599854513e-01
1.651988645031894354e-01
1.407469068217359620e-02
-1.414916616769902324e-01
-2.839973111794711347e-01
-3.983799038887146926e-01
-4.749606611884217289e-01
-5.060506350545912468e-01
-4.901437967097086457e-01
-4.296690359522452596e-01
-3.341444155641966063e-01
-2.133507097664187890e-01
-8.175306695610384811e-02
4.619464094114755781e-02
1.572330524227174564e-01
2.402517424403034507e-01
2.874074668630342000e-01
2.942654741480736913e-01
2.638624303353380718e-01
1.997897137555566527e-01
1.102357180545630033e-01
5.217841139476542267e-03
-1.029210801923678975e-01
-2.030380140440005698e-01
-2.843336143140784422e-01
-3.386618779878911578e-01
-3.634727971544491343e-01
-3.568025229361264650e-01
-3.207743741195430154e-01
-2.601518646071891983e-01
-1.836287047498497138e-01
-9.906703365731106548e-02
-1.599460556382237275e-02
5.648287338142687908e-02
1.120457965401373546e-01
1.457107221709528222e-01
1.552163699465256563e-01
1.404414854313997818e-01
1.053809479006770911e-01
5.387327611426218077e-02
-7.182956246760685559e-03
-7.039135875805713205e-02
-1.293256172767990320e-01
-1.783994094141972964e-01
-2.129510578687021649e-01
-2.301102552355174247e-01
-2.309082211462802903e-01
-2.159586775298963923e-01
-1.877709537462486367e-01
-1.503619386867443009e-01
-1.087187832400572374e-01
-6.708719584928690693e-02
-3.015956455178481210e-02
-1.343416438877254038e-03
1.911381077738005807e-02
2.986914864905410028e-02
3.037481902060124028e-02
2.188132471036996485e-02
6.846886494795478839e-03
-1.308007255923193668e-02
-3.546654151646400077e-02
-5.764725843667672933e-02
-7.830712651684612613e-02
-9.607259033574078178e-02
-1.099163346023006582e-01
-1.196110675563961667e-01
-1.260213982501469099e-01
-1.289027501848554191e-01
-1.277748651135344193e-01
-1.233298344969488980e-01
-1.164250313697459127e-01
-1.075129368675677988e-01
-9.672461430250023362e-02
-8.419064933746411850e-02
-6.988921323080277137e-02
-5.471890423345426857e-02
-3.979461146996898790e-02
-2.569548464750348593e-02
-1.309254069457654879e-02
-3.042610970400594361e-03
2.246002169048910702e-03
1.506838627564732747e-03
-5.200517323223019517e-03
-1.788653421199615234e-02
-3.664865508815362549e-02
-6.057261897719734556e-02
-8.775358996675530765e-02
-1.162222800450850579e-01
-1.424082239723128973e-01
-1.631244981009655204e-01
-1.760559116305203675e-01
-1.793564006526430221e-01
-1.710357500214059190e-01
-1.509769071276840791e-01
-1.216340641897140085e-01
-8.485531139732815920e-02
-4.416510755383529219e-02
-4.078834897133898352e-03
3.075408905358378853e-02
5.662867124863435464e-02
6.942970036685847113e-02
6.693718874850396183e-02
5.011175792103461646e-02
1.967391778926819157e-02
-2.223941728228995274e-02
-7.153067208106778097e-02
-1.221350443732636126e-01
-1.692298321917976578e-01
-2.069481265717079133e-01
-2.305499858288381221e-01
-2.379803804613636053e-01
-2.276127197959513238e-01
-1.994987959067024974e-01
-1.559791284890391649e-01
-1.022152375717736428e-01
-4.280452109873800204e-02
1.540316573653321974e-02
6.558097352112524092e-02
1.020680123553707741e-01
1.206493842505509395e-01
1.184904157205455277e-01
9.499023936075956520e-02
5.340619798308221533e-02
-3.017798849206387857e-03
-6.818756870615527710e-02
-1.350587927868097671e-01
-1.959149132532845838e-01
-2.442360853057308212e-01
-2.735677405582083166e-01
-2.799792736572921381e-01
-2.640467347862492931e-01
-2.265037373120688535e-01
-1.707713721443177013e-01
-1.024232841983404585e-01
-2.980793787960756003e-02
3.971925189489922126e-02
9.756806401906126247e-02
1.368223002277659806e-01
1.538918054415889802e-01
1.462025778784075136e-01
1.140449313896989558e-01
6.029740167389752159e-02
-8.140778416405480833e-03
-8.494078038290941990e-02
-1.611141455587946636e-01
-2.277711038706498048e-01
-2.774270661745433797e-01
-3.044422495092833358e-01
-3.052508153960513670e-01
-2.789188478044124508e-01
-2.293752009011754689e-01
-1.608254461983240624e-01
-8.152432616067784021e-02
-4.452323460556462109e-04
7.302859788520832396e-02
1.309386624758646089e-01
1.659607762666759356e-01
1.735675419992295243e-01
1.545003549484342820e-01
1.099712383408992800e-01
4.469704648125016888e-02
-3.441553176095080158e-02
-1.173425536360670485e-01
-1.953914942463237381e-01
-2.589632778653006007e-01
-3.005889607378801065e-01
-3.169709630506638565e-01
-3.055591253191590750e-01
-2.672636071332844532e-01
-2.058862710792366268e-01
-1.295095241790821250e-01
-4.554288411160400951e-02
3.594235166416703819e-02
1.053166791413351344e-01
1.548622556763306068e-01
1.788881846520786745e-01
1.746670248383199731e-01
1.420418866457666685e-01
8.572028678284038250e-02
1.074011690669185448e-02
-7.373133159559375205e-02
-1.580663132152368977e-01
-2.324849084579380110e-01
-2.887913645332568224e-01
-3.198388328337339326e-01
-3.214747925315933896e-01
-2.954083497712332029e-01
-2.436803446829016728e-01
-1.719361382170674357e-01
-8.780350883376153437e-02
-1.762844839891308801e-03
7.688517170818975899e-02
1.382072598761427962e-01
1.748976376580808623e-01
1.843464119918838406e-01
1.647435772038443602e-01
1.181352946364433443e-01
4.934572354893784762e-02
-3.246778075393230711e-02
-1.191767118661888336e-01
-2.004721412060569419e-01
-2.666003030743846480e-01
-3.102865019625031806e-01
-3.264525721472771869e-01
-3.133662352427034614e-01
-2.718471925925036725e-01
-2.078062444371892026e-01
-1.272411437030538384e-01
-3.996031862732396522e-02
4.396450001977858513e-02
1.148469967030663064e-01
1.648014097866872252e-01
1.874420132065341971e-01
1.794422838374687412e-01
1.436010944010268631e-01
8.303558214283057737e-02
4.911695587725750656e-03
-8.207737475905940716e-02
-1.672665486619765440e-01
-2.413809689260570934e-01
-2.952083503390996455e-01
-3.222494713100594321e-01
-3.211194326419163358e-01
-2.912466965312903167e-01
-2.360670382662491962e-01
-1.615766138764307414e-01
-7.776513924652528331e-02
6.832252178397002496e-03
8.222036187618986247e-02
1.394026189227592916e-01
1.727076142765506805e-01
1.781277431425762892e-01
1.551695189149469023e-01
1.059704707700366288e-01
3.740322288107367221e-02
-4.386925398270702381e-02
-1.278883596563985536e-01
-2.048216501884778662e-01
-2.659941207897564830e-01
-3.045871020209638402e-01
-3.161471991382649449e-01
-2.989063321565066378e-01
-2.563467596393389503e-01
-1.922899082107095703e-01
-1.145723778308161966e-01
-3.200284047024426481e-02
4.555736517725339496e-02
1.096427649716913422e-01
1.522590138321218145e-01
1.681847467210888514e-01
1.576181972077717042e-01
1.211552143917664637e-01
6.295462119981953819e-02
-1.064372801895674403e-02
-9.009760107776620952e-02
-1.669714200690756156e-01
-2.317569162185240117e-01
-2.767741518772109943e-01
-2.982362336082732268e-01
-2.934152504789824256e-01
-2.630013632509063948e-01
-2.102267694591611891e-01
-1.425787451161319996e-01
-6.678927032347892201e-02
7.947678233845234530e-03
7.265205006679731348e-02
1.202287613014276779e-01
1.454121765887896878e-01
1.454663427936822018e-01
1.200469672890189798e-01
7.347025087488479045e-02
1.013025329598971069e-02
-6.166612106225155543e-02
-1.332474566632819712e-01
-1.963333460023994892e-01
-2.440231331664761694e-01
-2.705285556181833417e-01
-2.725965960478771155e-01
-2.520628356209125842e-01
-2.108274245621144516e-01
-1.538810804175887448e-01
-8.786665233800139418e-02
-2.145011090432935585e-02
3.806553409330448723e-02
8.318706585975377266e-02
1.086454449317664217e-01
1.136444083839240893e-01
9.731603488660489631e-02
6.159639617400269884e-02
1.076477978114342982e-02
-4.789434935540293203e-02
-1.082355844005772338e-01
-1.627557510914743322e-01
-2.046188738770777782e-01
-2.296828141260556233e-01
-2.351572113299111866e-01
-2.208442835985064967e-01
-1.883972688436917897e-01
-1.430439060459514078e-01
-8.945153637009428671e-02
-3.464990924573307929e-02
1.434754603911958526e-02
5.192549405667357121e-02
7.384028452602797721e-02
7.770163326787016267e-02
6.300475036062147538e-02
3.280694028149122587e-02
-9.973606102834375875e-03
-5.931907641041678225e-02
-1.087961021933180339e-01
-1.522289663506922741e-01
-1.845646602259310987e-01
-2.014461394622389934e-01
-2.006018555351660737e-01
-1.837938971063894922e-01
-1.525342735494843449e-01
-1.109294518807615315e-01
-6.427269356954434798e-02
-1.904323385618533759e-02
1.932282112219674275e-02
4.512634156680950248e-02
5.476495698133199141e-02
4.865933715044379326e-02
2.701447706690340844e-02
-7.748607195293910621e-03
-5.140900845921381190e-02
-9.742810544342228596e-02
-1.405773054358082641e-01
-1.748045151854337176e-01
-1.951265638278696368e-01
-1.996410476196427419e-01
-1.873148873113656965e-01
-1.594415886231643764e-01
-1.190299399788643520e-01
-7.212419212485399189e-02
-2.368879553147307249e-02
1.973339611338809085e-02
5.194637479388952706e-02
6.886393991468353626e-02
6.797144546182742886e-02
4.895004968748084551e-02
1.329914285238698035e-02
-3.385678219053644966e-02
-8.790655189048190987e-02
-1.416402410351103036e-01
-1.879121200391060675e-01
-2.207065621311079529e-01
-2.356310878235647888e-01
-2.299691003933922451e-01
-2.032708907301479240e-01
-1.591933971568195716e-01
-1.014505473472947505e-01
-3.760596756794332141e-02
2.443019569642190802e-02
7.682384470450642766e-02
1.132101921610426665e-01
1.279551577554429720e-01
1.181390138986158078e-01
8.594897841108850578e-02
3.373552683829883492e-02
-3.297961303526286692e-02
-1.069417259014765476e-01
-1.784412884358403950e-01
-2.393791894991844638e-01
-2.813301143260344972e-01
-2.985271180208939334e-01
-2.899790047794407188e-01
-2.551609621000086037e-01
-1.971223165630360263e-01
-1.216072247428989783e-01
-3.826890420629924794e-02
4.449352718979726617e-02
1.164438561564105079e-01
1.684091348040352987e-01
1.941503735252536611e-01
1.897755718365157218e-01
1.551705574104769170e-01
9.285280822289343483e-02
1.056093390144274835e-02
-8.406557014879434409e-02
-1.796669166585990185e-01
-2.651302539173673312e-01
-3.303005229932038933e-01
-3.673384670067821878e-01
-3.710801361682941613e-01
-3.396571605637195290e-01
-2.774305608931239009e-01
-1.894971616786437218e-01
-8.588824523631310992e-02
2.227378296785498257e-02
1.220740269913351828e-01
2.024415972091966331e-01
2.529326475588502543e-01
2.666694423847153494e-01
2.432606841981814760e-01
1.836020054681541946e-01
9.380010382673775737e-02
-1.731862264530936724e-02
-1.362174302237464385e-01
-2.506130553615268930e-01
-3.465783102567544516e-01
-4.126556883434657763e-01
-4.419599038789782108e-01
-4.299529390229782644e-01
-3.774328052412601053e-01
-2.887785958074136072e-01
-1.749722866828049561e-01
-4.677782567766253230e-02
8.084724916268593020e-02
1.934973688214434162e-01
2.783466802910490312e-01
3.255573682738968078e-01
3.292368114901915721e-01
2.874579747815433350e-01
2.059720632177950428e-01
9.173758344839155754e-02
-4.175942631650653158e-02
-1.801471340759527306e-01
-3.074820090108635329e-01
-4.099821949423106959e-01
-4.752632538718349897e-01
-4.950693236548651122e-01
-4.688048315627691975e-01
-3.977218338004974152e-01
-2.896031620014608565e-01
-1.552494585750315848e-01
-1.094695013656277194e-02
1.284243364427248846e-01
2.463540865156093052e-01
3.294274450026641876e-01
3.697478927457380493e-01
3.616764895619208886e-01
3.058921201284314773e-01
2.073079898837768553e-01
7.822484650624583757e-02
-6.902750521446376908e-02
-2.173085233019691476e-01
-3.502212208033012031e-01
-4.530630359372761484e-01
-5.143360243655609176e-01
-5.272120999728555635e-01
-4.891175553231646989e-01
-4.059211177199909537e-01
-2.849046677174084108e-01
-1.401001944366399021e-01
1.324719662660256425e-02
1.576089158925884082e-01
2.776416874611806751e-01
3.593672119334239135e-01
3.931227325708701592e-01
3.773381852987351959e-01
3.124192932756075791e-01
2.057430250559393325e-01
6.794460143690495002e-02
-8.437544419001408169e-02
-2.356579792262657458e-01
-3.683073189778691692e-01
-4.675472989060357465e-01
-5.237783813363019458e-01
-5.301588036060385090e-01
-4.863680373993897188e-01
-3.962552177087432792e-01
-2.715324677907968720e-01
-1.241529605993313412e-01
2.883484876212794035e-02
1.707150236287062750e-01
2.859562670531714534e-01
3.620919517131837573e-01
3.906486519178853367e-01
3.675567966189359215e-01
2.978174191498064172e-01
1.877475012181084590e-01
5.026988392935849426e-02
-1.000467082095423121e-01
-2.458626301291166882e-01
-3.718438920933184733e-01
-4.636611488911578371e-01
-5.109241710920373603e-01
-5.107747153637254289e-01
-4.624068193859450782e-01
-3.718369408585212588e-01
-2.484498750683186152e-01
-1.076937174087849725e-01
3.626902405657594919e-02
1.671076052038731330e-01
2.703232069529093451e-01
3.359247531449789381e-01
3.565926921880859801e-01
3.308535087890271953e-01
2.610535376014537778e-01
1.567506647115290974e-01
2.798697601272004398e-02
-1.100823281299293521e-01
-2.423889796482424641e-01
-3.545998213459042869e-01
-4.348725652785545570e-01
-4.745527462184483403e-01
-4.689429185730277228e-01
-4.215807598953107416e-01
-3.369153344400052097e-01
-2.246808016377035422e-01
-9.667125973856149912e-02
3.209847015362043976e-02
1.481845217494610623e-01
2.384196970484040445e-01
2.929754167825273647e-01
3.084000439796499293e-01
2.826781130385340735e-01
2.193314486984465628e-01
1.250987558780645159e-01
1.213816384158494799e-02
-1.083245048062230209e-01
-2.227140664043275597e-01
-3.182758896862776243e-01
-3.854330220826721609e-01
-4.172116665794759482e-01
-4.110099388283858790e-01
-3.672957808885776165e-01
-2.928219536825439340e-01
-1.947869113413740472e-01
-8.515848651117641221e-02
2.379880610400353369e-02
1.203134446607647678e-01
1.944227982764985541e-01
2.381780935682507039e-01
2.468169308807599549e-01
2.221990132015452257e-01
1.667637189234085771e-01
8.710934552437255007e-02
-8.056756886367089088e-03
-1.071154934120911451e-01
-1.997994461620730133e-01
-2.755871991103898688e-01
-3.264563591962565958e-01
-3.494333057885042892e-01
-3.420281710745981529e-01
-3.055855462953386281e-01
-2.443892225848482980e-01
-1.668601409646335298e-01
-8.066438074413118109e-02
4.302143420251258732e-03
7.845950023648140537e-02
1.344930770176386847e-01
1.668371814509088669e-01
1.728369736945276625e-01
1.521097127306718644e-01
1.086645903680991676e-01
4.668284270596756436e-02
-2.613681716575788627e-02
-1.014747049016766489e-01
-1.711560252582291497e-01
-2.281148982386878021e-01
-2.659973311394591144e-01
-2.808401964844742249e-01
-2.736098555490263928e-01
-2.451438149979529024e-01
-1.987493435764946526e-01
-1.396736328103765912e-01
-7.532030616376306220e-02
-1.237632193881721410e-02
4.163351461899078565e-02
8.098352471915415407e-02
1.034806282715103887e-01
1.068850656948057143e-01
9.108472225207964179e-02
5.830052275305153131e-02
1.365221599440102906e-02
-3.857586510514654510e-02
-9.235551736069758100e-02
-1.413677023791263254e-01
-1.808168327406821652e-01
-2.069739544308286661e-01
-2.172102836807189297e-01
-2.106508254193407703e-01
-1.897642261757518378e-01
-1.566180217110184625e-01
-1.154828543895319859e-01
-7.149159994014220310e-02
-2.953024132580694960e-02
6.230789418076643216e-03
3.165212353966095904e-02
4.417960599386505649e-02
4.448688303192294136e-02
3.269971950374772618e-02
1.014678063424478971e-02
-2.015958394575356749e-02
-5.390583002101811960e-02
-8.773966890855222633e-02
-1.175860457562774020e-01
-1.401696004930021999e-01
-1.547097635611457411e-01
-1.598966172667152241e-01
-1.550871493292959036e-01
-1.413622893079138354e-01
-1.212670982778706330e-01
-9.660129349756407802e-02
-7.042739104353668012e-02
-4.611758691786982389e-02
-2.582323125322971702e-02
-1.131548970153672951e-02
-4.234819789806887336e-03
-5.025332566776286036e-03
-1.220052484427025519e-02
-2.510464566417380805e-02
-4.228662449113718136e-02
-6.133436805542646919e-02
-8.008373019544678950e-02
-9.677435335948381123e-02
-1.091771045795054684e-01
-1.161210727013747279e-01
-1.182997822545613920e-01
-1.154662635815673077e-01
-1.076949479648044994e-01
-9.635616653910716867e-02
-8.323734709087493577e-02
-6.946342832380525412e-02
-5.675168432176158628e-02
-4.659008609474857288e-02
-3.920679710808161467e-02
-3.525680135903963563e-02
-3.549739162130394199e-02
-3.953872916307055174e-02
-4.607246311076451661e-02
-5.458866265867645673e-02
-6.418819742484838109e-02
-7.354102130105477642e-02
-8.187877221332129363e-02
-8.845661421501416211e-02
-9.216661513380208781e-02
-9.274800277346406663e-02
-9.101092730962412336e-02
-8.706329249464506148e-02
-8.143541643933382979e-02
-7.525977496749081119e-02
-6.939337357457786570e-02
-6.433321315712670074e-02
-6.064257707354947513e-02
-5.865828495506419937e-02
-5.813395220709416389e-02
-5.913736814099446182e-02
-6.159656490784448657e-02
-6.485319235751541012e-02
-6.806121476707271967e-02
-7.099025930108238125e-02
-7.342682153716795224e-02
-7.510456114477181977e-02
-7.625184322177491758e-02
-7.672808396036390199e-02
-7.633651277991082562e-02
-7.533531499822643251e-02
-7.406147728652501261e-02
-7.261543879584853034e-02
-7.118502436761275920e-02
-6.999018731096029455e-02
-6.907413433874132203e-02
-6.851875477568025730e-02
-6.835253798295248817e-02
-6.845590573787230237e-02
-6.863102144806909610e-02
-6.886700949893687085e-02
-6.917682327572427514e-02
-6.946936829645122824e-02
-6.970474785058322631e-02
-6.985728450099093489e-02
-6.992505101518053934e-02
-6.996308168069031996e-02
-7.006159876283546417e-02
-7.019840436912061499e-02
-7.029471369243489587e-02
-7.034248915387075751e-02
-7.033654192233040892e-02
-7.028405350289779197e-02
-7.022304244497190595e-02
-7.015973933816466168e-02
-7.008022293645654877e-02
-6.999975251035550627e-02
-6.994194956008592534e-02
-6.992188871708038267e-02
-6.998009453291620385e-02
-7.006330927507620210e-02
-7.016533666917013079e-02
-7.027998044080829843e-02
-7.040104431560090248e-02
-7.052233201915780736e-02
-7.063764727708909952e-02
