-1.111493925517981207e-02
-3.941282482806808263e-01
-6.495165507765847668e-01
-7.920685568942181787e-01
-8.365729767849083842e-01
-7.978185205999819285e-01
-6.905938984907658007e-01
-5.296878206085913199e-01
-3.304761795715112083e-01
-1.007596569886575200e-01
1.400784088058044663e-01
3.633837122898804228e-01
5.454615891677225825e-01
6.703097159321096399e-01
7.242873602563382196e-01
7.025968738196199936e-01
6.065505028905568974e-01
4.489266403396920957e-01
2.441032920694194974e-01
1.564425469953545367e-02
-2.123526050272815935e-01
-4.161270581162348492e-01
-5.753607993135230192e-01
-6.733723440041026187e-01
-6.996003476133927368e-01
-6.557665590190306926e-01
-5.455027391548286086e-01
-3.809519212399780086e-01
-1.788072653704979587e-01
3.768283894696922154e-02
2.471978696385481733e-01
4.268344837221853538e-01
5.582777860237917444e-01
6.318793390181591807e-01
6.396679913400828976e-01
5.813929910918160804e-01
4.631313800713412476e-01
3.000417412398159733e-01
1.071102077412757758e-01
-9.467922168768161395e-02
-2.842607559157367403e-01
-4.428120656519359821e-01
-5.548542401122822376e-01
-6.090333207468283661e-01
-5.995453950997789994e-01
-5.318869356094753087e-01
-4.122983274407553411e-01
-2.531857482369231915e-01
-7.047256603158247312e-02
1.159005123934628845e-01
2.878749198254222375e-01
4.271229430033349761e-01
5.196872497417190928e-01
5.600414588729445420e-01
5.439944984619400348e-01
4.736716655250172714e-01
3.563976236425767663e-01
2.066363053238575720e-01
3.789032604828124207e-02
-1.323853363642814029e-01
-2.866253995464489446e-01
-4.103831872493423072e-01
-4.921150741523068195e-01
-5.237161852791174521e-01
-5.018670500032167414e-01
-4.325219187968250001e-01
-3.219087683991888049e-01
-1.816645374906273869e-01
-2.610566019878657329e-02
1.287059734952287204e-01
2.683204336199922491e-01
3.783089634287502001e-01
4.480230415468797744e-01
4.741412526861947807e-01
4.540442237691795224e-01
3.898378171432943518e-01
2.882673857093551728e-01
1.615244780163442861e-01
2.063242757477667944e-02
-1.203232225290238322e-01
-2.475648470150610958e-01
-3.505934506465356870e-01
-4.199894920663815867e-01
-4.483611904661610748e-01
-4.330317913677791397e-01
-3.787641757902239226e-01
-2.900955548795651762e-01
-1.750234862034796279e-01
-4.451012001249354810e-02
8.834906309367362987e-02
2.116475614184545329e-01
3.125353326277759969e-01
3.813576367261544142e-01
4.144761938207277563e-01
4.084425024825244499e-01
3.630336751702347708e-01
2.825612358734161944e-01
1.761425194781163217e-01
5.228392165686512882e-02
-7.698828523037160032e-02
-1.990715802521166866e-01
-3.031210684576071124e-01
-3.797203351427885787e-01
-4.199461798533816737e-01
-4.192690453544034579e-01
-3.807178191415018231e-01
-3.069520085833498113e-01
-2.038768554597307769e-01
-8.103807630906889603e-02
4.920872757469529901e-02
1.753877350487051956e-01
2.841269104602166529e-01
3.649142623079764114e-01
4.121174641695759533e-01
4.205368224058976256e-01
3.880267352878499221e-01
3.174195805760089417e-01
2.170794174844741242e-01
9.445115459628383725e-02
-3.902091931358819821e-02
-1.703348684581326156e-01
-2.871266870284455708e-01
-3.785265718484299713e-01
-4.337916894396990353e-01
-4.466108925986875811e-01
-4.179052663186030303e-01
-3.489458317918696650e-01
-2.447874991744261042e-01
-1.145487955301971450e-01
2.824148810990623204e-02
1.707959122615942960e-01
2.974757433685386587e-01
3.954804700178531363e-01
4.567556155780367888e-01
4.741781541204452832e-01
4.440227482613947618e-01
3.680674849924288061e-01
2.549897583791780331e-01
1.134449546551428156e-01
-4.199766104753033247e-02
-1.955317182031482970e-01
-3.317196653897237502e-01
-4.373512356631014120e-01
-5.001029657565169151e-01
-5.124728954427599792e-01
-4.753756072274600841e-01
-3.906679818828657780e-01
-2.655176909258776252e-01
-1.114718542977374272e-01
5.461356129709482587e-02
2.172752183215049815e-01
3.583463122290997394e-01
4.632074022292222981e-01
5.233044446517010062e-01
5.311660413015524274e-01
4.844115428994026917e-01
3.866513398658057987e-01
2.490121704990087004e-01
8.276226107620887618e-02
-9.456243485644078017e-02
-2.647885885948857432e-01
-4.104153626406382704e-01
-5.167969230788740376e-01
-5.714401313810986149e-01
-5.673665241152540117e-01
-5.076578789080592458e-01
-3.963887158661624222e-01
-2.437992988317181364e-01
-6.421233673357029659e-02
1.227917486521530321e-01
2.991270178859639639e-01
4.448449197431059154e-01
5.445182333631697347e-01
5.901577503993542528e-01
5.756203635556069731e-01
5.013634965059832194e-01
3.738029485354545933e-01
2.078626957130560449e-01
1.805151913087477134e-02
-1.754597211933704992e-01
-3.524057213738170935e-01
-4.944833094286044117e-01
-5.870705426680536965e-01
-6.191416062346656313e-01
-5.856684306167305731e-01
-4.932535836861993150e-01
-3.495100034763957142e-01
-1.691740426173932166e-01
2.979731572312971366e-02
2.255928623322975834e-01
3.987738996205267838e-01
5.298937052467116438e-01
6.046241768442597309e-01
6.178571276484561281e-01
5.667847029782491219e-01
4.564462448351189749e-01
2.974532838655008504e-01
1.087150237986640455e-01
-9.249410977795469169e-02
-2.846996992562386142e-01
-4.474645256126106307e-01
-5.649064787770308183e-01
-6.247480738468647044e-01
-6.207622705941489016e-01
-5.524385497353725416e-01
-4.290324952959072569e-01
-2.610300804314789058e-01
-6.688542490334059565e-02
1.334825540166091340e-01
3.190083278016477841e-01
4.712522104974357084e-01
5.733705887768145715e-01
6.141832623410161673e-01
5.930717352613370519e-01
5.109334789956947454e-01
3.760319395449245317e-01
2.014277854609680674e-01
6.976724393838118488e-03
-1.884664383074312610e-01
-3.630094632557274714e-01
-4.985521421383360963e-01
-5.837065919585648910e-01
-6.091300084941659865e-01
-5.719336621951072175e-01
-4.753876466825710523e-01
-3.320753726623034696e-01
-1.547173771857572877e-01
3.690385445746047210e-02
2.224692464827628946e-01
3.830900871360818361e-01
5.029144687461075680e-01
5.692422578599740657e-01
5.748008300889924094e-01
5.230076692053600151e-01
4.182939814961483815e-01
2.715647839077626191e-01
9.764433911072067929e-02
-8.375609375225001596e-02
-2.549724633670025220e-01
-3.974001481320111884e-01
-4.966141643430100894e-01
-5.462353423181827150e-01
-5.408163195008580670e-01
-4.810685982148104056e-01
-3.732646863615876054e-01
-2.309580656630711992e-01
-6.703624785255068996e-02
1.009328001576512701e-01
2.553373518141903720e-01
3.812116923645310074e-01
4.664834854905126615e-01
5.026676292378051691e-01
4.859846503838929355e-01
4.218820344353897411e-01
3.161435591424974767e-01
1.797814016572618634e-01
2.664399318322185906e-02
-1.269103449121209426e-01
-2.661930813921885575e-01
-3.763362081287887628e-01
-4.464108221183362701e-01
-4.731047084715390705e-01
-4.536838898306581047e-01
-3.902579457771908622e-01
-2.894933460400427316e-01
-1.636544478171495509e-01
-2.405802221461150747e-02
1.147632586366842400e-01
2.387061037228037641e-01
3.370420695660818478e-01
4.007648592244992258e-01
4.234070463746666402e-01
4.028820418566247952e-01
3.446244716519519802e-01
2.537954928700463242e-01
1.399248733162099523e-01
1.483594305615665299e-02
-1.089227377473803715e-01
-2.201013124897008844e-01
-3.072514015928150544e-01
-3.621883359474940001e-01
-3.831065139074696368e-01
-3.681570925046446785e-01
-3.187618414553440305e-01
-2.404012760930843706e-01
-1.425668623612795782e-01
-3.356450283589673678e-02
7.580672300008051145e-02
1.751140066045178134e-01
2.571186670411502728e-01
3.146774518614070537e-01
3.415408836409206117e-01
3.355909452009073757e-01
3.005161200867128013e-01
2.391280909303512558e-01
1.562826058048902844e-01
5.971861870474981515e-02
-4.133556394773019171e-02
-1.383931304166238219e-01
-2.216175978304989469e-01
-2.835992881876684413e-01
-3.215149715840979194e-01
-3.318324250812479947e-01
-3.120374128674403558e-01
-2.639167808616158517e-01
-1.935207072749974833e-01
-1.060239728953561444e-01
-9.369533644592809019e-03
8.729572201994018066e-02
1.759180811030638392e-01
2.490828744071740264e-01
2.988740669489802215e-01
3.205947863169746892e-01
3.145726941781414876e-01
2.805450429122779976e-01
2.198706036679254350e-01
1.378013411843199698e-01
4.252942308810503391e-02
-5.866221958150408256e-02
-1.560108154491774979e-01
-2.406937861343670937e-01
-3.066451103006790913e-01
-3.473912818098583433e-01
-3.563977322747463594e-01
-3.319160799770819459e-01
-2.780748609643721725e-01
-1.982363255051992068e-01
-9.777747811823578328e-02
1.472026244856761146e-02
1.282319054948539705e-01
2.328315336931638946e-01
3.167943704187381471e-01
3.714353420865050825e-01
3.929686529859113264e-01
3.778958412483164331e-01
3.253392534018848536e-01
2.391639548837116713e-01
1.282061823294589065e-01
6.490778920027473475e-04
-1.312431020996613906e-01
-2.542738463799961712e-01
-3.561768482842478933e-01
-4.268941959775802708e-01
-4.567705768936531907e-01
-4.409073906291562928e-01
-3.826135366220368983e-01
-2.854114856828758873e-01
-1.571715559897732817e-01
-9.524905422071627825e-03
1.421197271906808890e-01
2.836544154400231221e-01
3.988907919314130801e-01
4.754154477785805799e-01
5.067045135224701458e-01
4.876850768284473059e-01
4.182165875280514644e-01
3.037704639742082602e-01
1.569379414994660493e-01
-1.054240839690456788e-02
-1.817728275801573368e-01
-3.392566134619233731e-01
-4.669210438896163051e-01
-5.515137738156348224e-01
-5.819947690607919499e-01
-5.531374318240180887e-01
-4.696982833029704762e-01
-3.374558081594349890e-01
-1.681584731694716339e-01
2.267251148503945934e-02
2.145654922047930402e-01
3.889470895980844389e-01
5.258415620775911403e-01
6.101788397207237313e-01
6.348746645585259252e-01
5.951014240798140342e-01
4.930981419299396151e-01
3.372474433686418749e-01
1.448157364798252633e-01
-6.751746116002321774e-02
-2.773835754616889027e-01
-4.627569811144236489e-01
-6.040854679102551916e-01
-6.862152227484576983e-01
-6.986076755414966089e-01
-6.373169864171274179e-01
-5.108377322389537900e-01
-3.291766229610908479e-01
-1.106858566250948916e-01
1.232443733634227545e-01
3.472603985558990747e-01
5.389607670219167534e-01
6.765480688219718264e-01
7.443038178701915086e-01
7.370849579011611308e-01
6.529807885531162537e-01
4.996281923634693367e-01
2.908775110175481071e-01
5.040050020161079836e-02
-1.996988488391728822e-01
-4.325550290065822701e-01
-6.234750610868460274e-01
-7.532120458041562383e-01
-8.071431855551879364e-01
-7.787395521029431000e-01
-6.686406355672698254e-01
-4.896068746263685378e-01
-2.565466489703739361e-01
5.253226058615778626e-03
2.693411555561806559e-01
5.076331210747393463e-01
6.958117830902266210e-01
8.124140223172575670e-01
8.434008887781372366e-01
7.882662608541957106e-01
6.497832011828150733e-01
4.416330885895283220e-01
1.831305692247851002e-01
-9.705471019240341501e-02
-3.715597331924611613e-01
-6.094817567996427821e-01
-7.855807253550474156e-01
-8.834958692626703192e-01
-8.909470094328455492e-01
-8.062633123629439069e-01
-6.359672542150157648e-01
-4.000456546818370596e-01
-1.193980405521256616e-01
1.756266630518605876e-01
4.546037368021680347e-01
6.879661703245274484e-01
8.513703809282380242e-01
9.261207953467769372e-01
9.019388513676382946e-01
7.849202001707238363e-01
5.842896909108128423e-01
3.212111545761744402e-01
2.136544087526193181e-02
-2.820347301961068087e-01
-5.586294222736812864e-01
-7.776660664644754473e-01
-9.153065414183514381e-01
-9.597070984291283802e-01
-9.039041776189203903e-01
-7.537925636457054601e-01
-5.230561236297099903e-01
-2.389192901201012686e-01
7.224652520449525994e-02
3.768742130722806394e-01
6.428967497879629622e-01
8.428229388452921356e-01
9.552100404730552441e-01
9.680510042705512408e-01
8.777666856136980833e-01
6.966950431285092726e-01
4.403745877920566265e-01
1.369584979690419146e-01
-1.830833761562838946e-01
-4.850268735595968383e-01
-7.381646563466192079e-01
-9.144970838017933978e-01
-9.941635025118198410e-01
-9.723496687158311724e-01
-8.487817480434192152e-01
-6.367236162177205561e-01
-3.561895683639666466e-01
-3.926129998694216638e-02
2.831453209110905700e-01
5.752219808426357606e-01
8.060271621563488420e-01
9.532037584424022381e-01
1.000000000000000000e+00
9.416109194489870049e-01
7.820434530025466291e-01
5.412284540276313116e-01
2.409825684850332994e-01
-8.490277522048572667e-02
-4.023967003105681783e-01
-6.777186432624044965e-01
-8.823914012429212583e-01
-9.942844857503674305e-01
-1.000000000000000000e+00
-9.032075021057164310e-01
-7.115225957876216700e-01
-4.459294552367645270e-01
-1.326590682976556135e-01
1.926985261638773927e-01
4.975084631718744710e-01
7.481208342648766330e-01
9.178815841878846804e-01
9.926490121153395130e-01
9.627891732586029150e-01
8.320785712403395706e-01
6.126758304768891161e-01
3.310537915351039473e-01
1.381578779919578892e-02
-3.040649802766287602e-01
-5.891203309161410218e-01
-8.117255853703736479e-01
-9.485123114837290537e-01
-9.856207381599166872e-01
-9.175669270120807575e-01
-7.557243621466918082e-01
-5.145485425033378135e-01
-2.210643104189388142e-01
9.485677713840678926e-02
3.983652477203976083e-01
6.584654354919121655e-01
8.465918491072486063e-01
9.420314359254002845e-01
9.389379219654201414e-01
8.358737830967164495e-01
6.448679575629416849e-01
3.846057398986426623e-01
8.580393818254505867e-02
-2.221212341755525177e-01
-5.049653682780632646e-01
-7.325571209533707773e-01
-8.828708813306741510e-01
-9.394836508455812751e-01
-8.974371609908813330e-01
-7.598408007081358662e-01
-5.450236596089128582e-01
-2.729574787079143139e-01
2.509512363548527247e-02
3.175440342773228064e-01
5.732741783674963898e-01
7.659872728960945842e-01
8.753254037738267268e-01
8.888900208162606731e-01
8.102551335418821665e-01
6.461784560693417667e-01
4.153851086326172393e-01
1.414128523174811303e-01
-1.439592025307783185e-01
-4.117808684426788046e-01
-6.324349398639960151e-01
-7.825837527485166589e-01
-8.506244598540155799e-01
-8.284063506860402937e-01
-7.194747303916940728e-01
-5.347564066296510710e-01
-2.975022933759117194e-01
-3.061477409057744570e-02
2.360391087801574361e-01
4.738971658757711314e-01
6.585657827434561185e-01
7.709425701389602814e-01
8.004431687116468908e-01
7.433461311750322320e-01
6.097604486360663767e-01
4.120301924604798938e-01
1.732731499986432944e-01
-8.136667367962835407e-02
-3.238877822619954383e-01
-5.295339817113914327e-01
-6.758946446524707330e-01
-7.471879329189213825e-01
-7.406426151551512849e-01
-6.561775696132887692e-01
-5.041101578813356188e-01
-3.001242565390913608e-01
-6.883626212086602081e-02
1.664307882207609612e-01
3.790273311691019220e-01
5.463461785432908169e-01
6.536437286490992538e-01
6.894499445854647135e-01
6.512571936289528463e-01
5.430569348499898474e-01
3.801212890419563006e-01
1.780071678626551357e-01
-4.014431899374493184e-02
-2.507896182455999767e-01
-4.317333963578093847e-01
-5.645439923718478248e-01
-6.349820560427457128e-01
-6.350908137494329919e-01
-5.701156191982861277e-01
-4.464179507590152474e-01
-2.784541138358497259e-01
-8.418641085193812046e-02
1.138221753367076872e-01
2.953016249330784326e-01
4.401041601797075487e-01
5.329266898512095008e-01
5.679836706474010732e-01
5.414918095157523759e-01
4.576974632221184613e-01
3.261073423546867467e-01
1.644188377568132076e-01
-1.162084961108744707e-02
-1.826274551510387312e-01
-3.297743818385799885e-01
-4.389511164692401213e-01
-4.992910403803936248e-01
-5.057636734742145812e-01
-4.580302495635631965e-01
-3.643480016920607190e-01
-2.336360819519577303e-01
-8.173487241689547655e-02
7.451225667729044488e-02
2.183557848332982054e-01
3.352856612383994239e-01
4.125282508454033437e-01
4.419842465929979536e-01
4.251139278428668344e-01
3.636589874831681612e-01
2.647302732322447394e-01
1.391302296947878325e-01
2.191879036678612280e-03
-1.320330892607830542e-01
-2.478727929579507272e-01
-3.331494571203464927e-01
-3.823931451347333255e-01
-3.905821166331947536e-01
-3.574330353781692837e-01
-2.872379016298010068e-01
-1.904575600223077370e-01
-7.635172158077552229e-02
4.204453857357615121e-02
1.512641219743031673e-01
2.404187061018192573e-01
3.008867959704915052e-01
3.265429053774719925e-01
3.149186008210678178e-01
2.707184935953030891e-01
1.983004817974094447e-01
1.066954660181114178e-01
6.751249579830309600e-03
-9.030435257372226854e-02
-1.747227444707050159e-01
-2.368803947910103069e-01
-2.703788448233348518e-01
-2.754082987392976190e-01
-2.516836831637122573e-01
-2.019890892630833434e-01
-1.325331174493168396e-01
-5.295763117628327077e-02
2.885156708092351252e-02
1.033741606841462879e-01
1.624480284793092810e-01
2.024594482839181531e-01
2.196135125615166217e-01
2.122302998039780064e-01
1.819961106231169357e-01
1.343113779405737951e-01
7.352978366047047132e-02
7.008771314620076964e-03
-5.715144054766785331e-02
-1.126346547680546761e-01
-1.542791728022485653e-01
-1.775379872489186717e-01
-1.803804672582985935e-01
-1.654333360959733268e-01
-1.341754617311740061e-01
-9.010947507091382480e-02
-3.880516986686211034e-02
1.365586061412127350e-02
6.207229036583128412e-02
1.002141244371290707e-01
1.241442355685251631e-01
1.344167259570749895e-01
1.301144538574872112e-01
1.111572376639060611e-01
8.036319907499978044e-02
4.249135693892380772e-02
9.900066916073146928e-04
-3.900844152524418629e-02
-7.270382878572445584e-02
-9.815096651945787176e-02
-1.131421135050052484e-01
-1.153161471990875597e-01
-1.048712662362348835e-01
-8.505066999012644846e-02
-5.751312010372777728e-02
-2.567662850560425980e-02
5.880133081265670469e-03
3.412372139655617254e-02
5.662058213915766025e-02
7.052590937610903055e-02
7.475503825682605630e-02
7.101295095990245443e-02
5.955889879292053379e-02
4.146967304735182935e-02
1.983578505725880348e-02
-2.061860186514441473e-03
-2.241074393426001343e-02
-3.877912351735313123e-02
-4.946684372890630677e-02
-5.530438387005864875e-02
-5.563339684459156498e-02
-4.971674581860729969e-02
-3.898242079587332931e-02
-2.566526768067811659e-02
-1.082648307318312408e-02
3.741656181017960492e-03
1.616114620270403535e-02
2.588802102672405070e-02
3.201909549314541081e-02
3.349186186595010106e-02
3.066370618991176578e-02
2.507685595815267732e-02
1.709133573535015493e-02
7.422292431178201255e-03
-2.432284036985810083e-03
-1.146884119536983881e-02
-1.894158400466494641e-02
-2.390913156026164277e-02
-2.611195950559097589e-02
-2.627140466263877538e-02
-2.430840463066330503e-02
-2.022424456587690322e-02
-1.487023895787886740e-02
-9.156984858313066411e-03
-3.533122022741919110e-03
1.414952025863946972e-03
5.225597847185792233e-03
8.016713089495031141e-03
9.509349420869561698e-03
9.307935485123319808e-03
7.669387658020498932e-03
5.189328402048998257e-03
2.045988600967607596e-03
-1.462382211504187346e-03
-4.879984448566632160e-03
-8.006347452724660307e-03
-1.055155305997224069e-02
-1.203856600467079208e-02
-1.236716625602796160e-02
-1.182693767217757319e-02
-1.046606157596086106e-02
-8.552043080482629733e-03
-6.522449604044244786e-03
-4.661125163179180575e-03
-3.132227099929441039e-03
-2.075893361549674410e-03
-1.563862128403981089e-03
-1.499255279701516841e-03
-1.878601841349025747e-03
-2.601311882774015594e-03
-3.391101074181168684e-03
-3.950421006765902909e-03
-4.241915886389335810e-03
-4.332372987455146429e-03
-4.247864833167525056e-03
-4.151668011432296801e-03
-4.025979213740260576e-03
-3.805983415436475781e-03
-3.584972619329107602e-03
-3.435458332806451409e-03
-3.365249465578368238e-03
-3.375739518407194772e-03
-3.445724183309017974e-03
-3.510663025085181133e-03
-3.578132295770752869e-03
-3.671243532365697781e-03
-3.767022538997966130e-03
-3.855885782303447584e-03
-3.933171960283754487e-03
-3.989030274201943449e-03
-4.027510576487425276e-03
-4.063379384395271465e-03
-4.093887395676620855e-03
-4.120305843572480420e-03
-4.143905961323191001e-03
-4.165958982169870595e-03
-4.187736139352971065e-03
-4.210508666113388365e-03
