-2.728543994124852379e-01
3.527354032696283781e-01
7.535717607871819101e-01
9.594086380580231221e-01
1.000000000000000000e+00
9.050998115309605296e-01
7.044620375687511427e-01
4.278406430312227116e-01
1.171790580409326488e-01
-2.163807552888961094e-01
-5.339687914401651803e-01
-7.897119216751398163e-01
-9.500356509320904141e-01
-1.000000000000000000e+00
-9.320815934555608528e-01
-7.618843850256045158e-01
-5.103919080046046552e-01
-2.174635920661114330e-01
8.095924198279713657e-02
3.444201392085644020e-01
5.386932621667976928e-01
6.436698041410713333e-01
6.472596192538981885e-01
5.566516319751908526e-01
3.842825060991650332e-01
1.604444686780477358e-01
-8.717389964838118122e-02
-3.245132860152762921e-01
-5.211557453226574044e-01
-6.562511024288661954e-01
-7.150629623982150962e-01
-6.970182464120271426e-01
-6.065169799110239346e-01
-4.630418548488588470e-01
-2.847361106435142286e-01
-9.712844760524985688e-02
7.564563482085517876e-02
2.147210675787611933e-01
3.052807683351197454e-01
3.410427555451518433e-01
3.200258620754519168e-01
2.517956230583622279e-01
1.453850784210819480e-01
1.751828548651745976e-02
-1.147598535194442881e-01
-2.366290174677391223e-01
-3.353540516833257712e-01
-4.016128568632854057e-01
-4.295698079960712512e-01
-4.221545536291000378e-01
-3.814332796819029925e-01
-3.137442472793601222e-01
-2.282269687609835840e-01
-1.359059739983853321e-01
-4.638056870801421372e-02
3.008265251766473192e-02
8.575478742467068649e-02
1.189321605661368686e-01
1.263370689594129903e-01
1.066081309643365227e-01
6.265035727087431283e-02
9.284156745912319764e-04
-7.288183561199690352e-02
-1.496506804282624614e-01
-2.201538206868814962e-01
-2.771038406607866378e-01
-3.141092611219615804e-01
-3.254412841571872050e-01
-3.092184306386472903e-01
-2.694309365333721340e-01
-2.093731910511061889e-01
-1.362187475824324645e-01
-5.920557616877264451e-02
1.095526459206808134e-02
6.557761246521742748e-02
9.555705932936864322e-02
9.582385726604725207e-02
6.864203082546138646e-02
1.593966900510479512e-02
-5.593319208131608544e-02
-1.377551855430125816e-01
-2.164790245984790085e-01
-2.821018825224701487e-01
-3.239411801273101021e-01
-3.343052979894906018e-01
-3.129658538943298485e-01
-2.611632156025623930e-01
-1.856301119998112759e-01
-9.567904040833741242e-02
-6.012162239880658454e-03
7.211292924302092899e-02
1.265319060208789370e-01
1.473379039268216673e-01
1.319198501825455949e-01
8.065424738890469847e-02
4.612484799544347425e-04
-9.932557082721982233e-02
-2.027717247302239789e-01
-2.972236567536458152e-01
-3.684530038207787239e-01
-4.044227410614149587e-01
-4.002209307193117516e-01
-3.546847413116683834e-01
-2.739348998509414379e-01
-1.668656275102674558e-01
-5.013768962603948331e-02
6.243994734855373707e-02
1.543852209571512368e-01
2.114208244944872916e-01
2.258633310492554891e-01
1.942050680939721996e-01
1.206123664344849189e-01
1.267183015575112925e-02
-1.130977848486856008e-01
-2.424178886350706330e-01
-3.568663291461546816e-01
-4.399619641689244132e-01
-4.807260899267273846e-01
-4.726345552728112853e-01
-4.167541903080175247e-01
-3.182875579806415667e-01
-1.924392187618987338e-01
-5.298780736633601496e-02
8.037644966191037632e-02
1.894036544685040457e-01
2.597445231704080815e-01
2.815724138704773782e-01
2.520438776296738403e-01
1.731133860900833099e-01
5.754529033012856232e-02
-8.242448646887401420e-02
-2.268080656571221931e-01
-3.563889449860359049e-01
-4.539314549292546852e-01
-5.065889358879505089e-01
-5.074189016760507487e-01
-4.547736454497282033e-01
-3.582433860960377858e-01
-2.277013617452413596e-01
-8.240186490307832567e-02
5.844252197878341271e-02
1.756741395882466250e-01
2.542198722491011420e-01
2.834085535440686865e-01
2.582146730513645849e-01
1.849810252706898250e-01
7.092839707393250315e-02
-6.575507182428086406e-02
-2.064837895628500730e-01
-3.315613768916638726e-01
-4.249401700060493337e-01
-4.739261293458925106e-01
-4.713792847289444143e-01
-4.212201134085018506e-01
-3.283203084505956770e-01
-2.076765153233687267e-01
-7.576831035518150070e-02
4.764585152975597815e-02
1.466417460134836759e-01
2.073417347185719795e-01
2.212870978587346826e-01
1.913042714530326371e-01
1.202202947946997558e-01
1.955929635786279874e-02
-9.675716020783309279e-02
-2.107095805494818563e-01
-3.076219614914322831e-01
-3.736756710888793354e-01
-3.994359506676812277e-01
-3.854886541880201412e-01
-3.333533815931007949e-01
-2.522454928434341159e-01
-1.535180689895278006e-01
-5.321968417563027742e-02
3.593847109941306073e-02
1.015392998801971647e-01
1.340024543393292245e-01
1.323981363013666535e-01
9.718145806499012274e-02
3.498537052943095915e-02
-4.551624128991393903e-02
-1.309486530068624255e-01
-2.109273214391360618e-01
-2.747433150088154363e-01
-3.132354358016005147e-01
-3.240992505106697896e-01
-3.065826256721027043e-01
-2.645632145247774902e-01
-2.039037296745350725e-01
-1.347622296648881557e-01
-6.489200758274327185e-02
-3.191893444791427115e-03
4.178508381265721994e-02
6.632630957190399634e-02
6.824041472890995941e-02
4.827463560290912170e-02
9.188205977475494279e-03
-4.256950632249434374e-02
-1.020881941000398863e-01
-1.623192369591419659e-01
-2.155350409782853527e-01
-2.566047632059161865e-01
-2.815356342742676432e-01
-2.867966211932548859e-01
-2.714700549316284572e-01
-2.393424375600207155e-01
-1.927632902846950769e-01
-1.354279101062405566e-01
-7.352946791685022188e-02
-1.407975753394175022e-02
3.693764253386655483e-02
7.189170417536394631e-02
8.603825103348916592e-02
7.939392332503580896e-02
5.113622551025365226e-02
1.985046862776007615e-03
-6.340038104659795337e-02
-1.366132490716785997e-01
-2.107798361082744432e-01
-2.758860344453603064e-01
-3.229286937182039852e-01
-3.460541211474860157e-01
-3.411628643158807206e-01
-3.067414331765513369e-01
-2.451872566537262044e-01
-1.648195910484899773e-01
-7.296099499966668400e-02
1.810873121069289660e-02
9.607554362934012104e-02
1.502343872322557949e-01
1.730022378102766822e-01
1.597715591790580536e-01
1.101478105104478633e-01
3.132192099898034598e-02
-6.963392692355485636e-02
-1.787103328297994231e-01
-2.815616256283217655e-01
-3.640635638630614901e-01
-4.153632932825062074e-01
-4.271618241359529389e-01
-3.960673673742654000e-01
-3.275563317035478095e-01
-2.276091921115723782e-01
-1.111579036134008325e-01
6.255205350080617066e-03
1.082696329007288849e-01
1.817222356065537614e-01
2.156361227992646956e-01
2.042185634047923859e-01
1.513670646838025657e-01
6.166332561596377104e-02
-5.174504450993888671e-02
-1.739322900629196589e-01
-2.866127993170861643e-01
-3.752493689937227428e-01
-4.265783317396190100e-01
-4.326662479150018559e-01
-3.964266827756265377e-01
-3.208615973560708934e-01
-2.168986791260313352e-01
-9.824002619467719910e-02
1.657200032110250909e-02
1.126620978876102797e-01
1.755141578360388532e-01
1.951114849206407875e-01
1.718297818039986602e-01
1.077134818552025752e-01
1.298861741779333556e-02
-9.970764638491769194e-02
-2.115514594926171110e-01
-3.078107620053364135e-01
-3.739405722998445647e-01
-3.987433258654421442e-01
-3.808231386501100824e-01
-3.216767105901799928e-01
-2.313956048980237989e-01
-1.220840102234312941e-01
-1.265850557893188899e-02
8.218728576746969772e-02
1.477538586930755571e-01
1.722696017342890684e-01
1.535407775485220228e-01
9.295254654180462595e-02
8.583061751956666541e-04
-1.105975165106236613e-01
-2.220319435806215047e-01
-3.182888341039405988e-01
-3.840427842049889406e-01
-4.071116483493749660e-01
-3.850359814153687665e-01
-3.191646856161453050e-01
-2.202325261177002780e-01
-1.008820238598324703e-01
1.856192773063991552e-02
1.220614801148400819e-01
1.932089293972583111e-01
2.189707787677406259e-01
1.962090185224489858e-01
1.259126255361626701e-01
1.894959330383172436e-02
-1.116265364401127780e-01
-2.444622095766512127e-01
-3.623648978963155409e-01
-4.472752449111583317e-01
-4.846505458863924476e-01
-4.697509639568524520e-01
-4.023489941447209173e-01
-2.925216419623406505e-01
-1.530340009362926024e-01
-5.803697049742706504e-03
1.309930566539931895e-01
2.373159657040539994e-01
2.965466475711249217e-01
3.012025656202748092e-01
2.486745823136184974e-01
1.467682835569723565e-01
6.705875541920480742e-03
-1.501084330884666640e-01
-3.052463250821249030e-01
-4.368203332001061590e-01
-5.259340139092745225e-01
-5.613831560401829623e-01
-5.370594765778050617e-01
-4.568275790563866012e-01
-3.288345385215455385e-01
-1.724271865163287121e-01
-5.080147869508611080e-03
1.501329701304976449e-01
2.723485451793457024e-01
3.461488351208066305e-01
3.612117040808109358e-01
3.160630782865045951e-01
2.143680863990609087e-01
7.175004162202025526e-02
-9.671017612572008204e-02
-2.678659708549655516e-01
-4.197152923938859415e-01
-5.328424675723260062e-01
-5.926523865828557947e-01
-5.916212990033020702e-01
-5.280535568143098768e-01
-4.124514952285880387e-01
-2.561411892144571656e-01
-8.085070182296139052e-02
9.154026871446596658e-02
2.384802580486153900e-01
3.416900777122140465e-01
3.871663449027293868e-01
3.674685903164682799e-01
2.883533964702564845e-01
1.569332992545136030e-01
-8.966432325091533428e-03
-1.893723415621215711e-01
-3.595744128741737988e-01
-4.987038871150970554e-01
-5.873172933662837991e-01
-6.127831161479651012e-01
-5.758077011471391948e-01
-4.788890275665876883e-01
-3.351820264413397643e-01
-1.617364843623799731e-01
1.619345997393861758e-02
1.773271275702632543e-01
2.997526457605408368e-01
3.664872350172485582e-01
3.718229614399755079e-01
3.138790493689971317e-01
2.019712558836355143e-01
4.941432651599564352e-02
-1.203137409961476667e-01
-2.871726092997309854e-01
-4.285535687586929932e-01
-5.249590469966268769e-01
-5.658528411241976475e-01
-5.457697108609089742e-01
-4.699940321809338295e-01
-3.476423617067428973e-01
-1.988539802845885607e-01
-4.135459862272061748e-02
1.028433257794407751e-01
2.140941489248027185e-01
2.797374767349252167e-01
2.917496052799839479e-01
2.514667735673763449e-01
1.641607220178260551e-01
4.587114752469534373e-02
-8.915331335881149233e-02
-2.213972263107737426e-01
-3.328210517285812298e-01
-4.105313823957988939e-01
-4.454922545568400505e-01
-4.360370828073694138e-01
-3.841620079294331136e-01
-3.014122936194985058e-01
-1.979378388287854618e-01
-8.931709993816805415e-02
9.422171684343894071e-03
8.683054473991536071e-02
1.343118978598023538e-01
1.482473261478998161e-01
1.281373904597946645e-01
8.111053958412184350e-02
1.308165537725791694e-02
-6.508557663986269670e-02
-1.422184330789068030e-01
-2.095782159857829674e-01
-2.601474735534189398e-01
-2.892177853056907555e-01
-2.945974017109019849e-01
-2.797849317377967271e-01
-2.469003702860637084e-01
-2.016692102091715011e-01
-1.510272974588550143e-01
-1.003897368223091169e-01
-5.441433524504568631e-02
-1.774451022431011715e-02
6.710029064104450214e-03
2.006348270697744240e-02
2.131014809224973661e-02
8.998578303794246835e-03
-1.511680099447043624e-02
-4.715955090399859273e-02
-8.460388779625938049e-02
-1.248631340864533312e-01
-1.649474915286945897e-01
-2.026629479626604891e-01
-2.339558470810800817e-01
-2.521161187354764577e-01
-2.543623458379467017e-01
-2.413685496853970047e-01
-2.128718644738225585e-01
-1.695711626734233146e-01
-1.152867581516038298e-01
-5.694436062521879283e-02
-3.024742484077913574e-04
4.582403911089549808e-02
7.397807247229448713e-02
7.985277751117303424e-02
6.090828989569607721e-02
1.727600597819423101e-02
-4.736612718056532056e-02
-1.236303071317861324e-01
-2.038151848842423286e-01
-2.760605844706857104e-01
-3.291223765723008121e-01
-3.546196572817658099e-01
-3.476036532155976078e-01
-3.072877786711739612e-01
-2.366515308961490982e-01
-1.463936640830857394e-01
-4.599252889795657495e-02
4.948418140759458517e-02
1.258751662889010525e-01
1.716613039092691473e-01
1.793049759576659241e-01
1.464382272856314948e-01
7.505282257664691592e-02
-2.355929010782675803e-02
-1.389558299739679370e-01
-2.537746393291108182e-01
-3.515914879908718094e-01
-4.181574593182140198e-01
-4.435242848280434025e-01
-4.233800539307666089e-01
-3.582269196368167430e-01
-2.589427563854661551e-01
-1.359607884148500423e-01
-7.760236324697800114e-03
1.078923994146299137e-01
1.946817562168237092e-01
2.405992795192541944e-01
2.390803320637733265e-01
1.886438657636262395e-01
9.863354428168658039e-02
-2.163339713313117141e-02
-1.539500822043581296e-01
-2.803565640161037598e-01
-3.834069374425794763e-01
-4.496345506642499545e-01
-4.700182146091356206e-01
-4.407363322726020050e-01
-3.686838845196011016e-01
-2.610938713449927340e-01
-1.349728644448555670e-01
-7.494817008868226438e-03
1.041196488613029825e-01
1.859726046663554566e-01
2.276322077217773909e-01
2.234685633381077174e-01
1.775429743453358356e-01
9.433193544363094318e-02
-1.320821690860507491e-02
-1.307068920862651806e-01
-2.417634886435563457e-01
-3.330736855081031234e-01
-3.927882049458517599e-01
-4.135676780263419783e-01
-3.977937988317759022e-01
-3.470264660464934536e-01
-2.686891180933043133e-01
-1.731476334490453795e-01
-7.422131884742877439e-02
1.651636265454126118e-02
8.700943628653878825e-02
1.285362293393665922e-01
1.400477971893898665e-01
1.205289708326922060e-01
7.352768099378725886e-02
5.604841833856344380e-03
-7.231652423058976265e-02
-1.515923641894970642e-01
-2.220857197210851508e-01
-2.745725626798980468e-01
-3.050188757009546503e-01
-3.106977139068971550e-01
-2.923106420150296536e-01
-2.529736918431317871e-01
-2.001210800305140980e-01
-1.394515545943060264e-01
-7.908643693142825004e-02
-2.737609562007103925e-02
1.073268232486879192e-02
3.172167014910787231e-02
3.424085053057446260e-02
1.901895161384903332e-02
-9.463617837978888225e-03
-4.813427159750582884e-02
-9.106744513132325469e-02
-1.316685644152608692e-01
-1.656830108936896417e-01
-1.898372764308299265e-01
-2.017165034068089113e-01
-2.008910324418529125e-01
-1.903211935297841606e-01
-1.712693317159779127e-01
-1.471538136701576738e-01
-1.225100821718521082e-01
-1.002816344720847130e-01
-8.268626669425249709e-02
-7.186258426992553350e-02
-6.824481163129980654e-02
-6.959993108846940224e-02
-7.566648326769975785e-02
-8.494691835899947918e-02
-9.458800878920559096e-02
-1.026809237064307823e-01
-1.083642409390238592e-01
-1.112267386816777615e-01
-1.115098061224719661e-01
-1.108127615717307002e-01
-1.092329168720685972e-01
-1.075819342779315013e-01
-1.076704285305680742e-01
-1.104545220277055595e-01
-1.158194488128767574e-01
-1.228792445343429574e-01
-1.306002664928895829e-01
-1.374546130638605312e-01
-1.428675418286251553e-01
-1.456599417960636744e-01
-1.444624135170063939e-01
-1.391140358503225594e-01
-1.298488153591854655e-01
-1.174734780866477646e-01
-1.033848105990731181e-01
-8.941966643395904413e-02
-7.656488888389278991e-02
-6.628757919301242474e-02
-6.007167386911960172e-02
-5.820398391891745682e-02
-6.108448691799983621e-02
-6.931188090546791525e-02
-8.223259087142353874e-02
-9.804891468139875776e-02
-1.159007379162172446e-01
-1.349220056509140564e-01
-1.535042786180134122e-01
-1.702617736687052075e-01
-1.836393015758197578e-01
-1.906182979040889069e-01
-1.897143613752273472e-01
-1.815959785328389309e-01
-1.661107070841661981e-01
-1.422428936313303582e-01
-1.111165767862556386e-01
-7.574097358930531598e-02
-3.889897062286240548e-02
-5.779745016377457745e-03
1.899305785747973374e-02
3.190657071604507955e-02
3.008130915060314159e-02
1.027075274769440050e-02
-2.769391133283172213e-02
-7.985959919165097620e-02
-1.426761378345066111e-01
-2.089771937273973146e-01
-2.702854943865270476e-01
-3.171760354511653501e-01
-3.428815448185018600e-01
-3.402508645754275252e-01
-3.059816180388295059e-01
-2.438941170778115008e-01
-1.583157399753417627e-01
-5.930321192281973186e-02
4.120660270353582177e-02
1.283276095912475601e-01
1.905948263249408470e-01
2.165145831146220168e-01
1.990667648486745822e-01
1.402006724426565487e-01
4.375280507917311823e-02
-7.922522728426506511e-02
-2.147274247833648175e-01
-3.423589624060232595e-01
-4.463301872928269187e-01
-5.105807788811469461e-01
-5.233581933789615004e-01
-4.829765287760513504e-01
-3.910435994738116205e-01
-2.585688567080520750e-01
-1.001096052482861598e-01
6.113622000886054231e-02
2.059785129583557861e-01
3.135231694930022961e-01
3.668818640383437746e-01
3.588138612645117576e-01
2.875668840805467585e-01
1.627261697259336781e-01
-2.382328728973037713e-03
-1.833701958920533892e-01
-3.590944808969470659e-01
-5.048873081408398189e-01
-5.998777873475276134e-01
-6.320166520117354025e-01
-5.952168357328808668e-01
-4.952547884669133982e-01
-3.425433523193093244e-01
-1.602200611591872992e-01
3.083590774149924663e-02
2.040156315472332338e-01
3.358774364948249325e-01
4.100506592036690101e-01
4.160878507550107575e-01
3.547332206709168378e-01
2.320168781266438440e-01
6.740276561808689060e-02
-1.207456464320512124e-01
-3.062207956219381577e-01
-4.648978043101080759e-01
-5.772335208865624345e-01
-6.290393979163489968e-01
-6.154349273125825359e-01
-5.371603297020026702e-01
-4.079899999712451875e-01
-2.417235797015432341e-01
-6.164041999938030258e-02
1.095872860839455232e-01
2.508773910296646648e-01
3.454239605850364381e-01
3.826252188390488751e-01
3.575720620076634493e-01
2.772831891374170077e-01
1.495869285139241889e-01
-7.836154348248469681e-03
-1.759534836558207527e-01
-3.337626709601001496e-01
-4.631891684861993985e-01
-5.479044607238110487e-01
-5.773486580216975472e-01
-5.525738937529545147e-01
-4.752911026981118114e-01
-3.549342307190395118e-01
-2.049790900850592124e-01
-4.523742504063177350e-02
1.065490326059241877e-01
2.307249323066344893e-01
3.120536682669095008e-01
3.435853889397493255e-01
3.203114758521627969e-01
2.447154064994236933e-01
1.246013247830892734e-01
-2.320436387174262816e-02
-1.834513022422731288e-01
-3.356703248678220008e-01
-4.605415162730419620e-01
-5.428267010948613081e-01
-5.718473502917313933e-01
-5.436749616567758681e-01
-4.597203944056418301e-01
-3.324426658320815964e-01
-1.745396818272249018e-01
-7.447820715684394521e-03
1.476662636313952337e-01
2.704132075383989253e-01
3.450077284233199482e-01
3.608985664814363670e-01
3.138818511427865499e-01
2.121867443339693349e-01
6.544618351330400152e-02
-1.046718670089973324e-01
-2.761459218859192433e-01
-4.253661438702117659e-01
-5.331414908645384365e-01
-5.843383512804893876e-01
-5.706197698040329502e-01
-4.969190480221743478e-01
-3.700215908588809777e-01
-2.090605470575682689e-01
-3.487879458648668329e-02
1.267970895017473953e-01
2.550489646517153375e-01
3.315185733417125302e-01
3.448729386985585066e-01
2.982462647472858830e-01
1.958393451023965337e-01
5.338721948730817957e-02
-1.104739060820393304e-01
-2.704877858470574603e-01
-4.059586923302997974e-01
-4.975774619986340630e-01
-5.319112978583219187e-01
-5.089722490190896620e-01
-4.311214287640914300e-01
-3.119024135228534167e-01
-1.673586910602464783e-01
-2.102130847311745043e-02
1.082808304998765792e-01
2.027719374047649570e-01
2.485604643549130799e-01
2.435344856986494388e-01
1.887607387504288692e-01
9.550145279337707294e-02
-2.310986429277450682e-02
-1.468336591719062723e-01
-2.596794441993700575e-01
-3.463183183016591560e-01
-3.940101298863153412e-01
-4.000965142491562654e-01
-3.648790545896263282e-01
-2.971384179304789042e-01
-2.070882104188404016e-01
-1.109205690412966572e-01
-2.116189501087739622e-02
5.019855042763543551e-02
9.274537878030075788e-02
1.039980370115602959e-01
8.383410619035180922e-02
3.898825326311428086e-02
-2.286230126508714822e-02
-8.988934128158643233e-02
-1.533349875595811929e-01
-2.049405435315383439e-01
-2.370634091144310229e-01
-2.478386777208504421e-01
-2.371331781908647685e-01
-2.099891613853034356e-01
-1.718992524315685611e-01
-1.305581724734657945e-01
-9.143768592830814335e-02
-5.988717408115129537e-02
-4.079331630368676631e-02
-3.312204361218251680e-02
-3.399783897931363263e-02
-4.377831984575419888e-02
-6.282110365217852266e-02
-9.148380783926046700e-02
-1.301240498476740060e-01
-1.790994471180933356e-01
