-2.654135533819431680e-01
1.757848906443462145e-01
4.986828075589753162e-01
7.139478465150954634e-01
8.322476566658583153e-01
8.642498871644148650e-01
8.206221871639163279e-01
7.120322058175188040e-01
5.439304280510377509e-01
3.184224079330253421e-01
5.621065748086695457e-02
-2.130376623699895555e-01
-4.615094240872869014e-01
-6.631800724375689349e-01
-7.961148577954169081e-01
-8.455980306167379945e-01
-8.043472406535312480e-01
-6.787624759081321013e-01
-4.794701964113822212e-01
-2.283989997179008968e-01
4.959153878949074112e-02
3.239338129822648682e-01
5.664054892171410671e-01
7.505496865106517923e-01
8.560748314491413158e-01
8.731649732148609733e-01
7.979823229052473987e-01
6.392018004169037759e-01
4.113657334409335231e-01
1.405365169535346404e-01
-1.468708223214885145e-01
-4.197834108276523590e-01
-6.493354865301517176e-01
-8.114658469415324538e-01
-8.883284482893725187e-01
-8.721390070931983596e-01
-7.625820100091937892e-01
-5.729375782117036575e-01
-3.203854126771199518e-01
-3.292728576099290816e-02
2.601549869317605346e-01
5.273270993656808958e-01
7.407564267377764189e-01
8.773114722200539006e-01
9.213682799540219293e-01
8.702154820611700536e-01
7.268682726952397921e-01
5.072673918612040644e-01
2.324105717879505484e-01
-6.725198052020653350e-02
-3.614716628686786004e-01
-6.180360253591439257e-01
-8.098069701646071206e-01
-9.177060848767162327e-01
-9.290293805540742467e-01
-8.430757586046252472e-01
-6.667233783094509425e-01
-4.206898067148433507e-01
-1.282877485985443045e-01
1.786311624250116470e-01
4.682632334851604128e-01
7.098196659143072296e-01
8.778694805431654924e-01
9.543156917286026442e-01
9.294969702320554639e-01
8.085197573296543094e-01
6.015861407624361057e-01
3.316436650993597191e-01
2.543910733632981369e-02
-2.835565097480733376e-01
-5.636640478524423958e-01
-7.846519754905735278e-01
-9.227841392290201394e-01
-9.650102353582500347e-01
-9.052396069408092938e-01
-7.507591348416753352e-01
-5.157047946729793608e-01
-2.270924792457776897e-01
8.695770567698501985e-02
3.926796127543812354e-01
6.580011764504061222e-01
8.553407525624674435e-01
9.635876928491675653e-01
9.718518869176471231e-01
8.776228839404660587e-01
6.927691546209666651e-01
4.339911071641173734e-01
1.300971193619455679e-01
-1.880954590051041597e-01
-4.865382025844932068e-01
-7.343970465343468979e-01
-9.051403555236793297e-01
-9.799860126686710249e-01
-9.531514029344136940e-01
-8.254466451973869745e-01
-6.113226480688589426e-01
-3.311899652543390804e-01
-1.616749818561480367e-02
3.020965579305479043e-01
5.889226251141355117e-01
8.143428903916831718e-01
9.558747577424120401e-01
9.976802949572995960e-01
9.358725999357100367e-01
7.750391497721191847e-01
5.343946116455862150e-01
2.366332030780531337e-01
-8.555778466108954206e-02
-3.988998891516851719e-01
-6.702310961387324406e-01
-8.714209043198972715e-01
-9.812264037600653133e-01
-9.870504617302026107e-01
-8.908195638983120723e-01
-7.003454060227136679e-01
-4.369102145307651730e-01
-1.264326775902729905e-01
1.969780977197361782e-01
5.004202785843874235e-01
7.513210395635501193e-01
9.232843566667667812e-01
1.000000000000000000e+00
9.721348989675016039e-01
8.436056592680465371e-01
6.258810498332674221e-01
3.441404242556398430e-01
2.566560003471818341e-02
-2.951707703045459708e-01
-5.849991760556272347e-01
-8.135516873059576159e-01
-9.568270550426750676e-01
-1.000000000000000000e+00
-9.370768142301959536e-01
-7.775455775749323672e-01
-5.358091005807892326e-01
-2.383259960137964484e-01
8.521239725275253640e-02
3.998057484057611077e-01
6.731043019364300051e-01
8.760326874644164263e-01
9.867931261854108183e-01
9.957915791341300782e-01
9.005064139887959396e-01
7.122049651670581127e-01
4.487307033689551528e-01
1.398854302552010598e-01
-1.838523371647515781e-01
-4.878674263832035729e-01
-7.401911079807979021e-01
-9.148543479298563152e-01
-9.932026231765459512e-01
-9.679307503063750984e-01
-8.400108504373878793e-01
-6.252164273532466732e-01
-3.436222104056168014e-01
-2.646835805863367863e-02
2.936779670702649447e-01
5.828101074779419299e-01
8.111516412923940322e-01
9.545676745579709799e-01
9.972381813846715737e-01
9.371917530134099561e-01
7.787799269773201249e-01
5.400261311521148411e-01
2.442709200221437893e-01
-7.571765255079654366e-02
-3.875936922572341681e-01
-6.576983835501016840e-01
-8.578687060180724133e-01
-9.688240733531425786e-01
-9.779970975639339370e-01
-8.854692488649733573e-01
-6.992611556456855837e-01
-4.414208998161417430e-01
-1.366982437600595679e-01
1.817279221481513662e-01
4.809290872305886921e-01
7.295579124204580879e-01
9.018156724371797495e-01
9.798734028429543219e-01
9.545366532338237509e-01
8.315011538747232311e-01
6.215735239125936840e-01
3.481560802150942546e-01
3.841700115679658190e-02
-2.738639270278319104e-01
-5.567458693985054552e-01
-7.800090434271661488e-01
-9.200576240994504662e-01
-9.642441496015849989e-01
-9.067479345454252382e-01
-7.550302332958050977e-01
-5.232630204176893507e-01
-2.382361486707580411e-01
7.208385001080408472e-02
3.742386517930105239e-01
6.366020463631403281e-01
8.321005703931101394e-01
9.401820646887684152e-01
9.504359052493969173e-01
8.605252352076198097e-01
6.824072635413243049e-01
4.324989097914855307e-01
1.390755146907107775e-01
-1.678344691947427636e-01
-4.554229302663215240e-01
-6.941681779226067661e-01
-8.589051622764434235e-01
-9.318980414439892446e-01
-9.080702892232841439e-01
-7.884616190802724578e-01
-5.872701671315868621e-01
-3.241289138870434572e-01
-2.877705759771775895e-02
2.690327959900609134e-01
5.368951150838927600e-01
7.469964575551308883e-01
8.790555405340088058e-01
9.186226259870076127e-01
8.626842109085155474e-01
7.159149560731226103e-01
4.964743920251106779e-01
2.253327747239648460e-01
-6.744933031412625457e-02
-3.516464957054209473e-01
-5.972766933938247202e-01
-7.789876189175110044e-01
-8.780422005129934204e-01
-8.834005384778922387e-01
-7.976444280715060398e-01
-6.281622219824976039e-01
-3.943878281437485089e-01
-1.195485455105914641e-01
1.658910475911892224e-01
4.328924480843343581e-01
6.527841561180305341e-01
8.025414444552128046e-01
8.686574840405487663e-01
8.434436733639296691e-01
7.311590209306799704e-01
5.423697842873456132e-01
2.996410218383809276e-01
2.672072872413266964e-02
-2.465540030606178101e-01
-4.917270928793548990e-01
-6.834242110437986906e-01
-8.017315463437281187e-01
-8.351558110850190175e-01
-7.793094296255749232e-01
-6.431917529168194037e-01
-4.394571255826688061e-01
-1.915207388906046138e-01
7.529722350414824739e-02
3.319457645097765308e-01
5.522035603446517893e-01
7.128494548633108607e-01
7.968305243837392471e-01
7.980658735987304908e-01
7.154795701882519232e-01
5.596966983395563755e-01
3.460586385833741563e-01
9.954011114559180307e-02
-1.552777304190231522e-01
-3.906814345112609166e-01
-5.821183939995858703e-01
-7.110652918450000026e-01
-7.638575057344163532e-01
-7.365026561974855612e-01
-6.311945837705408291e-01
-4.619324450324401310e-01
-2.448660272185296805e-01
-4.707462307074639085e-03
2.337884374451766334e-01
4.453368189999598048e-01
6.082216083690501485e-01
7.059113447080085368e-01
7.278427999190992814e-01
6.750417982529060001e-01
5.521196248781548022e-01
3.737596986826823287e-01
1.578011219656645370e-01
-7.122358852487287173e-02
-2.901550007124783503e-01
-4.753227363429485264e-01
-6.074340073397703765e-01
-6.750850579405481833e-01
-6.707746874832898332e-01
-5.966855300284774621e-01
-4.600474865305290706e-01
-2.780013815549389200e-01
-6.831273462581521905e-02
1.457510481069144159e-01
3.419164966890717583e-01
5.000325043360072108e-01
6.038778478602500055e-01
6.436304835399331292e-01
6.146559919072713818e-01
5.233930817971554905e-01
3.786073792733668508e-01
1.973134637363855859e-01
-1.828684817213432900e-03
-1.968082072893820866e-01
-3.678199389948166864e-01
-4.969890814403564727e-01
-5.708131246219833033e-01
-5.844377118037095142e-01
-5.361293913884404017e-01
-4.328329195535636220e-01
-2.851973690723444976e-01
-1.112077351010127835e-01
7.184157050037787151e-02
2.440469835288678890e-01
3.874079064854836219e-01
4.883319724105701365e-01
5.364868967521225773e-01
5.284688799174552809e-01
4.651008382646211192e-01
3.556545520098557400e-01
2.107779866536942937e-01
4.732781404364216904e-02
-1.176073344189245695e-01
-2.666272583344749814e-01
-3.846911846753328090e-01
-4.599981537463913028e-01
-4.847727218722663878e-01
-4.595972435261678202e-01
-3.869339518686046864e-01
-2.758136571311134988e-01
-1.377269904747164819e-01
1.134509186506549305e-02
1.563161971087507762e-01
2.814910428231351958e-01
3.740820149428722985e-01
4.267774270641784273e-01
4.342432774557996034e-01
3.971455891424902074e-01
3.196365194126853382e-01
2.121945204166424404e-01
8.541945209358203783e-02
-4.651241133476513578e-02
-1.697030045844717394e-01
-2.717906039213802138e-01
-3.426892124793805561e-01
-3.758509178332757328e-01
-3.679855196098158476e-01
-3.227998217627621180e-01
-2.449622026916057349e-01
-1.439282859788469926e-01
-3.049356363532895742e-02
8.275049074675644434e-02
1.844407475301801380e-01
2.640112515772532475e-01
3.134823702261959610e-01
3.302184542293136182e-01
3.127966132472190797e-01
2.643167525299692233e-01
1.903463541512151469e-01
1.004830885056320344e-01
3.641043905991736551e-03
-8.967436176302501227e-02
-1.697426088309605952e-01
-2.296242368945593526e-01
-2.636927194358893445e-01
-2.695805975373819496e-01
-2.473254231135852965e-01
-2.012187023215945558e-01
-1.358891766890834019e-01
-5.920265893469511820e-02
2.050542106937314202e-02
9.508666140776123044e-02
1.573643374997959477e-01
2.012172311111724010e-01
2.225980373856006889e-01
2.218657866063100670e-01
1.995192197985935501e-01
1.585128913238651460e-01
1.035009540057616473e-01
4.112232021171524643e-02
-2.237791712230541297e-02
-8.003107021470279303e-02
-1.262355815101187106e-01
-1.582153345224966978e-01
-1.732144840127746166e-01
-1.702810893932149572e-01
-1.504562554710212607e-01
-1.173568281064651941e-01
-7.421370487615575051e-02
-2.606431327668046194e-02
2.169873504325914304e-02
6.476193523066653412e-02
9.942014036474966510e-02
1.226813230173640079e-01
1.328426103675814929e-01
1.308823062046877705e-01
1.174351143160794475e-01
9.424912255117190441e-02
6.426530040024069912e-02
3.100491288220874608e-02
-2.489189651858181307e-03
-3.281429816783820730e-02
-5.742536690115629394e-02
-7.588759966686620118e-02
-8.692087016440430691e-02
-8.948338183157655834e-02
-8.405999792267271342e-02
-7.231114221222267879e-02
-5.532894122523313030e-02
-3.464324802102214385e-02
-1.227474442039289126e-02
1.029188043829099009e-02
3.148530401852278615e-02
4.943513134277344179e-02
6.304592189251789769e-02
7.247357439438939508e-02
7.705797079595577692e-02
7.560223109635977323e-02
6.831644158404959200e-02
5.641900919587561347e-02
4.066723542040850958e-02
2.202604989544942882e-02
1.798546315931126571e-03
-1.896478677757051923e-02
-3.876787292563366183e-02
-5.545745884523411995e-02
-6.778573403807508502e-02
-7.537202171983692356e-02
-7.733335348442460511e-02
-7.236500562621783761e-02
-6.060936154288054656e-02
-4.356096259649133717e-02
-2.213668296509474498e-02
2.470936843648408043e-03
2.835252934115062295e-02
5.340608067366314771e-02
7.548751631190020461e-02
9.156641504307816426e-02
9.977294516242074529e-02
9.972085542855779750e-02
9.084333030883717797e-02
7.293491744299629431e-02
4.727414198206325580e-02
1.645395993109999289e-02
-1.731684419492862670e-02
-5.055407906399911333e-02
-7.971788829730841464e-02
-1.019449193960045852e-01
-1.148352587990653095e-01
-1.158992187999521306e-01
-1.043424082767955285e-01
-8.193004618998200872e-02
-5.009682055098974018e-02
-1.155393299913465288e-02
2.988485255946593533e-02
6.973314372616123968e-02
1.041405626211313606e-01
1.287485452087875348e-01
1.406162455052062388e-01
1.391463604404430399e-01
1.238156025174979025e-01
9.541401436243135414e-02
5.653221046495326974e-02
1.173462779890011021e-02
-3.517449577689735207e-02
-7.914164830047687449e-02
-1.153288207134064436e-01
-1.402502165960946012e-01
-1.510912462277110846e-01
-1.460312378788272136e-01
-1.250960544915808992e-01
-9.094489717638098991e-02
-4.620353365536455925e-02
4.489794426086435308e-03
5.585701273029730629e-02
1.023568040760300946e-01
1.392831275919956813e-01
1.619757298501194320e-01
1.675806261369918726e-01
1.564976667075053118e-01
1.292210217692848495e-01
8.803263415019002558e-02
3.687414892496598817e-02
-1.836262567044610883e-02
-7.238214915794161097e-02
-1.188686600310997488e-01
-1.526731908887973832e-01
-1.709222991193470875e-01
-1.713110425045557550e-01
-1.533423415514434396e-01
-1.185371228237604990e-01
-7.121459733358048716e-02
-1.540573176295556568e-02
4.282577923922592511e-02
9.714953001274362343e-02
1.418374528299419790e-01
1.722888936390178927e-01
1.846551210675801968e-01
1.771095907983060158e-01
1.516808694977684890e-01
1.104281114894951621e-01
5.762105311381882089e-02
-1.244354227332156171e-03
-5.950886467948302005e-02
-1.113116547682289070e-01
-1.505631525083477307e-01
-1.728917557775098146e-01
-1.770482018797335799e-01
-1.621774064354721823e-01
-1.296405879424976648e-01
-8.276516145193169027e-02
-2.746942809855346113e-02
3.114419589385897247e-02
8.663620768657986915e-02
1.328653963603347865e-01
1.654310641145513294e-01
1.808842493217897029e-01
1.774952428688800765e-01
1.554207101097071497e-01
1.177560514043924922e-01
6.770702655917171242e-02
1.097920518282324842e-02
-4.627686630628558007e-02
-9.796298628995070423e-02
-1.388666713932952268e-01
-1.641825161299682589e-01
-1.710066738141811093e-01
-1.600856859719775871e-01
-1.322071794015855506e-01
-9.010874307154348450e-02
-3.810280225282591804e-02
1.767080333028858696e-02
7.162448430919354792e-02
1.173632135606208493e-01
1.499647460141448896e-01
1.671651705923040687e-01
1.669394047478243159e-01
1.491406792015461669e-01
1.156369294094203859e-01
7.093219488830704300e-02
1.905703937136005166e-02
-3.422497450552985931e-02
-8.296527095691552667e-02
-1.221721983521960597e-01
-1.479099056107172627e-01
-1.572142122915600737e-01
-1.488825630654548871e-01
-1.250660643405169248e-01
-8.785315570444496291e-02
-4.147577007803693316e-02
8.930985919320955091e-03
5.775359067696839155e-02
1.000998728944419991e-01
1.310551623446483127e-01
1.472783417943712703e-01
1.484528144545469441e-01
1.343119834247650246e-01
1.063162493417439958e-01
6.759603162318938985e-02
2.320506952087519892e-02
-2.259684631003822108e-02
-6.462083401300999785e-02
-9.825449050544687868e-02
-1.208645683603600807e-01
-1.301295313030718104e-01
-1.250430247214596724e-01
-1.062859449647098886e-01
-7.672492194265456700e-02
-3.897238444640849231e-02
2.574906977231616878e-03
4.318410198101019226e-02
7.866748767321407598e-02
1.055335390718306066e-01
1.206762231491200765e-01
1.224682733930231304e-01
1.121268937760131479e-01
9.056573061784445322e-02
5.996420989421236136e-02
2.369037885459235326e-02
-1.397843744545546052e-02
-4.927488903776444662e-02
-7.791259030520203410e-02
-9.684975497801917577e-02
-1.054198516659541340e-01
-1.026910770496988201e-01
-8.876372217612105153e-02
-6.532267454245654914e-02
-3.567758925913377954e-02
-2.524425368720439877e-03
3.036766589304984443e-02
5.920173292447028501e-02
8.138540048849018937e-02
9.481719212535044683e-02
9.791181608044841056e-02
9.040158573283574306e-02
7.413508331761753389e-02
5.054296322282247900e-02
2.243860461356117497e-02
-6.738770897547152749e-03
-3.385668998825552833e-02
-5.628860337359664623e-02
-7.134474321883543801e-02
-7.747365309746612194e-02
-7.530835193732476895e-02
-6.503993575258848470e-02
-4.760746740986498970e-02
-2.518637627909847687e-02
-7.983898446222159606e-04
2.323880963828250934e-02
4.403126478335539495e-02
5.929697863279304038e-02
6.855464335061234316e-02
7.090425952115841923e-02
6.583720720212848931e-02
5.417735345162766336e-02
3.783431348634702651e-02
1.818388772524848207e-02
-2.435595759764264123e-03
-2.147877408812759459e-02
-3.725969249552218976e-02
-4.836334884042026161e-02
-5.341526885661607160e-02
-5.202800186641054481e-02
-4.534772586966462349e-02
-3.390885294401535521e-02
-1.884932202868294659e-02
-2.105399795393592122e-03
1.443038952665376407e-02
2.921282142020875661e-02
4.026480136645060881e-02
4.645590234667418272e-02
4.821575443290915253e-02
4.531870707686569411e-02
3.777475135736696465e-02
2.668310370427473543e-02
1.364438908073095647e-02
-2.446880851394439560e-04
-1.322741254611659034e-02
-2.374749804089137939e-02
-3.139611645139839258e-02
-3.550153482959339524e-02
-3.518749075218274847e-02
-3.063034843805423346e-02
-2.307147226484529412e-02
-1.309895985582931743e-02
-1.866201998470873313e-03
9.082217126237912552e-03
1.880674030648599171e-02
2.646342746197860585e-02
3.087762301840379919e-02
3.168424489695564894e-02
2.963428759598452089e-02
2.482397761645693812e-02
1.766920852530429187e-02
9.378561914977323610e-03
1.153374103683324492e-03
-6.354143533583656023e-03
-1.226071204453016428e-02
-1.593559444547865134e-02
-1.764146408511568787e-02
-1.716470833092076376e-02
-1.428942119267717636e-02
-9.634449438654546505e-03
-4.171599937192294050e-03
1.694925174116956867e-03
7.324540907236665177e-03
1.200887627209978881e-02
1.560528887885381799e-02
1.777251132705948145e-02
1.806330104204412201e-02
1.662356770273620832e-02
1.404544662172746428e-02
1.049848941735209706e-02
6.320910247896716072e-03
2.117864664450630485e-03
-1.707530002288071280e-03
-4.839226855754219514e-03
-6.866372300022627329e-03
-7.666546326665968358e-03
-7.531745065142536610e-03
-6.440854134714624202e-03
-4.409443259785428282e-03
-1.803087226889932282e-03
9.768319574654515947e-04
3.715776302537276976e-03
6.117941406987847941e-03
7.950732150956429933e-03
9.248652965368142631e-03
9.882003884748025158e-03
9.660538549159491950e-03
8.693452915562227545e-03
7.267510333185400739e-03
5.484963707608203620e-03
3.523222538728720821e-03
1.633040826589438055e-03
-6.131909159678983201e-05
-1.403162296558346789e-03
-2.123664513728806824e-03
-2.153263417420170356e-03
-1.652970677972431801e-03
-6.639119024940409730e-04
6.352508342613027992e-04
1.978166292941230253e-03
3.191538828416717877e-03
4.168272660977523358e-03
4.796121732343117117e-03
5.015705084467025898e-03
4.889223971399792035e-03
4.431309773249347828e-03
3.738078664960786668e-03
3.005398081670218602e-03
2.430251222647727971e-03
2.052619109205622294e-03
1.857555588465675811e-03
1.845604973455872155e-03
1.916795578921215437e-03
2.076423807089389229e-03
2.338157910728000388e-03
2.613353212856939223e-03
2.827502379363577845e-03
2.966818031358231522e-03
3.030563666249097565e-03
3.028200042109796541e-03
3.009714051470213647e-03
2.969644049296560340e-03
2.894616447067344112e-03
2.814980039053116556e-03
2.753297964518175434e-03
2.713820257791654811e-03
2.697899079001420120e-03
2.700152138166211913e-03
2.702179703403251310e-03
2.706636351607949464e-03
2.720047317414264754e-03
2.734077953520763771e-03
2.743344503891131936e-03
2.746939116056612562e-03
2.744297798677353128e-03
2.737659973042427808e-03
2.732662534359997508e-03
2.728413619139891111e-03
2.722554774795771237e-03
2.716825342312434444e-03
2.712014190849654227e-03
2.708298521811425275e-03
2.706032033173766393e-03
2.704578216377040434e-03
2.702670081975000471e-03
2.700597420719041963e-03
2.699037956171546071e-03
2.697870473550079140e-03
2.697231511191944264e-03
2.697153538734786693e-03
2.697720337596187790e-03
2.699163242609214919e-03
2.701512386916515851e-03
2.704586396397701265e-03
2.707970026451400614e-03
2.711330315326110352e-03
2.714435571089079957e-03
2.717083257292474130e-03
2.718986861456329507e-03
2.719941832808325799e-03
2.719932342660991154e-03
2.719289752830977847e-03
2.718059276042961159e-03
2.716286125022282505e-03
2.714015512494061255e-03
2.711292651183194735e-03
2.708162753815024359e-03
