-3.262188900084580512e-01
-1.796825597748225034e-01
-4.729673395867162178e-02
6.891046694452507282e-02
1.669109224392979485e-01
2.446765120301770402e-01
3.001791152216923830e-01
3.313906115183766765e-01
3.283436111846995686e-01
2.891227390923480911e-01
2.157221085674778660e-01
1.166776101747517558e-01
2.012833903189958917e-03
-1.155249258967202541e-01
-2.231604775810487329e-01
-3.074310374527859935e-01
-3.583284031259275082e-01
-3.714211979498147631e-01
-3.437083964080739351e-01
-2.774276285456764857e-01
-1.786315508680049735e-01
-5.938813259705499892e-02
6.897310828202285471e-02
1.914686914299692511e-01
2.939829761317085399e-01
3.649428820935884943e-01
3.958918400291819850e-01
3.829587807771144270e-01
3.261022469804957247e-01
2.324632507890767030e-01
1.101119507858772106e-01
-2.666812020946662809e-02
-1.630230624174449083e-01
-2.833164528035645446e-01
-3.743112038201090730e-01
-4.245388792880387951e-01
-4.270627233936790113e-01
-3.833490679181278393e-01
-2.962547340699142051e-01
-1.749293094992981912e-01
-3.145724609379740855e-02
1.170338463833495712e-01
2.548653154588025327e-01
3.650566384322955216e-01
4.346132126758444070e-01
4.570101676413413916e-01
4.279799358713745061e-01
3.500366335883617896e-01
2.301733421383183043e-01
8.316575880791643449e-02
-7.680563419643438028e-02
-2.310519027425531613e-01
-3.619784065364169967e-01
-4.546839303869115723e-01
-4.981231941875340352e-01
-4.868435669420264622e-01
-4.201264302961034147e-01
-3.065013270025995773e-01
-1.559547436506496521e-01
1.352133350697393155e-02
1.834258562563704231e-01
3.341556538605094939e-01
4.490617832652703534e-01
5.140409871431332878e-01
5.202568851717159770e-01
4.687892267739852681e-01
3.630190789670524332e-01
2.145651352197137651e-01
3.836388555827885405e-02
-1.442903440855115571e-01
-3.141013215876709008e-01
-4.505554019694535395e-01
-5.377104414198824456e-01
-5.673231077812056489e-01
-5.339950904066834703e-01
-4.408480549426092576e-01
-2.962688213587716390e-01
-1.180040738144325640e-01
7.655434485853196414e-02
2.645695876188740581e-01
4.248044625156432996e-01
5.390486283464928086e-01
5.936944993554080785e-01
5.823583698164818134e-01
5.041220994119735010e-01
3.689666627371623875e-01
1.888982278878472698e-01
-1.480794762293069500e-02
-2.202974616480786185e-01
-4.037969108270957896e-01
-5.450202074411617525e-01
-6.268086565299635371e-01
-6.381790285945696528e-01
-5.798440567186400330e-01
-4.555468355220445575e-01
-2.791122317225587235e-01
-6.805415977722173437e-02
1.524505241466405092e-01
3.590966738328489338e-01
5.270134697811834634e-01
6.366371512114925579e-01
6.770515923982578510e-01
6.414155101363685496e-01
5.333955792021687348e-01
3.625486755767697300e-01
1.498544879666352525e-01
-8.389359429605847129e-02
-3.114354246636716894e-01
-5.073166295061158904e-01
-6.493216439345150803e-01
-7.206955739483352774e-01
-7.131332649466317619e-01
-6.248513637593736680e-01
-4.672477799236883778e-01
-2.543755410603816269e-01
-1.161577651715439696e-02
2.350399356862997724e-01
4.572101829673373974e-01
6.305097405622517304e-01
7.344154462090961566e-01
7.554393218695520940e-01
6.933942120448890467e-01
5.521196393901628419e-01
3.476916080255227914e-01
1.004426280610601907e-01
-1.600478499184490033e-01
-4.064171224476231803e-01
-6.094878089783237751e-01
-7.459988297904620591e-01
-8.024579470235448930e-01
-7.700672422968161124e-01
-6.523395554320650103e-01
-4.596325971623855811e-01
-2.155106135851875271e-01
5.614656277943264051e-02
3.236129024493090700e-01
5.573396797363778798e-01
7.310390795172299061e-01
8.245427087675918365e-01
8.275796266808392865e-01
7.371986978999705009e-01
5.652578317591403501e-01
3.270130222724365598e-01
5.059117932450485355e-02
-2.349283415080462012e-01
-4.968430729492735454e-01
-7.067159129938855866e-01
-8.400894990389654593e-01
-8.803537031671662128e-01
-8.256240868406429234e-01
-6.787675507518415863e-01
-4.566571037373131636e-01
-1.810686411549498054e-01
1.153610881112652198e-01
4.017023578357619140e-01
6.442890128709259923e-01
8.157988240806188784e-01
8.989312197456691411e-01
8.821133885518110951e-01
7.675761188801017987e-01
5.651127584209809651e-01
2.997510615086369512e-01
-2.655628876105153857e-03
-3.070235343846234866e-01
-5.801726334340246982e-01
-7.915175336336518486e-01
-9.170680935305466353e-01
-9.429286638094679374e-01
-8.634888736239936247e-01
-6.901662455719310696e-01
-4.383669819924365108e-01
-1.378987169862407880e-01
1.797510101270154426e-01
4.781764796519927252e-01
7.253196336898555252e-01
8.929335376619622622e-01
9.609538034670208617e-01
9.246623188440947771e-01
7.850428143747858467e-01
5.587225138449600781e-01
2.679707772933406229e-01
-5.239109808091535481e-02
-3.693262188376680299e-01
-6.463348779414513912e-01
-8.526651663389274161e-01
-9.673494015421996162e-01
-9.758486479096903921e-01
-8.780862875073744966e-01
-6.821614203162233991e-01
-4.125941708829581334e-01
-9.561026913874226540e-02
2.319707389107117379e-01
5.348952582725965410e-01
7.794358237877618834e-01
9.384220135294421006e-01
9.944203761122438756e-01
9.388749676511032316e-01
7.817478143296383575e-01
5.372018451459663613e-01
2.334707111181151262e-01
-9.820333580464557510e-02
-4.193828990759703723e-01
-6.958211280599102544e-01
-8.961813250866841329e-01
-9.972750156058074467e-01
-9.910558815455688952e-01
-8.756547672606634913e-01
-6.654354968098261658e-01
-3.810057978371939047e-01
-5.673844507341063714e-02
2.744012095752190739e-01
5.749406017063238838e-01
8.114800146369411937e-01
9.588878207088906702e-01
1.000000000000000000e+00
9.319887040539838186e-01
7.598744820955998236e-01
5.059006776857237764e-01
1.946736701329658814e-01
-1.374815146356923590e-01
-4.550570406404381707e-01
-7.227086624636689383e-01
-9.112488098968440919e-01
-1.000000000000000000e+00
-9.772938110112078247e-01
-8.498583018967924563e-01
-6.290154217102740253e-01
-3.409892938245505656e-01
-1.550994659454518754e-02
3.095368698154055132e-01
5.998189387907779668e-01
8.226606318038298671e-01
9.529804731795561423e-01
9.797569875049860766e-01
8.981150133585955597e-01
7.191475886077580704e-01
4.605872855239627750e-01
1.544752858798019712e-01
-1.682804481838616750e-01
-4.711634252177770987e-01
-7.209962296913297042e-01
-8.915643710808596190e-01
-9.637279064098764891e-01
-9.314947713316789057e-01
-7.966833748433572726e-01
-5.776877174072261312e-01
-2.957230315129951714e-01
1.575103088150586750e-02
3.235000264845611095e-01
5.932364333769095666e-01
7.959567948717671815e-01
9.097883952261978102e-01
9.210914238406344712e-01
8.330554656920046153e-01
6.533130656500132361e-01
4.036289089116846807e-01
1.096746515938793465e-01
-1.938841909676045638e-01
-4.751160700289454031e-01
-7.022037301784083141e-01
-8.500572657187359660e-01
-9.058693607954415583e-01
-8.622366500748267493e-01
-7.260787276609652618e-01
-5.108804452107524874e-01
-2.438828385551944367e-01
4.798753337773975503e-02
3.312875462006501515e-01
5.750710226182182971e-01
7.535335984404485377e-01
8.471738722172541536e-01
8.476515867771827750e-01
7.537264594312262922e-01
5.795030961425808869e-01
3.418771368294235558e-01
6.981306041721402345e-02
-2.073219981252962807e-01
-4.584995602537899062e-01
-6.569784533079607858e-01
-7.814008180494621536e-01
-8.175713995464084505e-01
-7.659276165297834726e-01
-6.308278025077465045e-01
-4.293093208884684042e-01
-1.824668043579149579e-01
7.987586353740261380e-02
3.301420705966444658e-01
5.398848541820702174e-01
6.862565927659123322e-01
7.567449638760921360e-01
7.429054473923077939e-01
6.482696318034135707e-01
4.825510846768148454e-01
2.675092822955116301e-01
2.493454858240928829e-02
-2.168555837945512765e-01
-4.313290498719228871e-01
-5.957575573218901743e-01
-6.924745674731465073e-01
-7.128687480001605348e-01
-6.542963278308390196e-01
-5.268131621834938327e-01
-3.428593274173692418e-01
-1.252810789842294659e-01
1.022459411196570134e-01
3.139917659792774707e-01
4.874700818370831801e-01
6.037676469843147320e-01
6.499477805269997521e-01
6.252117027558223850e-01
5.315686655044156161e-01
3.812329721408376226e-01
1.901749936757819448e-01
-1.814496598725301446e-02
-2.216602582559306089e-01
-3.967690051631580506e-01
-5.244017522072195181e-01
-5.936223975429248956e-01
-5.965586287090594020e-01
-5.346503320874702592e-01
-4.145504060291910209e-01
-2.529036337119030531e-01
-6.620385674121043174e-02
1.234606343016095842e-01
2.949615823414712956e-01
4.300260272576692522e-01
5.142754787752146228e-01
5.398512253308935804e-01
5.037706745016541365e-01
4.133346158365047707e-01
2.775088977544410973e-01
1.139330170958670063e-01
-5.893437376085997048e-02
-2.213063457994778327e-01
-3.558734160064617180e-01
-4.477917665159107941e-01
-4.869000034011286004e-01
-4.726814221483892631e-01
-4.064313954865491629e-01
-2.971238027980009910e-01
-1.569367777915869899e-01
-3.847382502809360005e-03
1.457020852811901079e-01
2.740786222344318013e-01
3.671938887701371446e-01
4.177470249844272843e-01
4.200117313971603039e-01
3.749812405582486630e-01
2.879380988559290255e-01
1.714764140172908569e-01
3.766233008435682095e-02
-9.728348631992367324e-02
-2.178556019771061836e-01
-3.112110924472409890e-01
-3.673884116756538365e-01
-3.814006913802004961e-01
-3.518205737984525516e-01
-2.846762570206842202e-01
-1.867597962302806058e-01
-7.090949317132211327e-02
4.939872876559125991e-02
1.601809555625555159e-01
2.494213567332357329e-01
3.068673205003471516e-01
3.259723046867699647e-01
3.079732120244158544e-01
2.547221189660442420e-01
1.731669311476837780e-01
7.265846859498958921e-02
-3.371340641875197885e-02
-1.341799228569795499e-01
-2.163113795103214221e-01
-2.706737852612486339e-01
-2.935987905285626365e-01
-2.823115425862993133e-01
-2.388490069474127342e-01
-1.683920392025295421e-01
-8.125111107804317001e-02
1.346423615289626952e-02
1.042188033294260130e-01
1.799978884263397916e-01
2.327514974756457189e-01
2.567139447807249564e-01
2.499029985629852568e-01
2.130021962641044375e-01
1.522706116143985877e-01
7.386048572483017161e-02
-1.207260456507475155e-02
-9.509968477027741507e-02
-1.655590356104932326e-01
-2.155945622321737698e-01
-2.391091056991538899e-01
-2.330126965636724057e-01
-2.003232661321897590e-01
-1.441699741586954797e-01
-7.199500064723507453e-02
7.449990340139045486e-03
8.412287970807219573e-02
1.493989988879347308e-01
1.948818844542297146e-01
2.149360985420758485e-01
2.093980051874562154e-01
1.783985061748689649e-01
1.256652960523614304e-01
5.736622363762222676e-02
-1.690733993915316535e-02
-8.922031521731699222e-02
-1.505692086536480900e-01
-1.933513984166895794e-01
-2.139467056619070995e-01
-2.096616093287522187e-01
-1.809679476717641622e-01
-1.309567850302983949e-01
-6.683924652800898869e-02
4.976167274994169887e-03
7.547465263099595312e-02
1.358849915972484279e-01
1.793985625325691391e-01
2.009960642176502610e-01
1.981940033668239121e-01
1.708840869327432621e-01
1.233846424927897978e-01
5.998153055662869271e-02
-1.129854211275382880e-02
-8.191115139317795002e-02
-1.435283995630902698e-01
-1.892501553340990572e-01
-2.129489336708034752e-01
-2.112891493123181252e-01
-1.863881010699144358e-01
-1.402151903455098880e-01
-7.767974958637657856e-02
-5.611815184595969619e-03
6.693052253535314300e-02
1.320736070151486974e-01
1.813027207336386226e-01
2.086169432707594140e-01
2.126125401616627553e-01
1.921240290642014514e-01
1.490030609331791656e-01
8.779527070587112014e-02
1.665864145943429797e-02
-5.747742632109131833e-02
-1.258228192605528317e-01
-1.800468306292969389e-01
-2.144243642343722778e-01
-2.249846169392872852e-01
-2.104137124104145107e-01
-1.717899212972386902e-01
-1.145099565881261272e-01
-4.371231561591937265e-02
3.222948279850590403e-02
1.045097169207793719e-01
1.650046040745356546e-01
2.071554343495671802e-01
2.253632941148775437e-01
2.168719949501403121e-01
1.844257908449120631e-01
1.306814018861075510e-01
6.160115248117614684e-02
-1.520302536094686463e-02
-9.061665552561559700e-02
-1.567179080479148556e-01
-2.052506826520020811e-01
-2.304786179159933335e-01
-2.313300659898938072e-01
-2.070699868128090815e-01
-1.600353336474840127e-01
-9.525482721655542662e-02
-2.122324294159372293e-02
5.494963236381256166e-02
1.244627722678599557e-01
1.792207174355588961e-01
2.141046675535893673e-01
2.251606656531077721e-01
2.109849445630826992e-01
1.728229657945947739e-01
1.158924010837816265e-01
4.519905155895309612e-02
-3.099928357864745188e-02
-1.040780649068397956e-01
-1.661697992869251017e-01
-2.108040512139081057e-01
-2.325169916897599220e-01
-2.285595615153691584e-01
-2.013657642285417992e-01
-1.531470342143227414e-01
-8.874802596565722901e-02
-1.493328909286617545e-02
5.966864612983546756e-02
1.274410498151699045e-01
1.801420268086804111e-01
2.119210577036616527e-01
2.212524265809929780e-01
2.066839650243841309e-01
1.693546848362783575e-01
1.131532456803565623e-01
4.532135994870123419e-02
-2.785245465093444395e-02
-9.810100902486262875e-02
-1.574092637689218366e-01
-1.999609393399310875e-01
-2.213373386668445741e-01
-2.189966944498994428e-01
-1.928598526428381144e-01
-1.470053553728292162e-01
-8.535656640481326107e-02
-1.517982033725817637e-02
5.553487684400049140e-02
1.192346315134389378e-01
1.695119857049589562e-01
2.003703107057162036e-01
2.082843685119497579e-01
1.944859078718665923e-01
1.600182126120872628e-01
1.081979187279913379e-01
4.457552244200946312e-02
-2.304460794300899895e-02
-8.799835361331487249e-02
-1.426785175603749733e-01
-1.812479584801589549e-01
-2.015563150415630167e-01
-2.012460224028115308e-01
-1.799430801132320124e-01
-1.400562142617345351e-01
-8.700768108805323475e-02
-2.546377662137222497e-02
3.772805206465124073e-02
9.543237143595351135e-02
1.418971424661623626e-01
1.725793802031212465e-01
1.839978587237516283e-01
1.748418733834418148e-01
1.477758729237059754e-01
1.050967790451924344e-01
5.126507520316803124e-02
-7.840846226742415048e-03
-6.563877003097595697e-02
-1.164167919222907077e-01
-1.540134406671463951e-01
-1.743304181520289875e-01
-1.772193777229300604e-01
-1.621640009224198931e-01
-1.302869258590093615e-01
-8.504454226751145818e-02
-3.221070714875173824e-02
2.330581875969439665e-02
7.511098011111916328e-02
1.174236161349215823e-01
1.468471581356487476e-01
1.604386849073549115e-01
1.563680066669497215e-01
1.350891478540705570e-01
1.001535633510239887e-01
5.447066029372393814e-02
3.321418864262293269e-03
-4.727011568095862426e-02
-9.215223698743790770e-02
-1.270428839434337709e-01
-1.478137234968863734e-01
-1.522766764357667002e-01
-1.418641527996994389e-01
-1.174278628806227909e-01
-8.121602997851962158e-02
-3.736496142591239078e-02
8.711339850841826049e-03
5.260184383161847776e-02
8.902102768318465031e-02
1.141087324295753103e-01
1.271641918925467962e-01
1.267475486072127122e-01
1.123683647501207972e-01
8.586901367641019966e-02
5.095812112404596306e-02
1.056377105439065822e-02
-3.069285462254700558e-02
-6.802813116624928380e-02
-9.812942763705190252e-02
-1.182091924803450045e-01
-1.258240651971047619e-01
-1.203149617288294948e-01
-1.037961943056098235e-01
-7.756242198604557103e-02
-4.410289705825054529e-02
-7.230247173538151273e-03
2.907130375941457956e-02
6.139729149516681694e-02
8.564083102575681394e-02
9.932427550320777065e-02
1.029777241026641477e-01
9.617086466524082944e-02
7.894660989673552010e-02
5.337691938861088836e-02
2.290373849542337581e-02
-9.816996035470260118e-03
-4.090920982643653225e-02
-6.684051234254562157e-02
-8.593729718618037250e-02
-9.641523657997086438e-02
-9.646455467938275241e-02
-8.617239348328464832e-02
-6.791011805079150143e-02
-4.307525833627523504e-02
-1.438095644910875048e-02
1.452715926517456069e-02
4.073461837529568363e-02
6.188762351966525799e-02
7.525665699092476402e-02
7.949451248468353270e-02
7.564510684701630794e-02
6.391244652880812005e-02
4.515659098491187073e-02
2.185017466096317307e-02
-2.939850222414719383e-03
-2.712162439018406257e-02
-4.771491533266436491e-02
-6.243657031074267838e-02
-7.132497851202546091e-02
-7.354274859808829223e-02
-6.811865330804578456e-02
-5.595217847996369898e-02
-3.925712982707241228e-02
-1.935075407281050541e-02
1.528875848401556325e-03
2.084722520189763451e-02
3.716593547651569907e-02
4.905452369566742910e-02
5.468993829799195794e-02
5.370233211723962619e-02
4.755268429001358044e-02
3.656024876363783704e-02
2.145191351995090479e-02
4.245557392082099923e-03
-1.310586514021450100e-02
-2.922204081458645852e-02
-4.201240316125287588e-02
-5.013341575948637718e-02
-5.393861782603326382e-02
-5.298722222589835606e-02
-4.675880547864663672e-02
-3.621086821588370697e-02
-2.312914820830469509e-02
-8.493198819068181749e-03
6.093222999603797874e-03
1.892200248632835979e-02
2.930908259141706829e-02
3.630066013834754024e-02
3.838888867715417597e-02
3.545081051566656427e-02
2.883044332786144359e-02
1.897160029394573399e-02
6.995855431733977170e-03
-5.318803343238864834e-03
-1.674818949579781613e-02
-2.633823061379580999e-02
-3.280988402888629363e-02
-3.554339369976389218e-02
-3.503427024691485592e-02
-3.124393191077712295e-02
-2.434904586025032902e-02
-1.552534659850723919e-02
-6.308049140163918267e-03
2.622960829898213220e-03
1.034389747207131727e-02
1.600529090578017843e-02
1.978091202833076601e-02
2.126595860972524399e-02
1.986729670383846624e-02
1.599485183115056941e-02
1.056316027818149372e-02
3.956345445269793260e-03
-3.118516794579528906e-03
-9.762502774027792540e-03
-1.550174387519609454e-02
-1.985245748461450521e-02
-2.218640257637782831e-02
-2.241751901002508873e-02
-2.108619013123003150e-02
-1.824502259306415297e-02
-1.403318341369230726e-02
-9.076535244727734764e-03
-3.984203029783639494e-03
8.510752983126312898e-04
4.879117596454207728e-03
7.743717548401418682e-03
9.558328679307726006e-03
1.013665206624980719e-02
9.207103088687773607e-03
6.995968599124324783e-03
3.998231569073862346e-03
4.299283601216785655e-04
-3.369764162291288834e-03
-6.967582060529942112e-03
-1.014793532052360447e-02
-1.261522815013627064e-02
-1.382051184283361600e-02
-1.361716289075398656e-02
-1.233151732975679149e-02
-1.006479044345653939e-02
-7.205746042707850130e-03
-4.284880861122997153e-03
-1.617831766048682951e-03
5.580181719466725809e-04
1.961407660737268799e-03
2.442317630013235430e-03
2.092572374363887988e-03
9.502603498898753998e-04
-7.639720047279974224e-04
-2.633521219332135566e-03
-4.209200805620816332e-03
-5.381793144606072943e-03
-6.132116955966160354e-03
-6.412132190751984595e-03
-6.424164483289196426e-03
-6.146022250155258604e-03
-5.538929435460748785e-03
-4.800702512838483926e-03
-4.115534505465312520e-03
-3.535760031149082216e-03
-3.122658787081622478e-03
-2.911254900461845985e-03
-2.820430072501545204e-03
-2.867735987057362657e-03
-3.048893882508729725e-03
-3.267738429482136553e-03
-3.447018889908726180e-03
-3.574913344137176097e-03
-3.668290489199588222e-03
-3.729622384613051622e-03
-3.778041010137456190e-03
-3.805501785664189285e-03
-3.796862751779039868e-03
-3.780430633000375629e-03
-3.800583305341387330e-03
-3.850089523837807448e-03
-3.899127203890739857e-03
-3.930878840170626276e-03
-3.912718797915881730e-03
-3.851937134873417712e-03
-3.779994217773752219e-03
-3.705275998535539905e-03
-3.643032064742035558e-03
-3.597361538446142148e-03
-3.565356264800700892e-03
-3.552501204695190928e-03
-3.557227866726075938e-03
-3.577938414495163144e-03
-3.610416407279659623e-03
-3.645318075563008797e-03
-3.673472638159647197e-03
-3.692881272568060425e-03
-3.703748584766186625e-03
-3.705602636842497688e-03
-3.702470594704077023e-03
-3.694176150478956089e-03
-3.680624990214820258e-03
-3.666287361295261782e-03
-3.655226855186377577e-03
-3.648086857660937099e-03
-3.644475877954023169e-03
-3.643887252132382848e-03
-3.644318819563396872e-03
-3.645762358285398186e-03
-3.647885516566806707e-03
-3.650355942675043153e-03
-3.652841284878194372e-03
-3.655009191444125172e-03
-3.656527310640700357e-03
