-6.457425826736373775e-02
-3.759888706369914901e-01
-5.517030946152143844e-01
-6.125193344238599735e-01
-5.792399942847555883e-01
-4.726674784197288925e-01
-3.136041910506071062e-01
-1.228525363992191144e-01
6.194486246149666364e-02
2.329601791774951192e-01
3.728186609733807888e-01
4.583611798825315553e-01
4.753380273888092589e-01
4.281435670182918152e-01
3.206539636536123172e-01
1.717229748741553319e-01
6.733519864223769247e-04
-1.683923786604382133e-01
-3.148925459300140339e-01
-4.178390748086995288e-01
-4.628779588123522748e-01
-4.501533814533041911e-01
-3.795680776046403970e-01
-2.588428477430870789e-01
-1.018996637396651916e-01
6.848991415962291107e-02
2.332448271838507559e-01
3.685030410577299076e-01
4.546113427914024729e-01
4.819278431301712295e-01
4.439073447463608435e-01
3.426914858027445554e-01
1.883487890684563126e-01
4.838291210983225454e-03
-1.875009496965424072e-01
-3.592675070107494983e-01
-4.833780102829828840e-01
-5.404067637574330174e-01
-5.191087779318634965e-01
-4.208140051380403479e-01
-2.548909781290602528e-01
-5.008674293437431757e-02
1.684388123452200681e-01
3.640222916280351217e-01
5.044509243137846877e-01
5.675074890298963393e-01
5.408861086336200774e-01
4.298598087138185697e-01
2.475201352866063242e-01
2.933680095561741474e-02
-1.948508295315459771e-01
-3.854948031480214254e-01
-5.095626696600628058e-01
-5.490489825612077102e-01
-4.959153552775009688e-01
-3.633017871301998936e-01
-1.699600149161876184e-01
4.441205806613202078e-02
2.483748247504427020e-01
4.063443370286883294e-01
4.899487009591920739e-01
4.904140460230159704e-01
4.071295811373147888e-01
2.610988742721365163e-01
7.546690195568506176e-02
-1.117980785637080476e-01
-2.725299303672898965e-01
-3.822423297099246664e-01
-4.214894153653565567e-01
-3.874816312612446856e-01
-2.846780671524777873e-01
-1.401212097270827517e-01
2.157427254997146271e-02
1.708468237750087049e-01
2.862518732130354682e-01
3.527818512748441826e-01
3.588728594977845798e-01
3.074797891053078214e-01
2.054103667007596279e-01
7.558331151028019335e-02
-6.158041269625214031e-02
-1.852891281835387094e-01
-2.784384983805502367e-01
-3.273089679568501609e-01
-3.251539248630341827e-01
-2.788935957427470802e-01
-1.927045226506499676e-01
-7.954934235692268096e-02
4.470346340648712058e-02
1.623700967646264370e-01
2.587240767792418072e-01
3.176778859833950808e-01
3.298593598374301994e-01
2.987311518642525865e-01
2.253541766495892329e-01
1.163634577788419389e-01
-1.519696233472389579e-02
-1.487801405676836275e-01
-2.679396521498453865e-01
-3.523039703574212256e-01
-3.867214096556577108e-01
-3.676937344686029840e-01
-2.941027093738028952e-01
-1.743456466961305074e-01
-2.305174044038127423e-02
1.333194400601882545e-01
2.746888999068235471e-01
3.774196868457726506e-01
4.218300299163491029e-01
4.021346412800312908e-01
3.191034147557743061e-01
1.877730822742418315e-01
2.651120389259231658e-02
-1.339263534376166076e-01
-2.707456336337581426e-01
-3.628096847569126648e-01
-3.930674099770191665e-01
-3.582854245374359481e-01
-2.626386981920391106e-01
-1.308287738975104642e-01
1.413299015857472085e-02
1.441150401003223891e-01
2.396109011828075896e-01
2.884485868298130029e-01
2.818507515035466593e-01
2.271845291649208232e-01
1.351620596049258882e-01
3.279766009903317681e-02
-5.820093952405502868e-02
-1.201475609671143197e-01
-1.415891605136517795e-01
-1.230942779611239324e-01
-7.026436059263707623e-02
-4.603905455596080110e-03
5.908501318037795436e-02
1.016379287376631968e-01
1.079824145202423757e-01
7.285146555855681605e-02
-1.980800870785337509e-03
-9.599054206282287005e-02
-1.897119938177840304e-01
-2.555651984021998224e-01
-2.767394742080159231e-01
-2.424288225539018571e-01
-1.475011372694962075e-01
-5.907500271186583163e-03
1.647551520193295538e-01
3.272888163679548157e-01
4.512959159112004404e-01
5.088930103663220628e-01
4.825814592053931928e-01
3.700478919980763060e-01
1.790850753012271923e-01
-5.710175893285973636e-02
-3.080658754756320228e-01
-5.266925230634673660e-01
-6.742348829355530038e-01
-7.225631638673086776e-01
-6.568190776460294256e-01
-4.851495805330588995e-01
-2.249529860126096015e-01
7.807187325967768210e-02
3.846708218372780763e-01
6.429239359416241140e-01
8.099565451707417818e-01
8.592711037081521841e-01
7.777470126176893039e-01
5.786800369743163586e-01
2.840341459334798646e-01
-5.573835139006688699e-02
-3.971990527094689805e-01
-6.860101318949023419e-01
-8.769138876143586225e-01
-9.427400087632782366e-01
-8.694816786774185458e-01
-6.702801735970291830e-01
-3.671618579441870978e-01
-1.098190124055131722e-02
3.536755299033174094e-01
6.705261942079321358e-01
8.917493375289380353e-01
9.865746186381723071e-01
9.376195011198660278e-01
7.545690785203784667e-01
4.570772877360060882e-01
9.527661658253872012e-02
-2.858266398210018711e-01
-6.269126623158036704e-01
-8.768674672486894695e-01
-1.000000000000000000e+00
-9.748538020811490235e-01
-8.078545279812866520e-01
-5.166018337286800710e-01
-1.519015777596615102e-01
2.400441829648092273e-01
5.962665135696045837e-01
8.625649786034990107e-01
1.000000000000000000e+00
9.848771636373327976e-01
8.235262495645221392e-01
5.338338060948004671e-01
1.692282207773501135e-01
-2.221842063064802808e-01
-5.753281800602738638e-01
-8.350575626259173490e-01
-9.637301597222758254e-01
-9.392822051116584969e-01
-7.721770229695222865e-01
-4.833106043208909020e-01
-1.291083296482166132e-01
2.412013468323963572e-01
5.646394589256478191e-01
7.891506704077233536e-01
8.841904194039287290e-01
8.337123758739151125e-01
6.552304920630862561e-01
3.740061993788168504e-01
4.713182993524234199e-02
-2.778140453634062590e-01
-5.457124954143295348e-01
-7.123433413372438627e-01
-7.589917260063526738e-01
-6.786919905094435101e-01
-4.961759444489248772e-01
-2.401804144325747625e-01
3.634884420932693594e-02
2.917014855405484219e-01
4.851893628511028123e-01
5.847343497471675366e-01
5.823940371253788495e-01
4.795108475951941340e-01
3.071570804534020649e-01
9.537069956511445845e-02
-1.132683516512736910e-01
-2.869509368363075685e-01
-4.013260628726491586e-01
-4.376000745647340429e-01
-3.978247887488952639e-01
-2.896328062373783041e-01
-1.438624106416597215e-01
1.279109362286856566e-02
1.515096908604769421e-01
2.508042574830029459e-01
2.984631816503391377e-01
2.881203609668703258e-01
2.309956580418839334e-01
1.369065506787989772e-01
2.945197650342090689e-02
-7.062110378459285354e-02
-1.470621847325619402e-01
-1.882883126099305082e-01
-1.908862954229213482e-01
-1.562832036457617590e-01
-9.832244003538892496e-02
-2.584067526529265635e-02
4.570806459693366186e-02
1.018728134586202039e-01
1.353721071820828126e-01
1.418193674858585496e-01
1.223464367417215204e-01
8.104016784277279228e-02
2.920628925118307073e-02
-2.671216955842592444e-02
-7.726746197806744210e-02
-1.125794817072920395e-01
-1.288497952738563157e-01
-1.242100534994462491e-01
-9.965693144846665685e-02
-5.874332561724293633e-02
-9.631850363832406003e-03
4.320785408326610622e-02
9.226947522842432470e-02
1.287211679779842743e-01
1.481386127038024636e-01
1.477381345982304861e-01
1.251144769749041874e-01
8.174845469952063404e-02
2.475150782511081893e-02
-4.122795312808491541e-02
-1.064860004218569633e-01
-1.602286178902007086e-01
-1.942905721499765814e-01
-2.029504384825314700e-01
-1.816079435559830868e-01
-1.307418411827014904e-01
-5.831829433295820930e-02
2.943298195203225553e-02
1.183313809758193003e-01
1.935033512200534656e-01
2.424784243009066032e-01
2.571938609810326959e-01
2.329075260643611589e-01
1.702719655813962341e-01
8.017852855378371224e-02
-2.812244977925759670e-02
-1.362194385103908667e-01
-2.261968323753136278e-01
-2.837316772930625897e-01
-2.994769094671896337e-01
-2.696524717926613857e-01
-1.965422683675035476e-01
-9.448080086346011264e-02
2.509792840142943682e-02
1.419987749967701607e-01
2.369534234861196964e-01
2.960133700130402890e-01
3.103923548624261119e-01
2.782506652824903171e-01
2.032215165041799665e-01
1.009082450548910437e-01
-1.663802315649132169e-02
-1.298974507203728423e-01
-2.203577413724946421e-01
-2.759767248499950254e-01
-2.892857314892949283e-01
-2.596442626738180159e-01
-1.911361640447534205e-01
-9.852687986657115982e-02
7.229313643695833846e-03
1.089887729225196278e-01
1.901585184573084675e-01
2.407518502289172080e-01
2.545459360550388350e-01
2.309814109546024508e-01
1.736908395835157215e-01
9.545006369806618984e-02
5.321107462753049688e-03
-8.217473024251753522e-02
-1.524883690430346439e-01
-1.971448751366646768e-01
-2.108350595034219621e-01
-1.926359819132632545e-01
-1.455678883452568018e-01
-8.070674531361554660e-02
-5.529865564536273759e-03
6.734745112580031723e-02
1.249917204868107312e-01
1.601534129723471978e-01
1.684948994161135083e-01
1.494117542040358515e-01
1.060626361260406103e-01
4.909256961531327512e-02
-1.463889742753421430e-02
-7.359559825351658091e-02
-1.160877273354817829e-01
-1.365193730704404862e-01
-1.321663902551507563e-01
-1.042293769072115683e-01
-5.726508869869573193e-02
-2.843637114664177012e-03
5.186930643650811135e-02
9.634368084810174260e-02
1.202658144185755340e-01
1.202299356113922801e-01
9.588465630414955143e-02
5.218925314847733254e-02
-3.593182281312001791e-03
-5.842960980552636130e-02
-1.044942996027856674e-01
-1.331827742250669688e-01
-1.362484318472718670e-01
-1.123033823800283493e-01
-6.359278043034344297e-02
-6.314218659102532882e-04
6.578058489936067232e-02
1.218201170095816188e-01
1.590727468892318974e-01
1.714807735642036590e-01
1.538155495628155123e-01
1.073740060369392513e-01
3.677144842322754847e-02
-4.353791362561876266e-02
-1.201356064699824477e-01
-1.788474041940346648e-01
-2.102411538979124250e-01
-2.076673265913822064e-01
-1.683524803914687729e-01
-9.957721320690904321e-02
-8.677072726954393467e-03
8.681015997803886997e-02
1.706946542514680143e-01
2.293077461207482237e-01
2.525253232971103046e-01
2.343246240555285631e-01
1.749435915793564611e-01
8.617085880455777058e-02
-2.190569897554806023e-02
-1.292012150161396811e-01
-2.169597991341990495e-01
-2.704832557876528654e-01
-2.806191876544802399e-01
-2.449447151165486947e-01
-1.666534576015099578e-01
-6.187387483079154205e-02
5.673364911147515954e-02
1.679919415176507336e-01
2.521681505880448704e-01
2.958774408250004484e-01
2.914306915782629570e-01
2.394315725502438319e-01
1.458171228558717836e-01
2.964427941323055649e-02
-9.433485391772045148e-02
-2.042004738179629131e-01
-2.801264045330857932e-01
-3.106275418431718727e-01
-2.899352181126414463e-01
-2.218561804486339772e-01
-1.149602329893519848e-01
9.306678560700998304e-03
1.345962752335267965e-01
2.389574916435093233e-01
3.030414646528449829e-01
3.176898292855847572e-01
2.793676260488258123e-01
1.950642741443548989e-01
7.591706444412982258e-02
-5.457252911998766720e-02
-1.787652917782097672e-01
-2.750623438366026630e-01
-3.249217408066733537e-01
-3.217605408893522423e-01
-2.644868186050853831e-01
-1.633417665913985406e-01
-3.207325483652945231e-02
1.038493709667187570e-01
2.256018295035504551e-01
3.121196968190453891e-01
3.458723937099743573e-01
3.231406923309925183e-01
2.455490389991585864e-01
1.269845052105182948e-01
-1.595514020531985100e-02
-1.558861605237226167e-01
-2.729274594038912927e-01
-3.475027820456374483e-01
-3.636969627772796976e-01
-3.197682215939373629e-01
-2.198390986907293732e-01
-8.306229146740318203e-02
7.045654378274024410e-02
2.122258899726301440e-01
3.217591054823845109e-01
3.817573337992699045e-01
3.786520162884665641e-01
3.129524441046773742e-01
1.913424011170867800e-01
3.832412049328426384e-02
-1.227864234925805098e-01
-2.636599623370030621e-01
-3.633252551311002554e-01
-4.061178874837118036e-01
-3.820702304173417829e-01
-2.967365962934641610e-01
-1.593659946207010014e-01
2.697729841854012989e-03
1.639695735383246422e-01
2.973272836339582170e-01
3.823225404999934796e-01
4.054081877328792327e-01
3.609367888318026907e-01
2.607079914417087529e-01
1.164317925284805710e-01
-4.419815215963474042e-02
-1.950924155204911692e-01
-3.117029649131302094e-01
-3.760339284965491524e-01
-3.785879776858139811e-01
-3.178958063666921241e-01
-2.099685654973837412e-01
-6.826392472893327845e-02
8.071917182166621352e-02
2.121453197975242677e-01
3.057466351837005991e-01
3.475313060396674203e-01
3.328667238786033877e-01
2.636018748059927308e-01
1.571261969896184940e-01
2.723633845366757456e-02
-1.025257178188839768e-01
-2.103309025382055220e-01
-2.809874473790202609e-01
-3.045830047177351396e-01
-2.799054695337825915e-01
-2.107918588962034434e-01
-1.137486558526736857e-01
-1.177753106562429153e-03
1.075277415459954256e-01
1.940841140150579847e-01
2.473795321637004552e-01
2.604480638326953645e-01
2.331674918958310805e-01
1.696513646638566630e-01
8.408391359083777772e-02
-1.329318001297463692e-02
-1.065020025176327545e-01
-1.798505033074950799e-01
-2.239751946674649608e-01
-2.329933010213875999e-01
-2.059956954541859453e-01
-1.463284407633894668e-01
-6.625469481606705013e-02
2.535453753086103212e-02
1.135077131742476819e-01
1.830788088837691507e-01
2.240821515921767038e-01
2.302038952690927953e-01
1.995414513050779437e-01
1.350512279782234426e-01
4.930838901521239492e-02
-4.817326857414483410e-02
-1.406034826640593094e-01
-2.114698900899553147e-01
-2.492147863901628124e-01
-2.468627518985522240e-01
-2.032036759475467358e-01
-1.224748942204629820e-01
-2.040125515816415547e-02
9.074303698264785112e-02
1.908350244420664588e-01
2.612200759824456764e-01
2.898092822086211218e-01
2.701469117702492984e-01
2.043007928029740849e-01
9.976858466962101879e-02
-2.281395408664255164e-02
-1.474300340419466560e-01
-2.512376763949546454e-01
-3.142947076651290139e-01
-3.263437411613004935e-01
-2.832847433493891343e-01
-1.923397244088774771e-01
-6.532349188780861571e-02
7.262548647015809600e-02
2.025169043193437712e-01
3.011733324137666479e-01
3.493089099869026715e-01
3.407762632558024585e-01
2.752064547178749709e-01
1.651210529105799907e-01
2.614748304145697588e-02
-1.146443145887339199e-01
-2.375529318633207154e-01
-3.228171427045213315e-01
-3.541446578939201340e-01
-3.284603888414446837e-01
-2.483357744576369930e-01
-1.312112029163884364e-01
4.867066931045549438e-03
1.349664979743157023e-01
2.413604541334979370e-01
3.092478992937248705e-01
3.262942617291393343e-01
2.920133500235198021e-01
2.106503362517744282e-01
1.007795077363176084e-01
-2.006090913023139688e-02
-1.317272399610224243e-01
-2.191382968280811694e-01
-2.703578167187105086e-01
-2.772716761282807418e-01
-2.427688483882670667e-01
-1.708475263645580222e-01
-7.682428104170258010e-02
2.390237445183163167e-02
1.155471742443834327e-01
1.858658766505689730e-01
2.244391536439913626e-01
2.256882743689410109e-01
1.942669218349186711e-01
1.333094587564274125e-01
5.428084244463371455e-02
-2.963031360248391533e-02
-1.049865753941890967e-01
-1.616099951065027573e-01
-1.901220930692321121e-01
-1.858352029637093672e-01
-1.533985082933387867e-01
-9.572512166311264448e-02
-2.324085885631665960e-02
5.153044705084153243e-02
1.154031835234181624e-01
1.591018927664302751e-01
1.750738149926915899e-01
1.595467058311137443e-01
1.167786222656082007e-01
5.067512200282897616e-02
-2.635888134572983432e-02
-1.007934535041732360e-01
-1.582981693607303786e-01
-1.892772659063181040e-01
-1.864800898700901266e-01
-1.472051060693013724e-01
-7.924601991610347174e-02
1.004840673808793383e-02
1.026102295298523259e-01
1.814620921769813933e-01
2.318824773172425413e-01
2.436155823499288609e-01
2.114251129897897208e-01
1.363578520383370574e-01
3.246944476617730224e-02
-8.751402681634523617e-02
-1.997249974523112037e-01
-2.830043273021389805e-01
-3.211396927029077641e-01
-3.048746852838861710e-01
-2.346455519752238539e-01
-1.172104053889426734e-01
2.467785548828738129e-02
1.726355149458096427e-01
2.991734329490760569e-01
3.804179385957118242e-01
4.018736820919475150e-01
3.567705844910553648e-01
2.516788903451738779e-01
9.888260633381662501e-02
-7.263489081554885818e-02
-2.399001834168217329e-01
-3.735063708077988043e-01
-4.488675468857941109e-01
-4.546778939018599752e-01
-3.872629203644796236e-01
-2.584502676644756525e-01
-8.466964303885049503e-02
1.019103516083224026e-01
2.762353490078224283e-01
4.097381808733173703e-01
4.788518707508888639e-01
4.756122951256711584e-01
3.988935792311798512e-01
2.630184946208917740e-01
8.596159694389138295e-02
-1.006031770808478720e-01
-2.722982251755440286e-01
-4.031855412125009419e-01
-4.715392885768363573e-01
-4.712450257771708673e-01
-4.019708839605743433e-01
-2.769055513249247813e-01
-1.125803891211006880e-01
6.277350438805195942e-02
2.274015491071852413e-01
3.580440761055871945e-01
4.343209224765247622e-01
4.492651213213414430e-01
4.009691835359798784e-01
2.983690677256574109e-01
1.543159771892335108e-01
-7.394404033928991815e-03
-1.679607224765871099e-01
-3.050084174696774397e-01
-3.978380221123848370e-01
-4.357863721571774152e-01
-4.133355275356426217e-01
-3.338891563836706711e-01
-2.061031050152014599e-01
-5.084173596393959382e-02
1.145459870219853737e-01
2.656239449156083676e-01
3.792505538485499983e-01
4.394458277431914084e-01
4.364213454530991854e-01
3.695074301872205425e-01
2.448519073009503000e-01
8.396406557218716316e-02
-9.447825697716205617e-02
-2.612951114257354712e-01
-3.894660919271301092e-01
-4.584962047670124718e-01
-4.558051775521169136e-01
-3.808120826956051808e-01
-2.407361349836050213e-01
-6.204697766125033542e-02
1.323696733685546523e-01
3.077559537241176812e-01
4.335429437521465257e-01
4.883877747105713762e-01
4.604968392421244783e-01
3.548914252000268110e-01
1.840606915419691347e-01
-1.749854551114415901e-02
-2.211819046507692565e-01
-3.886461849916984512e-01
-4.882936482083023444e-01
-5.036098704630338485e-01
-4.282261993232527875e-01
-2.774731870413640333e-01
-7.215262815488310277e-02
1.452012366646806552e-01
3.412353879507770138e-01
4.788833458860886072e-01
5.297368744930239792e-01
4.871223874943495513e-01
3.538024227167706481e-01
1.579994748333164445e-01
-7.042828452133842454e-02
-2.847777169543241893e-01
-4.505436781026462834e-01
-5.390705343987887144e-01
-5.300291812896119614e-01
-4.267404640376835090e-01
-2.412973854719256961e-01
-1.516815879918387289e-02
2.143673648360173711e-01
4.032842985845124240e-01
5.203430225158627298e-01
5.474310460354427921e-01
4.747334427704981152e-01
3.195326117277945688e-01
1.031692869684319724e-01
-1.284994119968936310e-01
-3.365474928388687559e-01
-4.841026823364008580e-01
-5.452355607866579135e-01
-5.117022438739438073e-01
-3.858075873535610212e-01
-1.978277588217777216e-01
2.589392448916671974e-02
2.417743488712289501e-01
4.124122317174010455e-01
5.101630395238525573e-01
5.180116560506131673e-01
4.392025489744497690e-01
2.843665116905609302e-01
8.837022304863584310e-02
-1.203835004346224258e-01
-3.034477212146539093e-01
-4.288267576572358797e-01
-4.794661856081502416e-01
-4.468957292824691230e-01
-3.424645538021017233e-01
-1.820599624915976156e-01
-2.734173596909972304e-04
1.762081823060885899e-01
3.170135822139263926e-01
3.972944368580386687e-01
4.092969091452045571e-01
3.515783949773976236e-01
2.403458412182641890e-01
9.373350641227506941e-02
-5.806091456187989497e-02
-1.930227031697673290e-01
-2.913050498389604392e-01
-3.362111118750917838e-01
-3.246244274772656091e-01
-2.588457888830643094e-01
-1.583400263682113174e-01
-4.124337410117751013e-02
7.037201534314796447e-02
1.610315381480613706e-01
2.199997138653537743e-01
2.381418160609334311e-01
2.168969590398786007e-01
1.604928516642594172e-01
8.591504782685110975e-02
7.783022896430180637e-03
-6.097661000684861943e-02
-1.106940223436959636e-01
-1.364637258705762024e-01
-1.364908936747951662e-01
-1.128953169210162866e-01
-7.869275557304611368e-02
-3.745817439862730858e-02
7.233461834496468512e-03
5.180718835858200144e-02
9.268804040588607407e-02
1.263010532086641380e-01
