-1.810387920717082544e-01
5.203994916263514625e-01
8.957754509976394441e-01
1.000000000000000000e+00
8.879840525912756632e-01
6.146385227293094111e-01
2.348743243719457752e-01
-1.963976285229708241e-01
-5.563929562264908757e-01
-8.358132951518444376e-01
-9.958296346719457404e-01
-1.000000000000000000e+00
-8.383674440762151070e-01
-5.547018835385694180e-01
-1.893296151786693082e-01
1.729502445160699953e-01
4.651983731952378243e-01
6.338927996197560866e-01
6.449660513262664985e-01
5.014056067946213169e-01
2.220058291110935667e-01
-1.248787597491425316e-01
-4.854482612125614605e-01
-7.838740827324004457e-01
-9.586414042263226021e-01
-9.812347684005272574e-01
-8.418914759793847402e-01
-5.757837022522331871e-01
-2.254763515784330430e-01
1.273615191096213461e-01
4.233676911946355759e-01
6.076236848855374184e-01
6.383259122469553404e-01
5.120209794894954314e-01
2.433012239982190739e-01
-9.808739514793352043e-02
-4.495018180032521737e-01
-7.341507789303076681e-01
-9.012167962844035429e-01
-9.247342378059982826e-01
-7.910132462784026375e-01
-5.372677418357327817e-01
-2.055782200099779411e-01
1.212055682627499742e-01
3.784120029341371261e-01
5.185508771056863697e-01
5.120021074511240666e-01
3.679998071592243125e-01
1.103122422707540906e-01
-1.924127796473042995e-01
-4.882061735951541692e-01
-7.153947764148772537e-01
-8.261378178401885819e-01
-8.011019226438864660e-01
-6.409079935454784493e-01
-3.986320424805559481e-01
-1.220948711201602643e-01
1.247950356135281158e-01
2.998424195532505276e-01
3.753415221979228278e-01
3.323915504572605428e-01
1.885104663695997829e-01
-3.204748826603598388e-02
-2.693083102209395951e-01
-4.761213097674620309e-01
-6.134396794761380889e-01
-6.557256172873660027e-01
-5.999384397224246657e-01
-4.556249698326997333e-01
-2.659542305781701366e-01
-6.060461539749850690e-02
1.152229775797306566e-01
2.234421834966808795e-01
2.483004558371288972e-01
1.846780070158662301e-01
5.239112501612974704e-02
-1.244430075470394081e-01
-3.005184815069973370e-01
-4.471010013429537189e-01
-5.393156333984987505e-01
-5.550044912556476584e-01
-4.912426480031699683e-01
-3.557419459175212850e-01
-1.873481633221667497e-01
-2.010787664754909443e-02
1.080514680294637486e-01
1.747646177715089788e-01
1.707806954924719900e-01
9.041322864379908175e-02
-4.482294826037103164e-02
-2.117226145968471585e-01
-3.648400856556472949e-01
-4.694694013946476563e-01
-5.076375857708970152e-01
-4.692803843470338965e-01
-3.652585656920155355e-01
-2.151578816348254097e-01
-6.179523049319535222e-02
6.645641548278735655e-02
1.417692841826680983e-01
1.421764659665765151e-01
6.691954525564969281e-02
-7.273304490186394133e-02
-2.321508407832896248e-01
-3.747181845240444842e-01
-4.658110482968098598e-01
-4.885978223713935975e-01
-4.465691354423181325e-01
-3.435120452987988626e-01
-2.072463656286888112e-01
-6.515865019995603635e-02
4.608649383283602852e-02
1.006968146409377152e-01
8.538337011595187320e-02
-6.292457736700729498e-04
-1.252998834132340589e-01
-2.588486954439469523e-01
-3.638653253360897288e-01
-4.202725487681586714e-01
-4.185817008049925736e-01
-3.528767081274140072e-01
-2.423768421416854224e-01
-1.080879854254237493e-01
1.005851642801158796e-02
8.327820911814143301e-02
9.644750722676787014e-02
4.354308647142501876e-02
-5.802322385032354646e-02
-1.864100482354015265e-01
-3.041088187135331244e-01
-3.886708360437705068e-01
-4.213950522099411122e-01
-3.884022527493856680e-01
-2.969979046517815524e-01
-1.628025412468999678e-01
-2.911033400808993310e-02
7.097717031369654705e-02
1.119269519083536668e-01
8.295180116184730501e-02
-6.175674693310040375e-03
-1.433793843134659740e-01
-2.928312466548594895e-01
-4.259165174532625331e-01
-5.093903386914351294e-01
-5.191604548937206465e-01
-4.476883111393120673e-01
-3.006263583448575138e-01
-1.194737298710798479e-01
5.834969745341700431e-02
1.867063518307534586e-01
2.388739504107912914e-01
2.027323831918681485e-01
7.272133261854607511e-02
-1.226610338514574350e-01
-3.514886163363755145e-01
-5.528628993344930631e-01
-6.810895022195534443e-01
-7.084892895175143313e-01
-6.208337709942134408e-01
-4.350966856055988874e-01
-1.798481210471435388e-01
8.115880637875982906e-02
3.015419461987520755e-01
4.322540266082057769e-01
4.372932326638785394e-01
3.121188475804954621e-01
7.039506686452745576e-02
-2.233547523013645897e-01
-5.125212983034526104e-01
-7.310233855311082385e-01
-8.375431011380238822e-01
-8.155044767673149675e-01
-6.584472052867595959e-01
-4.045310982056234961e-01
-9.599772966018249587e-02
1.906786600822905076e-01
3.974829982967960085e-01
4.869249508511375168e-01
4.393824945209099386e-01
2.734578322045881915e-01
1.855206709116630215e-02
-2.580296263684742630e-01
-5.091403424207816553e-01
-6.874950953666685294e-01
-7.562048212502225919e-01
-7.069503602940481191e-01
-5.467245843958081775e-01
-3.257647508611889453e-01
-8.811112268049148266e-02
1.135197956828053467e-01
2.469094770390989346e-01
2.962600288124446202e-01
2.506146969486819920e-01
1.303648422220269332e-01
-4.205252322409058774e-02
-2.199088618029486630e-01
-3.681800012231571939e-01
-4.655982551189874474e-01
-4.977198668946511972e-01
-4.672965097167330883e-01
-3.843478158916936449e-01
-2.780516883160634167e-01
-1.656585650657903530e-01
-6.897312033436742151e-02
-8.391269919419852563e-03
7.543523817505892737e-03
-2.181672023457936760e-02
-7.775756167786396222e-02
-1.445061011165813536e-01
-2.039900282238852336e-01
-2.483724937179457859e-01
-2.732391894773116281e-01
-2.712448150663141488e-01
-2.442662114613385338e-01
-1.971380567546650031e-01
-1.480687802185378654e-01
-1.114076159387572540e-01
-9.462982828938382163e-02
-1.010574838737021697e-01
-1.296163148087130512e-01
-1.757710096247522280e-01
-2.245015043824247769e-01
-2.681021609138938278e-01
-2.938708641198387594e-01
-2.887788313872292623e-01
-2.495554414028747781e-01
-1.792440281285369030e-01
-9.309451989860684229e-02
-8.182758836638992506e-03
5.008894240974948175e-02
6.914264913608159091e-02
4.108335996528200695e-02
-4.069006124797780455e-02
-1.645637975031285505e-01
-3.131397592946174591e-01
-4.462400438824211113e-01
-5.319127543183421736e-01
-5.480248898680759595e-01
-4.847510552402930495e-01
-3.517685061617409348e-01
-1.640253321135656250e-01
3.781916401345886136e-02
2.180845672588205275e-01
3.316649886555873561e-01
3.461658093769004463e-01
2.511049113976715486e-01
5.258264191134864873e-02
-2.012696425271478518e-01
-4.644451751196237987e-01
-6.758907225757284642e-01
-7.960737030233375755e-01
-8.010334535023829750e-01
-6.772599481089132123e-01
-4.507334533568142509e-01
-1.559791375194440333e-01
1.334642633411309287e-01
3.592060933570719872e-01
4.746077141944819999e-01
4.532856089577264047e-01
3.046217968539162158e-01
5.061015810225644174e-02
-2.438716554518919333e-01
-5.284266351223593228e-01
-7.420689691409776412e-01
-8.380661350958871214e-01
-7.974945646304594238e-01
-6.211690766644710759e-01
-3.629262233017691575e-01
-7.292690410988522665e-02
1.816576199124080304e-01
3.564525577316892679e-01
4.243200491763348126e-01
3.679386206497754497e-01
2.081491639777461877e-01
-2.745492936977056431e-02
-2.754945825910471990e-01
-4.861377615841850908e-01
-6.189987984968049473e-01
-6.493279988055733476e-01
-5.798872352787378670e-01
-4.253409120682984934e-01
-2.354974335443273947e-01
-4.346036560730115461e-02
1.109438923401369070e-01
1.950806925410371040e-01
1.959427070861772258e-01
1.122636998617572157e-01
-2.096349495595939416e-02
-1.726648033183574293e-01
-3.058987839536769782e-01
-3.984331775401387388e-01
-4.380541236262815996e-01
-4.153941427243699192e-01
-3.423710985756666103e-01
-2.343396018167238637e-01
-1.267844223960516992e-01
-4.545666007002124864e-02
-5.996263153063119411e-03
-1.636860983560362026e-02
-6.663761630744180486e-02
-1.424520737627159583e-01
-2.158157795210499108e-01
-2.730925162216598645e-01
-3.032781743970579535e-01
-2.951102253047542812e-01
-2.493631154191046084e-01
-1.734695866626120297e-01
-9.463268417737635829e-02
-3.456754892769997589e-02
-1.023195049276681701e-02
-2.709268045673796088e-02
-8.003459577041405204e-02
-1.635342041050574791e-01
-2.561874502360852457e-01
-3.411433064532647386e-01
-3.959913354064528157e-01
-4.041738391093241400e-01
-3.613892716154982754e-01
-2.701803914799694173e-01
-1.550693398095841502e-01
-3.995028267286260260e-02
4.792047904598195629e-02
9.362751607090968875e-02
8.875636641022044415e-02
2.657589192521569998e-02
-8.248955871114249661e-02
-2.218143640873310174e-01
-3.538806873174286105e-01
-4.499010801597443931e-01
-4.909650248381431936e-01
-4.674727126305697755e-01
-3.840889665116181684e-01
-2.524892342671298806e-01
-1.048149342032551612e-01
3.647064535987976086e-02
1.412770727328123144e-01
1.841497462106480576e-01
1.563361020300459980e-01
5.911109013518722755e-02
-8.337415998824626584e-02
-2.455684308159796769e-01
-3.906619237831386870e-01
-4.963837769621992635e-01
-5.465284557670886390e-01
-5.264989297162711024e-01
-4.383935676219767874e-01
-2.931983639551798415e-01
-1.273009357329334401e-01
2.800762442155368959e-02
1.416106857976520139e-01
1.943559339776697037e-01
1.777012316656185753e-01
8.986444002702964617e-02
-4.650501668863171734e-02
-2.114488318696177149e-01
-3.657907311308392639e-01
-4.769969030797505116e-01
-5.271077906874807040e-01
-5.052995743217100211e-01
-4.169529081781683244e-01
-2.767550890919857620e-01
-1.213893607295565280e-01
2.409407704576027598e-02
1.298648940954538755e-01
1.701601949775337630e-01
1.353980211541914169e-01
2.853985014747828508e-02
-1.172486403277919198e-01
-2.717791530445861081e-01
-3.986099911825913278e-01
-4.764230349613408633e-01
-4.943012022641547487e-01
-4.434850104471813603e-01
-3.371277041733069524e-01
-1.935609917130884927e-01
-5.387197286938860685e-02
5.047539035445547384e-02
1.004126781279548464e-01
8.630085506468221368e-02
1.631154787788391403e-02
-9.515609163009008942e-02
-2.139823004196468315e-01
-3.188193710627499344e-01
-3.886255086661256630e-01
-4.052645389381598351e-01
-3.647736448659997244e-01
-2.728635124212699381e-01
-1.609576878360532426e-01
-5.601155820681569253e-02
1.499004892796151900e-02
4.009466975183428872e-02
1.907311099872655014e-02
-4.874239771143806799e-02
-1.450907304266580988e-01
-2.516029840656066607e-01
-3.386377635085427995e-01
-3.851000751736923799e-01
-3.817637677355487646e-01
-3.262210464853249059e-01
-2.369722806719878339e-01
-1.340442427253962787e-01
-4.486596788683450132e-02
1.545457371556469006e-02
3.586079733090108412e-02
6.695755437657657794e-03
-6.649160380597751718e-02
-1.715898458201472465e-01
-2.758843411048446104e-01
-3.546064152636702049e-01
-3.915229359146547017e-01
-3.795051012515404665e-01
-3.239919374455338952e-01
-2.337283971182725351e-01
-1.334951258030180332e-01
-4.024733406961644722e-02
2.620196427964116559e-02
4.868285113229142702e-02
2.029291441855574085e-02
-5.669075883300256358e-02
-1.585468152439638567e-01
-2.631181191563731758e-01
-3.438551859223100138e-01
-3.876229827723469690e-01
-3.880700718162458651e-01
-3.390700602706876454e-01
-2.519408054321571333e-01
-1.414201629599688426e-01
-4.007477900930389580e-02
2.778271330323178745e-02
5.046169400671662864e-02
2.181184236055888626e-02
-5.200730834830735727e-02
-1.585369235126989906e-01
-2.690864715443994637e-01
-3.647187767610703402e-01
-4.244255472202955737e-01
-4.303732184084798629e-01
-3.769702628830241542e-01
-2.696974870898121157e-01
-1.410861579751390149e-01
-1.888959214389818175e-02
6.833670931674173943e-02
1.059465995987054487e-01
8.966176925933266872e-02
1.576377704353681963e-02
-1.004575310238680075e-01
-2.399119252285056847e-01
-3.646963094915181003e-01
-4.463967193966250635e-01
-4.701904773872692678e-01
-4.289220020445263515e-01
-3.314748551320952918e-01
-1.946968295495544732e-01
-5.531751799665352021e-02
6.426714211695050416e-02
1.414294002621090396e-01
1.555942759058455138e-01
1.005815444141018311e-01
-1.849375404463315942e-02
-1.693487757793857851e-01
-3.223822919672596488e-01
-4.423910727656652497e-01
-5.095103895277113271e-01
-5.131484844170313142e-01
-4.453420380339893070e-01
-3.212384911045711444e-01
-1.601630542376758504e-01
-4.321443792360546432e-03
1.135246027626062304e-01
1.720964583474196008e-01
1.579103021830723375e-01
7.359805069343750006e-02
-6.826345762271979201e-02
-2.311345027876389180e-01
-3.889197526302295982e-01
-5.068880635013168767e-01
-5.561833349570972640e-01
-5.258363072274119254e-01
-4.173494885594440929e-01
-2.609400165013667783e-01
-8.631023224562817120e-02
6.507045250745302489e-02
1.677542165603569391e-01
2.044714282921578086e-01
1.614834950315564566e-01
4.799072754380362404e-02
-1.190003147008015238e-01
-2.942315670182273912e-01
-4.412020813571491118e-01
-5.302889854274923653e-01
-5.446016230774002320e-01
-4.853650208784521247e-01
-3.604557374189676366e-01
-2.029303393189341165e-01
-3.874517701426882788e-02
9.478409605091808743e-02
1.676229444378714017e-01
1.667891856521859228e-01
9.011534168695356506e-02
-3.738837401452899112e-02
-1.891575571918024945e-01
-3.259780615078069488e-01
-4.247125638861043440e-01
-4.701486823372962309e-01
-4.492347242218741599e-01
-3.682230711667443535e-01
-2.403896508338752014e-01
-1.031184742591013670e-01
1.338579740143419627e-02
8.437159709786512529e-02
9.705326703463845739e-02
5.317426060881191852e-02
-4.097303748408009927e-02
-1.577615067090066825e-01
-2.770049918710889569e-01
-3.712666779208707579e-01
-4.187118200262286427e-01
-4.110245384463676599e-01
-3.473603495300371380e-01
-2.500851925476055282e-01
-1.413100454945868112e-01
-4.808494376154603955e-02
1.444622351225510748e-02
3.647848156241839668e-02
9.356367107438146036e-03
-6.034727725262911679e-02
-1.605711938712812703e-01
-2.600493157669715449e-01
-3.353576201164379933e-01
-3.724727580700246676e-01
-3.646469256836933903e-01
-3.160653601129080892e-01
-2.354880870698002893e-01
-1.466166609587724601e-01
-6.375168741060444066e-02
-3.707361556920307777e-03
1.770151659091534491e-02
-5.539386425229442246e-03
-7.139262613991148587e-02
-1.601447055606145531e-01
-2.527496622328885278e-01
-3.255953623723504275e-01
-3.674981443168682249e-01
-3.717234491212089154e-01
-3.309668879609578562e-01
-2.525825914843260467e-01
-1.481053768093479883e-01
-4.667620541960737501e-02
2.911188713943135831e-02
6.616264851675879299e-02
5.649206815452423314e-02
2.801347561065536951e-04
-9.569008638974230152e-02
-2.082208432482770544e-01
-3.203416102095660856e-01
-4.062015072929209270e-01
-4.436761521347889481e-01
-4.242645203372041873e-01
-3.488047714498264673e-01
-2.372151354558145187e-01
-1.107308221228971989e-01
-5.043657082071106856e-04
7.576771050976827127e-02
1.050236528269932190e-01
7.476800255375670723e-02
-1.099305026013164266e-02
-1.398924061323648660e-01
-2.758706182179579969e-01
-3.894913236165821191e-01
-4.568165528174982226e-01
-4.654297920004832889e-01
-4.164621359035292070e-01
-3.149014124496815059e-01
-1.859439843969421524e-01
-5.090164130989116575e-02
5.798866171161098926e-02
1.149518103343538655e-01
1.087060275009053001e-01
3.774644355202760870e-02
-7.659962477686721449e-02
-2.111052756883431414e-01
-3.310433414109195116e-01
-4.163758178275072108e-01
-4.536468483823149489e-01
-4.307235528966301130e-01
-3.521196643083490674e-01
-2.299704793211981846e-01
-9.944065009878300110e-02
1.091747017870203784e-02
7.704798539499146948e-02
8.674436765008874950e-02
4.101732830567872412e-02
-5.485379020841074649e-02
-1.744699912470699665e-01
-2.974193756087072371e-01
-3.937183574038778389e-01
-4.399835521358588242e-01
-4.279529665512129544e-01
-3.564916038050536251e-01
-2.460735207638160560e-01
-1.190893990099303190e-01
-7.261959245590698941e-03
7.049972600032416992e-02
9.975026946902021407e-02
6.862351163538704668e-02
-1.732739886202727675e-02
-1.449729066569025449e-01
-2.768982010206044730e-01
-3.836499515287684625e-01
-4.422315261154500243e-01
-4.407391465747880765e-01
-3.815112663997385356e-01
-2.715782291243707958e-01
-1.388940508434408638e-01
-5.494665954449473588e-03
9.611817180311454933e-02
1.400629849144803263e-01
1.166321985100058356e-01
2.579846232858118427e-02
-1.088627162816300231e-01
-2.617996192760220220e-01
-3.948311673039783809e-01
-4.853513325477841756e-01
-5.179111679159789094e-01
-4.794518613608103053e-01
-3.759967741652350259e-01
-2.220052413975016625e-01
-5.818267470730054125e-02
8.165622492667545806e-02
1.666687969466200681e-01
1.800276650860863636e-01
1.207527014896314643e-01
-6.099999703549574548e-03
-1.688327934820275100e-01
-3.407537753702383210e-01
-4.799478233774013836e-01
-5.541606686671467497e-01
-5.513147320866254031e-01
-4.677810121907906016e-01
-3.234610381339185770e-01
-1.439228944461045101e-01
2.638913732996650552e-02
1.582351463061604235e-01
2.259447483429621872e-01
2.096528893805784666e-01
1.118638296409557586e-01
-5.385265758184742957e-02
-2.408488812156734937e-01
-4.104857972348369133e-01
-5.255638125981845210e-01
-5.653566554889640772e-01
-5.271893908435080212e-01
-4.121996787301717147e-01
-2.487098946185910542e-01
-6.462835829899049589e-02
9.311751064476903039e-02
1.893066708955577493e-01
2.077506158499082822e-01
1.424025023861248407e-01
1.164956180141363262e-02
-1.600499987949592917e-01
-3.264866298914508302e-01
-4.588190613573777110e-01
-5.326411407322746427e-01
-5.277123718566623101e-01
-4.447441467977274465e-01
-2.951198235111797130e-01
-1.216621121922565329e-01
3.912582600468028637e-02
1.491909216778692926e-01
1.879260300350600321e-01
1.509417629136717842e-01
3.743208437157985458e-02
-1.247011241078692656e-01
-3.076739120753482215e-01
-4.631240126647832023e-01
-5.555262429280409808e-01
-5.696452067083528359e-01
-4.985492323658906599e-01
-3.583633513207695742e-01
-1.731351123560986860e-01
8.890797629119484569e-03
1.554457534446123113e-01
2.355552678529120314e-01
2.253163298734595088e-01
1.249055090134325585e-01
-5.252160780258363637e-02
-2.564532657407397886e-01
-4.443790443516525412e-01
-5.718551854601372497e-01
-6.140776799958573839e-01
-5.664315575221791077e-01
-4.281286888146733638e-01
-2.306010991642006847e-01
-7.760565883613956828e-03
1.821327315833838334e-01
2.962369220060701025e-01
3.124412943293708445e-01
2.219283210876263901e-01
4.667407246705668200e-02
-1.834547972276467931e-01
-4.087139426629452510e-01
-5.888879228060467375e-01
-6.871493898844698300e-01
-6.754975825843558823e-01
-5.542561608966859454e-01
-3.382037776272202034e-01
-8.459831249282934174e-02
1.567669117599554962e-01
3.290769154800325946e-01
3.986387835517730682e-01
3.540695128707054273e-01
1.919379428443399593e-01
-4.982402400248153729e-02
-3.312919737859681968e-01
-5.812753179788147095e-01
-7.464412819170962443e-01
-7.944556292235169792e-01
-7.082700279800686616e-01
-5.075433704587141159e-01
-2.235753052692680543e-01
7.268449536344023798e-02
3.288614425421578780e-01
4.885783376598273886e-01
5.101667019751250365e-01
3.860156223186239632e-01
1.281561401598514394e-01
-1.947924217135167391e-01
-5.219198707448735597e-01
-7.779182137025004717e-01
-9.137626331595056772e-01
-9.054535087750354982e-01
-7.417773273835723824e-01
-4.626875808776463872e-01
-1.138078407324468744e-01
2.169732412919826992e-01
4.616318195627233667e-01
5.709517033918498630e-01
5.176449200584172239e-01
3.204650215193103335e-01
1.222206788854962589e-02
-3.251124028059985127e-01
-6.312491652337666181e-01
-8.422514992063254713e-01
-9.102326721625999539e-01
-8.250979568396912267e-01
-5.968447046272919998e-01
-2.931881954836189630e-01
2.554424664714516346e-02
2.846863345234122988e-01
4.370690363254543520e-01
4.620655857200206551e-01
3.501813970881400007e-01
1.400897194157655345e-01
-1.281220572453350970e-01
-3.828546167685040746e-01
-5.713576769294559377e-01
-6.614515766357687010e-01
-6.363947856278417969e-01
-5.181584613046847920e-01
-3.344415377510993048e-01
-8.583616807388205761e-02
1.411022392597793829e-01
3.112881057923382322e-01
3.896358530662464847e-01
3.410599026239582443e-01
1.304746760079253942e-01
-2.772054052393947421e-01
