9.045791832305005720e-02
5.997690662683941021e-02
3.018073118171971103e-02
1.775758839912988662e-03
-2.453164354635861688e-02
-4.803510912487329865e-02
-6.802827104340869457e-02
-8.380476244974299771e-02
-9.363468283846887452e-02
-9.720517696827657428e-02
-9.410065548802504232e-02
-8.400480813083122111e-02
-6.747602490768078720e-02
-4.566008261739884500e-02
-2.006161966406450059e-02
7.808510913207777904e-03
3.643270420121469400e-02
6.445891338541098747e-02
8.967544062587351483e-02
1.087895557412406067e-01
1.200244898055906617e-01
1.227443692725176394e-01
1.158518854955401522e-01
9.802858656145652105e-02
6.991026068600536547e-02
3.396207950413887566e-02
-7.644174217629085000e-03
-5.143778468320536756e-02
-9.342577081088321300e-02
-1.294922904633267757e-01
-1.559961159866023461e-01
-1.688231833206879084e-01
-1.657072603358786811e-01
-1.468325809412237559e-01
-1.125875701287896158e-01
-6.481520326830525480e-02
-7.277354846788264275e-03
5.413596119492392056e-02
1.142358714835969291e-01
1.663918076397552515e-01
2.048344127174059892e-01
2.254478159773056767e-01
2.250238814425533640e-01
2.019333799524052342e-01
1.570669163341968932e-01
9.458465527894777125e-02
1.897372955443810127e-02
-6.226826711435029527e-02
-1.411369887904361242e-01
-2.091079700174850453e-01
-2.589934950928778346e-01
-2.839896681770128772e-01
-2.800349011529562615e-01
-2.475775770826862399e-01
-1.880340036273634441e-01
-1.062098289220273495e-01
-9.129555691726021216e-03
9.279244037656009247e-02
1.897803991888964426e-01
2.704457180086343726e-01
3.256652076549308994e-01
3.495535278663024492e-01
3.379473239290839981e-01
2.905457404312452585e-01
2.104520842257768809e-01
1.061113195644287632e-01
-1.373135618455390006e-02
-1.363545469945065536e-01
-2.490590492798727684e-01
-3.393428782136317379e-01
-3.971751431318838454e-01
-4.147719665738429651e-01
-3.882245410315435796e-01
-3.207562903112282093e-01
-2.171015007918006834e-01
-8.741405319391881701e-02
5.613120637347468467e-02
1.977603467259787529e-01
3.231838410524086047e-01
4.178139521420645153e-01
4.705872606538274994e-01
4.760497936472358749e-01
4.314586025632634048e-01
3.404986235588518539e-01
2.107043263045897952e-01
5.647218980326274007e-02
-1.081246732222665985e-01
-2.652119301184904243e-01
-3.980642909478776525e-01
-4.921633308547802566e-01
-5.365114044531625881e-01
-5.253988217131326799e-01
-4.577350003005556944e-01
-3.408997914877778257e-01
-1.843729413775719861e-01
-4.945248971872207022e-03
1.796896056106989104e-01
3.493793172939989589e-01
4.864568526881427601e-01
5.750678689163730706e-01
6.042460806794471839e-01
5.715378489010187746e-01
4.777448436406817045e-01
3.321441292094817754e-01
1.477257392812088010e-01
-5.516851918390264231e-02
-2.567817440291763065e-01
-4.345153520744483577e-01
-5.692572597052532046e-01
-6.469806567345731674e-01
-6.576448787928189654e-01
-5.993303807599550392e-01
-4.756592017102999614e-01
-3.005429910184085340e-01
-8.951491912280384877e-02
1.342996863941940955e-01
3.480195442705313891e-01
5.284085266766473943e-01
6.561166608861983551e-01
7.165294171895248976e-01
7.010613334754371984e-01
6.125861234850238368e-01
4.575460110996238949e-01
2.523931673590102953e-01
1.670376004941287462e-02
-2.234323887780369500e-01
-4.437292238993298943e-01
-6.196194052809136377e-01
-7.316126269223790501e-01
-7.686716302023852698e-01
-7.244929936308484031e-01
-6.035944618913415827e-01
-4.161683054900529033e-01
-1.833635092701096925e-01
7.283691630376298853e-02
3.245314425474901121e-01
5.453514753394361758e-01
7.116243482072022175e-01
8.049266853437655467e-01
8.149467753713004470e-01
7.381991046907980802e-01
5.842893345801225546e-01
3.663413570217535220e-01
1.079837623116552958e-01
-1.651215063293357543e-01
-4.232375240984163067e-01
-6.396446273715357123e-01
-7.904486267017094558e-01
-8.584210633813723623e-01
-8.376965641458009593e-01
-7.278510272968646833e-01
-5.408153484640919606e-01
-2.937856700419403388e-01
-1.429012748925928555e-02
2.700525124652619624e-01
5.281379407585633512e-01
7.324908890729693312e-01
8.618397862134166143e-01
9.011912941416435618e-01
8.464058627807622415e-01
7.007264790004128496e-01
4.812037377666200655e-01
2.080502806251411929e-01
-8.863949897850820214e-02
-3.782556171169833004e-01
-6.297145960493473194e-01
-8.165175989693422842e-01
-9.183564259571969091e-01
-9.228682088960572516e-01
-8.314942568277614576e-01
-6.510959135288274524e-01
-4.015115313545724041e-01
-1.070118210420472060e-01
1.998953211645908556e-01
4.879450129374565126e-01
7.257332878688154132e-01
8.877952803612596533e-01
9.583660750965594666e-01
9.282457024406360890e-01
8.011295901969761601e-01
5.880422190237519775e-01
3.134606907337851300e-01
3.861337888759308612e-03
-3.071128023455836908e-01
-5.869133502055405849e-01
-8.059179307978190376e-01
-9.407083760447890741e-01
-9.769519093574086099e-01
-9.089780428335876294e-01
-7.465259116923654847e-01
-5.040937960660323292e-01
-2.081578456461611326e-01
1.116907747683879570e-01
4.206351229490914445e-01
6.866663192577022734e-01
8.811317218686756103e-01
9.827641702086138409e-01
9.826637558515221027e-01
8.789251645092031051e-01
6.835262770900785156e-01
4.149510990742639738e-01
1.035359864424298948e-01
-2.198604741270235863e-01
-5.204677770179244600e-01
-7.664501436856967498e-01
-9.323008507840282455e-01
-1.000000000000000000e+00
-9.632368540135827217e-01
-8.239835888259667840e-01
-5.991891576601449110e-01
-3.100042763686662317e-01
1.144283303306492527e-02
3.319526079226453597e-01
6.173203854727189466e-01
8.379698374079633805e-01
9.704798852638594209e-01
1.000000000000000000e+00
9.259864805371413876e-01
7.541700051530759730e-01
5.040822866785978906e-01
2.003717963024205240e-01
-1.232289237102067725e-01
-4.337692595680459062e-01
-6.976842857614952154e-01
-8.872762960904537755e-01
-9.843955530198449377e-01
-9.778116813585389089e-01
-8.693922459033056604e-01
-6.687861268525281400e-01
-3.997251016889319386e-01
-8.831393839887058395e-02
2.314677364865949105e-01
5.263337518312769525e-01
7.653997440634554561e-01
9.237339039909051586e-01
9.851062418914136032e-01
9.420045764268842881e-01
8.022096411575543318e-01
5.783880533472205432e-01
2.955587139444431077e-01
-1.791305546106669588e-02
-3.278129688214753701e-01
-6.023143545617962724e-01
-8.122372844302354622e-01
-9.353306881297943631e-01
-9.610179081731551332e-01
-8.854752994140339117e-01
-7.183099216411562571e-01
-4.755380662501950129e-01
-1.851994561456303812e-01
1.239959960475252032e-01
4.187720654584226043e-01
6.682220990335028254e-01
8.469007341743275408e-01
9.360730245183077614e-01
9.276835850373725822e-01
8.214737616582505897e-01
6.314039579638721644e-01
3.753796582285997552e-01
8.235456337095481416e-02
-2.175226288774083638e-01
-4.923518000353891422e-01
-7.140238193142660617e-01
-8.595195564393396381e-01
-9.132917922950857248e-01
-8.727354304962913201e-01
-7.408298330712377311e-01
-5.333224432475127674e-01
-2.707340631895523986e-01
1.727960662519878454e-02
3.016834114583974991e-01
5.518527579510510428e-01
7.419595507302028103e-01
8.543291896932223572e-01
8.768146493000326114e-01
8.086138018978763498e-01
6.559542256593247078e-01
4.378174339060711961e-01
1.752474821484217848e-01
-1.027184439469435162e-01
-3.674446401079932700e-01
-5.913631998956192515e-01
-7.515568227338077500e-01
-8.320343276329318360e-01
-8.239125035325244317e-01
-7.315306148120719332e-01
-5.633192404627951344e-01
-3.386011595032821786e-01
-7.981007498450243265e-02
1.844335151897407155e-01
4.274662410149780989e-01
6.235514153386683134e-01
7.523545219245515447e-01
8.030595945069742836e-01
7.698495231659816529e-01
6.580571649239357335e-01
4.785033552917317135e-01
2.526866272026644378e-01
2.593320854471503623e-03
-2.446686565843972927e-01
-4.635717019165521702e-01
-6.320311836975907038e-01
-7.328923975969334759e-01
-7.571391121980726169e-01
-7.017145241609634709e-01
-5.754139764970178650e-01
-3.900161119208035432e-01
-1.670868452229647971e-01
7.063575300923696787e-02
2.977200188424866667e-01
4.913394005998106273e-01
6.315928022836789779e-01
7.039199542834724266e-01
7.038749718627288487e-01
6.308511864275823111e-01
4.943200706147703460e-01
3.078203434795969695e-01
9.304471161433980342e-02
-1.287452071630997841e-01
-3.335261774428477377e-01
-5.004770628527926979e-01
-6.143756586588740021e-01
-6.633388877110700799e-01
-6.437866326546330953e-01
-5.575062319166343983e-01
-4.162127293514604753e-01
-2.333047509359454930e-01
-2.937887490476209784e-02
1.747719562143486005e-01
3.579402757004739311e-01
5.018147697754387071e-01
5.921353464022864888e-01
6.194753453114030251e-01
5.842697423034455273e-01
4.896376009506340221e-01
3.468554499579414863e-01
1.701536546292170549e-01
-2.060077371703938898e-02
-2.064751993823835674e-01
-3.676847548529381671e-01
-4.878811138956798965e-01
-5.569920444168836582e-01
-5.678089904892960060e-01
-5.206727927807737188e-01
-4.202911592191954648e-01
-2.794632294362506819e-01
-1.116259468601901172e-01
6.492712900405384069e-02
2.321603068808109072e-01
3.732309389103689590e-01
4.741741745441723221e-01
5.252601596327721722e-01
5.210508939122799887e-01
4.651249072060756884e-01
3.628234030008854472e-01
2.258794806384556431e-01
6.811187185626343954e-02
-9.321010647540606264e-02
-2.421748161781804853e-01
-3.633635083582616998e-01
-4.445823155424369899e-01
-4.798927288906866817e-01
-4.656612001859059546e-01
-4.046940268476968416e-01
-3.033196602168811706e-01
-1.741029212725535569e-01
-2.932874081553005219e-02
1.157205726870356166e-01
2.462547714938010390e-01
3.497583197102756003e-01
4.161492245201736662e-01
4.395271269043601325e-01
4.175389325945719765e-01
3.548896688833012014e-01
2.575118810257370772e-01
1.362788294363370678e-01
3.394240871358089606e-03
-1.270764184718892187e-01
-2.424168271351968551e-01
-3.308533728917809613e-01
-3.835557283214022783e-01
-3.975213806912871739e-01
-3.712843611769762742e-01
-3.083548863675151797e-01
-2.150890681129702386e-01
-1.024668087116031856e-01
1.878784184068837959e-02
1.358330803295411116e-01
2.368696628502771073e-01
3.127900437174200299e-01
3.562607493504190703e-01
3.635551232460136895e-01
3.340280389854564103e-01
2.725490557527499025e-01
1.847381426518537317e-01
8.051136903185218685e-02
-2.940326068642917789e-02
-1.338274001686905468e-01
-2.227816897078189751e-01
-2.873412662547750740e-01
-3.211776298228440352e-01
-3.230621258375293570e-01
-2.927579193107427979e-01
-2.338822681506118606e-01
-1.524460336314430453e-01
-5.787243870049496586e-02
4.082009831881827644e-02
1.331071212988690355e-01
2.099358231527086449e-01
2.652040458289930402e-01
2.934975765859348940e-01
2.923252901149451244e-01
2.620736690769500665e-01
2.071772321271554418e-01
1.324753852160907019e-01
4.613180660923421605e-02
-4.308866683109635609e-02
-1.263700722175326030e-01
-1.958865106667196931e-01
-2.446085629872762901e-01
-2.677839670070897293e-01
-2.650580376927090809e-01
-2.365785235117777718e-01
-1.853002398466222500e-01
-1.162568507920096472e-01
-3.709774937232945824e-02
4.472542332691920031e-02
1.204251282551691560e-01
1.826743888961144258e-01
2.267351291343933095e-01
2.482950702026758272e-01
2.451887336044540344e-01
2.178546896702651114e-01
1.702580302985365890e-01
1.064746661062687672e-01
3.342909672817695466e-02
-4.135290692954307623e-02
-1.105761988381519512e-01
-1.678133945406132810e-01
-2.072173865268805981e-01
-2.249282766039136794e-01
-2.208585405050149664e-01
-1.952545904842956093e-01
-1.506332052782115571e-01
-9.143677392954463468e-02
-2.432031023411429516e-02
4.450207588188148655e-02
1.076925729047535363e-01
1.591535973229993850e-01
1.951981844907548780e-01
2.122404531739989775e-01
2.083880806161007015e-01
1.841531835125014283e-01
1.429537880532896210e-01
8.820386136382252218e-02
2.557030306741969738e-02
-3.863427927702167697e-02
-9.813349107896085499e-02
-1.474242517206926228e-01
-1.812834293804064245e-01
-1.963138461658234801e-01
-1.925537794854098594e-01
-1.701567683231666184e-01
-1.310819479705658264e-01
-7.910503978199567854e-02
-1.996878508381871864e-02
4.088909756463898759e-02
9.685064568012280439e-02
1.423765311499041175e-01
1.740148912255550240e-01
1.885771798928841392e-01
1.842380522170055102e-01
1.613856167554763577e-01
1.232790420194114223e-01
7.302877905408133863e-02
1.595317296331555390e-02
-4.199186882315120162e-02
-9.509274017320368255e-02
-1.383913437646984157e-01
-1.671735880364674243e-01
-1.784654645008476592e-01
-1.725131029446510533e-01
-1.496361321198569350e-01
-1.118533803274324168e-01
-6.292371777452776538e-02
-8.403122507713467471e-03
4.670604924536547742e-02
9.638314417466276041e-02
1.356714931956772840e-01
1.618271915720255194e-01
1.721387206785276458e-01
1.652553178716649196e-01
1.419361310331288539e-01
1.053131819648378542e-01
5.835399273109054263e-02
5.990526061132150915e-03
-4.633779234982104978e-02
-9.347250255598027469e-02
-1.309757554005884783e-01
-1.546388243427948561e-01
-1.619686263081694388e-01
-1.536362454460020732e-01
-1.301818703962961399e-01
-9.355521877985495394e-02
-4.732235591925271212e-02
3.376732337564192221e-03
5.378741913248274997e-02
9.819638958567367126e-02
1.320960111319890995e-01
1.531624049926818554e-01
1.591288065673126528e-01
1.489569195857016748e-01
1.236276339270689917e-01
8.649017338550923917e-02
4.059180711189491753e-02
-9.036327889660911161e-03
-5.699433413289023420e-02
-9.858249697628362895e-02
-1.298661040038432413e-01
-1.473083311147612706e-01
-1.490157822584728953e-01
-1.361945600575442672e-01
-1.098878293572259635e-01
-7.246318301326004629e-02
-2.775926015887086873e-02
1.907409718476160698e-02
6.358314491245531386e-02
1.007335971848348777e-01
1.267692643969406951e-01
1.404004560558085313e-01
1.400840430160339434e-01
1.254999302672976658e-01
9.826359656445005086e-02
6.190895233273652210e-02
1.951131371918823909e-02
-2.437772841283147862e-02
-6.496504138244030280e-02
-9.830519971300877291e-02
-1.212235896827749126e-01
-1.311040601448349996e-01
-1.268318339863915289e-01
-1.100361241221394781e-01
-8.209789339869943969e-02
-4.570284449190653575e-02
-4.648031930041485182e-03
3.656427273202478290e-02
7.397152751450875030e-02
1.031862517351644914e-01
1.211539210914278630e-01
1.272940335216954377e-01
1.208324846694142085e-01
1.020988417636206069e-01
7.308425360254999781e-02
3.746180616360428317e-02
-1.625524305416625737e-03
-3.988739577067323960e-02
-7.315749248279923567e-02
-9.852823353948703122e-02
-1.135520649357071310e-01
-1.163446961073586472e-01
-1.065694165707551377e-01
-8.626673548619245846e-02
-5.712653921038857163e-02
-2.234806186677196216e-02
1.413403281230696251e-02
4.847546329009966293e-02
7.738973268501370129e-02
9.746520968002569951e-02
1.065880300895587496e-01
1.051118089951301737e-01
9.308474187678439371e-02
7.147495652986712855e-02
4.271186752505706785e-02
1.048713063975403870e-02
-2.222484828104953625e-02
-5.169691385258012861e-02
-7.476868928447977236e-02
-9.005288883139050959e-02
-9.601074133940756816e-02
-9.173420566986278946e-02
-7.784196393838538341e-02
-5.651653136017420476e-02
-2.949110248427455616e-02
2.660694730791668405e-04
2.934428473173444907e-02
5.486396319344222228e-02
7.445394445884079282e-02
8.576676502350322195e-02
8.764198193675221127e-02
8.108344366721187413e-02
6.660838472549679423e-02
4.548002025886588306e-02
2.007934388446441787e-02
-6.621708809473658697e-03
-3.208416750488896074e-02
-5.314227312712094253e-02
-6.755581141638933307e-02
-7.496701014333750912e-02
-7.459914934235456485e-02
-6.612896213121666200e-02
-5.063030469310803028e-02
-3.035248894561992650e-02
-6.983464624751634098e-03
1.682830572457305607e-02
3.831113936545227361e-02
5.566035541864211567e-02
6.728200833077147003e-02
7.152842704512440974e-02
6.796639170571405764e-02
5.796673576486965906e-02
4.231206097433060087e-02
2.268587525421272844e-02
1.540028618457922605e-03
-1.885539355773835357e-02
-3.661430714283853138e-02
-4.948756443463209198e-02
-5.616729107337459226e-02
-5.707652712947464124e-02
-5.208619718366802598e-02
-4.145538318502850483e-02
-2.665750226632623843e-02
-9.853138782494608172e-03
7.524511349679796623e-03
2.341977973027953297e-02
3.602009186197130397e-02
4.490004869956143452e-02
4.924068033809625433e-02
4.814501585831343355e-02
4.193140999932154500e-02
3.198742321653513798e-02
1.908285014471444718e-02
4.596705400331302371e-03
-9.661349383315198658e-03
-2.238664127366207790e-02
-3.245513517875875387e-02
-3.843889669220212912e-02
-3.979708952120419863e-02
-3.732459828181078354e-02
-3.112632195021758363e-02
-2.160210658339978274e-02
-1.006314050045309383e-02
2.076628050709405926e-03
1.382831114007121442e-02
2.366879796823240234e-02
3.049829491085831457e-02
3.438335686697846505e-02
3.494033384914607687e-02
3.173621026516015853e-02
2.532964857097841360e-02
1.694385182165669690e-02
7.219190070169689832e-03
-2.776872927557683113e-03
-1.181454322044528382e-02
-1.932232737243433363e-02
-2.461620911870521233e-02
-2.664450181016042585e-02
-2.527081948998410876e-02
-2.139022152027247881e-02
-1.525143624419500465e-02
-7.540907045610945048e-03
5.447367981736839226e-04
8.142257495092897202e-03
1.462730350351204578e-02
1.918594179182231407e-02
2.139480338794030878e-02
2.155613315468185576e-02
1.961123091850880407e-02
1.562596458362564000e-02
1.034399087511816973e-02
4.763937144483199049e-03
-7.082232941152399874e-04
-5.545433223170803672e-03
-9.225662942941470490e-03
-1.185448800393451574e-02
-1.316060531446094917e-02
-1.273114266172492570e-02
-1.079187831641992279e-02
-7.889679611669531134e-03
-4.234312792001149184e-03
-2.302477534450453334e-04
3.587472026182147999e-03
6.931125546723038156e-03
9.511019777791895891e-03
1.094533416345933041e-02
1.116949690469803969e-02
1.049312374973920825e-02
8.943571555936724593e-03
6.620636674105284669e-03
3.905667495155196178e-03
1.159597621552599378e-03
-1.400412260497474470e-03
-3.482447518361575511e-03
-4.896657467846066147e-03
-5.722664294377510785e-03
-5.869008394646213489e-03
-5.216963346162173387e-03
-3.925095846033843650e-03
-2.282103904300614161e-03
-4.027788786431507617e-04
1.552150413809405549e-03
3.369646972439577226e-03
4.961054828506394898e-03
6.176668086581793560e-03
6.734263714654353805e-03
6.575637513662524469e-03
5.880769339159153120e-03
4.701443543183358997e-03
3.228554884407097703e-03
1.723095097956761634e-03
3.300044078797803593e-04
-8.282194487297944718e-04
-1.597571619863735748e-03
-1.901935232199614134e-03
-1.787011380687153483e-03
-1.273488393864652402e-03
-4.896313262950924283e-04
3.497163556152038666e-04
1.028828735216480439e-03
1.500102389095259170e-03
1.781238407454033279e-03
1.867176748469701053e-03
1.857948495645356246e-03
1.746284281436860653e-03
1.517539487532415521e-03
1.269273569007856040e-03
1.089360953090645623e-03
9.893886347629443634e-04
9.584134826707835231e-04
9.814891816004589487e-04
1.000953792346770399e-03
1.025163006252327591e-03
1.078627966563772134e-03
1.134390609406343842e-03
1.172787957161025574e-03
1.192376099841130355e-03
1.194151345459859570e-03
1.186659984339977214e-03
1.189668637984420130e-03
1.199699491377215210e-03
1.206385393282660701e-03
1.213250202110716103e-03
1.220185805092643960e-03
1.227187933052986679e-03
1.235972985609290475e-03
1.244187811262786880e-03
1.248446667840186208e-03
1.249461289902775718e-03
1.248989565013403080e-03
1.247393352465042682e-03
1.245860516882579816e-03
1.244384252436336880e-03
1.242124263473476375e-03
1.239274733139783535e-03
1.235897293353271920e-03
1.232048641431671143e-03
1.227995472741660876e-03
1.223647743093358997e-03
1.218750427661730029e-03
1.213444465942181694e-03
1.208105319233432340e-03
1.202926290862826875e-03
1.198024637470540554e-03
1.193107538456805727e-03
1.188146702115755460e-03
1.183113836740856684e-03
1.177980650625798376e-03
1.172718852064935646e-03
1.167300149351513383e-03
