5.591408025425110839e-01
3.163252558009659321e-01
9.521895814817726844e-02
-1.004923851149167602e-01
-2.671230686873770077e-01
-4.009873872682656604e-01
-4.983996355566441272e-01
-5.556741082515771479e-01
-5.557762687989609152e-01
-4.949464834085560705e-01
-3.764098463656124771e-01
-2.145929774341618357e-01
-2.619999004884743243e-02
1.672879934036117788e-01
3.445796381666725861e-01
4.835941875896823117e-01
5.678398883430380018e-01
5.901239585582711555e-01
5.457862975163860764e-01
4.392033361126745916e-01
2.805469319871056744e-01
8.973979882779725692e-02
-1.145687268297425065e-01
-3.083245800188169072e-01
-4.691269815168082058e-01
-5.791349970645733869e-01
-6.254485253214852047e-01
-6.030496779468677016e-01
-5.126778681770467472e-01
-3.664671686827380981e-01
-1.777278821984703550e-01
3.102713646680954618e-02
2.367851310107931262e-01
4.161028393828507532e-01
5.493435703731441855e-01
6.204842518037831933e-01
6.201770453846968678e-01
5.521509016714127860e-01
4.218403272599680065e-01
2.438279075111253746e-01
3.656023231442495636e-02
-1.749772223094354651e-01
-3.682565699909324808e-01
-5.199868312806176229e-01
-6.126645472678187154e-01
-6.390337725555398363e-01
-5.945987374689287730e-01
-4.845415879879187981e-01
-3.198695001147234818e-01
-1.217473854679794742e-01
9.015051958461151038e-02
2.911984152581830188e-01
4.583939463441808471e-01
5.738320638939062857e-01
6.245779197416618800e-01
6.056816534942175423e-01
5.179625813410919655e-01
3.741126479729852683e-01
1.878047642471540879e-01
-1.805975881469346067e-02
-2.202947996848326762e-01
-3.962139519705029089e-01
-5.268889490642271189e-01
-5.975422781587909071e-01
-5.996114132102134953e-01
-5.373157793596841092e-01
-4.163697495073004351e-01
-2.511025612208839242e-01
-5.942723228543800307e-02
1.350071808714912169e-01
3.115032038429863537e-01
4.494671859509908884e-01
5.335230143728852958e-01
5.585689009276617600e-01
5.211536153202389610e-01
4.263851609052833336e-01
2.847035158475159644e-01
1.150216572272841908e-01
-6.543288572066940922e-02
-2.356012807100550388e-01
-3.759272624475968883e-01
-4.721992238206064174e-01
-5.142716683574208858e-01
-4.992859019702741152e-01
-4.289282778868581669e-01
-3.144673530350713397e-01
-1.674114303356754041e-01
-6.118937233314802882e-03
1.508169673196495530e-01
2.860742611505329158e-01
3.853724077949398641e-01
4.382181278528771706e-01
4.389579814297459581e-01
3.920626247031635536e-01
3.024486877152259279e-01
1.817411774443522532e-01
4.396731433016110024e-02
-9.394981480013808728e-02
-2.171629243016474087e-01
-3.111960780479950950e-01
-3.658200665810639185e-01
-3.795501811270350911e-01
-3.512807986968284890e-01
-2.856597202313043704e-01
-1.910548992457982154e-01
-8.118416308752618438e-02
3.212343130324923912e-02
1.351806656155289943e-01
2.159109671389085605e-01
2.678030823427979268e-01
2.860272636349827646e-01
2.704779803869463706e-01
2.242251588417376595e-01
1.562465462624802459e-01
7.419592483018666584e-02
-1.096706770261801633e-02
-8.816681242572643740e-02
-1.493051106914058401e-01
-1.882793264342911277e-01
-2.021042996175338446e-01
-1.903627062612968102e-01
-1.580772248850558226e-01
-1.093693801988128156e-01
-5.233941308632850120e-02
4.349729281101888390e-03
5.359150377802857079e-02
8.980369005474142519e-02
1.090457484603639671e-01
1.097281432095986720e-01
9.494764279615397484e-02
6.686876353017190411e-02
3.177691747560218438e-02
-3.474733413834418805e-03
-3.314101172041561405e-02
-5.289137604504012824e-02
-5.949593982688805571e-02
-5.192057482974343774e-02
-3.314713585007755814e-02
-5.204067386811672691e-03
2.602888081653564889e-02
5.412747518094684906e-02
7.336870964912534099e-02
7.981649766111598154e-02
7.037864224539536195e-02
4.454748838839139857e-02
6.260868336378511145e-03
-4.147767615116582096e-02
-9.142082663890760408e-02
-1.357385596883045054e-01
-1.670659658910482737e-01
-1.799183756851576721e-01
-1.691699795913392812e-01
-1.332729261351357497e-01
-7.651978217380628333e-02
-2.917808630647611423e-03
7.838774617016142088e-02
1.571725728648534215e-01
2.223338311599776240e-01
2.651195012408988916e-01
2.768600920798034437e-01
2.531523081482049964e-01
1.971042911512357332e-01
1.120460257836999318e-01
5.972760668792931327e-03
-1.100388614231780915e-01
-2.204647650329378816e-01
-3.128593272490950428e-01
-3.738176135721535953e-01
-3.936916239077380419e-01
-3.700811225654264680e-01
-3.022823974401696034e-01
-1.955488861493002162e-01
-5.952483912789241494e-02
8.914498352071209553e-02
2.358058167334489141e-01
3.621458031345332618e-01
4.517818172180643188e-01
4.930186637314668552e-01
4.787044857523559127e-01
4.084255135709335960e-01
2.866835899684636590e-01
1.276359167678964290e-01
-5.440286282482431623e-02
-2.378184300216210634e-01
-4.015518191440511364e-01
-5.257488219050407974e-01
-5.950689319004149880e-01
-5.990459717478759938e-01
-5.337315863272804606e-01
-4.073687931930538575e-01
-2.299378593852091646e-01
-2.098645703753887481e-02
1.976960337071222984e-01
3.999889689456050945e-01
5.634251488729644652e-01
6.667199060359281226e-01
6.956207739482469510e-01
6.481786206853670240e-01
5.256932273426975222e-01
3.404479797829607080e-01
1.100959423561576056e-01
-1.377180203920340684e-01
-3.776839656298853765e-01
-5.809459053432681763e-01
-7.232953184354447007e-01
-7.889465961003033767e-01
-7.677532404397791055e-01
-6.608935830253143129e-01
-4.766631127911986621e-01
-2.373501251339288354e-01
3.444922928435656395e-02
3.069853318999979930e-01
5.498702692770465195e-01
7.351167401293070558e-01
8.410225990310982169e-01
8.542144923448531380e-01
7.696857152654710266e-01
5.988445844543446306e-01
3.562235322000373294e-01
7.024309758449498453e-02
-2.287934297334225375e-01
-5.061264055291103681e-01
-7.315717503188401416e-01
-8.779880553151490075e-01
-9.268067660809949926e-01
-8.752266186269163084e-01
-7.252370494714863725e-01
-4.935906110090724219e-01
-2.031470327560629396e-01
1.109632888645433191e-01
4.163519800168045126e-01
6.771495008176726671e-01
8.636604494416681987e-01
9.571244386165786988e-01
9.446699401366314142e-01
8.276685466772759625e-01
6.160995454007467398e-01
3.363720615177541173e-01
1.552596109585691053e-02
-3.089379126389236729e-01
-6.013517983440487269e-01
-8.290119164929314888e-01
-9.662298966571518655e-01
-9.978662784947361919e-01
-9.178321945598209020e-01
-7.383631574691202903e-01
-4.754258292715574097e-01
-1.601556616046437842e-01
1.741633372625235321e-01
4.888858553279653574e-01
7.501488130188911363e-01
9.276030571669660052e-01
1.000000000000000000e+00
9.633819968642221010e-01
8.189209168196376343e-01
5.838232306799515658e-01
2.816560234708631594e-01
-5.092008198833031241e-02
-3.794182492076113578e-01
-6.654965887425730031e-01
-8.771093576651589618e-01
-9.934143747487250709e-01
-1.000000000000000000e+00
-8.975105829730611884e-01
-6.951501964451903826e-01
-4.193501604992810883e-01
-9.719177714328841589e-02
2.336158780862576112e-01
5.367787267734200896e-01
7.789298423245727410e-01
9.335374782997831744e-01
9.842669529130674277e-01
9.237870396974234843e-01
7.635095036524177647e-01
5.183361991550712311e-01
2.183096494646028507e-01
-1.042647173672661687e-01
-4.121261712031777380e-01
-6.724470630365205759e-01
-8.559228817013533330e-01
-9.416468900684171750e-01
-9.251406989067103570e-01
-8.066171565801307786e-01
-6.014480049537299644e-01
-3.311488399680655448e-01
-2.952491603260509745e-02
2.720717502193013004e-01
5.389006539342982016e-01
7.415147399013779506e-01
8.610765190892843979e-01
8.839208112684893148e-01
8.097629698484496430e-01
6.460877598071481653e-01
4.154864191494278547e-01
1.411222582990143692e-01
-1.442862902497981104e-01
-4.091933399515000902e-01
-6.249682696346949839e-01
-7.685856987234617188e-01
-8.259975215835007045e-01
-7.906155799208565149e-01
-6.716422564064519207e-01
-4.807795314521113861e-01
-2.419938460902268940e-01
1.852179182639268618e-02
2.705050292961501679e-01
4.872075090205152392e-01
6.445240451169005347e-01
7.252573559946466908e-01
7.261868735468004488e-01
6.469302673478887211e-01
4.987106304678441404e-01
2.978923780469817650e-01
7.027322898557564201e-02
-1.601575866763186307e-01
-3.666492791389156514e-01
-5.264991351637028361e-01
-6.257212796251955256e-01
-6.539480382923499313e-01
-6.107137401131652599e-01
-5.014018226078296170e-01
-3.428062304199916976e-01
-1.514051391650158562e-01
4.954465419808484761e-02
2.371984789342318489e-01
3.917219158516160871e-01
4.971868518832081030e-01
5.438361211494853187e-01
5.272215499220507251e-01
4.542176600024727673e-01
3.327302179478037747e-01
1.797057380893078982e-01
1.347428860359856095e-02
-1.465618944925058953e-01
-2.834166608397604703e-01
-3.820512275997054452e-01
-4.321961241670775333e-01
-4.339416731791309045e-01
-3.880037924195650634e-01
-3.018900001926652088e-01
-1.866967506452084091e-01
-5.870932446237164815e-02
6.789025179386087849e-02
1.778282085386806433e-01
2.589995808484166773e-01
3.068469303842229490e-01
3.170300189799868384e-01
2.905692676286311116e-01
2.324382365722972299e-01
1.533056043275868863e-01
6.217569414673240757e-02
-2.897573532797748097e-02
-1.085025122555056676e-01
-1.687951127816348373e-01
-2.042135389371987353e-01
-2.130504077040507038e-01
-1.960799000845986351e-01
-1.594093380297829654e-01
-1.079832815113465072e-01
-5.039847406980590971e-02
4.479375014874609207e-03
5.022246006456043688e-02
8.182189899219749485e-02
9.658841982329469111e-02
9.405888247203253449e-02
7.816627509776696847e-02
5.152631619287051379e-02
2.032090812437270522e-02
-8.896832545073118936e-03
-3.138265854563204726e-02
-4.363218292355797168e-02
-4.359816860945819883e-02
-3.137895386001821052e-02
-1.089189127158274317e-02
1.542079600192103328e-02
4.181303826462312578e-02
6.230048050432213103e-02
7.255330692337791376e-02
6.971396006147245750e-02
5.221704270512250723e-02
2.094208498501393123e-02
-1.924697259396102034e-02
-6.477418996119566064e-02
-1.084550409476834343e-01
-1.429375820604648073e-01
-1.622381510357850942e-01
-1.622573246414685810e-01
-1.403158221736348077e-01
-9.678880049578575395e-02
-3.671839480443706005e-02
3.540508697680055938e-02
1.104086223571518754e-01
1.785977760540511383e-01
2.305508939633040821e-01
2.589852928834537327e-01
2.572581228552572874e-01
2.228051184649360028e-01
1.599323242171699633e-01
7.279660362185991218e-02
-2.986893590659778219e-02
-1.371569743394935870e-01
-2.354610700645504151e-01
-3.134074752143209963e-01
-3.589570623432384311e-01
-3.645909638507115469e-01
-3.303144270450398823e-01
-2.569346613672063295e-01
-1.505672800504819220e-01
-2.129660158688273519e-02
1.149472398739592727e-01
2.444350080915131951e-01
3.508447940069616688e-01
4.203614903152648186e-01
4.446813876954878175e-01
4.188077595599248859e-01
3.437788436577497997e-01
2.253024790514106535e-01
7.751440546585808278e-02
-8.608264372100027373e-02
-2.462732309266070230e-01
-3.844434681420728639e-01
-4.842159871476890975e-01
-5.333436308610697285e-01
-5.242981444150958126e-01
-4.551919528394463565e-01
-3.345157918224102023e-01
-1.720447602805151854e-01
1.340306155419535017e-02
2.017508328844181964e-01
3.711661575043445627e-01
5.030624764864735088e-01
5.805412464881916090e-01
5.929060185974017738e-01
5.406816464980774839e-01
4.266216096015016390e-01
2.624152912432327067e-01
6.429417702447226546e-02
-1.437993804102932760e-01
-3.404050141701442378e-01
-5.018189732226105981e-01
-6.092437936087848893e-01
-6.525146775575734193e-01
-6.245033301519954394e-01
-5.271673435794795859e-01
-3.690056867736600799e-01
-1.693881699450425771e-01
5.277664289434835787e-02
2.716436000881836677e-01
4.626576545715712641e-01
6.044180491588582171e-01
6.806134610211800329e-01
6.823133460717185628e-01
6.070900388890145827e-01
4.650010898906369317e-01
2.682174147000309095e-01
3.967544661385269400e-02
-1.962974044418261954e-01
-4.128070291307494033e-01
-5.866076802807708157e-01
-6.968627711196201391e-01
-7.298093441967039574e-01
-6.849363199722113826e-01
-5.645788701680087840e-01
-3.818471646707647382e-01
-1.548567673380398801e-01
8.930334655981164715e-02
3.254107744660938994e-01
5.254292196118497404e-01
6.668365682180859011e-01
7.364097401914457830e-01
7.247663196814471132e-01
6.331177979382778265e-01
4.697081199432258103e-01
2.552978205081375407e-01
1.041558492308225503e-02
-2.366713503576240996e-01
-4.586473045550473193e-01
-6.311332330441075111e-01
-7.350839494346710357e-01
-7.588652988133035571e-01
-6.979929127773114583e-01
-5.622700540892384691e-01
-3.637437668430077986e-01
-1.260202968443634441e-01
1.254129437980600059e-01
3.619350528245193210e-01
5.585160839213976214e-01
6.925508381850367101e-01
7.483940757618658957e-01
7.236690923070843162e-01
6.192223518871693422e-01
4.472839403245183476e-01
2.254477292308341152e-01
-1.909368983894810246e-02
-2.613652091307430148e-01
-4.734318891446616107e-01
-6.319007799271523229e-01
-7.222408319044671954e-01
-7.336478148625049656e-01
-6.655752138476956903e-01
-5.244277691705711009e-01
-3.288375253013618993e-01
-9.769444969970553228e-02
1.420088424622152345e-01
3.639452950888812932e-01
5.440511205295004427e-01
6.629775261855499480e-01
7.080019495694398479e-01
6.731714789281528777e-01
5.663849141557257827e-01
3.974246433625636676e-01
1.860245376886429103e-01
-4.540973915538093486e-02
-2.701629170914495726e-01
-4.646243571194830224e-01
-6.066156424289450566e-01
-6.801963670469777234e-01
-6.814391792080354282e-01
-6.090834400310587426e-01
-4.720093118250024977e-01
-2.844043525510091541e-01
-6.960078773598366020e-02
1.507447284466316706e-01
3.515033285434248089e-01
5.104817192849691043e-01
6.124315544224712138e-01
6.462250365964474774e-01
6.094872802101531928e-01
5.056803637980546995e-01
3.494530204255488215e-01
1.558681592321922160e-01
-5.241003977680303016e-02
-2.524972537480703050e-01
-4.227298597808849534e-01
-5.452488184500909885e-01
-6.064582605815314054e-01
-5.989624673741891225e-01
-5.283532075356405233e-01
-4.013705224693957518e-01
-2.330176845811242625e-01
-4.146611472828942713e-02
1.507446937226410988e-01
3.235415681127233878e-01
4.572223679564231258e-01
5.371271956790781843e-01
5.584362358995740294e-01
5.183992663770862208e-01
4.225576926740424177e-01
2.814918376041304349e-01
1.138487734342645830e-01
-6.381956285735546075e-02
-2.316050606942702261e-01
-3.707471949156994073e-01
-4.678768235654867658e-01
-5.129726150117417394e-01
-5.024910493456291594e-01
-4.376674378453661030e-01
-3.285414265407498036e-01
-1.855774234557531210e-01
-2.598240580114308251e-02
1.324598278333559698e-01
2.727108374796798351e-01
3.803538235938976886e-01
4.435937531257203581e-01
4.555715244067350955e-01
4.195561327659911299e-01
3.390791514880191482e-01
2.232896741980967548e-01
8.470794814178517207e-02
-6.002056904440333795e-02
-1.958944118644088128e-01
-3.071086943648055900e-01
-3.817935058177081009e-01
-4.155968918725817529e-01
-4.048464475330343371e-01
-3.512608095233897831e-01
-2.610516869006431762e-01
-1.466993174799946509e-01
-1.926551475185045437e-02
1.068256531030702394e-01
2.172605035007484364e-01
3.011717082283740243e-01
3.503151400812589689e-01
3.600945472823031679e-01
3.296122778389067864e-01
2.649997803966321896e-01
1.723722541976220324e-01
6.339515781361915181e-02
-4.916529931981994395e-02
-1.531400322464163688e-01
-2.380624596731781839e-01
-2.943462741491505996e-01
-3.160820368183546725e-01
-3.048359838339984584e-01
-2.618459450563457303e-01
-1.919775405447005090e-01
-1.033674685915068059e-01
-7.464873788338599603e-03
8.593544305071465494e-02
1.657122659490970484e-01
2.233556626426069780e-01
2.560701606586839318e-01
2.604799956361272262e-01
2.361412380344629636e-01
1.865062439808942152e-01
1.191076495698253357e-01
4.019529831033197276e-02
-4.102833545834361217e-02
-1.149887253117942709e-01
-1.745706164562563778e-01
-2.141728930277921883e-01
-2.298501369713189524e-01
-2.204091226010048699e-01
-1.896230295342233862e-01
-1.403711472013199346e-01
-7.830883965646129319e-02
-1.082258248078027396e-02
5.461893044421484156e-02
1.115818086054094493e-01
1.531548842594177007e-01
1.751423545569077422e-01
1.786153262371406036e-01
1.633610265386655769e-01
1.306019548127910213e-01
8.449589710111693464e-02
3.135496733011455817e-02
-2.368604612639912954e-02
-7.390038348243466171e-02
-1.136335201027439679e-01
-1.407402863707718499e-01
-1.527481053724678572e-01
-1.480130488360629215e-01
-1.276382906526077887e-01
-9.569969660408861323e-02
-5.487389303003153973e-02
-9.771279995648973760e-03
3.390788911676345663e-02
7.195751107491132892e-02
1.009966411875460324e-01
1.172376294802564001e-01
1.190826431788687412e-01
1.087507959821383263e-01
8.711433125392531451e-02
5.664439393434461678e-02
2.164584339820851966e-02
-1.375987722651317302e-02
-4.635426605707082537e-02
-7.201789100996336401e-02
-8.811975417535367061e-02
-9.520770310650739088e-02
-9.263578008536044184e-02
-8.025835914638623780e-02
-6.035367918211254068e-02
-3.653976370498479564e-02
-1.079215960290624832e-02
1.391419442061669898e-02
3.461935203160337871e-02
5.067933836606219877e-02
6.065626419350000909e-02
6.265149150999160810e-02
5.699845031311467913e-02
4.592124667681307670e-02
3.023900093142972700e-02
1.154702477167157681e-02
-7.569770887278726157e-03
-2.529474250623187093e-02
-4.012229371854814097e-02
-4.996458898902933488e-02
-5.403043088483461265e-02
-5.347908960377212306e-02
-4.819183010216532281e-02
-3.826890989260911535e-02
-2.539831755839949690e-02
-1.154065834687800773e-02
2.234816317576493461e-03
1.434901190689785722e-02
2.349052964411479927e-02
2.969321118372336699e-02
3.234777726106030649e-02
3.067025170526571642e-02
2.527129084757873123e-02
1.763729486951848280e-02
8.310799396346491008e-03
-1.823064982742428342e-03
-1.145773633748159437e-02
-1.990087983556754203e-02
-2.637405225129563213e-02
-2.955669965301455093e-02
-2.914590449086817969e-02
-2.605956273079290675e-02
-2.051107391690465409e-02
-1.335135643697527019e-02
-5.918574058841108432e-03
9.480290248899958527e-04
6.671435796594460399e-03
1.065121078958486400e-02
1.256595511717395475e-02
1.263832855214519491e-02
1.086204046694327907e-02
7.459537748148337144e-03
3.262952635824101222e-03
-6.544007166454646196e-04
-4.035604835886830166e-03
-6.755965795252949491e-03
-8.608822588299092082e-03
-9.998976285520599916e-03
-1.075748276664878489e-02
-1.056317262294326209e-02
-9.686129322340142345e-03
-8.438863448384847921e-03
-6.928004301665513509e-03
-5.367326964385354948e-03
-3.960792321734074584e-03
-2.750262932115110637e-03
-1.847212324887936852e-03
-1.325756046343884442e-03
-1.104416473565739132e-03
-1.017601166607429164e-03
-1.082090639325294923e-03
-1.373688956061824840e-03
-1.832103877302482253e-03
-2.387931559699740802e-03
-2.994127802416368667e-03
-3.582820150465959586e-03
-4.136329904712132688e-03
-4.700790478599503608e-03
-5.217272408446271825e-03
-5.555857865043867250e-03
-5.678035599435249381e-03
-5.588276317853857478e-03
-5.304426524404659560e-03
-4.914700102055191699e-03
-4.496039375507909774e-03
-4.102426376696000077e-03
-3.768188035027986160e-03
-3.516896344902264993e-03
-3.369890292024502187e-03
-3.320455123828502941e-03
-3.366819046496827283e-03
-3.484667060087986989e-03
-3.618671395078987274e-03
-3.704710232437125050e-03
-3.736951064313154269e-03
-3.734977009225093347e-03
-3.705206063084998114e-03
-3.681485555703134516e-03
-3.659733714220458900e-03
-3.623497321969426643e-03
-3.589687738718261301e-03
-3.571483378727591251e-03
-3.569498384564884219e-03
-3.584021756626309951e-03
-3.610247035211511246e-03
-3.634768617488570719e-03
-3.658798554652897828e-03
-3.686880833292716098e-03
-3.715178403092989079e-03
-3.743236528997884172e-03
-3.769714074588592645e-03
-3.791037372252281656e-03
-3.807278843226069576e-03
-3.820780855648964192e-03
-3.831837383490799276e-03
-3.840684623574341927e-03
-3.847558772722248221e-03
-3.852696027756952191e-03
-3.856332585501109911e-03
-3.858704642777044391e-03
