2.972874212490839163e-02
-8.382161003253285614e-02
-1.582319295161811468e-01
-1.983743047875835552e-01
-2.091208243082871565e-01
-1.953435765398385815e-01
-1.619146499437847941e-01
-1.137061329816734245e-01
-5.635833725990990750e-02
7.651584426496382818e-03
7.267168358117315208e-02
1.282992832549927353e-01
1.664192133946118535e-01
1.848995831386182065e-01
1.810131448058669434e-01
1.549860432812648625e-01
1.097816411203296205e-01
5.264784748778139623e-02
-1.071716568382874435e-02
-7.158039182370656839e-02
-1.211541626672136829e-01
-1.538824978499050422e-01
-1.662467174237742817e-01
-1.568552731640577846e-01
-1.268742277004679675e-01
-8.221694711777183251e-02
-2.720274186203763822e-02
3.033412707668992070e-02
8.185469933720068703e-02
1.212282450609560858e-01
1.440945730962099880e-01
1.473956275476056010e-01
1.308066066560862328e-01
9.869612271130812076e-02
5.401165211357494833e-02
3.547822113100895791e-03
-4.486073297639414648e-02
-8.496765849401788362e-02
-1.121096360884009657e-01
-1.219035992189916318e-01
-1.128997331926687719e-01
-8.875297131794357419e-02
-5.160685043502466485e-02
-7.602871604215910573e-03
3.590245253085666555e-02
7.282612968109414275e-02
9.867201298280736665e-02
1.092317072106714360e-01
1.029418620054789457e-01
8.281615914230822106e-02
5.058527157523573514e-02
1.160762510517332480e-02
-2.727722264998666546e-02
-5.967387676042990030e-02
-8.148150709049528650e-02
-8.896608935574912280e-02
-8.052928293732197762e-02
-5.921043302964268396e-02
-2.667231083182852736e-02
1.224924243457592432e-02
5.112998503722754329e-02
8.373508598394185931e-02
1.057812624642380239e-01
1.128993123066301951e-01
1.030287233800453173e-01
7.878361616475237916e-02
4.194940965529969645e-02
-2.383929792587946572e-03
-4.762709649675045398e-02
-8.674468988492145538e-02
-1.147281480112538610e-01
-1.262018351734045529e-01
-1.181636600178502805e-01
-9.274606679259067565e-02
-5.170579005240538706e-02
-1.038971295455048960e-04
5.515054758819348812e-02
1.056280835210912095e-01
1.451715592957034673e-01
1.667699231885027000e-01
1.658159221019264162e-01
1.435839159490914785e-01
1.013763944900658576e-01
4.357362121563723711e-02
-2.293744861448765437e-02
-8.826333301248068253e-02
-1.450130129452790184e-01
-1.843570858810883450e-01
-1.994870163201900581e-01
-1.895188466144807071e-01
-1.544532323056078127e-01
-9.754266602545547116e-02
-2.503089243513245687e-02
5.240844005154765561e-02
1.266650277549083992e-01
1.874743653353965200e-01
2.255910735761414987e-01
2.367564188034230188e-01
2.188208471525245891e-01
1.732083026138544479e-01
1.045011022753659091e-01
2.280981921744751340e-02
-6.381244599682789342e-02
-1.439650080812090449e-01
-2.064523366903613377e-01
-2.437948226205508551e-01
-2.511740861779835354e-01
-2.270819889260039526e-01
-1.734376164727575720e-01
-9.835794133579511822e-02
-8.752806194895934588e-03
8.369139729272312422e-02
1.668954963213811205e-01
2.309627987316518194e-01
2.684493647024899232e-01
2.741290974059518160e-01
2.465902146102969539e-01
1.911882198970491498e-01
1.125442180425455518e-01
2.047567174344333552e-02
-7.366091239013161651e-02
-1.584984229176062964e-01
-2.247068103278438977e-01
-2.631130389951861215e-01
-2.686524155823559745e-01
-2.440707004037956374e-01
-1.910827599215588757e-01
-1.150376242923483172e-01
-2.463463827427059272e-02
6.856414493247720010e-02
1.549206099865529929e-01
2.232481865100952589e-01
2.653190436444308187e-01
2.794055845480052369e-01
2.634736570753883900e-01
2.183077529991070964e-01
1.488185174844851577e-01
6.443468017829867556e-02
-2.728797144608974268e-02
-1.158509928394252375e-01
-1.907267594769795904e-01
-2.448652948202748592e-01
-2.726905123759251204e-01
-2.698624242934949402e-01
-2.360029432849676256e-01
-1.769786576674277079e-01
-9.743470250323171822e-02
-5.894521769333915806e-03
8.711984878516298991e-02
1.715772705721696489e-01
2.390748237325974745e-01
2.806184546787930945e-01
2.910012688935417202e-01
2.718545953603486165e-01
2.239467787233833107e-01
1.505238826261594554e-01
5.914712075201600250e-02
-3.881609458409585045e-02
-1.341892564584923342e-01
-2.152982303186590229e-01
-2.725597706103312090e-01
-3.015951011557027606e-01
-2.981189320390509323e-01
-2.603283900212195467e-01
-1.914125209217989454e-01
-9.992259062767916422e-02
6.663869065290262128e-03
1.159528872903941021e-01
2.149505623763416917e-01
2.923428942091912397e-01
3.393623090856587865e-01
3.486920236185544475e-01
3.176742526099674002e-01
2.517207557448479793e-01
1.557960983879105310e-01
3.993558783452133554e-02
-8.312335203409149109e-02
-1.983695548041660706e-01
-2.931588167346838025e-01
-3.541336219072362956e-01
-3.729630784254476250e-01
-3.502134765600156685e-01
-2.864712079900196828e-01
-1.874578942558841055e-01
-6.350432885408074934e-02
6.923617329538966914e-02
1.971491239733038636e-01
3.039855076472992579e-01
3.761091501989921593e-01
4.064754690239760215e-01
3.904799151286899583e-01
3.290687676384433935e-01
2.279815763587675903e-01
1.009323797417975843e-01
-3.995229582713333283e-02
-1.774706222349127227e-01
-2.946955785447159526e-01
-3.782073226509087283e-01
-4.182447294957396533e-01
-4.093826644929597913e-01
-3.511566704496887903e-01
-2.521885821428248020e-01
-1.211205741758726306e-01
2.540769462204650608e-02
1.698732766354069668e-01
2.955035769299079185e-01
3.884200890418216812e-01
4.364084141146589158e-01
4.327979801745975852e-01
3.816735644615878442e-01
2.870988451281930587e-01
1.590729159274020255e-01
1.161072674893315337e-02
-1.364439445337205514e-01
-2.691661448747898477e-01
-3.695897461892154734e-01
-4.256554659333516843e-01
-4.345371120705995294e-01
-3.935627195397225497e-01
-3.060673321343468922e-01
-1.811497789482259257e-01
-3.518588672129352446e-02
1.176262901513160930e-01
2.588990128807817648e-01
3.712874908616690117e-01
4.422909125953451426e-01
4.632933821495601734e-01
4.313982804127316495e-01
3.486485642994654466e-01
2.261633730220187211e-01
7.498884221704793518e-02
-8.644430436108319071e-02
-2.391541537913057791e-01
-3.650888461946066865e-01
-4.497406959755433364e-01
-4.813573884135718961e-01
-4.543417029972193211e-01
-3.747615649746368627e-01
-2.490827512654657516e-01
-9.133226030725660749e-02
8.113442179669028143e-02
2.464489752976279924e-01
3.858755014527699423e-01
4.803533610588970326e-01
5.171121090606638493e-01
4.946373092938525229e-01
4.129265033682616437e-01
2.805937425379003702e-01
1.116445014771665356e-01
-7.119206953387779979e-02
-2.483542494327155570e-01
-3.970148068170846756e-01
-4.976121216807752878e-01
-5.387118845229101893e-01
-5.136570157988513685e-01
-4.251217707030401360e-01
-2.814029503020485379e-01
-1.025403007572129876e-01
9.294018567729311897e-02
2.796210722240664026e-01
4.337183593285915961e-01
5.361307113648463574e-01
5.734548342940626320e-01
5.407549060557124143e-01
4.395470773178551394e-01
2.849285690683063255e-01
9.226453141722945617e-02
-1.126014641579677900e-01
-3.041807099547622073e-01
-4.580026427503628428e-01
-5.549336012616774561e-01
-5.820230827035267618e-01
-5.336680151456012489e-01
-4.186907525774608008e-01
-2.476067698021719998e-01
-4.451213271770682045e-02
1.654695359709148494e-01
3.548497561912629106e-01
5.006603667818951831e-01
5.829498753940094424e-01
5.896698978702872296e-01
5.246143045489173318e-01
3.932641765735811479e-01
2.127780371454193187e-01
4.423948245909414823e-03
-2.024232230048165215e-01
-3.830485535045942136e-01
-5.129850342156464515e-01
-5.749653704591395353e-01
-5.659565822048566730e-01
-4.849546812166832810e-01
-3.429075781625784414e-01
-1.564279671973716201e-01
4.730281191187213352e-02
2.451685048089724539e-01
4.113532371651968944e-01
5.235815354624950846e-01
5.696883445201001983e-01
5.432799843868669765e-01
4.498126685584982187e-01
2.995639203785929183e-01
1.153148839817286220e-01
-8.231829050066430398e-02
-2.669216745024297621e-01
-4.144467880497584300e-01
-5.077048008081929131e-01
-5.350238056202206716e-01
-4.948306450125655731e-01
-3.911090616970149814e-01
-2.408586208716650967e-01
-6.032124763010515700e-02
1.257476568623869806e-01
2.936174070737798125e-01
4.230494896237821933e-01
4.985802025057062270e-01
5.122855752270647489e-01
4.620474524037407882e-01
3.580405608347747570e-01
2.108008086474326692e-01
4.097864326112521383e-02
-1.302190087747936431e-01
-2.817232017324822202e-01
-3.960589301425659903e-01
-4.593354966017256791e-01
-4.637075947824125244e-01
-4.138577615761802608e-01
-3.145732858996165282e-01
-1.789046265404666824e-01
-2.297683433554875698e-02
1.331188832253893395e-01
2.718837548607506704e-01
3.757929854409689518e-01
4.326433966473943737e-01
4.408121743636264078e-01
3.988481634958167543e-01
3.119208666978239286e-01
1.900347034045308803e-01
4.978778148820639515e-02
-9.450983776736443520e-02
-2.257849291498942312e-01
-3.286199943218850450e-01
-3.938198064770063178e-01
-4.144249424000887583e-01
-3.883521906190807726e-01
-3.181353274888061300e-01
-2.138873983027453907e-01
-8.493892622490040178e-02
5.377960094004352598e-02
1.863852495404132448e-01
2.990487269523236513e-01
3.803015001286631502e-01
4.199435703622589333e-01
4.126956194536559597e-01
3.627852089943974789e-01
2.739514504103803816e-01
1.540806657172320016e-01
1.531947521568133297e-02
-1.262816444621864820e-01
-2.566693908016303149e-01
-3.598797092865247960e-01
-4.241037644959799735e-01
-4.447198494753417108e-01
-4.174113695750789610e-01
-3.423872385112616268e-01
-2.261510042680678900e-01
-8.242441640955999738e-02
7.647058693137553931e-02
2.327122465250208716e-01
3.683198222600239102e-01
4.675994674968508846e-01
5.185696725561672604e-01
5.125213025017076873e-01
4.469824115079141791e-01
3.301964007915769717e-01
1.711865016065576839e-01
-1.310017236773286520e-02
-2.030804876000543713e-01
-3.756398536202059102e-01
-5.112424761492659897e-01
-5.905614454646477274e-01
-6.013786767601715377e-01
-5.437070138363678806e-01
-4.197931627572052404e-01
-2.415244337120897589e-01
-2.644159508889720733e-02
1.984296091645465498e-01
4.092675674943082598e-01
5.787546724262413456e-01
6.846832814806858014e-01
7.144035867936704420e-01
6.606971771144807271e-01
5.277371153895815681e-01
3.268968640906670942e-01
8.363700199750034869e-02
-1.779392452330552654e-01
-4.252922778957315408e-01
-6.282163794122392897e-01
-7.614062505162241257e-01
-8.069640803325238698e-01
-7.577064648424595150e-01
-6.148975609688742683e-01
-3.969413519809188440e-01
-1.239430594377726180e-01
1.701685298599802110e-01
4.515413433280919264e-01
6.853301024253051210e-01
8.433985874517693215e-01
9.039018101166154118e-01
8.554015785867226107e-01
7.072444216183366716e-01
4.718978808444260764e-01
1.777534180348390169e-01
-1.430170292769779028e-01
-4.497763210937140155e-01
-7.074258229987040458e-01
-8.828149037566206392e-01
-9.527173006832406754e-01
-9.122158355269733843e-01
-7.618005785781741812e-01
-5.196869924723854783e-01
-2.112714786966971570e-01
1.228460374783306719e-01
4.469207330635849296e-01
7.215186546898424425e-01
9.127844005992176157e-01
9.998932265524647089e-01
9.702929013419721027e-01
8.286197742110126274e-01
5.879676838293583785e-01
2.804648760156338572e-01
-6.225591189854284835e-02
-3.977465713960776084e-01
-6.867046292891147985e-01
-8.957680568902418594e-01
-1.000000000000000000e+00
-9.885453747438835981e-01
-8.601051383390869720e-01
-6.338537076535294412e-01
-3.316192306600159734e-01
8.465127893906077006e-03
3.479472519396522578e-01
6.466456530013378057e-01
8.708684652293638973e-01
9.940270153635777373e-01
1.000000000000000000e+00
8.942964568516595936e-01
6.860495075733994419e-01
4.006553429303785219e-01
6.867178381710337121e-02
-2.687814143319711135e-01
-5.748315756808034527e-01
-8.127072874923332302e-01
-9.546038724165891720e-01
-9.894448373344484349e-01
-9.111835968016307463e-01
-7.303117896189256220e-01
-4.655081276074790608e-01
-1.512964719953575621e-01
1.801766953773540347e-01
4.901159188433392710e-01
7.428802829019447440e-01
9.114865296288958696e-01
9.767573228609893743e-01
9.331073113584842371e-01
7.834691137798992511e-01
5.491268170304690610e-01
2.529089108700190991e-01
-6.891175037518160185e-02
-3.802002434286084753e-01
-6.459590807617709984e-01
-8.371809318167093839e-01
-9.323367989354780505e-01
-9.192946836554040102e-01
-8.054140156241842430e-01
-6.009552350541881305e-01
-3.298564104430343757e-01
-2.095826680526313712e-02
2.882727332604846371e-01
5.648164123662400282e-01
7.762788396811557412e-01
8.984563274240398023e-01
9.228055701648141262e-01
8.444942751750090792e-01
6.729749155818063322e-01
4.257813088179409622e-01
1.342372201802886078e-01
-1.723455325839970964e-01
-4.582067880062075105e-01
-6.906008607778910680e-01
-8.446812235455946061e-01
-9.028031879943555493e-01
-8.598893402100922234e-01
-7.188487329576542795e-01
-4.991112567180293613e-01
-2.216388762467212947e-01
8.016898745218847822e-02
3.727483308483547919e-01
6.228642802760810948e-01
8.029680549531454936e-01
8.919442149796050767e-01
8.780157571483697687e-01
7.682602770294548744e-01
5.722611180972505540e-01
3.126879485476103948e-01
1.699632934480521662e-02
-2.788482660545383851e-01
-5.427698220667196427e-01
-7.428656932542354596e-01
-8.555855489611758902e-01
-8.725582847509326667e-01
-7.895684231842767797e-01
-6.167564602432182852e-01
-3.718675622203112541e-01
-8.664246149440790745e-02
2.097126791715435701e-01
4.821088991403779112e-01
6.985614435705358449e-01
8.354355504566881585e-01
8.765186233984867403e-01
8.184279954460145223e-01
6.655982140401974778e-01
4.393805875838729946e-01
1.620658959303329372e-01
-1.322612061280313833e-01
-4.099537580978168672e-01
-6.388210005363583743e-01
-7.929471379809143183e-01
-8.540836056320030290e-01
-8.131339452515148336e-01
-6.798618278136256965e-01
-4.665517513980191877e-01
-1.999801635993431193e-01
9.000364570795893471e-02
3.678334346726070958e-01
6.025746641549241112e-01
7.655929236956269257e-01
8.368515133594109923e-01
8.129084825360202160e-01
6.941883366944796574e-01
4.956818651349188531e-01
2.388917026263412957e-01
-4.224719440020063832e-02
-3.176125764075407032e-01
-5.537367085483928530e-01
-7.222995779090554125e-01
-8.065678016800758021e-01
-7.953939669651346467e-01
-6.912400571168312302e-01
-5.043372613557164374e-01
-2.604285383057914904e-01
1.537756159958969526e-02
2.885676382001032270e-01
5.267363256221089252e-01
7.024250679800885244e-01
7.949164245344930713e-01
7.944542380637820145e-01
6.993072581001140708e-01
5.243837841519167764e-01
2.865189150752367464e-01
1.639305464190909944e-02
-2.546730697128233301e-01
-4.939096361303566551e-01
-6.738415417730521106e-01
-7.721001453833089556e-01
-7.753903974864559956e-01
-6.887696025745583261e-01
-5.196526476353597879e-01
-2.887641804703235948e-01
-2.150729628986136621e-02
2.477065693190214635e-01
4.883946200018196571e-01
6.698586401032404769e-01
7.696334633650232515e-01
7.802504345824321508e-01
6.980431661696249179e-01
5.335607087041314145e-01
3.043982554917294969e-01
4.176248004117089074e-02
-2.262719721507635562e-01
-4.664534562683679830e-01
-6.490060239384148888e-01
-7.532794543515507479e-01
-7.659199329264673173e-01
-6.867549941147816916e-01
-5.227581035317094837e-01
-2.973552787782081097e-01
-3.385709100958733675e-02
2.339465716393545058e-01
4.737833237470030490e-01
6.569032032058510495e-01
7.612573773561157608e-01
7.745823444045685235e-01
6.929766531465246793e-01
5.298704265918519063e-01
3.008377031703233229e-01
3.654431059850038466e-02
-2.316590879964537386e-01
-4.706268988762988270e-01
-6.525204078146493725e-01
-7.543582685951354394e-01
-7.621432375509767931e-01
-6.801243442244887527e-01
-5.152235390019559436e-01
-2.881780991241911227e-01
-2.445650891643502689e-02
2.410502259716988949e-01
4.780662051006998592e-01
6.563396299918435872e-01
7.536967390239124320e-01
7.633031949289914575e-01
6.815463558023096002e-01
5.188969668201093288e-01
2.930024037140948057e-01
3.476641920939771424e-02
-2.280583031605969424e-01
-4.627077471954619270e-01
-6.400595527734931345e-01
-7.402586865849095643e-01
-7.505046454353986318e-01
-6.711899569814281374e-01
-5.095719889381078449e-01
-2.887962128707484144e-01
-3.174456563675220888e-02
2.287142239870953997e-01
4.612918113502504358e-01
6.384934834030420170e-01
7.392269380619811425e-01
7.523549943398140094e-01
6.745814220860033572e-01
5.188470157633502389e-01
3.000509840083220858e-01
4.693026386376697445e-02
-2.109049313782908053e-01
-4.418414677922085643e-01
-6.192429300889221722e-01
-7.207929420776267859e-01
-7.328284880293906012e-01
-6.593159394985821375e-01
-5.064386682497588055e-01
-2.931577958519929750e-01
-4.310102076197019905e-02
2.111855912354385634e-01
4.408834264968717331e-01
6.166025855251549004e-01
7.166519208710149247e-01
7.335565712355027745e-01
6.632836281065541684e-01
5.151031297641579521e-01
3.050823534062510056e-01
6.220812862312619096e-02
-1.876154002216799954e-01
-4.134747748126964551e-01
-5.874239372999652264e-01
-6.900597549026832311e-01
-7.086919399387322516e-01
-6.426966936042042278e-01
-4.980957393645507603e-01
-2.961586834956204672e-01
-5.786634009797764211e-02
1.860835581745259315e-01
4.061765310172285037e-01
5.763064374450885818e-01
6.763731352545594433e-01
6.950425936186261922e-01
6.285669601624737091e-01
4.889744104576905226e-01
2.899082798883385603e-01
5.866358928184745025e-02
-1.767893044832651306e-01
-3.873455908453142804e-01
-5.486083165268953454e-01
-6.405322168252123305e-01
-6.510595027066594653e-01
-5.847819380894760943e-01
-4.479644306275725185e-01
-2.585841741333489985e-01
-3.879163223650139436e-02
1.815714330760715978e-01
3.770466965903127576e-01
5.227070887785798536e-01
6.006840817271665856e-01
6.073283086847225398e-01
5.407450553164818707e-01
4.106135419967273936e-01
2.324966931859415720e-01
3.225049417839320753e-02
-1.678697370190449512e-01
-3.426092227000433477e-01
-4.696551589350004274e-01
-5.360374107863239423e-01
-5.340792277238887165e-01
-4.669548949236188573e-01
-3.426069971380633072e-01
-1.807846138830192517e-01
4.533575190321936788e-04
1.769624886614282744e-01
3.261956027465273689e-01
4.314106649580253805e-01
4.805532755039250148e-01
4.701187381280091948e-01
4.017103513867368303e-01
2.885360355388757458e-01
1.431555823504162550e-01
-1.372877469637756587e-02
-1.617439899152165461e-01
-2.832586526175632224e-01
-3.643665798918159782e-01
-3.969682716231938135e-01
-3.779084702807838925e-01
-3.143056081842589000e-01
-2.131347878436954391e-01
-9.014047249378986937e-02
3.812477027302696442e-02
1.554793956342006567e-01
2.483743109675946581e-01
3.058229417707751807e-01
3.216052689543884568e-01
2.992237765285827855e-01
2.414416888547146200e-01
1.577371447826922957e-01
5.985345857459245522e-02
-3.852592421603939776e-02
-1.257278273779905975e-01
-1.902153334809401075e-01
-2.246127300319755715e-01
-2.300426476269689102e-01
-2.063846504329120979e-01
-1.580678741923305930e-01
-9.265817850686486334e-02
-2.086781091358413942e-02
4.893019825475075635e-02
1.074009252362466693e-01
1.470157564866936273e-01
1.665430524717725902e-01
1.646319960638156221e-01
1.428648314510772011e-01
1.054015775906314012e-01
5.967973211350718898e-02
1.085742702904801682e-02
-3.449583462715655191e-02
-6.984634014472879127e-02
-9.290044731665159095e-02
-1.019897665740320258e-01
-9.721058235938462300e-02
-8.050852106478734171e-02
-5.643989145906636029e-02
-2.753687774797708432e-02
2.189644728423978393e-03
2.784069723241233696e-02
4.715399189620139708e-02
5.865987040263109797e-02
6.165069400362055418e-02
5.685650327543090299e-02
4.722316541886195651e-02
3.368874277757427649e-02
1.790907834263477660e-02
2.953480309761724598e-03
-9.363574460930390586e-03
-1.792186479802493349e-02
-2.178777018749200600e-02
-2.122414536716721312e-02
-1.800660298946055171e-02
-1.280677253069428811e-02
-6.063118959761748528e-03
1.785892754443629826e-03
1.030179764302840972e-02
1.904613073709882087e-02
2.758042706776153707e-02
