-3.680055817171457022e-02
1.983402787174644022e-01
3.490376859649051422e-01
4.261497094265882524e-01
4.405343949584950014e-01
4.030497884166068800e-01
3.245539356569053790e-01
2.159048825353717671e-01
9.020033000459837247e-02
-4.670801572297178517e-02
-1.821981012626565644e-01
-2.953163754226036941e-01
-3.697801586706288557e-01
-3.997778091834729430e-01
-3.795891268546965902e-01
-3.116925616248394926e-01
-2.029100324148609413e-01
-6.905570616360945380e-02
7.575117251069274360e-02
2.120922026529024063e-01
3.218246389873460345e-01
3.917612057789534585e-01
4.130776218182388160e-01
3.832697567856295784e-01
3.046120624275854283e-01
1.895105888255645965e-01
4.940573794660596540e-02
-9.698337023394310030e-02
-2.308233014236039660e-01
-3.357008542384862793e-01
-3.990585141285132309e-01
-4.124163758738562668e-01
-3.728381382470192795e-01
-2.879775643661552920e-01
-1.654648890198096023e-01
-2.216297794606392202e-02
1.237910600545633066e-01
2.541891200386627858e-01
3.539358215336709801e-01
4.094184956181785573e-01
4.128734704577754488e-01
3.680588091950083296e-01
2.785595932460769308e-01
1.547236675763921099e-01
1.100668107382052341e-02
-1.330630684138250919e-01
-2.613997309843594241e-01
-3.570090359362479981e-01
-4.078392147964302605e-01
-4.119773186486592742e-01
-3.674915565599222722e-01
-2.787038672426799257e-01
-1.555306613445281982e-01
-1.507972649314082147e-02
1.283028890204114258e-01
2.566815000541913250e-01
3.535510538849588880e-01
4.084418211210854022e-01
4.144638674500453757e-01
3.706874098954304753e-01
2.809507125747299217e-01
1.579491651241931027e-01
1.335933745879280821e-02
-1.347367616449346439e-01
-2.680609951824175496e-01
-3.708466839234282331e-01
-4.309667107970938105e-01
-4.399935066670179751e-01
-3.951254823557860396e-01
-3.039516981523059380e-01
-1.741080059967496929e-01
-2.098341576594864311e-02
1.377229033267748370e-01
2.822362067855135326e-01
3.959726932192615401e-01
4.626359359946852212e-01
4.723251928066898309e-01
4.269686406507264831e-01
3.290398415807209709e-01
1.884496750337016913e-01
2.018660330377231027e-02
-1.534569322640829681e-01
-3.133438381977700082e-01
-4.376861114383868712e-01
-5.095506910478657669e-01
-5.215103592984182690e-01
-4.692810774060265366e-01
-3.573899265831479433e-01
-1.966281871465505038e-01
-8.833924721085462117e-03
1.866790121152648307e-01
3.644560310257221047e-01
5.009597248981545459e-01
5.784637577280022924e-01
5.854362232608949501e-01
5.193509615648794764e-01
3.844977415074186666e-01
1.993381369806570547e-01
-1.789454691336656023e-02
-2.383653974533097575e-01
-4.341835109594043285e-01
-5.795330611908420249e-01
-6.550304047383866957e-01
-6.488990197721766773e-01
-5.578186672683878022e-01
-3.949034067342798160e-01
-1.750461584732646569e-01
7.148439945753715108e-02
3.140983193649256044e-01
5.204435611570110698e-01
6.643016051458678906e-01
7.246639988046006398e-01
6.902223966284088963e-01
5.685846617057226382e-01
3.700066075725874093e-01
1.202345275945286840e-01
-1.513661835582623683e-01
-4.067985321877829463e-01
-6.145324364366211434e-01
-7.450553677554634380e-01
-7.789320865344577793e-01
-7.160671391853522527e-01
-5.595986553364600269e-01
-3.293078535307685240e-01
-5.124279114703922389e-02
2.352836888559539652e-01
4.966463854144638201e-01
6.973718677648415021e-01
8.092592472089934486e-01
8.198242750135180668e-01
7.242915891127903461e-01
5.360929020092795039e-01
2.751820752077813736e-01
-2.108628696789327517e-02
-3.191212505679414946e-01
-5.789711684585856499e-01
-7.659918394971287903e-01
-8.571525293278132729e-01
-8.385753429492899258e-01
-7.139551306995028934e-01
-4.949990841295152100e-01
-2.137086187022664285e-01
9.916490904389663186e-02
4.013072092598994889e-01
6.540761797048812998e-01
8.254437611777778461e-01
8.924317510435713086e-01
8.472740254251618364e-01
6.918086368248550500e-01
4.496786667751035971e-01
1.458461039904821455e-01
-1.781622984437739587e-01
-4.823074676868641664e-01
-7.273499570694237359e-01
-8.822992704782272044e-01
-9.275152425981882942e-01
-8.540401150950778231e-01
-6.747097105134993722e-01
-4.060813621066559076e-01
-8.514826520728002723e-02
2.498006057173696171e-01
5.548010356443284774e-01
7.926578032780149385e-01
9.312060896464640081e-01
9.501355457811901939e-01
8.525296053707627220e-01
6.457175444963281219e-01
3.566162926742713069e-01
1.778569893160453219e-02
-3.244921158942101203e-01
-6.294433328163576702e-01
-8.557428298777141062e-01
-9.732014326126537940e-01
-9.716230785715080920e-01
-8.469676824735503651e-01
-6.161401483621218311e-01
-3.043181824344527442e-01
4.434580954422107091e-02
3.904614605974374708e-01
6.887612371912206211e-01
9.002577603925729921e-01
1.000000000000000000e+00
9.733545820118196801e-01
8.262074821113614131e-01
5.730249136323262160e-01
2.508588740908994641e-01
-1.047149913088954998e-01
-4.463261757484960901e-01
-7.309631567383618744e-01
-9.237996439868882970e-01
-1.000000000000000000e+00
-9.523218702756709453e-01
-7.835955115361243895e-01
-5.206617364805585790e-01
-1.914935675504553236e-01
1.591066570409906955e-01
4.881385931303241499e-01
7.545135532555471425e-01
9.258044643939042917e-01
9.822400826984201139e-01
9.148153035265309541e-01
7.378493296881183383e-01
4.689693108793393517e-01
1.464335615599521301e-01
-1.906834416768499185e-01
-4.996148462147022018e-01
-7.440951839485570041e-01
-8.941662715341474055e-01
-9.305888131990840417e-01
-8.568187814608797526e-01
-6.797200497547069009e-01
-4.238117384943504984e-01
-1.189061552690829915e-01
1.936730293435200423e-01
4.779073634369834789e-01
6.982144050758556375e-01
8.280633211493826362e-01
8.590511327114662699e-01
7.861985928438048887e-01
6.209495045753881115e-01
3.824866001119735515e-01
1.047450852646329977e-01
-1.818557178048091361e-01
-4.417232520821349206e-01
-6.430002563072233501e-01
-7.644916621150086300e-01
-7.921526792790453131e-01
-7.262249218757790281e-01
-5.738471570425092150e-01
-3.586408597117043406e-01
-1.036744531463981156e-01
1.579244618328419225e-01
3.944491037359658669e-01
5.788597724713595571e-01
6.901989580266532087e-01
7.176876787938246682e-01
6.579940351623472239e-01
5.236606010192990102e-01
3.284560684264170582e-01
9.928858036757448602e-02
-1.360162980317317638e-01
-3.488230154585125753e-01
-5.149684410051444949e-01
-6.146290517200856396e-01
-6.358750489786522131e-01
-5.835090404742910852e-01
-4.630692879002412665e-01
-2.909594494545979515e-01
-8.779160505784400215e-02
1.191360763945943368e-01
3.059929221961346091e-01
4.490540694534190802e-01
5.313794402489564472e-01
5.496460888466649930e-01
5.016875481008455928e-01
3.954915959209530651e-01
2.446001579805303638e-01
7.180108955337538568e-02
-1.037514813966581295e-01
-2.602799136652600431e-01
-3.780516264423280370e-01
-4.461254970866123104e-01
-4.576399137218287727e-01
-4.143181834797218244e-01
-3.222177628306021058e-01
-1.973271052075767917e-01
-5.363828118034896786e-02
8.982643552769453699e-02
2.145227086908279013e-01
3.071056120472097639e-01
3.577951380752570909e-01
3.627017273316415213e-01
3.221860846486919172e-01
2.458059548017623719e-01
1.420154015670551662e-01
2.568670759592595054e-02
-8.755181276492252085e-02
-1.843219562099464026e-01
-2.539028037447437214e-01
-2.879787954516965787e-01
-2.826907099051753081e-01
-2.432668549835049765e-01
-1.738894676687047225e-01
-8.512421112803647549e-02
1.051455253341759821e-02
1.004205910305235872e-01
1.741013821921437721e-01
2.211994122823406350e-01
2.356223160695769536e-01
2.198262649986604256e-01
1.751637941218389116e-01
1.071949590673189068e-01
2.527789120506773735e-02
-5.745373128030084597e-02
-1.311170506085472809e-01
-1.844504157823942947e-01
-2.092191324239990324e-01
-2.049365252647000757e-01
-1.708463201935433995e-01
-1.101760194724983322e-01
-3.049331191849202760e-02
5.506288693384786548e-02
1.363800845042280052e-01
2.003528128489697746e-01
2.355768431225708781e-01
2.366912242223659923e-01
2.014272033375141824e-01
1.330748585484193836e-01
3.871947123383323586e-02
-6.659778981213726468e-02
-1.706357436070872202e-01
-2.566363365444265243e-01
-3.095974864371772162e-01
-3.201473693934508979e-01
-2.836605475316227309e-01
-2.027813636793279750e-01
-8.481919351169464605e-02
5.223596300661914604e-02
1.928290987229301923e-01
3.148596206932630093e-01
3.986376127341682007e-01
4.299306782295295726e-01
4.005973262367479304e-01
3.117515860936432848e-01
1.705070447670908873e-01
-2.200876731710321721e-03
-1.872996852343236096e-01
-3.566787720295004904e-01
-4.851073129099824355e-01
-5.523530704293506677e-01
-5.455265732242665644e-01
-4.628077867820117319e-01
-3.097777121974301107e-01
-1.089552169594203423e-01
1.180680961601057177e-01
3.377739944586410914e-01
5.195739278976863051e-01
6.367953823663607960e-01
6.709547432747759999e-01
6.156768791962083931e-01
4.732060817003331810e-01
2.651668648439489129e-01
1.342253011583105504e-02
-2.453461271734657112e-01
-4.768221112272933437e-01
-6.487718890831339902e-01
-7.372401597893101233e-01
-7.300568510506992848e-01
-6.244328458797427928e-01
-4.380174912095110562e-01
-1.898658459578754787e-01
8.386690354312098528e-02
3.481690076328367578e-01
5.676437997136247748e-01
7.142918169352630020e-01
7.699089761527897480e-01
7.256845827281097616e-01
5.923268683500573228e-01
3.828460869650904819e-01
1.281431714947578460e-01
-1.401499152469699583e-01
-3.870184665245985922e-01
-5.830197553309164338e-01
-7.037773707896457509e-01
-7.341086910026584089e-01
-6.783442691183698692e-01
-5.421217617044420400e-01
-3.448186036805881427e-01
-1.099029677506609959e-01
1.313733423749279261e-01
3.515707785398802798e-01
5.238579628480046768e-01
6.286047020001850338e-01
6.610193591930579871e-01
6.176221542402777764e-01
5.058828052395047958e-01
3.392282351400084384e-01
1.408048246434518980e-01
-6.905374020836352322e-02
-2.666309291402412240e-01
-4.295178939062986867e-01
-5.428073696762264477e-01
-5.953141149246017338e-01
-5.826898834384121040e-01
-5.061435757727528184e-01
-3.773487715483517801e-01
-2.079435435840092383e-01
-1.734415402548727947e-02
1.733765236268351995e-01
3.442999014122065660e-01
4.781805111764196869e-01
5.591368075493670098e-01
5.774355239183999178e-01
5.347444822136493414e-01
4.335481034550630053e-01
2.832700272927484164e-01
9.917489751602359682e-02
-9.618935154973928814e-02
-2.827315591609473877e-01
-4.369471652621617075e-01
-5.406725853201215237e-01
-5.848302779178985444e-01
-5.620451671674304706e-01
-4.730197213553456459e-01
-3.263530258930583683e-01
-1.420985715704963237e-01
6.130906828129911723e-02
2.576949161541914890e-01
4.224055848116397005e-01
5.352412273426554457e-01
5.818877751910411789e-01
5.566088863356803973e-01
4.605748973367014276e-01
3.091893486553725090e-01
1.180158424644623949e-01
-8.613597749481605170e-02
-2.770522371372762249e-01
-4.299945191138366818e-01
-5.258973970219743554e-01
-5.530983712914072647e-01
-5.071987760301723824e-01
-3.987227389858788440e-01
-2.391114189903916776e-01
-5.319302266604286622e-02
1.340686511856266083e-01
2.969804111198752761e-01
4.149518506781104676e-01
4.732357537931486391e-01
4.641438146086431793e-01
3.942976387281817985e-01
2.713587446124374747e-01
1.169669728438902379e-01
-4.665494139473769231e-02
-1.953654396807089633e-01
-3.095041083427472195e-01
-3.737546154745710059e-01
-3.795033471855807639e-01
-3.315250562823445213e-01
-2.351997918633221829e-01
-1.091073583859379914e-01
2.734919262818169550e-02
1.524037174583847687e-01
2.484313387753975810e-01
3.013296746917266677e-01
3.033228469136233230e-01
2.588856875921614620e-01
1.727176601645465936e-01
6.192916381924828961e-02
-5.568243500020308989e-02
-1.602349812004852936e-01
-2.360261009399445831e-01
-2.706982981019699919e-01
-2.578149177561397387e-01
-2.024556264473196254e-01
-1.100348124526193683e-01
2.008319263049562764e-03
1.159758751989596881e-01
2.125186205654199245e-01
2.765249907450373357e-01
2.963202201553458703e-01
2.664676339362135327e-01
1.932777709671240629e-01
8.343774947569615463e-02
-4.426196977538654487e-02
-1.708624742701151389e-01
-2.758258926302578073e-01
-3.431176522737346968e-01
-3.604175815049891485e-01
-3.222090572497000593e-01
-2.353720545902880934e-01
-1.074630116347786712e-01
4.112061410489475932e-02
1.896073712591981320e-01
3.152207051819966299e-01
3.999678923356184690e-01
4.295734346356872013e-01
3.970163105860717856e-01
3.085946113244795175e-01
1.717133476637189293e-01
7.113567126165065702e-03
-1.634272582100663174e-01
-3.148750889125513375e-01
-4.269604535913720245e-01
-4.823024966386896262e-01
-4.712111553456177493e-01
-3.985838543505775267e-01
-2.703685285745833777e-01
-1.050464641903909868e-01
7.646674095678118732e-02
2.478438791442663103e-01
3.874550645359005063e-01
4.751263000749204046e-01
4.979413951261577598e-01
4.580430874685819109e-01
3.587207729340082807e-01
2.141758221139837826e-01
4.234911706886501648e-02
-1.312828484739918533e-01
-2.859165350557699714e-01
-4.010051860863074191e-01
-4.609717241877506755e-01
-4.630356229583917349e-01
-4.068813945510446617e-01
-3.020805487916264909e-01
-1.619306906345673314e-01
-7.935882030809637833e-03
1.424659584387493183e-01
2.707048417459381184e-01
3.601875156599831929e-01
4.037299751319831653e-01
3.975809900506679373e-01
3.457072004525940656e-01
2.552809976846568407e-01
1.412263747571802508e-01
1.585670774380210091e-02
-1.058011476181245358e-01
-2.088507432151723853e-01
-2.843755606356119792e-01
-3.258532126399018569e-01
-3.307066896938869460e-01
-2.996499405638467506e-01
-2.401536100652020833e-01
-1.580381884523932579e-01
-6.291865609347935262e-02
3.393133198552522600e-02
1.240422730369112880e-01
1.998632036772052256e-01
2.535553942574220176e-01
2.803590664312902714e-01
2.817058069000988318e-01
2.570865487530755722e-01
2.061306792717365610e-01
1.335243177064566744e-01
4.723108330203462657e-02
-4.589002344018577872e-02
-1.360419357950579666e-01
-2.145672825644643344e-01
-2.753747850365499961e-01
-3.108984253206384940e-01
-3.122419869825366900e-01
-2.773373778249844657e-01
-2.114305195797210324e-01
-1.186427249423300800e-01
-6.962975646235380900e-03
1.118574757638770567e-01
2.223158659466726306e-01
3.119514402895280369e-01
3.666638983119598905e-01
3.772353424679175671e-01
3.433757464593112374e-01
2.660727346412217198e-01
1.526007719711452992e-01
1.498897836273660467e-02
-1.273021488561201231e-01
-2.586676558956669814e-01
-3.608198875910989534e-01
-4.183513062432300256e-01
-4.240880158365014641e-01
-3.752985507130043308e-01
-2.776439294816539505e-01
-1.412491055060340894e-01
1.371546915705645908e-02
1.701430659526244060e-01
3.064506007343146265e-01
4.033075806635568750e-01
4.485646758099763876e-01
4.353765777734988074e-01
3.658659415881810872e-01
2.470367855283797098e-01
9.749525460497565632e-02
-6.629512624455502490e-02
-2.214901643428989209e-01
-3.469140749840973204e-01
-4.269701379303090238e-01
-4.512023381653801346e-01
-4.173616455515780643e-01
-3.285162228514750815e-01
-1.998449137280674526e-01
-4.525095318798300070e-02
1.133816267942457934e-01
2.548909710574915888e-01
3.616230656743577576e-01
4.204731851974354839e-01
4.246279869977214183e-01
3.728168236052529227e-01
2.755239324384834987e-01
1.427816131473713668e-01
-5.949723146370211602e-03
-1.509229871405002310e-01
-2.739332450555612697e-01
-3.604115952480437812e-01
-3.995995134717774677e-01
-3.862416632738412403e-01
-3.262003225573668619e-01
-2.251880342373060451e-01
-9.751756447769999170e-02
4.036162583576641261e-02
1.703128572657979234e-01
2.773587269079871298e-01
3.472408533417432608e-01
3.710862988171654830e-01
3.512485036525283544e-01
2.891097367082779979e-01
1.917572048435864929e-01
7.090429029459155430e-02
-5.649148775865742156e-02
-1.763556255506325554e-01
-2.728115309453069681e-01
-3.335585209515402605e-01
-3.545866670958494060e-01
-3.326274337873753595e-01
-2.698381366994807573e-01
-1.733483855097581738e-01
-5.732670498064218467e-02
6.649084620864109674e-02
1.823066502348529294e-01
2.747915086095198411e-01
3.333191369878887311e-01
3.507226081865026934e-01
3.246778468842352883e-01
2.572751825292676209e-01
1.589336631900202246e-01
3.911431153078614997e-02
-8.620329932020398545e-02
-2.007022702037803974e-01
-2.901725756036036552e-01
-3.437482650674935636e-01
-3.539833757304770012e-01
-3.184746538452923881e-01
-2.439445188003297460e-01
-1.369483946335626756e-01
-1.204111900224991150e-02
1.148093568619510396e-01
2.270266967680094616e-01
3.111011676072299448e-01
3.547742995991514103e-01
3.514216848626512402e-01
3.050867550834894804e-01
2.195050314345234899e-01
1.054896204501700741e-01
-2.295098121306460293e-02
-1.478986581751740026e-01
-2.545550314172524420e-01
-3.275715715401099626e-01
-3.567492044586583200e-01
-3.424088668039476646e-01
-2.850816055326058640e-01
-1.917235674208666030e-01
-7.359305025344609064e-02
5.176377866436654429e-02
1.703042409502553145e-01
2.662145084983493781e-01
3.262216714113461702e-01
3.452263892599927164e-01
3.205763441302764694e-01
2.559257553845106781e-01
1.588542885817494366e-01
4.441689290678385582e-02
-7.513650135197946778e-02
-1.841997058865081360e-01
-2.678856575381862726e-01
-3.170235301042259035e-01
-3.258835603238749989e-01
-2.940788861471573812e-01
-2.250649775319301105e-01
-1.303022548027016336e-01
-1.955929380237586557e-02
9.227520501075670012e-02
1.902269127449700559e-01
2.628252955092487131e-01
3.016878110546132863e-01
3.021262141490432818e-01
2.636743329462356566e-01
1.939112978074493121e-01
9.951338269073528586e-02
-6.133277244783075233e-03
-1.087833475354952339e-01
-1.957767826340008899e-01
-2.570496167689008127e-01
-2.842057806873158343e-01
-2.734235402164079121e-01
-2.295046857654055028e-01
-1.564271602189659660e-01
-6.460627875449975743e-02
3.346243145960592358e-02
1.245012747051124080e-01
1.978204272381329787e-01
2.430508199879661824e-01
2.542616799395123195e-01
2.341889916811372707e-01
1.844087874846067621e-01
1.114313484924145392e-01
2.524541118948042673e-02
-6.098506758615596102e-02
-1.372766517901909955e-01
-1.928062658709805977e-01
-2.198042307892926761e-01
-2.186841883513387375e-01
-1.894235642739349190e-01
-1.358939913837875491e-01
-6.548727625122863216e-02
1.014909051562362663e-02
8.233747523520151823e-02
1.408500280340869715e-01
1.769438974531678532e-01
1.884303455945490757e-01
1.743024647498057078e-01
1.372525872871637187e-01
8.269372088339266291e-02
2.063852941173216493e-02
-4.190264997929860069e-02
-9.615406957330807636e-02
-1.335036081975566891e-01
-1.507326583006562970e-01
-1.464381733699456900e-01
-1.222650675406534715e-01
-8.206330145527973574e-02
-3.399306956580250283e-02
1.650753462494858326e-02
6.206936920350591969e-02
9.509764662298780813e-02
1.126391195579290461e-01
1.132939068443723496e-01
9.792709184552950141e-02
6.937983444859185944e-02
3.411766994830500721e-02
-3.991157492633123915e-03
-3.935214507406448181e-02
-6.574416035324448515e-02
-8.062531777978831915e-02
-8.283922566315304881e-02
-7.311910131136700741e-02
-5.374909946470340927e-02
-2.955432399113244735e-02
-2.955820975420464514e-03
2.221613385726195489e-02
4.119830700330640028e-02
5.204792153654125286e-02
5.397201035136300895e-02
4.763357901498865843e-02
3.489783044095728926e-02
1.927646813334904508e-02
2.173358385512580426e-03
-1.407435523721745074e-02
-2.625846767359074629e-02
-3.324524409843698791e-02
-3.447488251400432357e-02
-3.032567357348681103e-02
-2.235440128018273409e-02
-1.321713886104602942e-02
-3.619205277724857339e-03
5.414802046381117506e-03
1.201785745644401437e-02
1.566077649506247838e-02
1.602005056690125606e-02
1.334849129869675188e-02
8.864455033895657365e-03
4.380545226381427071e-03
1.818285129551178159e-04
-3.468849675262508647e-03
-5.680567444899309315e-03
-6.456693076756225835e-03
-6.275722885513701499e-03
-5.101920129153558747e-03
-2.899548065657397977e-03
3.671300469931804145e-04
4.733850950816353986e-03
1.023635138783030030e-02
