9.550120812087019573e-01
5.916370163336190924e-01
2.483549145654522228e-01
-6.691001437947741159e-02
-3.462335607848483487e-01
-5.816915149343392377e-01
-7.653596671116280614e-01
-8.893138076003996861e-01
-9.257014231230912271e-01
-8.657052205784849797e-01
-7.116449859781797116e-01
-4.813564026387382455e-01
-1.978120374433860462e-01
1.085802670138484860e-01
4.061455266143636500e-01
6.608782967125679253e-01
8.452714292350496095e-01
9.421468683665343846e-01
9.390391121222863013e-01
8.361532666947892878e-01
6.421522622605693176e-01
3.804152869517161140e-01
7.516642134443940471e-02
-2.395329172100547632e-01
-5.304464827770847268e-01
-7.663211156512277356e-01
-9.219177249174406175e-01
-9.799370940065006419e-01
-9.318739755428644411e-01
-7.869391573031068177e-01
-5.575081122715948023e-01
-2.683247528010458405e-01
5.186527432131682325e-02
3.669809883201058387e-01
6.446615224401166522e-01
8.537227069707886695e-01
9.708227321278435351e-01
9.868108704831430877e-01
8.975468945482749650e-01
7.130258403122928801e-01
4.506620801907033069e-01
1.415130230195780214e-01
-1.845993794167335444e-01
-4.916839484800825666e-01
-7.464851834067558478e-01
-9.223915282638242008e-01
-1.000000000000000000e+00
-9.717192154996341369e-01
-8.382034920977017300e-01
-6.167522910721171536e-01
-3.274339357743598633e-01
-3.560697921865974003e-03
3.208443004393137787e-01
6.105266927543155919e-01
8.352766770338639901e-01
9.704104734191427717e-01
1.000000000000000000e+00
9.250929563089167473e-01
7.510658771951197465e-01
4.974158330643219106e-01
1.892958192568754416e-01
-1.376199777815827474e-01
-4.502367819661626802e-01
-7.134087430815115871e-01
-8.988784487602868856e-01
-9.904139774322220369e-01
-9.764790251803548982e-01
-8.592185710886944827e-01
-6.493960653227425217e-01
-3.727929630675664852e-01
-5.570123979579766349e-02
2.662703471214589168e-01
5.589115673404319029e-01
7.912578063841166909e-01
9.386401228916263495e-01
9.857529731858045707e-01
9.258866774733514049e-01
7.698825968406863840e-01
5.317300335102683739e-01
2.382324226785552668e-01
-8.066719179296266695e-02
-3.892732464665885628e-01
-6.558026059883430570e-01
-8.507963767800942323e-01
-9.527088258866784898e-01
-9.548915275079481457e-01
-8.552644136978108103e-01
-6.656441775400645522e-01
-4.046342796185639079e-01
-1.033280644478590249e-01
2.085721388030441492e-01
4.964076389400016165e-01
7.292195969818888734e-01
8.839768538899619443e-01
9.437425598807891447e-01
9.033186319453043733e-01
7.654811739792541925e-01
5.486160504887485079e-01
2.729957185643934192e-01
-2.947209424687524670e-02
-3.266486395644438989e-01
-5.867205246413886854e-01
-7.827685161978672479e-01
-8.939563321255415973e-01
-9.075377171852401226e-01
-8.270396841047042980e-01
-6.593492840359930218e-01
-4.237219823512784478e-01
-1.442087987364701895e-01
1.467115004360919350e-01
4.194550338382176946e-01
6.438158880978352983e-01
7.959842605204527910e-01
8.641182672878304771e-01
8.399972813620641965e-01
7.274688559176754055e-01
5.378212236549146930e-01
2.949111780094320068e-01
2.224963418392000847e-02
-2.495877194677342814e-01
-4.914539652846436901e-01
-6.785318450223154496e-01
-7.913996685967203959e-01
-8.194838770489033530e-01
-7.591800964313086819e-01
-6.208986002560351602e-01
-4.173830220183697426e-01
-1.724123105964625591e-01
8.828170072811980518e-02
3.361603588387711561e-01
5.459605935381364183e-01
6.949494024032758510e-01
7.671246381803484837e-01
7.596328523161979263e-01
6.724022294314262460e-01
5.159443383320794219e-01
3.062031018219091294e-01
6.818944193514231422e-02
-1.742683786174826777e-01
-3.939491472967445729e-01
-5.677673551298392240e-01
-6.805317264128746269e-01
-7.202982696543982488e-01
-6.840095185964395474e-01
-5.753447456868501231e-01
-4.095821072018487330e-01
-2.024795616770551643e-01
2.195387331301645872e-02
2.394801685034380068e-01
4.275229309120132104e-01
5.671617780769167005e-01
6.441521558897003175e-01
6.503193624076624157e-01
5.900642329787328944e-01
4.692274418082900134e-01
3.016048765360146433e-01
1.048048457132941813e-01
-9.830844790920234555e-02
-2.873111381727719849e-01
-4.416241644247002052e-01
-5.453993989768874950e-01
-5.922885704709949239e-01
-5.773271715586691943e-01
-5.031595102855821455e-01
-3.780041303486363358e-01
-2.180473795458228725e-01
-3.855410404879489050e-02
1.407700571117995736e-01
3.007362175351935285e-01
4.259649396086300221e-01
5.044022944073054404e-01
5.292625749646957534e-01
4.983906400737370124e-01
4.187444752428848282e-01
2.978708982410718242e-01
1.496470264984555154e-01
-1.012634030110570738e-02
-1.645395652517239737e-01
-2.985635638589581031e-01
-3.980537155244351366e-01
-4.531793829610637481e-01
-4.627376749294898062e-01
-4.259398188551173359e-01
-3.471290900805393820e-01
-2.348210337806635462e-01
-1.026042056027443028e-01
3.681255338946809452e-02
1.681607372263658196e-01
2.781634684387592760e-01
3.584732771070595625e-01
4.015909242237094556e-01
4.035261241129739496e-01
3.647660550237261656e-01
2.921666082613179061e-01
1.922036980835162279e-01
7.614849686043156929e-02
-4.344218877314565130e-02
-1.550888549950121265e-01
-2.487021589673391597e-01
-3.148866022072477344e-01
-3.476199058586665336e-01
-3.476273845051888189e-01
-3.152216042568732890e-01
-2.535701400679101214e-01
-1.694088623402365545e-01
-7.253549867393049855e-02
2.832053762393615948e-02
1.226858081921204935e-01
2.019007938735308816e-01
2.616487075377722515e-01
2.966252874937140849e-01
3.027430237898176557e-01
2.801776957783741473e-01
2.336640664602529505e-01
1.668945840225211086e-01
8.571196651881862749e-02
-1.963830508688979570e-03
-8.812995511392596182e-02
-1.656078470376040057e-01
-2.263670901993850570e-01
-2.649126145715068326e-01
-2.805228659195069252e-01
-2.716127196011440814e-01
-2.376509745663681894e-01
-1.817891390860827405e-01
-1.100432055704914092e-01
-2.782239769504912807e-02
5.709567153096006820e-02
1.369151785998086179e-01
2.056166254055245002e-01
2.571110330601946714e-01
2.844093106089415901e-01
2.844191498555674880e-01
2.595398503827484049e-01
2.110342963686135942e-01
1.417242624510186566e-01
5.780687085019886595e-02
-3.256014830780562530e-02
-1.219142128684884696e-01
-2.006693442690516971e-01
-2.611826021295596822e-01
-2.991551061779104126e-01
-3.102096144939635591e-01
-2.910504945617142791e-01
-2.428702269299164440e-01
-1.718138277979156525e-01
-8.266469191736691702e-02
1.721212663202553728e-02
1.182760630413466352e-01
2.105729944233043494e-01
2.853383876504000938e-01
3.328844979347915789e-01
3.473177078308322674e-01
3.285750962585387569e-01
2.767308099238925401e-01
1.947876903757452816e-01
8.969996379063660541e-02
-2.731278162867123438e-02
-1.460504319337123658e-01
-2.532836631757876544e-01
-3.373973479059321212e-01
-3.903110740895416875e-01
-4.054810625734681651e-01
-3.789849107681917406e-01
-3.117506674003646117e-01
-2.113783293651410045e-01
-8.541279629514553218e-02
5.300237924594775052e-02
1.894327047132446928e-01
3.093587519563927302e-01
4.005316444497970529e-01
4.513395782977029924e-01
4.548751748349662005e-01
4.123301223243656111e-01
3.257993837713477614e-01
2.026268390915717532e-01
5.431927321555085619e-02
-1.022655205714819715e-01
-2.520681456823901101e-01
-3.776389428302793227e-01
-4.650484991972163584e-01
-5.064963360927067226e-01
-4.957122837993930276e-01
-4.318563925147741456e-01
-3.198639717283068284e-01
-1.725216135225505765e-01
-2.454443892424662543e-03
1.717170070771119050e-01
3.313130073339523030e-01
4.588598464748687711e-01
5.404061205573111870e-01
5.651422192106017039e-01
5.281034059237676992e-01
4.354351896791657239e-01
2.943080830858588737e-01
1.185222885811347826e-01
-7.473042508200922196e-02
-2.634187413135533617e-01
-4.281107707422763253e-01
-5.489866865456499712e-01
-6.116585478279877863e-01
-6.111310573884186637e-01
-5.449552058318603009e-01
-4.189037351536288867e-01
-2.444310886574017072e-01
-4.204890276055617271e-02
1.692835439044964030e-01
3.659720595726878578e-01
5.258788001979104454e-01
6.314909447577585766e-01
6.704023442158020263e-01
6.374544051572883507e-01
5.336098559525317420e-01
3.714191048548201035e-01
1.648507841150896880e-01
-6.245920222928136312e-02
-2.861896172554813100e-01
-4.815687908180933396e-01
-6.277053721618587323e-01
-7.070428731357774055e-01
-7.089714191248044362e-01
-6.358436772513238466e-01
-4.925872425560406942e-01
-2.940854693005132692e-01
-5.986530538248036049e-02
1.827399769480464453e-01
4.089678606437747721e-01
5.923588699333630636e-01
7.123292199060657914e-01
7.582837022024664364e-01
7.228196709854097790e-01
6.088169942478294239e-01
4.263941808335938166e-01
1.974214598786554475e-01
-5.659791355445975558e-02
-3.069128550104350817e-01
-5.261748206749308210e-01
-6.904426583852547594e-01
-7.813186524826404300e-01
-7.884547907493965058e-01
-7.087268450339889725e-01
-5.529710022468141695e-01
-3.345230498508137140e-01
-7.815449763050952292e-02
1.894807312491713081e-01
4.382408146634189094e-01
6.418177599962489044e-01
7.762966931103036927e-01
8.253394152479258672e-01
7.865977418897442952e-01
6.613977716402013041e-01
4.631784819969986255e-01
2.111142196782627156e-01
-6.516602698317575104e-02
-3.377391020807369859e-01
-5.749496382464658328e-01
-7.504409968401650755e-01
-8.469093350023539912e-01
-8.519948421751974976e-01
-7.649533301239197502e-01
-5.928582954200066757e-01
-3.570495917071884184e-01
-7.952486675370784575e-02
2.082186243674375437e-01
4.752094539481963587e-01
6.920525382715079221e-01
8.350780600554668087e-01
8.875293216171697974e-01
8.411575332790885984e-01
7.050561982511360792e-01
4.910420598248979029e-01
2.230106977805788038e-01
-7.156131000017296184e-02
-3.587090238409968990e-01
-6.082961721503952202e-01
-7.916720351411340451e-01
-8.876891844612212479e-01
-8.889698559261169919e-01
-7.929042432835903265e-01
-6.105493228150062901e-01
-3.597685180321029685e-01
-7.116057173264045410e-02
2.269195788969260441e-01
5.011488032077644483e-01
7.210640575209659175e-01
8.636530350669382461e-01
9.125052111773437336e-01
8.630362953127101999e-01
7.183618551724437751e-01
4.969560090117017825e-01
2.193748514813531614e-01
-8.226486169667301951e-02
-3.758299225914917274e-01
-6.289351935947536942e-01
-8.144760236765796746e-01
-9.115434538990953017e-01
-9.077772237823316104e-01
-8.078608500094330847e-01
-6.199259417045399623e-01
-3.650322747978540505e-01
-6.886377739049920343e-02
2.341487403694129110e-01
5.125455054250702691e-01
7.343513449082128552e-01
8.748287472551818933e-01
9.220685947111313396e-01
8.689369395550372577e-01
7.218990783061909333e-01
4.949653316953035453e-01
2.161151318499681118e-01
-8.746416043573168597e-02
-3.814258318902821188e-01
-6.335552485093345343e-01
-8.169993065726173231e-01
-9.115510263125305990e-01
-9.076790619402942406e-01
-8.037990242062397206e-01
-6.143956691492430400e-01
-3.567216506748085436e-01
-6.133807608625296837e-02
2.402010934935914221e-01
5.145198915965818465e-01
7.327507431286446327e-01
8.705643658432764553e-01
9.118501649877959192e-01
8.564793717549130658e-01
7.082435586942199546e-01
4.843257385121586545e-01
2.074067955769403060e-01
-8.961117168231669261e-02
-3.762434657722305564e-01
-6.197186736056966572e-01
-7.936500553537149116e-01
-8.828887418189628189e-01
-8.763470295367051799e-01
-7.755310772513901441e-01
-5.900392134268450661e-01
-3.434938197654382463e-01
-5.971938298877432771e-02
2.287626761136258846e-01
4.907023128736480722e-01
6.980938369211675543e-01
8.286910059206700208e-01
8.690009275502139641e-01
8.133145491164706087e-01
6.717949676830283767e-01
4.573063199582301230e-01
1.947463366378325844e-01
-8.843160868248678419e-02
-3.602064787739462925e-01
-5.922379912015539594e-01
-7.585344903795336879e-01
-8.404680335630343446e-01
-8.334994125419390443e-01
-7.367909912556230845e-01
-5.619533469824973260e-01
-3.265790528903272927e-01
-5.909577671285037859e-02
2.136143363517974958e-01
4.606765011824038858e-01
6.552507219432748276e-01
7.786624636809862388e-01
8.171724334148375846e-01
7.679342291267410303e-01
6.352511217020930800e-01
4.370323758896923483e-01
1.921641382268282072e-01
-7.114143153723262447e-02
-3.245748086533001286e-01
-5.407637612800917370e-01
-6.970129368183615171e-01
-7.761315290391626043e-01
-7.684337973662860310e-01
-6.797982636242048127e-01
-5.183142393126026759e-01
-3.027272032384209499e-01
-5.558499064999178341e-02
1.944284990320506168e-01
4.214263176864077032e-01
5.998425700605241051e-01
7.101771389449802463e-01
7.444054221934550686e-01
6.979427847788248762e-01
5.771889218769712393e-01
3.947350989497175888e-01
1.739247690181522366e-01
-6.366157945575201538e-02
-2.915925262568419551e-01
-4.848865476266127628e-01
-6.241802300874017551e-01
-6.948194563077330077e-01
-6.906571134836425596e-01
-6.116907204587556102e-01
-4.696999559026994175e-01
-2.779848642052039631e-01
-5.928413383057928865e-02
1.628253381719044768e-01
3.642343543182116061e-01
5.241487288011317247e-01
6.250897857549586600e-01
6.558931569143380269e-01
6.179847917054945849e-01
5.145143774374807411e-01
3.574295126397968314e-01
1.630285534841369177e-01
-4.566087916489081078e-02
-2.472220035913906822e-01
-4.185223036647655048e-01
-5.412945624197122996e-01
-6.060223469857128897e-01
-6.053560174851776443e-01
-5.401886741127416292e-01
-4.173689088147719550e-01
-2.533166647854280251e-01
-6.381082684690608797e-02
1.296858267347682503e-01
3.059962686386741293e-01
4.469377589185088429e-01
5.380917863909657761e-01
5.701690706719053647e-01
5.393348889495022114e-01
4.527349282288184451e-01
3.185009970548433600e-01
1.527538335442388817e-01
-2.635919617343296384e-02
-1.988268487234904347e-01
-3.470220220057396165e-01
-4.544917273684700998e-01
-5.096992676790048638e-01
-5.108327173500883944e-01
-4.574267505684520563e-01
-3.560754814211607444e-01
-2.178645953174577210e-01
-6.035475029134695912e-02
1.006939581621355551e-01
2.469785288909023269e-01
3.626824715401502086e-01
4.382073415849123688e-01
4.656103617914262305e-01
4.426596306654597690e-01
3.721240954011935109e-01
2.643364845596325452e-01
1.294544903758754195e-01
-1.674885288140792738e-02
-1.580717692808535357e-01
-2.797979261564642606e-01
-3.696798465108970255e-01
-4.180828772512524827e-01
-4.198642698539589713e-01
-3.789704524159411836e-01
-2.993424167381648626e-01
-1.897712360796391939e-01
-6.205337512794506516e-02
6.890706302615279277e-02
1.897950892414488333e-01
2.867165125155402006e-01
3.494951179632510563e-01
3.750996355343190203e-01
3.607924579793089226e-01
3.083957078672596719e-01
2.239498218070770097e-01
1.188798509384580981e-01
3.234215946466445502e-03
-1.099819528989857131e-01
-2.080437900318312661e-01
-2.816828112330126421e-01
-3.237138902819660657e-01
-3.299865592419017890e-01
-2.999578019973254683e-01
-2.394552934039128056e-01
-1.540409713670594094e-01
-5.415758905606116169e-02
4.857978086538072837e-02
1.432463576416842521e-01
2.204569496151622676e-01
2.713901406056493659e-01
2.906942903818272583e-01
2.799496400774574845e-01
2.402509480605539149e-01
1.757872170368279807e-01
9.397416831196570008e-02
5.258847958314660787e-03
-8.151177342677007331e-02
-1.560728017707891935e-01
-2.105110928600376630e-01
-2.422257262432638836e-01
-2.479840832238039416e-01
-2.270401462267730430e-01
-1.824215095373815654e-01
-1.209077845699053633e-01
-4.802762040575192515e-02
2.779303281326805930e-02
9.761586690147683321e-02
1.547261570218743110e-01
1.937793871863953132e-01
2.106301352999568888e-01
2.038619983392444546e-01
1.769064693511819275e-01
1.321831697185344989e-01
7.451662030673511516e-02
1.066518182931752712e-02
-5.227221315149088721e-02
-1.081569647865225914e-01
-1.500778152112676178e-01
-1.737572224614631899e-01
-1.799350392965772816e-01
-1.680298814634291205e-01
-1.386398039161872431e-01
-9.542292508715655153e-02
-4.432863699797751078e-02
9.897227993114876554e-03
6.073401535926947759e-02
1.024058022864149375e-01
1.323196396472132719e-01
1.477348266299931545e-01
1.463404844930253912e-01
1.286678830804592888e-01
9.863561199266723811e-02
5.875918529510393284e-02
1.383286779954828738e-02
-3.021420459125179203e-02
-6.900081973087801579e-02
-9.902527471825206540e-02
-1.166249445535652018e-01
-1.201811854388249445e-01
-1.116133168896387140e-01
-9.159791445040910141e-02
-6.208085286003839354e-02
-2.716200676244795442e-02
8.591823185541969110e-03
4.198522145480598766e-02
6.877928696361945704e-02
8.609927796299454705e-02
9.464519682499172859e-02
9.354141728922815702e-02
8.206675437842836374e-02
6.214852345353949481e-02
3.708552020812061478e-02
8.963391445787838308e-03
-1.871361489523071242e-02
-4.252169767536884137e-02
-6.118641752187004013e-02
-7.310051405358697352e-02
-7.630366460271909013e-02
-7.096360621115926914e-02
-5.950751291615452576e-02
-4.273783564712052563e-02
-2.218118342196540027e-02
-6.994667931156106633e-04
1.953433701213769247e-02
3.684457138586605396e-02
4.886864311670047201e-02
5.457794920530445459e-02
5.513119320504178411e-02
5.029440468240053974e-02
3.996845519662062252e-02
2.590274150664484409e-02
1.031505709424940243e-02
-5.594882737225415070e-03
-1.999338246851534162e-02
-3.125884327946804042e-02
-3.924192958743510928e-02
-4.315322332087567769e-02
-4.188796432421448834e-02
-3.594963561496111737e-02
-2.702018228788327647e-02
-1.572216783940416640e-02
-3.198863664488960090e-03
8.875908525847187036e-03
1.954463778154358344e-02
2.785291624958974310e-02
3.227941334857598044e-02
3.239344216849682212e-02
2.916735538314174647e-02
2.280509243826500665e-02
1.414732794703987828e-02
4.745783927969871030e-03
-4.196480656757262118e-03
-1.195313189819402488e-02
-1.767790352550357991e-02
-2.082846640021895901e-02
-2.169098682188119742e-02
-2.016567122552836988e-02
-1.632801356857782604e-02
-1.109113446364862199e-02
-5.703184020195317672e-03
-5.436763033818126090e-04
3.992406829143924085e-03
7.421027950182290667e-03
9.978959365358974765e-03
1.139189635066006900e-02
1.124034383827998695e-02
9.812865097378775658e-03
7.626893800748879571e-03
4.843098565231684915e-03
1.777232835689535051e-03
-1.143490964161331114e-03
-3.718600318697640184e-03
-5.730841114957363480e-03
-6.962067216534917335e-03
-7.443424450234714662e-03
-7.444153646334994434e-03
-6.947428797500432296e-03
-5.922811395288829495e-03
-4.581058683672312171e-03
-3.122379660588814332e-03
-1.653900596376045584e-03
-2.669629315724675322e-04
9.858781851912468142e-04
2.145787490953621202e-03
3.098886232845599054e-03
3.573845457329527520e-03
3.522393049719907410e-03
3.067711267496608940e-03
2.253527403757393799e-03
1.245441739547548110e-03
2.115958872035417215e-04
-7.953378976915947973e-04
-1.672358000228246766e-03
-2.267758417466181342e-03
-2.503904628744835215e-03
-2.369938203475308036e-03
-1.889761033869952200e-03
-1.199035631289202541e-03
-4.726724653284497535e-04
9.827887018798442398e-05
4.752445569273788806e-04
6.806540886878931218e-04
7.061979630604842129e-04
6.380141453565801868e-04
4.735302391869478100e-04
2.046239486610534897e-04
-8.256264272488156308e-05
-3.137111738641396030e-04
-4.753181843540899010e-04
-5.691141607141458891e-04
-6.034143679211068090e-04
-6.244405555733134605e-04
-6.260605607663061178e-04
-5.937081058355886398e-04
-5.556216906383859566e-04
-5.339952906641132202e-04
-5.314292319402724729e-04
-5.460392904653721402e-04
-5.710012517710083557e-04
-5.877290070607221750e-04
-5.991254541077850604e-04
-6.138438889684572075e-04
-6.257621295487902913e-04
-6.313935935401415733e-04
-6.304496385804991831e-04
-6.216509650683876842e-04
-6.072329072364102132e-04
-5.927425356232474130e-04
-5.778005305220323962e-04
-5.609705790206032106e-04
-5.436716345006420426e-04
-5.256705556644369892e-04
-5.077473384774711107e-04
-4.919913102707784702e-04
-4.787010734594865369e-04
-4.671227672475852799e-04
-4.566477863950924032e-04
-4.471352171433462530e-04
-4.384441457334631309e-04
-4.304336584062262716e-04
-4.229628414028629990e-04
-4.158907809643785924e-04
