-2.161399638721543948e-01
-2.346715749920217364e-01
-2.268944282875748897e-01
-1.975785279629832525e-01
-1.514938782224171110e-01
-9.341048327004630725e-02
-2.809834731004090536e-02
3.967252545342980774e-02
1.022939092909098679e-01
1.564337291766351168e-01
1.980660505081606182e-01
2.222507971744600574e-01
2.255606389453010951e-01
2.084455785229593072e-01
1.717960452350846268e-01
1.182590337920101931e-01
5.204501214600321113e-02
-2.055187455127827079e-02
-9.343536835227206350e-02
-1.588822209023951215e-01
-2.104975389396861463e-01
-2.442151942073845783e-01
-2.561604651252403775e-01
-2.432545688338505485e-01
-2.057676722743176922e-01
-1.480827801072936989e-01
-7.417156779567124492e-02
9.444061171984596825e-03
9.477391168325444148e-02
1.733153801637010716e-01
2.377001940745562258e-01
2.801733691393835102e-01
2.956545938675654295e-01
2.833779314511168934e-01
2.430777524310288040e-01
1.771671045050897675e-01
9.116220449474443654e-02
-5.940042929732158861e-03
-1.059622294704404277e-01
-1.983770995289750871e-01
-2.736529944223337063e-01
-3.246628051903359680e-01
-3.454326362012728469e-01
-3.320133170501657904e-01
-2.843076605101604315e-01
-2.076003036188504014e-01
-1.074802501855113279e-01
6.669305264512370712e-03
1.239858319033926293e-01
2.321714911827394978e-01
3.205226339184874540e-01
3.783748621901628084e-01
3.986139311362499882e-01
3.799712629694891319e-01
3.223512780061921212e-01
2.300080062487843691e-01
1.107585261384917974e-01
-2.264661732466799471e-02
-1.581183263317679222e-01
-2.807069429117983184e-01
-3.772562363753980685e-01
-4.378650848784952920e-01
-4.550213639367067797e-01
-4.253158021488820939e-01
-3.498156389806120758e-01
-2.365896945261316553e-01
-9.461350441937443900e-02
6.094406299955479334e-02
2.142308848098191110e-01
3.488836868464795238e-01
4.509563893303176751e-01
5.081224803262813783e-01
5.127141962021626309e-01
4.651916085144516266e-01
3.679856711230808930e-01
2.300557726503831280e-01
6.396935834422601275e-02
-1.119373077625891444e-01
-2.805941199780643824e-01
-4.227880464608102518e-01
-5.231016114329540834e-01
-5.719800649551499694e-01
-5.622636609277815722e-01
-4.934644728810415604e-01
-3.706466175808281749e-01
-2.074196605326221743e-01
-1.800363133379978553e-02
1.770751920357609421e-01
3.575905669158712108e-01
5.039864081218299319e-01
6.004090682136042911e-01
6.351253439726551875e-01
6.021741427071798380e-01
5.065094799054545849e-01
3.553374113679692581e-01
1.638770867952503707e-01
-4.963984037735258426e-02
-2.615416127452591111e-01
-4.503798928666367107e-01
-5.945086772028598254e-01
-6.775054404267726316e-01
-6.916605737267400578e-01
-6.329298891264072413e-01
-5.066341376432810240e-01
-3.236199917667264003e-01
-1.046011539227613696e-01
1.300760563918390567e-01
3.547306563775340926e-01
5.453375646387406128e-01
6.813149541683256594e-01
7.472481677575710801e-01
7.354185813265030625e-01
6.444304101783753236e-01
4.849497922599044220e-01
2.703653760079129942e-01
2.463397067415140640e-02
-2.272582607618283124e-01
-4.578611516431876360e-01
-6.431855496146756668e-01
-7.621438798773741974e-01
-8.003451077923320334e-01
-7.554679931902851253e-01
-6.293030068921460218e-01
-4.350742366143642847e-01
-1.909318888521422952e-01
7.543756019735092799e-02
3.376191751081343284e-01
5.659641941383053432e-01
7.359282166363252387e-01
8.308529133093871533e-01
8.384971073826685828e-01
7.574873793294889524e-01
5.938750070724001517e-01
3.667953770972833816e-01
9.693763792679210844e-02
-1.857033944021065919e-01
-4.517883138549289024e-01
-6.724414990455431784e-01
-8.239444636435986347e-01
-8.892816296662745534e-01
-8.591297243206117429e-01
-7.392757270874705799e-01
-5.392976875423168837e-01
-2.807766124897271842e-01
1.112404065018202104e-02
3.036506557355596048e-01
5.668997881251385262e-01
7.713247435741967806e-01
8.941293457332286643e-01
9.241877579780040097e-01
8.557410818069921543e-01
6.963757599974702561e-01
4.604080264147019097e-01
1.753508910430565670e-01
-1.314485288675393271e-01
-4.260179956458828299e-01
-6.768923228741949849e-01
-8.572879801757186113e-01
-9.470765187968945842e-01
-9.369457643434886407e-01
-8.253489692458940707e-01
-6.264023050149024607e-01
-3.577459894549100961e-01
-5.011350357112565046e-02
2.648601039244424804e-01
5.526447809252090781e-01
7.831584286103299153e-01
9.309701500402343122e-01
9.786847307350758918e-01
9.240489223639933858e-01
7.700263150391370992e-01
5.340191938285119289e-01
2.387900954206121362e-01
-8.169823368102535621e-02
-3.951620828913006145e-01
-6.664225036104640676e-01
-8.663964250823403823e-01
-9.759266626372410380e-01
-9.813946474563569611e-01
-8.828368352917869144e-01
-6.884677439919660857e-01
-4.218876415214247722e-01
-1.083158592670093734e-01
2.169275999596911308e-01
5.197573132547370633e-01
7.674760775480093944e-01
9.334768571138158944e-01
1.000000000000000000e+00
9.578137068511975993e-01
8.151522377793460894e-01
5.844262873731160823e-01
2.915527719223085512e-01
-3.422132898904473031e-02
-3.560678577503175735e-01
-6.407074128848524452e-01
-8.566219311680657311e-01
-9.798128604459113156e-01
-1.000000000000000000e+00
-9.127923321776433285e-01
-7.289018416123125288e-01
-4.657512710808132672e-01
-1.545822928002638097e-01
1.740277165916623847e-01
4.836142520490069874e-01
7.409109059995226954e-01
9.189839750929906792e-01
9.980954030208315508e-01
9.710732015818726026e-01
8.386471446109464711e-01
6.182032504318508703e-01
3.303076463831711163e-01
8.403494920838472382e-03
-3.138232987222971948e-01
-6.010833468793224110e-01
-8.231330473475348963e-01
-9.560838325379471536e-01
-9.843421835629546646e-01
-9.087180362803755074e-01
-7.350031050633254459e-01
-4.836203769558884424e-01
-1.797015071425006605e-01
1.414161495812897851e-01
4.467968921827940587e-01
7.022977817500462017e-01
8.803215014632570501e-01
9.647698133558566536e-01
9.449998372720722628e-01
8.246529461847511566e-01
6.149408546650412255e-01
3.418132043524604313e-01
3.197048366103172334e-02
-2.793809071159113477e-01
-5.590416519202867640e-01
-7.772226237700999851e-01
-9.104192364504470891e-01
-9.455930328728169298e-01
-8.775323279020952327e-01
-7.172604498903824011e-01
-4.795256303407017251e-01
-1.923407042375725462e-01
1.144968142023796709e-01
4.065687828115744917e-01
6.533224043312058082e-01
8.277304290313551860e-01
9.102939571919370643e-01
8.959628860593675803e-01
7.845786890411203807e-01
5.900775394892741055e-01
3.318533266422412087e-01
4.073315449677816780e-02
-2.535659491579104197e-01
-5.176853794886582261e-01
-7.231469398438130636e-01
-8.499545208335932411e-01
-8.836339359023700490e-01
-8.222711070366035546e-01
-6.711967471468238688e-01
-4.503849829311986630e-01
-1.813523236560340424e-01
1.047312463797580584e-01
3.773307218512700345e-01
6.067752834032456022e-01
7.686042339131862189e-01
8.456752662980138169e-01
8.284266024086812674e-01
7.233088380084420344e-01
5.401125758666440735e-01
3.007903897460300069e-01
3.032007356763521955e-02
-2.398522353859912082e-01
-4.813530401153199856e-01
-6.673240910068131138e-01
-7.772354376540748788e-01
-8.026196700511977200e-01
-7.396487984148049089e-01
-5.973454654854715162e-01
-3.903656304927627385e-01
-1.448865690499884229e-01
1.142460162646676824e-01
3.577291932202912861e-01
5.587854267745637760e-01
6.967738860732826112e-01
7.565513936668795125e-01
7.335227566437965141e-01
6.293230069366291257e-01
4.587568689548471301e-01
2.385640548881380330e-01
-4.817428987090366377e-03
-2.450448649776073573e-01
-4.554550693879233503e-01
-6.135445062225115542e-01
-7.023756805097608469e-01
-7.115802164660836038e-01
-6.444544655465473948e-01
-5.071494817377659725e-01
-3.164508445476456044e-01
-9.240165951942880262e-02
1.382451369751205306e-01
3.510350383696292376e-01
5.216686281616869092e-01
6.312867914535549296e-01
6.711427686076651966e-01
6.360933254449363528e-01
5.317480831446621536e-01
3.689488403330001276e-01
1.688987705963724828e-01
-4.795094401014698970e-02
-2.564082948486895441e-01
-4.331615987199203266e-01
-5.595306308883184476e-01
-6.216484805854310958e-01
-6.141531040166325894e-01
-5.370977874599802693e-01
-4.022527537469784420e-01
-2.229541532990823027e-01
-2.150342799457272136e-02
1.796544061412086446e-01
3.577721668903770524e-01
4.935866974878719837e-01
5.722049787403731269e-01
5.843808150821130365e-01
5.326406623790698180e-01
4.217785546081063153e-01
2.656683119469298582e-01
8.119639534481470911e-02
-1.088351886486521591e-01
-2.839844793761289177e-01
-4.238650056252372123e-01
-5.127701907989987706e-01
-5.439921239675217235e-01
-5.133254822780930482e-01
-4.254906749703319946e-01
-2.898966530889881543e-01
-1.245888796812868460e-01
5.331494299032546458e-02
2.226795602888316239e-01
3.640713199552145785e-01
4.623765442723095642e-01
5.065711760767412919e-01
4.930640806787280894e-01
4.227544083461058921e-01
3.062762354373449458e-01
1.552348599695327902e-01
-1.157328612362062970e-02
-1.752902516737221417e-01
-3.171201156335897720e-01
-4.214040359738607799e-01
-4.762786132145886420e-01
-4.748815105034799311e-01
-4.208821041863566315e-01
-3.193590669927875991e-01
-1.827067032362613697e-01
-2.578612551206072023e-02
1.319753322800527595e-01
2.732881830834996695e-01
3.811952639616593697e-01
4.430927743392014673e-01
4.546646484082093043e-01
4.137376685220706118e-01
3.258344284532337376e-01
2.003504011733165946e-01
5.393438119413507259e-02
-9.819297051480657679e-02
-2.379817411972959817e-01
-3.489458478796330088e-01
-4.191561417694952274e-01
-4.404428266859085062e-01
-4.113089538506091714e-01
-3.341690890919932766e-01
-2.200192517823114091e-01
-8.021413575079161529e-02
6.807512831007578313e-02
2.078622689767737342e-01
3.231074357491239279e-01
4.008731065540833693e-01
4.320633346378661699e-01
4.121549511401274568e-01
3.460977967870766392e-01
2.399880657485458091e-01
1.070132531245613361e-01
-3.800836281777686398e-02
-1.775215108101213524e-01
-2.961964071701151946e-01
-3.797383875758860716e-01
-4.180727033416978822e-01
-4.092767558365224545e-01
-3.532434047266576060e-01
-2.568596731203144357e-01
-1.304240786961958776e-01
9.622759171241668241e-03
1.486361091023264969e-01
2.701199044541404692e-01
3.598689794095932815e-01
4.090735469263884205e-01
4.115562172362421389e-01
3.674093831676967792e-01
2.807432926608457446e-01
1.632444993539987621e-01
2.651568659533909411e-02
-1.129346318566141205e-01
-2.391672155181596704e-01
-3.380089632807996569e-01
-3.983467575578415465e-01
-4.135182248223499002e-01
-3.809578384352684255e-01
-3.063134680124031117e-01
-1.963339722008942134e-01
-6.441014136893064013e-02
7.492622133620541192e-02
2.053204257625482754e-01
3.125877900349778304e-01
3.838024721270443251e-01
4.102690875506276313e-01
3.914894953893490737e-01
3.283857069875653067e-01
2.282289835771393882e-01
1.014099968768440441e-01
-3.631490176880136644e-02
-1.704990035406013238e-01
-2.850062023194029903e-01
-3.666877411434995571e-01
-4.080252020702695992e-01
-4.036658305185868434e-01
-3.542814091359527406e-01
-2.645731886196669436e-01
-1.464403511828951121e-01
-1.136330450526001901e-02
1.248027834311071782e-01
2.466452692899965271e-01
3.407865362852642299e-01
3.968493128396464176e-01
4.086357094539374568e-01
3.739728234843415766e-01
2.986679440972224153e-01
1.895026416722032092e-01
5.982797430455000232e-02
-7.600559522009286972e-02
-2.024612541336604510e-01
-3.060557240969419279e-01
-3.746679687695739780e-01
-4.001937936847702604e-01
-3.823025440300380495e-01
-3.219887889313894913e-01
-2.262053529978328426e-01
-1.049927280809136443e-01
2.659034332240950427e-02
1.549373394126101200e-01
2.649225010144395931e-01
3.442755842284721535e-01
3.862704156080105644e-01
3.856908614885294906e-01
3.427465417418689153e-01
2.616910860304426656e-01
1.532474121025242386e-01
2.784259621855533773e-02
-9.986151957109090649e-02
-2.155871208712486498e-01
-3.069227711627763311e-01
-3.640873725345993295e-01
-3.810449716442005919e-01
-3.554538315906599077e-01
-2.922933733931037947e-01
-1.972650677656675455e-01
-8.150487053564725581e-02
4.249054813703567746e-02
1.606104334232412167e-01
2.604994598759196034e-01
3.305958305630125604e-01
3.629808984740181543e-01
3.567434052962590307e-01
3.119051145834683680e-01
2.335688497339081238e-01
1.298940319141912436e-01
1.366979364502163286e-02
-1.033382709469411465e-01
-2.075329341338989497e-01
-2.873966804278800247e-01
-3.358363078244519517e-01
-3.474371535924629661e-01
-3.212850886315823384e-01
-2.599743193046365475e-01
-1.720172667733282923e-01
-6.571658549839409780e-02
4.666003414235952995e-02
1.526491259973550285e-01
2.409671842614589110e-01
3.024589443077432271e-01
3.302201152836721221e-01
3.208229726156286432e-01
2.778782756822997246e-01
2.053428447406127066e-01
1.116934864142464789e-01
7.165021832053808382e-03
-9.618277211561665485e-02
-1.877058412929972775e-01
-2.568992438209561913e-01
-2.962059055388349682e-01
-3.037987705532629867e-01
-2.785853851956684446e-01
-2.236411438397770679e-01
-1.450567715024647653e-01
-5.315505777603379833e-02
4.306935283888702060e-02
1.327527955256486702e-01
2.059162788578370318e-01
2.560003483156800819e-01
2.778028737470927823e-01
2.693673590099270321e-01
2.316983287272718073e-01
1.704861699998005964e-01
9.137800940496809687e-02
3.722195022094698658e-03
-8.268102976794500236e-02
-1.587177044854177765e-01
-2.167146589357729081e-01
-2.501671256098397800e-01
-2.554421680481688828e-01
-2.346829585257380613e-01
-1.898413974104815605e-01
-1.256512948424611809e-01
-4.899964820587732195e-02
3.101877836944844091e-02
1.062731840389947724e-01
1.679461657006546815e-01
2.095295434850492633e-01
2.288895308961573782e-01
2.239346955465890687e-01
1.952338152956754058e-01
1.461600997298342364e-01
8.352215254102590691e-02
1.316327223239932565e-02
-5.706582317999275844e-02
-1.191700199660696846e-01
-1.671182953504209978e-01
-1.962804644567229806e-01
-2.036030217331110670e-01
-1.883167556010254540e-01
-1.538499835971515184e-01
-1.033448449428369109e-01
-4.286697913827208772e-02
2.053896530743615223e-02
8.004388127528905272e-02
1.297720108955389140e-01
1.639450826969548469e-01
1.789679269244450754e-01
1.755764664553254306e-01
1.541049930014972702e-01
1.167199441823050243e-01
6.779244240203929905e-02
1.370125606534666751e-02
-4.028888391190865725e-02
-8.785722891270153490e-02
-1.238914168941548377e-01
-1.464938238403020732e-01
-1.534329237201479401e-01
-1.438546067653294624e-01
-1.192893192445924067e-01
-8.361547483292064431e-02
-3.993068297996071880e-02
6.714711562768593822e-03
5.079998930059437257e-02
8.809279926180457743e-02
1.151503917225826790e-01
1.289617805243234994e-01
1.283022744081405708e-01
1.151158358389416936e-01
9.055357205622516226e-02
5.707301376666951143e-02
1.859491377733668571e-02
-2.054898293067108916e-02
-5.659543251669862940e-02
-8.502819024601826481e-02
-1.029739082099920822e-01
-1.106531745000466360e-01
-1.073253679489584167e-01
-9.281711984206841848e-02
-6.904660526443950896e-02
-3.943148767703230639e-02
-6.567278756581029775e-03
2.567687545834917984e-02
5.360532960452712992e-02
7.532683657300598412e-02
8.891072875019090382e-02
9.235280103927934192e-02
8.549166480662084844e-02
7.053500951796443097e-02
4.868776190224588518e-02
2.241528593596675556e-02
-4.810226339091228098e-03
-3.020077177560809290e-02
-5.149864018456984383e-02
-6.602100868363303121e-02
-7.238927190168864545e-02
-7.151883923551860534e-02
-6.341487243043308908e-02
-4.864317965400655197e-02
-2.939047980935605153e-02
-8.390104239740736602e-03
1.263027877050282299e-02
3.112977414818929311e-02
4.506505074042910231e-02
5.445015076027925893e-02
5.842349054723960933e-02
5.590152126544989386e-02
4.755299849682215196e-02
3.524428168749649259e-02
1.991929668745462401e-02
3.216771547663643815e-03
-1.281521387331374662e-02
-2.700485486312353967e-02
-3.814391425660912383e-02
-4.458023647713715842e-02
-4.593013512489352301e-02
-4.335403317398001111e-02
-3.691412007476779777e-02
-2.685697305823075975e-02
-1.463479810418011340e-02
-1.785488128229206772e-03
1.070220136820521084e-02
2.136307789822233794e-02
2.914786979575967329e-02
3.418249101926273958e-02
3.596251980134046455e-02
3.379672534114530613e-02
2.821098798817955888e-02
2.047442002292743091e-02
1.113066642816362695e-02
1.058938214390403587e-03
-8.560778578411532003e-03
-1.708756881578488152e-02
-2.376864691720259604e-02
-2.735452487502765262e-02
-2.751003899133819264e-02
-2.499517104662851708e-02
-1.995728573340205259e-02
-1.297885179592095373e-02
-5.187166540117305047e-03
2.537098042819208032e-03
9.571658537270932854e-03
1.512393018347069074e-02
1.866243244987453309e-02
2.027035650847275328e-02
1.979048291289942085e-02
1.713577894592366313e-02
1.290573986477006052e-02
8.113714822968853824e-03
3.076769401179291208e-03
-1.849200667697892264e-03
-6.152823483521197012e-03
-9.848003007256078689e-03
-1.259168773751329073e-02
-1.381847080012443829e-02
-1.356187412859710673e-02
-1.219035369243326450e-02
-9.785256772347428189e-03
-6.544004545533388395e-03
-2.887553364649186882e-03
8.094632407704693833e-04
4.254315836565991660e-03
7.060598693260144998e-03
9.006954224053176361e-03
1.018289738923439103e-02
1.045669758776313074e-02
9.590565440379617002e-03
7.716375134156905347e-03
5.193453286298943539e-03
2.201304110460267083e-03
-9.541037994834633551e-04
-3.923553272188962104e-03
-6.542271700910595733e-03
-8.564170349005473248e-03
-9.520763536080778522e-03
-9.262216656344635091e-03
-8.015680138392933252e-03
-5.878449903845561764e-03
-3.216044126620021260e-03
-4.913512549464815748e-04
1.995659052576925774e-03
4.041609664746204089e-03
5.433240612688905458e-03
6.042131932190386578e-03
5.941937907531613661e-03
5.151776089234560985e-03
3.815534674975307183e-03
2.264699660631919187e-03
8.810815447075626139e-04
-2.461825119794980310e-04
-1.112976177327307248e-03
-1.675735876121575707e-03
-2.084230438039624822e-03
-2.289442177093037323e-03
-2.194363316606939840e-03
-1.910372598452725335e-03
-1.559380169179780395e-03
-1.162246986734505327e-03
-7.292374233920373428e-04
-2.799087889624463088e-04
2.091020111820718341e-04
6.944874234930953349e-04
1.116241088774172496e-03
1.477208325214141027e-03
1.789921967876084707e-03
2.023247254318238930e-03
2.092448869646990062e-03
1.963983217641906975e-03
1.658809034463137877e-03
1.202818923125681394e-03
6.760155364480269213e-04
1.449484752753527061e-04
-3.607190582214370167e-04
-7.988846928457249419e-04
-1.107682262107556603e-03
-1.250071591694990047e-03
-1.222339440077657713e-03
-1.036262655003006294e-03
-7.517030298976878910e-04
-4.430850207888248349e-04
-1.870513222942404852e-04
-2.190363171616915849e-06
1.176249857222089190e-04
1.668061777884144448e-04
1.757632334193903745e-04
1.425312745613194210e-04
6.506094702496412197e-05
-2.005757830536580855e-05
-7.781502622672409331e-05
-1.043446653608004482e-04
-1.064377438897423644e-04
-8.988791206276935952e-05
-7.642156624831919487e-05
-6.273986035876255585e-05
-3.844222217697090827e-05
-1.317414704726793673e-05
5.763054885754570478e-06
1.825159474844184615e-05
2.529822921304436534e-05
3.050120031988790004e-05
4.135953253792123974e-05
5.633156801576610917e-05
7.069944900695013246e-05
8.487364869469438133e-05
9.785464152378686720e-05
1.093474373308200853e-04
1.199719683262490122e-04
1.286800470758908688e-04
1.344721468485854388e-04
1.375395161742343220e-04
1.384951622807051308e-04
1.378585975078117087e-04
1.364273109012437146e-04
1.341933493128610877e-04
1.304089827263155144e-04
1.249459974861366618e-04
1.178177026532889471e-04
1.093048516258576797e-04
1.001343327284853757e-04
9.061243556574005709e-05
8.076342365437305659e-05
7.096096916692218315e-05
6.191559429891135835e-05
5.405981303052698195e-05
4.752718576717107624e-05
4.163389396305561263e-05
3.629681353212177441e-05
3.143282038786665566e-05
2.695879044400939506e-05
2.279159961471322049e-05
1.884812381347522603e-05
