-1.770527189013555436e-01
-3.799926338815569071e-01
-4.926872641281989651e-01
-5.279336549895954356e-01
-4.985288518140598146e-01
-4.172698999499059314e-01
-2.969538447454476149e-01
-1.503777315489983613e-01
5.017227671421986557e-03
1.617993349480908449e-01
3.067383775739145335e-01
4.197432554101661051e-01
4.856278535599241053e-01
4.995098432352054196e-01
4.577249352890602196e-01
3.647943153597525967e-01
2.291919820906638261e-01
6.783258425486016208e-02
-1.039753656711011054e-01
-2.663330104369161511e-01
-3.999621827007031616e-01
-4.899658781226323701e-01
-5.258411072909274786e-01
-5.026052580247568624e-01
-4.208294783772810188e-01
-2.912969351835924536e-01
-1.251371307563178270e-01
5.780518439319703994e-02
2.367510013384575007e-01
3.914860015836971741e-01
5.052013450364165603e-01
5.633302164310944882e-01
5.577144523453734237e-01
4.923370751166180614e-01
3.719951681961939371e-01
2.089898864373327392e-01
2.019152250648703628e-02
-1.713751803279985886e-01
-3.456819491282560053e-01
-4.813107174135772270e-01
-5.624596896648654809e-01
-5.834266690586649151e-01
-5.397618874218195195e-01
-4.349040044503602598e-01
-2.790155454553991943e-01
-9.160698015036428110e-02
1.095404794955212591e-01
3.011100315110188941e-01
4.609565194798148635e-01
5.716102560615852202e-01
6.203741646826979039e-01
6.015171595303996366e-01
5.153232038042929730e-01
3.732396075311295025e-01
1.876306080940988164e-01
-1.974981800007680199e-02
-2.260398923487941802e-01
-4.079084671880773838e-01
-5.456856172692614582e-01
-6.220928146104662826e-01
-6.269028853838249926e-01
-5.633249449273496356e-01
-4.358514068427074006e-01
-2.576961087250703164e-01
-4.694120545152957735e-02
1.711645618031085725e-01
3.738021192170661866e-01
5.361297011612864427e-01
6.393387652279693967e-01
6.749893988557704727e-01
6.370757706860141756e-01
5.288236035481277408e-01
3.604941745280525467e-01
1.533511471362443146e-01
-7.293598225302089233e-02
-2.923382919577748318e-01
-4.798008163730901332e-01
-6.148078223994281055e-01
-6.821218616055444439e-01
-6.737905647903188466e-01
-5.886698470703015662e-01
-4.384594954147303936e-01
-2.362464203862501000e-01
-6.301925739434777185e-03
2.259094995524308924e-01
4.342502283899440929e-01
5.964076634317119208e-01
6.927889833209275317e-01
7.112117093809047219e-01
6.535419595673133131e-01
5.236439023025043493e-01
3.354502931538849708e-01
1.082657243803657465e-01
-1.303035177653005805e-01
-3.554655854383796942e-01
-5.401197833406983229e-01
-6.633528236209398354e-01
-7.151541956552946999e-01
-6.877757859015800612e-01
-5.834027828551224815e-01
-4.119793043000478105e-01
-1.951327940054884413e-01
4.651565082047048882e-02
2.848922863594789412e-01
4.931084617944889725e-01
6.484971043437937066e-01
7.337670022023015104e-01
7.394890916801133418e-01
6.633083632764815718e-01
5.163422820171865713e-01
3.113552811502326989e-01
7.224068540818917583e-02
-1.752461527864431767e-01
-4.031462970165026194e-01
-5.872694468382346766e-01
-7.056287176248046134e-01
-7.439063884119946346e-01
-7.021758198598193612e-01
-5.826469218779264381e-01
-3.980899332530751789e-01
-1.670765447252238189e-01
8.266142731172476665e-02
3.254542620002580655e-01
5.323505512021815544e-01
6.801017074585580247e-01
7.554532375152915868e-01
7.485578588154127022e-01
6.598294726887492523e-01
4.973813125067947372e-01
2.821057525384269571e-01
3.430683008764767727e-02
-2.175194530589887876e-01
-4.453491167658428784e-01
-6.242893064187164942e-01
-7.348035466777976810e-01
-7.639878934257327003e-01
-7.066454794098169234e-01
-5.727779554291649866e-01
-3.740710163853329107e-01
-1.336423946320521861e-01
1.226876368231160086e-01
3.656755076069675425e-01
5.697777591062429536e-01
7.111406480684672182e-01
7.732529686032649785e-01
7.534292461737979174e-01
6.517860023349253407e-01
4.795764938059789984e-01
2.543905098029477507e-01
4.027519626066400349e-03
-2.464176433887507178e-01
-4.681687677355825805e-01
-6.365404753807994975e-01
-7.358442466187513631e-01
-7.542181577188269426e-01
-6.896595199300091794e-01
-5.478307887248612396e-01
-3.472103446847475405e-01
-1.065170875007596107e-01
1.464581846664489984e-01
3.839976383060721421e-01
5.802334186512718706e-01
7.141579922183771689e-01
7.703392005266223030e-01
7.410423926869784683e-01
6.340812471856829280e-01
4.587776888130730146e-01
2.342697444154284714e-01
-1.622667182366954730e-02
-2.636171122587998017e-01
-4.821472527093109139e-01
-6.462955920109862973e-01
-7.374006843617357809e-01
-7.496476284668243117e-01
-6.800015058451316374e-01
-5.360437169166634153e-01
-3.321470051207132679e-01
-9.356831970960921563e-02
1.565206802644087958e-01
3.899339848700851263e-01
5.805001623341732309e-01
7.087412139889257556e-01
7.605593736067106647e-01
7.306594163971777967e-01
6.207399722706545830e-01
4.458014385054849260e-01
2.217482873431468882e-01
-2.508073733387283788e-02
-2.675834515880236575e-01
-4.794502628580810111e-01
-6.385486890861892251e-01
-7.267887344837842267e-01
-7.335184960139377042e-01
-6.627379934430372987e-01
-5.201644006072916326e-01
-3.212005629671265128e-01
-8.632355505238520355e-02
1.567269152714474423e-01
3.832112480364413543e-01
5.671556524726442117e-01
6.886320024341692214e-01
7.389737279037562612e-01
7.114462228708458014e-01
6.088072721401078802e-01
4.412726554236297005e-01
2.298495814325567377e-01
-5.597227964384776655e-03
-2.387816963069735454e-01
-4.442302780391006456e-01
-6.007537391622059797e-01
-6.919891983029453630e-01
-7.085210282000595772e-01
-6.475859018021554725e-01
-5.191956119748293297e-01
-3.346324154005557716e-01
-1.146955643833743599e-01
1.174230334112285057e-01
3.362488184205210118e-01
5.194636296456685010e-01
6.461262403179743874e-01
7.019910663669650663e-01
6.855802986630854523e-01
5.971747912256710755e-01
4.459811043423380639e-01
2.470710904562982702e-01
2.396779774922852546e-02
-2.014169589202289279e-01
-4.034248803526503391e-01
-5.603258161190194375e-01
-6.583059447520236418e-01
-6.864162134990650088e-01
-6.414333787302104462e-01
-5.272555453260989733e-01
-3.589618030527267356e-01
-1.515589091841887948e-01
7.162756075434550951e-02
2.865253088407078152e-01
4.707928001135155416e-01
6.058330194772481025e-01
6.765891624400266480e-01
6.747213178450708337e-01
6.051219398823231010e-01
4.736231732855400445e-01
2.938032005163815352e-01
8.394438320047759028e-02
-1.319691728332114122e-01
-3.325579921939244565e-01
-4.953745966962060931e-01
-6.032908923729309869e-01
-6.491595566320012001e-01
-6.271807094287670248e-01
-5.392222624463338665e-01
-3.940288193104468650e-01
-2.094855005288173144e-01
-2.226408023021098082e-03
2.055175742110875170e-01
3.916024051275244222e-01
5.374753133146588091e-01
6.284574824001907256e-01
6.546643928957149861e-01
6.124116624184439139e-01
5.096982153403606386e-01
3.552146303826038132e-01
1.648931725137681159e-01
-4.207277224051308995e-02
-2.434122032767125354e-01
-4.193811537001909118e-01
-5.502672413252724937e-01
-6.220192007002790513e-01
-6.311235931172189950e-01
-5.754227049920404014e-01
-4.599321050476188333e-01
-2.957469402285252125e-01
-1.019705264859874783e-01
1.036035653824434188e-01
2.987068386907292261e-01
4.627990527076653038e-01
5.806143511929011680e-01
6.399194867424689015e-01
6.336892527832083122e-01
5.614731038325857515e-01
4.334644734141812616e-01
2.602677432166142779e-01
6.055995756731324953e-02
-1.448779076837141133e-01
-3.347420549082253949e-01
-4.904565649105856462e-01
-5.944999579069709661e-01
-6.353323926379794706e-01
-6.123732850100678249e-01
-5.263145806759437217e-01
-3.850235518713839289e-01
-2.021014664120529547e-01
1.721268849861345984e-03
2.074353368362478189e-01
3.923735820464437918e-01
5.374356709505003771e-01
6.306596820943524140e-01
6.615997182021198242e-01
6.259113222028580559e-01
5.263982268357094707e-01
3.750807651384131525e-01
1.843151667942246608e-01
-2.567913801058274714e-02
-2.334157444141894411e-01
-4.177764111933822688e-01
-5.606389832489075964e-01
-6.456755875090612884e-01
-6.630407517428951181e-01
-6.146507066715654055e-01
-5.033944030744650355e-01
-3.392111253307333874e-01
-1.374656207122855189e-01
7.979757939499809716e-02
2.917973396697133293e-01
4.745052388872916804e-01
6.088831580094109519e-01
6.839412203951535929e-01
6.904778643664752913e-01
6.262965778992455324e-01
4.966195920214846460e-01
3.167379743756404409e-01
1.017979936550459374e-01
-1.255608012536506557e-01
-3.417625562763972891e-01
-5.243683768755209584e-01
-6.548574277947776245e-01
-7.174212880149497540e-01
-7.034643623646268384e-01
-6.180375063997471941e-01
-4.674210372588839535e-01
-2.662237802567678502e-01
-3.393784444583081150e-02
2.039676631399460760e-01
4.242449094708455881e-01
6.018956940200932415e-01
7.177052128696443933e-01
7.622695839403927920e-01
7.289717515195219821e-01
6.201353908650468760e-01
4.455933052070177869e-01
2.260382956829036782e-01
-1.922774818562167365e-02
-2.642409314779233798e-01
-4.831090772150178347e-01
-6.533486955549581143e-01
-7.569838353137141596e-01
-7.814627910301226166e-01
-7.220159523181134409e-01
-5.879836107606324358e-01
-3.902376314736407670e-01
-1.487824890339529693e-01
1.126472639425322164e-01
3.654113921027806189e-01
5.841254967118822972e-01
7.437024567275727360e-01
8.261072022094251288e-01
8.257715846474704691e-01
7.401043657234713802e-01
5.768289789173197679e-01
3.508823456887033565e-01
8.817347223927418653e-02
-1.868901553263863091e-01
-4.441977267562904341e-01
-6.560280500634555478e-01
-8.008485659684752012e-01
-8.625345645821923535e-01
-8.336499128395659097e-01
-7.147637711815922890e-01
-5.204807710746275351e-01
-2.672383415739417734e-01
1.657372799565393073e-02
3.012582947010564727e-01
5.563517544975318252e-01
7.556538025373193967e-01
8.762923212014317453e-01
9.037021475919437830e-01
8.386227960747056898e-01
6.849041721092361534e-01
4.581271698869828768e-01
1.802047591568745055e-01
-1.170223934106272567e-01
-4.041096111728740281e-01
-6.482884763310885479e-01
-8.233360153133373327e-01
-9.140312464967265127e-01
-9.085119544496417232e-01
-8.062754375037581855e-01
-6.160487787832924500e-01
-3.605802159462514478e-01
-6.295230565874987416e-02
2.439051156457723302e-01
5.275147083262334835e-01
7.576597206259270134e-01
9.099457221813243013e-01
9.668785076424422087e-01
9.200080797109055908e-01
7.787807777479438531e-01
5.550134541167102142e-01
2.720167711536074506e-01
-4.217510113008604566e-02
-3.521871678485026802e-01
-6.264052370422346083e-01
-8.336103863493734556e-01
-9.506340650929029357e-01
-9.687310553216402775e-01
-8.834268512131863149e-01
-7.035338890506113163e-01
-4.459917503009673823e-01
-1.413702285237233847e-01
1.814356838042201492e-01
4.868990284241183630e-01
7.417016612007316656e-01
9.192245923268429486e-01
1.000000000000000000e+00
9.755305527588786774e-01
8.459226540649504855e-01
6.279747778332345209e-01
3.409364740265736771e-01
1.780592255639446009e-02
-3.072515883354521860e-01
-5.990363610824651630e-01
-8.273077132634301112e-01
-9.664434272905821910e-01
-1.000000000000000000e+00
-9.290255675854302009e-01
-7.583096341474423463e-01
-5.063840572975302212e-01
-1.982634108138136009e-01
1.301797701509128657e-01
4.458719036840588235e-01
7.129434408222927733e-01
9.027195942233363635e-01
9.990708095466280803e-01
9.898303117672140328e-01
8.759929288722618779e-01
6.680670872568461593e-01
3.918470238511422288e-01
7.323845058136857489e-02
-2.519193473436746045e-01
-5.487709103466233973e-01
-7.858170082424460468e-01
-9.379047292038507067e-01
-9.885985737502818171e-01
-9.306079998505506490e-01
-7.750014495997679109e-01
-5.355031216163005370e-01
-2.386461603646857776e-01
8.518726351068384162e-02
3.995375294171352731e-01
6.720430135126123083e-01
8.720055464210891838e-01
9.771399907719400257e-01
9.808876995729012283e-01
8.807928823559143527e-01
6.881810961383645342e-01
4.219986781910289864e-01
1.142058588746817094e-01
-2.050970231112618780e-01
-5.002717491995959387e-01
-7.392336136395817325e-01
-8.983422317948399627e-01
-9.601830907300844542e-01
-9.189771610095072152e-01
-7.775212073225306053e-01
-5.548677754192025136e-01
-2.716203153158509576e-01
3.922306191270008568e-02
3.441603000078721220e-01
6.103856425258022966e-01
8.102393630059652185e-01
9.218886610479903876e-01
9.322707623211552441e-01
8.458101725392324077e-01
6.698091908414374185e-01
4.240188989313657952e-01
1.336996408781283563e-01
-1.670707114992787679e-01
-4.475740167811376180e-01
-6.761065017244545228e-01
-8.280676731315084194e-01
-8.921350980767888128e-01
-8.601499795980215302e-01
-7.362560944212048764e-01
-5.329230944840632755e-01
-2.757669707142063054e-01
1.049504103661491605e-02
2.935590807229604415e-01
5.425819908109092982e-01
7.319165677199952480e-01
8.417743533238497555e-01
8.617231930631861214e-01
7.888910042338115325e-01
6.352154362448001468e-01
4.146627420389530361e-01
1.531012609224959853e-01
-1.215494712375257969e-01
-3.791324327639623570e-01
-5.931921296264754950e-01
-7.398922590729068993e-01
-8.031006871251236134e-01
-7.815825915844906158e-01
-6.764130642257799586e-01
-4.996589882140325400e-01
-2.694698509742996517e-01
-1.341721095974812705e-02
2.425712782291147285e-01
4.690408925622759906e-01
6.417758621334312963e-01
7.461740897826334429e-01
7.706477626528116520e-01
7.133895628855937421e-01
5.802333980087095444e-01
3.894329093811119691e-01
1.590147696830075397e-01
-8.476653569041880942e-02
-3.153641919135439231e-01
-5.085466453568614487e-01
-6.445215545621890696e-01
-7.084599574907631814e-01
-6.927695242858762370e-01
-6.046935814851008839e-01
-4.525210828775831917e-01
-2.539404698530833837e-01
-3.035365013676227797e-02
1.925345819253350133e-01
3.918846048820752159e-01
5.452393731138733823e-01
6.360943685792053159e-01
6.595483295765123266e-01
6.126616328573637471e-01
5.015413496273348759e-01
3.384694119462294815e-01
1.448318274128992389e-01
-6.047855973714344469e-02
-2.545502608378242826e-01
-4.159514650729733143e-01
-5.297416745149885475e-01
-5.842544832470966121e-01
-5.747607194495657490e-01
-5.024709677047114464e-01
-3.785634939033465374e-01
-2.145648286330260612e-01
-2.994850058969644735e-02
1.548320395455493603e-01
3.201555508016453722e-01
4.493079386407119458e-01
5.279848359487895326e-01
5.477306604622251829e-01
5.118783048778268174e-01
4.238111455162874019e-01
2.931311684017912089e-01
1.338444974267432031e-01
-3.500635049534150944e-02
-1.961821111698088815e-01
-3.308662492306736480e-01
-4.248366872305233688e-01
-4.725105971106805525e-01
-4.687808243097829619e-01
-4.144068947129392333e-01
-3.158222566124305741e-01
-1.868853425690332193e-01
-3.978547958868150491e-02
1.088919668099701532e-01
2.422700293838710994e-01
3.470853778411335799e-01
4.130604168163276579e-01
4.333657737789058384e-01
4.058357098240024108e-01
3.371674327632967483e-01
2.337508172032993770e-01
1.081634044912600512e-01
-2.503012900153300802e-02
-1.512099203718865192e-01
-2.577206868159389597e-01
-3.322406442447336516e-01
-3.668593757309720482e-01
-3.624533062051584764e-01
-3.194486829577599662e-01
-2.425064214993336575e-01
-1.406345591695210562e-01
-2.723334561104828744e-02
8.648213872216503617e-02
1.871739750984822148e-01
2.638823720036573839e-01
3.120255381233734138e-01
3.267786404690491420e-01
3.065796684299888497e-01
2.545474020374447477e-01
1.789049666907918112e-01
8.647802962832962237e-02
-1.184513207665149892e-02
-1.044083049071777847e-01
-1.820876087158846968e-01
-2.374944913095252685e-01
-2.645718830794878684e-01
-2.608682804140288747e-01
-2.304575972982189080e-01
-1.760963614592498949e-01
-1.036333720150786064e-01
-2.159888818082000839e-02
6.064578261532282966e-02
1.349768609264740959e-01
1.921191124124752569e-01
2.261715780280175725e-01
2.376603923668549889e-01
2.254673336414918516e-01
1.901020203968846189e-01
1.360796810568685178e-01
7.105473538352358176e-02
1.058650554097706475e-03
-6.549998561876058112e-02
-1.209218164955120356e-01
-1.614535944208289608e-01
-1.833786558824495039e-01
-1.835589637429808629e-01
-1.624405855557486955e-01
-1.249749328188756170e-01
-7.434222234827891906e-02
-1.671210429005698384e-02
4.024915222164549000e-02
9.077235111474291074e-02
1.302325694342241214e-01
1.537790037906316964e-01
1.592077614866951318e-01
1.489325847477838138e-01
1.237668205481532446e-01
8.619879777705152790e-02
4.150719358989274355e-02
-4.372862764115859058e-03
-4.730786056924352057e-02
-8.182295166071906767e-02
-1.041649332148917306e-01
-1.151961826952107026e-01
-1.137920537866179416e-01
-9.907671286546615441e-02
-7.355380837762937052e-02
-4.148550676393214509e-02
-5.560431647479768813e-03
2.969327197637117166e-02
5.985679698855483899e-02
8.331288418314297672e-02
9.803646945801425261e-02
1.016027955387479587e-01
9.430162250463447471e-02
7.929577359900097377e-02
5.765404343705404777e-02
3.140964494131015528e-02
4.265578561482907816e-03
-2.104034978587732141e-02
-4.239552366337628886e-02
-5.685073045443278517e-02
-6.319919348329550157e-02
-6.302798051100411136e-02
-5.610869435485532630e-02
-4.244272885069932943e-02
-2.435192634644489651e-02
-4.643557567847955703e-03
1.515607954338316077e-02
3.273606883089019703e-02
4.612873403586492671e-02
5.528108372327000808e-02
5.927142632755777463e-02
5.687405353482222203e-02
4.887167566449823752e-02
3.739765865010857837e-02
2.324864726769382273e-02
7.780276156403864718e-03
-7.012069781349716813e-03
-2.000883171026901497e-02
-3.003690452960727786e-02
-3.513833191096482622e-02
-3.480593114577235081e-02
-3.035348792603231871e-02
-2.207767302517449348e-02
-1.117047784229585616e-02
3.855506748549064611e-04
1.123993184879523710e-02
2.049740032562907821e-02
2.716932821638229356e-02
3.067265927188422836e-02
3.132069341450471889e-02
2.905210047485229374e-02
2.409832724563232276e-02
1.766384796147746350e-02
1.136954224047914686e-02
5.645176623679803996e-03
8.100803023753933019e-04
-2.683592935898704290e-03
-5.306622002875349686e-03
-6.749390427746582155e-03
-6.454513561249486386e-03
-4.783870656063782256e-03
-2.295818175730879318e-03
8.158433213774074488e-04
4.142286190310429106e-03
7.227304913809184939e-03
9.895514264486982015e-03
1.190922887661405305e-02
1.303574282313579857e-02
1.333350352307771658e-02
1.311044327341570614e-02
1.237051406559652733e-02
1.113406983004106010e-02
9.658367101160747481e-03
8.154696969302044351e-03
6.733892954207343351e-03
5.462119273315524381e-03
4.356031964348749952e-03
3.336676511995984029e-03
2.507615601045287690e-03
2.133721875262173384e-03
2.242547201911415655e-03
2.702634208890941636e-03
3.471374681284888908e-03
4.398604301920183701e-03
5.343639244114850584e-03
6.289411249591037034e-03
7.134521244964053821e-03
7.714664097611789728e-03
7.951770776958966280e-03
7.821688261279602372e-03
7.349537300785469185e-03
6.677395315910938933e-03
5.971027325915700956e-03
5.413029024059712313e-03
5.041715678339997453e-03
4.835843485305080236e-03
4.806039801932948663e-03
4.872939936160225471e-03
5.038175276755207932e-03
5.306628343128005909e-03
5.593727502046341726e-03
5.825211080263459351e-03
5.987808739577937800e-03
6.084305633323072726e-03
6.122472383423005482e-03
6.147447483517254341e-03
6.153214725606481750e-03
6.125299390260741106e-03
6.091528644992072472e-03
6.073945076043196778e-03
6.074979822096926441e-03
6.092472415919480966e-03
6.119580202435415117e-03
6.137895634845014214e-03
6.150299216051591245e-03
6.165503520420667627e-03
6.177585305351618317e-03
6.183197697276376914e-03
6.182094982942532013e-03
6.172922866300778466e-03
6.157879340342287122e-03
6.142496407580910756e-03
6.126466874150304776e-03
6.108500590318755030e-03
6.090048338405429362e-03
6.070839061587118834e-03
6.051735006604719302e-03
6.035007981627815710e-03
6.021065156403659913e-03
6.009202277285297100e-03
5.998649240618769696e-03
5.989249292350118381e-03
5.980845678424717704e-03
5.973281644788830391e-03
5.966400437387830991e-03
5.960045302167760184e-03
