6.044453521776564919e-01
8.830758573567791814e-01
1.000000000000000000e+00
9.810608320077793820e-01
8.521014052805784278e-01
6.389647717188571274e-01
3.674939832230763592e-01
6.353209169369611331e-02
-2.328801203416832610e-01
-5.049234716223182096e-01
-7.273791130952915740e-01
-8.716334040957918194e-01
-9.199390635664428384e-01
-8.694061217381825468e-01
-7.226481034879445042e-01
-4.970601748574581258e-01
-2.144718714138031945e-01
9.178397730517273700e-02
3.901688194521710784e-01
6.458805029569436584e-01
8.301451927303695744e-01
9.246909425068134958e-01
9.170429449024530832e-01
8.082247088565275295e-01
6.075083218250318939e-01
3.399334326309213505e-01
3.103070734214075088e-02
-2.837418852161347482e-01
-5.700997783051571233e-01
-7.963673177598168396e-01
-9.374427471344877194e-01
-9.771727293684869808e-01
-9.084615102324766767e-01
-7.425875100277905538e-01
-4.941263231170808234e-01
-1.918294763013851378e-01
1.327506685909181083e-01
4.424300329840307189e-01
7.044125406997621131e-01
8.886079436058318404e-01
9.734362772517282103e-01
9.531730702927458942e-01
8.272459634350648461e-01
6.103379008761711244e-01
3.239511792181013483e-01
2.815097761071916338e-03
-3.207479352710143061e-01
-6.099546199122336532e-01
-8.327649854957439590e-01
-9.667562320321744229e-01
-9.958886637573312051e-01
-9.177766354876920607e-01
-7.386569832361837840e-01
-4.814097287235509226e-01
-1.704947978650742657e-01
1.580286897456710804e-01
4.687977617923595464e-01
7.275180728833485766e-01
9.060812222604361921e-01
9.845167243152006531e-01
9.521166372493632402e-01
8.171452678153212634e-01
5.913940135634327966e-01
3.004284460401498436e-01
-2.603199773057207622e-02
-3.500483689909873464e-01
-6.375816030876726437e-01
-8.557477853477570839e-01
-9.798039748860478682e-01
-1.000000000000000000e+00
-9.118422297681845201e-01
-7.260167337345608818e-01
-4.606689433803912159e-01
-1.482830200448659319e-01
1.802165952193559573e-01
4.877902843787191856e-01
7.404474843411950058e-01
9.115838200816710479e-01
9.820447587806671041e-01
9.453875398102491445e-01
8.034286996873927222e-01
5.752611876126565438e-01
2.823616714351082635e-01
-4.063923131852964499e-02
-3.589356624983834898e-01
-6.374042229899443690e-01
-8.463866515622918696e-01
-9.628670323794259467e-01
-9.727366065882350199e-01
-8.797676385367620977e-01
-6.916746296511642189e-01
-4.302780852521924659e-01
-1.223916265661040281e-01
1.956066029286582797e-01
4.906884966868938491e-01
7.292765840000952071e-01
8.851328981628319159e-01
9.454933001853684793e-01
9.020884607758221652e-01
7.607724833745181936e-01
5.353957466115293329e-01
2.541138844805761465e-01
-5.544205019300330051e-02
-3.579260654583099610e-01
-6.202730130316118640e-01
-8.148331282391172437e-01
-9.205274213777909775e-01
-9.274798460574849024e-01
-8.336505939365397300e-01
-6.528899932085341362e-01
-4.018755393986102042e-01
-1.104210892769597052e-01
1.904308676038104498e-01
4.673412657313662510e-01
6.912760967877764617e-01
8.374164552015868068e-01
8.891323751680211274e-01
8.457909257371281075e-01
7.103034214949450753e-01
4.986276732977159565e-01
2.322532245563053710e-01
-5.723175709128558442e-02
-3.399993544560169223e-01
-5.835097802579993775e-01
-7.614727816546154049e-01
-8.583096252637310020e-01
-8.625499156222968811e-01
-7.748952526525665352e-01
-6.038287546298399810e-01
-3.717151861646416089e-01
-1.010227354568737912e-01
1.773161461023555763e-01
4.331526738133903986e-01
6.392918490822223632e-01
7.739681258714137257e-01
8.231133421540224315e-01
7.802874265359134309e-01
6.548138986345721779e-01
4.583549516181313344e-01
2.142213747054713124e-01
-5.161074638048634977e-02
-3.090082900859163484e-01
-5.312578221190263905e-01
-6.937077371558215688e-01
-7.784916749773818090e-01
-7.809451681286910807e-01
-6.997756568066787475e-01
-5.452722516017133314e-01
-3.335837455463938062e-01
-9.106027970755525836e-02
1.579676326206669312e-01
3.854674933970541062e-01
5.667108804314733295e-01
6.847989717044835611e-01
7.268804384704039556e-01
6.897718087607371817e-01
5.770211431622471743e-01
4.042544447815497044e-01
1.879572450279298756e-01
-4.664414129513161367e-02
-2.741874002086522877e-01
-4.703596009681426660e-01
-6.148318991137478040e-01
-6.921781172963072937e-01
-6.936119013152881596e-01
-6.240126498910893993e-01
-4.898080092108724193e-01
-3.062135832398305002e-01
-9.231253404376227323e-02
1.270397838398169554e-01
3.293082657754859977e-01
4.917205306807073129e-01
5.969215878171463263e-01
6.377489464434842326e-01
6.093389360122296594e-01
5.157428634996357175e-01
3.668025676435806570e-01
1.816943413990665945e-01
-2.160679780403240713e-02
-2.204043885770154976e-01
-3.928856476847324419e-01
-5.216869849273273463e-01
-5.936244903145209140e-01
-6.020595588169408430e-01
-5.457161435187951604e-01
-4.337845924077570192e-01
-2.766031262611104991e-01
-9.320251580747807019e-02
9.625311611472908702e-02
2.713666493910291688e-01
4.143438472191840471e-01
5.094843650871652141e-01
5.464851058623692026e-01
5.257255850164677113e-01
4.488255206754574456e-01
3.246437987810495418e-01
1.663453140529567165e-01
-6.919447835596170826e-03
-1.776443052615479523e-01
-3.262336170853966655e-01
-4.370962935331123012e-01
-5.022153328566598685e-01
-5.144355593925682424e-01
-4.728434150363681754e-01
-3.821902819098487170e-01
-2.549140626234368545e-01
-1.029047401520474248e-01
5.658187935519598533e-02
2.061176412561327442e-01
3.304815319554228470e-01
4.172407228370587084e-01
4.573394591237345264e-01
4.464673340012252911e-01
3.897024819326397882e-01
2.922804638878218064e-01
1.647724827096632705e-01
2.061840155856731194e-02
-1.239739112392583831e-01
-2.545146235838285920e-01
-3.562479826214028922e-01
-4.185170387216876620e-01
-4.384200735750675149e-01
-4.135633721773108729e-01
-3.465627075394752676e-01
-2.445312191000837965e-01
-1.203411845272536196e-01
1.433910239991975644e-02
1.446415593287226908e-01
2.564392427266346530e-01
3.394121060158645786e-01
3.853390287077202991e-01
3.893807077714470655e-01
3.509566066129004014e-01
2.766779726926571481e-01
1.730853029878245408e-01
5.212689398198344648e-02
-7.283056907773022282e-02
-1.886825654692332321e-01
-2.840820164612607446e-01
-3.483155911217001854e-01
-3.745602228889198804e-01
-3.635130492171610994e-01
-3.158952030809757394e-01
-2.363850063195124251e-01
-1.334494004973748593e-01
-1.958788097842223408e-02
9.423752827938902676e-02
1.950518680974795416e-01
2.722826949739933777e-01
3.206842672200711508e-01
3.350311539389230209e-01
3.133101103812889754e-01
2.579954830582305014e-01
1.765964487509166236e-01
7.599312152754800209e-02
-3.274658003936359307e-02
-1.377674618627796610e-01
-2.285441381263723093e-01
-2.962729241947459347e-01
-3.330229657558875234e-01
-3.346560642452349743e-01
-3.042416497112526708e-01
-2.442114553477129357e-01
-1.598112158786005876e-01
-5.953841264945392009e-02
4.529450565005821439e-02
1.445291293835997415e-01
2.265096332015776870e-01
2.826524929556091248e-01
3.098268180926575521e-01
3.047288164270030020e-01
2.669537198439246861e-01
2.003466306985595136e-01
1.133969352879091730e-01
1.343332869245794647e-02
-8.892901169845124354e-02
-1.824114136091876670e-01
-2.576288707274623224e-01
-3.071490119435197341e-01
-3.245744029694936916e-01
-3.072760996016845603e-01
-2.595124123739909194e-01
-1.850793689270475717e-01
-9.145425667730566754e-02
1.144096799787130969e-02
1.122776035026156194e-01
2.011429619640938693e-01
2.672991984839603319e-01
3.033333925131678210e-01
3.078088050927425545e-01
2.793789144429379423e-01
2.200207578935238217e-01
1.357639239439762946e-01
3.706049774104069883e-02
-6.732564797560192105e-02
-1.658745640981043046e-01
-2.476865108249937109e-01
-3.053345516100122170e-01
-3.325660598776321031e-01
-3.254066730476209424e-01
-2.840080428601593487e-01
-2.142538797355275637e-01
-1.216834071854844268e-01
-1.604346290727376445e-02
9.141757664774430303e-02
1.891405925514948461e-01
2.672733704359151474e-01
3.159894469448452092e-01
3.293721664681872330e-01
3.085410410880129461e-01
2.544265841268160688e-01
1.714222665723146299e-01
6.763658578274789335e-02
-4.481914708896528321e-02
-1.551075491814427609e-01
-2.500897007610569656e-01
-3.191064144165126626e-01
-3.563784090781306757e-01
-3.571006459108527764e-01
-3.199881245470335145e-01
-2.481605754095514982e-01
-1.505712838995711955e-01
-3.546317287918965278e-02
8.450800712015738014e-02
1.960183900729355333e-01
2.870164576123139799e-01
3.478694594297899734e-01
3.702267206117839660e-01
3.502210992597349914e-01
2.923985357375795680e-01
2.012372533157591459e-01
8.595197063839865592e-02
-4.144637802971717910e-02
-1.663320495036602065e-01
-2.759160332225703005e-01
-3.566631795534888072e-01
-3.990234575563477160e-01
-4.004574231854999278e-01
-3.593344620850645876e-01
-2.790154085803082662e-01
-1.674111974776564260e-01
-3.841031521108961844e-02
9.606039724970072413e-02
2.208222466958742469e-01
3.215767467521812861e-01
3.880924621965116117e-01
4.125988851831190463e-01
3.915548573243297081e-01
3.260182281232149037e-01
2.241400900655501349e-01
9.441033040187285508e-02
-4.839768744141070833e-02
-1.887085784581064019e-01
-3.110594936452844017e-01
-4.024511209488756958e-01
-4.512247022517353878e-01
-4.507470620748542656e-01
-4.036493361610878905e-01
-3.130588123933553124e-01
-1.876136455217249921e-01
-3.970417695233119382e-02
1.134040865358623140e-01
2.560574510374997725e-01
3.707977770685562113e-01
4.445159021829934165e-01
4.712836405925799887e-01
4.465389943897510872e-01
3.716755188999696369e-01
2.534655742811782186e-01
1.064159691066997038e-01
-5.602288110799125143e-02
-2.154979203460833936e-01
-3.540384571126433677e-01
-4.564957623872402115e-01
-5.114049354760628052e-01
-5.116401247436981325e-01
-4.553287633850731098e-01
-3.503412936226120156e-01
-2.054399608421921819e-01
-3.719526377545467888e-02
1.362473357331170920e-01
2.953549135432740336e-01
4.233230005104540172e-01
5.045383200427533410e-01
5.288409676612662036e-01
4.960720641621443328e-01
4.076893742592784253e-01
2.725637299988061812e-01
1.041336439632964961e-01
-7.732026506472411409e-02
-2.536289471391409700e-01
-4.041207374420389131e-01
-5.118514947220048628e-01
-5.670356584014865087e-01
-5.621761067619334140e-01
-4.968384203360528550e-01
-3.766144923035904535e-01
-2.163548283436401709e-01
-3.069841203544898534e-02
1.592170741950980073e-01
3.325220204841146110e-01
4.701920419220240177e-01
5.571347718052599429e-01
5.827998205890851935e-01
5.426206250228489125e-01
4.436612042368675013e-01
2.942129382801550452e-01
1.104711067773951338e-01
-8.859497863181664545e-02
-2.800359776607453943e-01
-4.437271165844385301e-01
-5.600121322760560627e-01
-6.150071784953448084e-01
-6.053671477243893762e-01
-5.300775638194787920e-01
-3.968110656551910864e-01
-2.185192159277270507e-01
-1.673238033976010009e-02
1.887406713376198475e-01
3.743104423643259793e-01
5.189657754401877376e-01
6.077861641858341990e-01
6.301584101062986942e-01
5.834242308419215206e-01
4.708822186353143202e-01
3.068358587961872441e-01
1.061381376147867428e-01
-1.083663167724689957e-01
-3.134401014655445739e-01
-4.864202177710849062e-01
-6.086944001998295661e-01
-6.653951351746494325e-01
-6.484502657482362764e-01
-5.632943438447355344e-01
-4.169451933036084634e-01
-2.254172855180640589e-01
-8.410131970290835035e-03
2.087833773931986325e-01
4.035487040053458152e-01
5.530608815367370479e-01
6.402279320024732989e-01
6.582515338913488279e-01
6.033834688741281926e-01
4.815935581841510604e-01
3.048798285366649541e-01
9.534293095076251667e-02
-1.268599701209327524e-01
-3.368301712612253862e-01
-5.110936245643551423e-01
-6.313959481355458925e-01
-6.842236273499107124e-01
-6.640201556792051374e-01
-5.714266882167766681e-01
-4.186641317082865354e-01
-2.194502319831488357e-01
3.043129552918522052e-03
2.249444954495405380e-01
4.217283275131553655e-01
5.725591475476576875e-01
6.599328343911166073e-01
6.730713072927418938e-01
6.142833002354730620e-01
4.879289309072782910e-01
3.077368979398995563e-01
9.185993421866034403e-02
-1.343316906182555615e-01
-3.475172417974686789e-01
-5.227194438402962273e-01
-6.404960231569312157e-01
-6.910176739894089426e-01
-6.673775560802961415e-01
-5.721706780265540804e-01
-4.144820504614280532e-01
-2.142290825293752254e-01
9.456894783458125175e-03
2.311782106276185633e-01
4.264397940972035617e-01
5.743868554153797046e-01
6.589970866909720115e-01
6.711514159591041029e-01
6.080894622955266282e-01
4.794910917122556793e-01
2.967641217661562969e-01
8.159883116497090860e-02
-1.427889074968915484e-01
-3.514176871174859995e-01
-5.225146607858220937e-01
-6.365668572339517883e-01
-6.804262896494157609e-01
-6.531239619318471856e-01
-5.560642032117328881e-01
-4.002389144206396354e-01
-2.016187345445064061e-01
1.571133244976308241e-02
2.296802687935628473e-01
4.156079733086577299e-01
5.532890398860528247e-01
6.309225220527328037e-01
6.392388870496192865e-01
5.776058647703778970e-01
4.519960767610140540e-01
2.789230183775968097e-01
7.482080262176737939e-02
-1.367666295494550655e-01
-3.326545069522278686e-01
-4.918845381243475146e-01
-5.975909425653194162e-01
-6.383190651533762194e-01
-6.087502804929691980e-01
-5.159316015455288618e-01
-3.682358795032608656e-01
-1.824412805901639567e-01
2.188995838662566307e-02
2.213279154928800008e-01
3.951553135816689988e-01
5.234548267218730455e-01
5.919195875681027008e-01
5.969387012752176425e-01
5.369335943188973115e-01
4.188522997590786723e-01
2.548098604912256704e-01
6.515156031755586774e-02
-1.313567519998537492e-01
-3.124253244617287706e-01
-4.580426525915531899e-01
-5.542145124299382442e-01
-5.905544013672484605e-01
-5.637775111369881520e-01
-4.761454352048624106e-01
-3.400994231418811298e-01
-1.684342624071683003e-01
1.842647351261117450e-02
1.996969024709949192e-01
3.559086580881691830e-01
4.708448195152998839e-01
5.318585027268396548e-01
5.318815226274262731e-01
4.752107068986457517e-01
3.670611093714324369e-01
2.195615094101048825e-01
4.842106062959672386e-02
-1.258556764425906582e-01
-2.852902014806281139e-01
-4.116124023463195725e-01
-4.911573992243382092e-01
-5.193072993951233229e-01
-4.924490461740128611e-01
-4.138366658802887788e-01
-2.919628712869274390e-01
-1.426338759451533100e-01
1.970548601104749054e-02
1.766175197327901625e-01
3.104847121088480932e-01
4.079201056596855057e-01
4.589571821475506574e-01
4.592059575633231638e-01
4.086052216689681771e-01
3.152934562890503667e-01
1.878703306057247779e-01
4.159950492512343168e-02
-1.072412774558251236e-01
-2.425595668275308814e-01
-3.505226310176239313e-01
-4.189102704083533801e-01
-4.402456132392493782e-01
-4.164399891786864094e-01
-3.495715258734045650e-01
-2.469630989015854095e-01
-1.195880320908210281e-01
1.716048833509198346e-02
1.492263808474343367e-01
2.609647663927430195e-01
3.404259608413118254e-01
3.824382477860590601e-01
3.823344354475350926e-01
3.402916708604919460e-01
2.611520720602389378e-01
1.560465533451722564e-01
3.489093943975229983e-02
-8.854233775246889149e-02
-2.002518220128775006e-01
-2.889519054201801218e-01
-3.458242819821631953e-01
-3.648547655105858212e-01
-3.439130445124064517e-01
-2.883221082284547210e-01
-2.032600082522215690e-01
-9.910846721969079898e-02
1.208371690417719968e-02
1.179329786024034821e-01
2.077230450082401259e-01
2.710510402947532427e-01
3.011277976217041630e-01
2.983665276727280879e-01
2.629774995033955509e-01
1.988848190858569787e-01
1.135741830908871819e-01
1.834637249623294331e-02
-7.731374774772670211e-02
-1.621795070140327200e-01
-2.269067378574308735e-01
-2.673082051764716915e-01
-2.792354038482827150e-01
-2.614357894140371119e-01
-2.164607570129991609e-01
-1.512723279623295891e-01
-7.180485106484835178e-02
1.256215356767387270e-02
9.190223640814521033e-02
1.582936766491278568e-01
2.053333890620603341e-01
2.279129546196343448e-01
2.239211228905682027e-01
1.967608163232787977e-01
1.489196450858309984e-01
8.566893620712012769e-02
1.440222961318471384e-02
-5.670596838410979501e-02
-1.205617137865149235e-01
-1.692749611648990404e-01
-1.977669423121944936e-01
-2.063540193565173153e-01
-1.941917285216889777e-01
-1.620803738347342815e-01
-1.140538549424652270e-01
-5.685832007965074819e-02
4.075821490819864223e-03
6.140999316076700687e-02
1.084968613320140829e-01
1.420200550688230923e-01
1.588203971291819450e-01
1.565736889130697751e-01
1.358710761558192814e-01
1.010074132814426928e-01
5.496334456855911377e-02
3.392918051487114894e-03
-4.699670045585802036e-02
-9.116321796848303460e-02
-1.250357909336597961e-01
-1.446131831430549353e-01
-1.481006813511870357e-01
-1.375809065787919616e-01
-1.139464669084966353e-01
-7.964161980913753158e-02
-3.929801801860877131e-02
1.877536883740260620e-03
4.008055558446033118e-02
7.056628889770966140e-02
9.018548141615601033e-02
9.969421217686158521e-02
9.817441993765285702e-02
8.501990998625252871e-02
6.242003757440772738e-02
3.402680418411918595e-02
2.296529855877027515e-03
-2.870029220244163515e-02
-5.511502857848837866e-02
-7.553319501378175094e-02
-8.819112352192426396e-02
-9.100718579069921876e-02
-8.413712563972042258e-02
-7.021315120533544452e-02
-5.028534898795300467e-02
-2.638234821221285831e-02
-1.835402415286790934e-03
2.092324173848414404e-02
3.995188348092071351e-02
5.249821197478721224e-02
5.742393548449964413e-02
5.616401002545567955e-02
4.860928279634824101e-02
3.499583538482586853e-02
1.755498519931331103e-02
-1.114886514291923980e-03
-1.955173835004953009e-02
-3.554051682898318187e-02
-4.726535362942463347e-02
-5.477036285555836326e-02
-5.728786120567352924e-02
-5.388237458683398096e-02
-4.546990862460176253e-02
-3.413068280168751745e-02
-2.067467372093967359e-02
-6.458633504667798952e-03
6.655487546609828442e-03
1.776010075004008648e-02
2.584228882561223628e-02
2.929461752592654733e-02
2.787995146572619376e-02
2.293561184883441406e-02
1.479860765876761519e-02
4.579885904461455937e-03
-5.914482849749047588e-03
-1.552816666823730873e-02
-2.346281369026315122e-02
-2.884980116300406294e-02
-3.128766990824904948e-02
-3.121328490433306069e-02
-2.861195695551888019e-02
-2.372264514515687317e-02
-1.765424977932350536e-02
-1.178809647411649397e-02
-6.534344748972187311e-03
-2.229211632520655684e-03
7.610701377025463898e-04
2.897790581350978556e-03
3.927163671889166707e-03
3.395798711383513080e-03
1.667936056565899605e-03
-7.345219812130432402e-04
-3.614274395729144551e-03
-6.574990868514651865e-03
-9.210444295099762257e-03
-1.140524316018765028e-02
-1.295241188349349759e-02
-1.364484059977699726e-02
-1.356671563348887943e-02
-1.302427820760732047e-02
-1.205242543622775386e-02
-1.073805247131565110e-02
-9.349514518423696074e-03
-8.065594101324680132e-03
-6.988014509349604886e-03
-6.171669142648550377e-03
-5.597714938759934533e-03
-5.145905350386392740e-03
-4.870658106115866026e-03
-4.915854778914541257e-03
-5.236583833671315524e-03
-5.712921993647479546e-03
-6.308252692120430716e-03
-6.947617192551436283e-03
-7.571665738358102082e-03
-8.211003516714887596e-03
-8.795277367197540386e-03
-9.185049659727106963e-03
-9.334564286579860592e-03
-9.240268059248601951e-03
-8.920662486455177564e-03
-8.476179948562423405e-03
-8.008245950996695228e-03
-7.610490682912085525e-03
-7.316385009346171309e-03
-7.135521953565038267e-03
-7.084818668569470290e-03
-7.130710953920260664e-03
-7.270524184526672151e-03
-7.487015337267699522e-03
-7.714792636949630023e-03
-7.889151590342757814e-03
-7.999015210029325473e-03
-8.050287947793499654e-03
-8.045951207415469320e-03
-8.021826912201324156e-03
-7.975178999193754947e-03
-7.897877253506324635e-03
-7.815978631552256140e-03
-7.750022368187559074e-03
-7.703898131001918337e-03
-7.678539196446232395e-03
-7.670427607299523665e-03
-7.666526466190481948e-03
-7.667785588526099261e-03
-7.672394455732423069e-03
-7.678542549235389814e-03
-7.684419350460713893e-03
-7.688214340834775840e-03
-7.688117001783290050e-03
