-5.920681513983183653e-01
-3.388087448729075746e-01
-1.088399404755361344e-01
9.445008227063156347e-02
2.676731438424304610e-01
4.074410647166961663e-01
5.103656653702635104e-01
5.730587662799724313e-01
5.802466725040427153e-01
5.281699839161071441e-01
4.194232507083957007e-01
2.669966135625663206e-01
8.629686619121978985e-02
-1.038860067603599724e-01
-2.839167498004749879e-01
-4.333946298127896446e-01
-5.365110707367292120e-01
-5.853232629625158001e-01
-5.737483129484676203e-01
-5.028919409671956942e-01
-3.794995042228620497e-01
-2.186823670525278596e-01
-3.509501569325756964e-02
1.512041075904186904e-01
3.203921461517602598e-01
4.551803085274301885e-01
5.418283346704739767e-01
5.711189217148247010e-01
5.391857678579230484e-01
4.526135760198011226e-01
3.189051461735732396e-01
1.522329256166079503e-01
-3.052031544653788231e-02
-2.093216815370640971e-01
-3.663511964853988223e-01
-4.841484426005001618e-01
-5.501218095855425760e-01
-5.607490297993944495e-01
-5.140612572156386673e-01
-4.149449873659981636e-01
-2.732040790303035260e-01
-1.057920052496353902e-01
7.144293689841818562e-02
2.390477041384579948e-01
3.791525967100370931e-01
4.785493043687267800e-01
5.270141018784448850e-01
5.197739004777233163e-01
4.571240403278373776e-01
3.480804450206624878e-01
2.022940146641456494e-01
3.660027326689974103e-02
-1.311639020893857754e-01
-2.834542032315077176e-01
-4.051439932803403421e-01
-4.830243263784412822e-01
-5.087218849383077224e-01
-4.832726571962011608e-01
-4.086332769387426289e-01
-2.927591129543403170e-01
-1.475759727385360653e-01
9.846820269044709306e-03
1.639741190362404843e-01
2.974715553644409205e-01
3.966151684615730755e-01
4.544614087161873428e-01
4.647103777899830312e-01
4.263698473449450965e-01
3.436658214707530856e-01
2.276464599042005155e-01
8.889224097293357829e-02
-5.718044563737467723e-02
-1.948791508292428976e-01
-3.104131234002682760e-01
-3.925022748647004622e-01
-4.326561207488327510e-01
-4.266769473950883240e-01
-3.789123963918936688e-01
-2.938216741593955295e-01
-1.805466427551828401e-01
-5.099519358407400560e-02
8.030231646628593900e-02
2.003682144949798793e-01
2.958204042073828699e-01
3.568796146635364597e-01
3.807435146271374027e-01
3.649472022551711881e-01
3.113788269170416623e-01
2.260369223342313383e-01
1.200472657474040972e-01
3.336689963393091318e-03
-1.113158086942569458e-01
-2.115354962600566324e-01
-2.883511069150775930e-01
-3.345490382814472197e-01
-3.456801208109786527e-01
-3.209405567406381499e-01
-2.657657054975928190e-01
-1.852613636843916112e-01
-8.903277935077769101e-02
1.196439790991399299e-02
1.072768560276051719e-01
1.878325794203237198e-01
2.449955382970543383e-01
2.732834298926423156e-01
2.736184667611638588e-01
2.463828798995442160e-01
1.946981794330691073e-01
1.248597668012696449e-01
4.604671865776444051e-02
-3.404735596921959484e-02
-1.063542985108183458e-01
-1.635491634396556426e-01
-2.029531847891546947e-01
-2.211364082389224439e-01
-2.165206434134642199e-01
-1.908742383002832721e-01
-1.491721905672761528e-01
-9.524243128004206138e-02
-3.546162515504169832e-02
2.302191735299663478e-02
7.495664577477989532e-02
1.159751438603038309e-01
1.422105203824384212e-01
1.519015328932957765e-01
1.471789781386669826e-01
1.288946736611493726e-01
9.944876236178989970e-02
6.306703606740216017e-02
2.393349133338174006e-02
-1.437874041121733892e-02
-4.754845049899558695e-02
-7.289909996663990199e-02
-9.093826754127898315e-02
-1.005408036287234186e-01
-1.011939263591461469e-01
-9.450464679947589985e-02
-8.293866135632010916e-02
-6.772107151787887247e-02
-5.049813153084214967e-02
-3.313898597271158764e-02
-1.618204680487767000e-02
-6.746884637958139308e-04
1.284876915700650102e-02
2.483079687174805095e-02
3.615501073724392000e-02
4.632595161205355083e-02
5.469689130030008783e-02
6.137225301105875275e-02
6.608838390596338819e-02
6.832351412425197168e-02
6.626783276027481406e-02
5.857882220785470828e-02
4.503253843232357667e-02
2.609014077677174193e-02
2.029981380520018419e-03
-2.624904264049732205e-02
-5.657564404509651812e-02
-8.672740781084820050e-02
-1.126547697987282382e-01
-1.307975166506000209e-01
-1.387576989331663624e-01
-1.347357509165795220e-01
-1.165873673989721304e-01
-8.437213731922243998e-02
-4.122645642252553699e-02
1.029493297947681185e-02
6.580473360448046982e-02
1.195306435080594198e-01
1.651308530861936852e-01
1.976499393243333902e-01
2.110410296710025779e-01
2.019390843088249010e-01
1.716456065243809892e-01
1.212142126780140217e-01
5.343816477629026451e-02
-2.586748691770968112e-02
-1.078023091708000258e-01
-1.849322068745137271e-01
-2.476372304369657273e-01
-2.879341326413562552e-01
-3.014432858989516406e-01
-2.850399289634610867e-01
-2.380030737356725323e-01
-1.633848924959180327e-01
-6.914884536999277298e-02
3.745171434305172298e-02
1.451598338369193275e-01
2.421087676953006529e-01
3.173410155310103509e-01
3.623293275847874195e-01
3.693335996489497397e-01
3.351064970514807673e-01
2.644287966385447941e-01
1.621293541169870345e-01
3.748561588678778200e-02
-9.737080881185733450e-02
-2.272903822394954920e-01
-3.390811049923663223e-01
-4.186558276233229847e-01
-4.560793379268044401e-01
-4.481841907793365776e-01
-3.932808512777334897e-01
-2.950876835727332947e-01
-1.621669773940133119e-01
-9.768340166548594716e-03
1.486241236903640406e-01
2.957785955632887820e-01
4.152981114593947698e-01
4.943213478787642501e-01
5.232936958838116936e-01
4.973473690333278796e-01
4.168454442379549985e-01
2.905962168072815377e-01
1.285276989679133841e-01
-5.200795664507229521e-02
-2.325269987583520326e-01
-3.933394849180621433e-01
-5.176048446206292786e-01
-5.897930044756746204e-01
-6.001700921572795666e-01
-5.492207283591836742e-01
-4.393247087060283551e-01
-2.804454003418884733e-01
-8.713447420072573113e-02
1.190379691729077649e-01
3.178778462303799568e-01
4.862072423853920355e-01
6.054112632995567456e-01
6.640136250075197033e-01
6.535236267741983962e-01
5.732992374356584708e-01
4.293378520333079873e-01
2.380812395162910100e-01
1.618063421619719833e-02
-2.123352528529626193e-01
-4.234482450203181925e-01
-5.942610563521133482e-01
-7.063359835278745225e-01
-7.455981583974617966e-01
-7.051001926491096139e-01
-5.916088377654531438e-01
-4.139493301203094333e-01
-1.903143802033691045e-01
5.743660802165884149e-02
3.016794234838575672e-01
5.176469552348610392e-01
6.805591546928040358e-01
7.718507636543421313e-01
7.836389912134880120e-01
7.119693451098902948e-01
5.636264265887671598e-01
3.520125536867255711e-01
1.017531205696324825e-01
-1.639487219844251165e-01
-4.162628984182176195e-01
-6.280422344107773336e-01
-7.770305096595055971e-01
-8.464994212513061722e-01
-8.285251119737593317e-01
-7.224671342398620855e-01
-5.409268974212664283e-01
-2.991916158449602348e-01
-2.399993818120926825e-02
2.566780781094342156e-01
5.125411050916410804e-01
7.172132538383868550e-01
8.473923185610026110e-01
8.875049365994980288e-01
8.361464299423297941e-01
6.956879130918720566e-01
4.805107196397131464e-01
2.107577438367931322e-01
-8.326621105636944353e-02
-3.725446386146317179e-01
-6.243580305824817378e-01
-8.118560402011021360e-01
-9.173710923691116292e-01
-9.277623423956966597e-01
-8.414009977280954011e-01
-6.650219296969492877e-01
-4.196547841349621555e-01
-1.274264301409425704e-01
1.796527277286441571e-01
4.697160209339266146e-01
7.118066758194636634e-01
8.804750427290968240e-01
9.566253645878093348e-01
9.297866586727163707e-01
8.065146217336547352e-01
5.967596009469446905e-01
3.230643731256437334e-01
1.233254799067151630e-02
-3.008899061668555142e-01
-5.850876273474598932e-01
-8.087911142372977702e-01
-9.476469636266293683e-01
-9.898429036441993567e-01
-9.287181086839436661e-01
-7.711381195770349306e-01
-5.316695633102194174e-01
-2.386572739094219298e-01
8.044218899812594081e-02
3.911928884168236475e-01
6.609273694477360017e-01
8.619730784356474107e-01
9.728666166171993090e-01
9.823062695503741448e-01
8.873297670051212283e-01
7.007906401785188866e-01
4.388991444009175957e-01
1.308352131758132586e-01
-1.922915229078077104e-01
-4.956671360407397531e-01
-7.484880990481387331e-01
-9.231027259740381963e-01
-1.000000000000000000e+00
-9.748913343246561336e-01
-8.480432847967646071e-01
-6.333149949783174470e-01
-3.510600868833142485e-01
-3.336789104543913531e-02
2.886681668544968105e-01
5.793871394214824555e-01
8.083707747217914186e-01
9.540459317974860909e-01
1.000000000000000000e+00
9.417440229020868081e-01
7.835460110232510544e-01
5.452064187913729931e-01
2.483162893865040743e-01
-7.403455298962524633e-02
-3.885017296977419932e-01
-6.621263659296219295e-01
-8.670329949676103265e-01
-9.816480813214036871e-01
-9.927704900499286778e-01
-9.036256299503864220e-01
-7.213072563353208899e-01
-4.657408426921910705e-01
-1.620076288595430070e-01
1.557931522772191268e-01
4.561851168288717506e-01
7.066030566324490447e-01
8.809748825403156403e-01
9.649264335199445597e-01
9.483384628534776706e-01
8.336793869721568218e-01
6.315299943998899934e-01
3.660852424670208993e-01
6.203144157298323691e-02
-2.477125240715761789e-01
-5.312052248684346889e-01
-7.594919692707031711e-01
-9.092472087472442954e-01
-9.651478236058165239e-01
-9.199785824039694582e-01
-7.831463872115373981e-01
-5.668197880384935328e-01
-2.940161608117275449e-01
8.439237447357195165e-03
3.075572907931269917e-01
5.736111038442397447e-01
7.781738643498226082e-01
8.996786995493772920e-01
9.294590640290654182e-01
8.631375570485639859e-01
7.085915107837368332e-01
4.805891328297713372e-01
2.057983612486740110e-01
-8.999289043725133830e-02
-3.754189923161218578e-01
-6.207621710893364009e-01
-8.017037214665481137e-01
-8.998188542175638016e-01
-9.060117636430137233e-01
-8.184382850380745866e-01
-6.493952062589080088e-01
-4.137762625658343296e-01
-1.379755450396574767e-01
1.499072415844910910e-01
4.198472582031065325e-01
6.452078477911622478e-01
8.023010234129439588e-01
8.744925745270217821e-01
8.584990834303629637e-01
7.545567582223107195e-01
5.741767550319814006e-01
3.348054970821570109e-01
6.353367776563279001e-02
-2.135630717182813720e-01
-4.664852708371900469e-01
-6.697331128230168407e-01
-8.057394088682358069e-01
-8.600341702491953733e-01
-8.275439869014460381e-01
-7.110134351041378364e-01
-5.253253423561742297e-01
-2.868985384633203628e-01
-2.161612906193965955e-02
2.437626114571611602e-01
4.822247822012137863e-01
6.703659300627551332e-01
7.886509882838663721e-01
8.244482771684131794e-01
7.783414306681981643e-01
6.535833525758001361e-01
4.631874696810445169e-01
2.253182894358014554e-01
-3.399166123039698562e-02
-2.897858182071759714e-01
-5.144692371606390813e-01
-6.853772597139122791e-01
-7.882349439806355385e-01
-8.118330673141758158e-01
-7.538265499990320917e-01
-6.191830700301210744e-01
-4.243741643985834422e-01
-1.866749927048337865e-01
6.826694803531063727e-02
3.144312285456860590e-01
5.271065009447171157e-01
6.854313104675102686e-01
7.730931074662206193e-01
7.804156878472983117e-01
7.105564872410856658e-01
5.690832838748824951e-01
3.705840316303847803e-01
1.342426262138054494e-01
-1.140794510365309433e-01
-3.505448040895546846e-01
-5.500080335252626185e-01
-6.923380847312428088e-01
-7.665082316783782268e-01
-7.640341862583855947e-01
-6.851824404383294320e-01
-5.371667250328093779e-01
-3.374322019885772628e-01
-1.037777221237417002e-01
1.391093256340754092e-01
3.665899423716727501e-01
5.558849132322436493e-01
6.882253729806278031e-01
7.496912314296910740e-01
7.329325230373926470e-01
6.434203469920494189e-01
4.885506792105174245e-01
2.839230780274013544e-01
4.916416958619396205e-02
-1.904392810675988867e-01
-4.116651605091298238e-01
-5.906893506943133865e-01
-7.089884555874992333e-01
-7.574822513015140313e-01
-7.300394193035436574e-01
-6.294071357157509095e-01
-4.647465157966385041e-01
-2.551787075282730965e-01
-1.951403951581021090e-02
2.175918074727742901e-01
4.318234551460118364e-01
6.016883685803631199e-01
7.101017047904472079e-01
7.453269254679604217e-01
7.022886510078691913e-01
5.890322430132883813e-01
4.152644267653575749e-01
1.991005850125791010e-01
-3.811167511914870243e-02
-2.708866197854145064e-01
-4.763637206704857130e-01
-6.323836720975903880e-01
-7.224153640973507429e-01
-7.401981684751615109e-01
-6.825512548349349506e-01
-5.555723623426389590e-01
-3.713645144770719719e-01
-1.514770917799526107e-01
8.384444936936619186e-02
3.097632305682409548e-01
5.027751712543235829e-01
6.440956602466594294e-01
7.190643359257142819e-01
7.200332984868427211e-01
6.457761951627558616e-01
5.063654487487410094e-01
3.137428320166388840e-01
8.888990096351001569e-02
-1.455055510965514998e-01
-3.647307404330880631e-01
-5.470016249558984356e-01
-6.724220261501974161e-01
-7.272660336241201229e-01
-7.093145488471228610e-01
-6.188805142800630765e-01
-4.653148887847042836e-01
-2.632661590999624268e-01
-3.566342260080168636e-02
1.954763391996374722e-01
4.044901437486581042e-01
5.696113803026654487e-01
6.759338437261204202e-01
7.116778754139165830e-01
6.729472338872410919e-01
5.627025065245079283e-01
3.950440732899798135e-01
1.848986509904504416e-01
-4.423462614632167611e-02
-2.683017128386372407e-01
-4.639342944997137952e-01
-6.113730622920161561e-01
-6.947217141907813254e-01
-7.044286929965719590e-01
-6.432576445381843477e-01
-5.160630109113872876e-01
-3.364022381870138689e-01
-1.221665159733562600e-01
1.022431624248318904e-01
3.145996987041175252e-01
4.914589315733801644e-01
6.143437795693462711e-01
6.738397122159642816e-01
6.627816424291368413e-01
5.825061445768784374e-01
4.407823703135369531e-01
2.551008751733201407e-01
4.269592651213405254e-02
-1.731233480822644832e-01
-3.695379896862870384e-01
-5.264326164948935904e-01
-6.277623679407793311e-01
-6.630264684078421844e-01
-6.277029440351200584e-01
-5.291626586758988449e-01
-3.762014685369355904e-01
-1.855583322415506053e-01
2.327563620595252125e-02
2.271839250103839802e-01
4.055945127543918449e-01
5.387158076051525857e-01
6.121576950411036222e-01
6.217906721421959659e-01
5.656915674558824492e-01
4.502051834447047263e-01
2.868753267848540567e-01
9.541511463232787982e-02
-1.056857694639600220e-01
-2.941751853951868334e-01
-4.498172264002230358e-01
-5.577899580396857848e-01
-6.068045521187169777e-01
-5.922620639621585248e-01
-5.151498234804815501e-01
-3.864727129286875673e-01
-2.179657142529128899e-01
-2.924514911124043159e-02
1.592832827807268981e-01
3.277159446879325255e-01
4.590724134752368624e-01
5.392430418263438607e-01
5.595089280003953114e-01
5.218561412151043744e-01
4.295297021370745316e-01
2.928378026308469106e-01
1.260572973321358869e-01
-5.102905056943884965e-02
-2.205821267391977480e-01
-3.635412391250548714e-01
-4.649671450364362135e-01
-5.177870244658623333e-01
-5.160477843497508488e-01
-4.602938886083776104e-01
-3.565343296276891616e-01
-2.184775488741532712e-01
-5.917635387971997840e-02
1.034671638422148821e-01
2.517456307932552928e-01
3.706332790422981471e-01
4.481876695880930850e-01
4.766909466426378916e-01
4.529947459442928981e-01
3.830029054542802847e-01
2.732036938174768892e-01
1.361529508082177653e-01
-1.345492088276722953e-02
-1.589670863146221969e-01
-2.857064320571910399e-01
-3.794707064275377739e-01
-4.302995254274746273e-01
-4.366105212885712517e-01
-3.975220845112391599e-01
-3.175737122487671815e-01
-2.053999966482727979e-01
-7.512942424107538208e-02
6.037144206205735664e-02
1.856465468074337544e-01
2.870768205037728116e-01
3.559919508099225194e-01
3.853894607860448573e-01
3.725349024636759321e-01
3.189908444034077473e-01
2.331148013854693613e-01
1.228797741445060154e-01
1.472112696134120213e-03
-1.172597933139081228e-01
-2.210426278498754948e-01
-2.996120908029737961e-01
-3.445434094467595409e-01
-3.512164160880166808e-01
-3.226508431362887785e-01
-2.616860396480014117e-01
-1.751007123667641663e-01
-7.258443407219039578e-02
3.343570709538856711e-02
1.322820863092115662e-01
2.126374281761047591e-01
2.662328219234186832e-01
2.910705040238705799e-01
2.845965097029163893e-01
2.475286071227480456e-01
1.845399921852870495e-01
1.044849204429152412e-01
1.495121466831195178e-02
-7.381853817708283749e-02
-1.517124173280126609e-01
-2.115636127496370866e-01
-2.477018362648161220e-01
-2.566971601332668218e-01
-2.380331863623705857e-01
-1.961839583413972354e-01
-1.350147987855062626e-01
-6.168974156673501241e-02
1.523301187211179020e-02
8.747976339398677581e-02
1.479816225395269580e-01
1.896252927841808322e-01
2.081384093756235565e-01
2.049192202633021154e-01
1.803917883091217256e-01
1.368965893653639743e-01
7.960994352531325369e-02
1.593905214238366952e-02
-4.784146426438073973e-02
-1.039830865628819101e-01
-1.463733512738262244e-01
-1.729907584934201603e-01
-1.813654793022044798e-01
-1.704299779763712719e-01
-1.420732614649400372e-01
-1.011926369531062075e-01
-5.134511664091490069e-02
1.716318022430662893e-03
5.145125513834725162e-02
9.320491708279043941e-02
1.232268710022161873e-01
1.378055812196221641e-01
1.355846730628971208e-01
1.192768280149791860e-01
9.034667430665677124e-02
5.226396982511682943e-02
1.016483450024341373e-02
-3.120443874429734699e-02
-6.791172411077484039e-02
-9.532467297439650711e-02
-1.107241754300269942e-01
-1.149793167508238456e-01
-1.076943310092275397e-01
-8.936141758672322410e-02
-6.294255643452661975e-02
-3.263038505969972913e-02
-1.050997313355672702e-03
2.794844185089773170e-02
5.097887147157620369e-02
6.759125563366819023e-02
7.635074504706618193e-02
7.555136260262673709e-02
6.590015973566720753e-02
5.006354510456567652e-02
2.935004557262699265e-02
6.151689751916045168e-03
-1.639421544577324141e-02
-3.639384430096370693e-02
-5.211424317166235554e-02
-6.124360468449163708e-02
-6.317795838780304596e-02
-5.960871877776008354e-02
-5.066126958135586111e-02
-3.689335131115611954e-02
-2.057324385250769438e-02
-3.952483034473264212e-03
1.163564428966545883e-02
2.427216764337902788e-02
3.263619983918775169e-02
3.714867561196522061e-02
3.729621711105579607e-02
3.253681735728153335e-02
2.396809986963521766e-02
1.344680720803204110e-02
1.741126884993393631e-03
-9.956867647572753555e-03
-2.020933930520518729e-02
-2.853839958588144654e-02
-3.417526299010875679e-02
-3.595501125597311276e-02
-3.393774261880577736e-02
-2.932733588243618961e-02
-2.244695815765707092e-02
-1.414859949393421079e-02
-5.805788384650845124e-03
1.767556747648058035e-03
7.920168414073502916e-03
1.182624971101042810e-02
1.320709172521650210e-02
1.256776984501928318e-02
9.962720381168521655e-03
5.805218173224657718e-03
1.094261513749694714e-03
-3.212897011612314557e-03
-6.782061507393688515e-03
-9.390010121335334858e-03
-1.085210494886801325e-02
-1.153564317997224364e-02
-1.134227696171541400e-02
-1.015104842096214988e-02
-8.416344953865229073e-03
-6.673270921334295558e-03
-5.053063573033367284e-03
-3.699105596500884552e-03
-2.757338407096132649e-03
-2.062096936038204653e-03
-1.706343915872321482e-03
-1.793594237129325641e-03
-2.151667060001138942e-03
-2.594875329285595278e-03
-3.091349051837055661e-03
-3.605342648120735127e-03
-4.059884026748727948e-03
-4.439415063605123279e-03
-4.710020354408706034e-03
-4.867337169634833316e-03
-4.979819344973157591e-03
-5.148849278483247360e-03
-5.352090411990917396e-03
-5.500169341006833079e-03
-5.575991859675166751e-03
-5.563545286711879534e-03
-5.474529651351978110e-03
-5.361558930015331015e-03
-5.234460888433156711e-03
-5.081284121124296504e-03
-4.921319845686333849e-03
-4.781580848078226254e-03
-4.681779229730342884e-03
-4.646351692056405192e-03
-4.671110190689331532e-03
-4.727535515046787928e-03
-4.790444350249334349e-03
-4.822404719319606237e-03
-4.821267191302047728e-03
-4.803728287129493957e-03
-4.771674862137365025e-03
-4.737394309754394683e-03
-4.699151483414376607e-03
-4.658948995995060294e-03
-4.618789460374972400e-03
-4.580675489431973446e-03
-4.546609696044145998e-03
-4.518594693089683645e-03
