4.831245912868626924e-01
6.746817847815922420e-01
7.488695746871267822e-01
7.246539337243853574e-01
6.210008346142856794e-01
4.568762500777470148e-01
2.512461528356868534e-01
2.307651560902490573e-02
-1.986139567953115748e-01
-4.011930717397407253e-01
-5.659102780884652795e-01
-6.716010577284978744e-01
-7.050364542584236505e-01
-6.634867549302070344e-01
-5.486450539474798660e-01
-3.731457506876556529e-01
-1.531867604376692116e-01
8.614242074347200351e-02
3.208629284872763776e-01
5.240669654690626178e-01
6.731539818041043510e-01
7.526597749707153451e-01
7.519655806604295112e-01
6.706055858582928852e-01
5.146254402123593419e-01
3.024297779862918922e-01
5.350232289976797340e-02
-2.042852087757486279e-01
-4.436756391239595754e-01
-6.381909882524017252e-01
-7.664085795096997611e-01
-8.130990019572226224e-01
-7.704819112638071621e-01
-6.455816529788771518e-01
-4.486258810260047580e-01
-2.011818485347787178e-01
7.212605479784750528e-02
3.402642556561745746e-01
5.753474859284073428e-01
7.505085416062307058e-01
8.455277760667996301e-01
8.518642206742046419e-01
7.660698852421470306e-01
5.976097879544630675e-01
3.621119420289216073e-01
8.740520956369057792e-02
-1.998530442092124604e-01
-4.677236459959615011e-01
-6.870328002590102567e-01
-8.343163784536316019e-01
-8.924529374099045009e-01
-8.553561060389807125e-01
-7.243333579422914781e-01
-5.154562294300660819e-01
-2.476315236999936387e-01
4.859846492929076334e-02
3.424632558009081951e-01
6.014263623943678638e-01
7.977851618927269683e-01
9.093362074014739171e-01
9.219482248630317400e-01
8.370348893241714716e-01
6.605958920561980641e-01
4.122871138418024994e-01
1.163081119952713571e-01
-1.933634006173625686e-01
-4.849640173631706297e-01
-7.252734536978605595e-01
-8.876940293858891495e-01
-9.566528109886366371e-01
-9.223438298100721244e-01
-7.889533767708210021e-01
-5.681783208771106208e-01
-2.865395854745766968e-01
2.890537460723763274e-02
3.426276974334461212e-01
6.210914702730818693e-01
8.340964170709308512e-01
9.580965014744911024e-01
9.799020819140744631e-01
8.946373988994000825e-01
7.143061997038988586e-01
4.548741857493767693e-01
1.464675925875198459e-01
-1.791069737443257148e-01
-4.854090938625129636e-01
-7.402544584909243053e-01
-9.152275782617729227e-01
-9.900423426853094400e-01
-9.596145314919755087e-01
-8.244962650578978591e-01
-6.005464271917102526e-01
-3.095290299393166356e-01
1.428377218841947460e-02
3.381496735419735611e-01
6.254177309447062072e-01
8.449811258052988272e-01
9.750739502229028854e-01
1.000000000000000000e+00
9.179967598404721318e-01
7.356202860689400325e-01
4.756359866138186732e-01
1.628074965010160025e-01
-1.670268996795289951e-01
-4.790348334261643748e-01
-7.391123541506977590e-01
-9.192267205747527425e-01
-1.000000000000000000e+00
-9.707541790688283267e-01
-8.386801825923866360e-01
-6.152923973428818805e-01
-3.262099852566882063e-01
-6.073736776898153167e-04
3.241586216332537074e-01
6.142145162281453796e-01
8.371086195912516015e-01
9.679769687732564520e-01
9.957992788857488176e-01
9.154682523697239560e-01
7.372793831539625753e-01
4.783558479524929741e-01
1.700268956525459174e-01
-1.570617459133741844e-01
-4.661331123649938846e-01
-7.236263025425385687e-01
-9.023726506883362752e-01
-9.824386842633727746e-01
-9.566169215740534248e-01
-8.256139071479550173e-01
-6.070348248946128011e-01
-3.215416476341897978e-01
-2.767285134159691573e-03
3.155264829928163817e-01
5.981791893034005270e-01
8.151768560436205568e-01
9.430944113882007152e-01
9.668261885680697887e-01
8.879479650106236743e-01
7.128151605599724050e-01
4.623745075944614147e-01
1.620786656124342251e-01
-1.527301202367998822e-01
-4.493950003977800201e-01
-6.945429988877612759e-01
-8.614592724262474244e-01
-9.353869834124888261e-01
-9.068479366798797292e-01
-7.806861899667550952e-01
-5.690722991106216266e-01
-2.985963933000703729e-01
3.856262417067712889e-03
3.035512899876862125e-01
5.680496889373682912e-01
7.691238422335098246e-01
8.848681908470903412e-01
9.043875316078928694e-01
8.242825234687123359e-01
6.567961802389834514e-01
4.176236005548779051e-01
1.355716380234890384e-01
-1.594857384921294363e-01
-4.344074378628902666e-01
-6.601169570801785902e-01
-8.118415312574727150e-01
-8.723510292957427081e-01
-8.392420962419813169e-01
-7.144971528204894229e-01
-5.136837562816116698e-01
-2.572338567849061786e-01
2.411688803799694192e-02
3.010824171765249524e-01
5.418487133183824689e-01
7.202862532342722002e-01
8.198814042540114588e-01
8.288929229830590550e-01
7.481330436913704585e-01
5.853835282971391329e-01
3.621991431063662503e-01
1.008083603785634441e-01
-1.682848566803628598e-01
-4.158033934722975555e-01
-6.148864375204314836e-01
-7.440303321472163667e-01
-7.901186544533599365e-01
-7.470708492491440200e-01
-6.237079409664905150e-01
-4.317926486963736821e-01
-1.949587750526529106e-01
6.135314309413408829e-02
3.075766365169789740e-01
5.175170079810569312e-01
6.677898304358311776e-01
7.414663531474718905e-01
7.343197530331728728e-01
6.460492004966289503e-01
4.884604926228530708e-01
2.781176579965409790e-01
4.136675813210932695e-02
-1.971511176015947608e-01
-4.099522658903103078e-01
-5.735085911526431879e-01
-6.722077177204921483e-01
-6.947766635653298550e-01
-6.405669286835966592e-01
-5.149442951240852384e-01
-3.352739312332521093e-01
-1.196569341648832108e-01
1.060274033584267528e-01
3.167984098032661233e-01
4.894883165876093845e-01
6.053441384019204730e-01
6.525264988329086968e-01
6.252508993019318950e-01
5.305426656644225414e-01
3.775797974038599403e-01
1.852855226341112438e-01
-2.547685607977112632e-02
-2.298421629515247089e-01
-4.057863815989546374e-01
-5.332656924757965822e-01
-5.978408308685446704e-01
-5.960430284830358083e-01
-5.272410938831275651e-01
-4.007435381342614455e-01
-2.300538414049967395e-01
-3.696818103055021787e-02
1.581729870972365948e-01
3.324668065818530138e-01
4.661685945646556473e-01
5.461910070362800962e-01
5.633789413312908501e-01
5.174016309278217651e-01
4.128279821205906863e-01
2.645264046311330830e-01
8.763829370280795672e-02
-9.627515653948137686e-02
-2.663251332034076713e-01
-4.035091047265232378e-01
-4.926812376289425588e-01
-5.244765182987789487e-01
-4.946615558347199348e-01
-4.097840114002295753e-01
-2.780580477860076227e-01
-1.165543960645157862e-01
5.643843761837619155e-02
2.203212359767543482e-01
3.571159985221523669e-01
4.508644973864512906e-01
4.905271301290854424e-01
4.748969811034879918e-01
4.048666409127266164e-01
2.896130764965219040e-01
1.417882342189480394e-01
-1.935159832992472406e-02
-1.763962354702501845e-01
-3.103667725117355003e-01
-4.057720257658173901e-01
-4.540608041960668695e-01
-4.491089484792123443e-01
-3.923438587389703747e-01
-2.897036355922831818e-01
-1.554752888187327375e-01
-3.501108185674839390e-03
1.474624081798969755e-01
2.797345717589903025e-01
3.784763394564139016e-01
4.323920630218789363e-01
4.361042211489405407e-01
3.884977750096030302e-01
2.972950161864664764e-01
1.712840848062671117e-01
2.657214744572389264e-02
-1.202477909607529982e-01
-2.517908270064210807e-01
-3.533097492826151598e-01
-4.125515828039650890e-01
-4.219657817222813856e-01
-3.834865934519400277e-01
-3.002982851313508172e-01
-1.824441391209834507e-01
-4.268493498241543449e-02
1.013314225693369153e-01
2.337211133200425284e-01
3.380109103229635981e-01
4.018065677263733537e-01
4.200448710324304891e-01
3.895590870258518468e-01
3.141919613332009309e-01
2.017747362175204007e-01
6.734078838685819690e-02
-7.528088913886987754e-02
-2.088863484420434569e-01
-3.175716944781915574e-01
-3.892370682947228211e-01
-4.153531177191891466e-01
-3.933851317253793667e-01
-3.247261469440543280e-01
-2.191073281026296726e-01
-8.676163320155472203e-02
5.601387527129930710e-02
1.928675297966873092e-01
3.078093270258643877e-01
3.878053592316772491e-01
4.229051363282412268e-01
4.078335065234044432e-01
3.469533767082131348e-01
2.456660461403530338e-01
1.160897184338443022e-01
-2.760410645033872790e-02
-1.678018275728221376e-01
-2.890907115657987969e-01
-3.766102783881744021e-01
-4.196874948789880433e-01
-4.155314128130133122e-01
-3.633025754280485575e-01
-2.692103393937329558e-01
-1.431236557278781074e-01
-1.471905782127747031e-03
1.412070165111152242e-01
2.681067874773956916e-01
3.641999976777370307e-01
4.194142725423108953e-01
4.268655568238157727e-01
3.859893888327150524e-01
3.002461341627351565e-01
1.810243479682946965e-01
3.990585114462485983e-02
-1.060527802880735226e-01
-2.402491487033083795e-01
-3.474334154691143262e-01
-4.154892827600625838e-01
-4.364984658506793069e-01
-4.069912423745605246e-01
-3.324147665518549788e-01
-2.193507468470115018e-01
-8.113289994886152545e-02
6.732966436678511357e-02
2.084869993586528913e-01
3.270342466511604318e-01
4.086638068988210915e-01
4.434972066965106041e-01
4.300110363228792920e-01
3.683661289023358876e-01
2.655876432700718937e-01
1.321877501780657216e-01
-1.522635259593685397e-02
-1.614282812529608258e-01
-2.890558603677347849e-01
-3.833817590237775796e-01
-4.350758154725480331e-01
-4.376561512385880315e-01
-3.910824176175013989e-01
-2.995008131848918564e-01
-1.750125733926457539e-01
-2.964646706471951720e-02
1.194510559195278709e-01
2.555025587635650908e-01
3.633446603128462904e-01
4.310146299455843710e-01
4.507096614656964650e-01
4.191252070375088845e-01
3.419951795850213472e-01
2.261989616585284857e-01
8.564842891740398478e-02
-6.433937772041831149e-02
-2.063635637555577551e-01
-3.252420050655713268e-01
-4.070132690089860450e-01
-4.420253344180520294e-01
-4.288669357176952968e-01
-3.678687207870617870e-01
-2.661635266549084999e-01
-1.343493039405643241e-01
1.103874593540443705e-02
1.550783653930702943e-01
2.809738396069794142e-01
3.745366456848531200e-01
4.271120316955692164e-01
4.323081761560965131e-01
3.898364093030579625e-01
3.036940282879772024e-01
1.853553736033541899e-01
4.625655522602323266e-02
-9.720516224418285223e-02
-2.290062874959720718e-01
-3.347151982060377895e-01
-4.028438472279924909e-01
-4.259423060950178197e-01
-4.007459935702621934e-01
-3.324319299983131692e-01
-2.271796070018969882e-01
-9.737994630084900738e-02
4.298986845782093447e-02
1.776287415073734000e-01
2.922590881781050864e-01
3.734605219727245018e-01
4.118513604298295050e-01
4.058545692413713102e-01
3.552939412692543986e-01
2.661136699666379890e-01
1.476109124081446122e-01
1.461585634182926974e-02
-1.192721913934710054e-01
-2.383949878580157167e-01
-3.293060677150644322e-01
-3.834381911737889670e-01
-3.945674838702190046e-01
-3.619667770895325098e-01
-2.887490630463175334e-01
-1.850386827737383610e-01
-6.082411680584665081e-02
6.930575871459998538e-02
1.907613962591006018e-01
2.902973422941337311e-01
3.572774428931526636e-01
3.841674256670744025e-01
3.673972447494227023e-01
3.114444553782851344e-01
2.214593889296281315e-01
1.082848909996199094e-01
-1.560142638593520203e-02
-1.357568701086172558e-01
-2.395096392776311367e-01
-3.148017491736548878e-01
-3.531220956624024909e-01
-3.528553089704636880e-01
-3.135086206262749364e-01
-2.399157817869130849e-01
-1.401087508326211983e-01
-2.707661093550450815e-02
8.771206716507529144e-02
1.909916472113499797e-01
2.711162885844577985e-01
3.208605248335700821e-01
3.347031783587310905e-01
3.115980432081888463e-01
2.539762128981641887e-01
1.701130582492811349e-01
6.812632450456512778e-02
-3.974268941502367980e-02
-1.412241035131365230e-01
-2.253255130396830674e-01
-2.831481611580509705e-01
-3.083705483703499395e-01
-2.979877159598144365e-01
-2.556463227799393723e-01
-1.852892674334585266e-01
-9.524379533082238947e-02
4.517612787275693265e-03
1.022197930925450304e-01
1.875473856648965931e-01
2.503636096920778265e-01
2.836087077363411701e-01
2.862173849007454418e-01
2.575725235643062661e-01
2.010673821382729098e-01
1.229504829748206962e-01
3.346722899078491409e-02
-5.828810836120545957e-02
-1.414918613164004579e-01
-2.065999313169931684e-01
-2.477410404319873027e-01
-2.605029170745476463e-01
-2.439071778162238413e-01
-1.998109229361576533e-01
-1.349172506255876813e-01
-5.548586602083782626e-02
2.892440369802073974e-02
1.084493204283609735e-01
1.744500876900272335e-01
2.199974863771754219e-01
2.398116073662883707e-01
2.314548461185634842e-01
1.981122144670846019e-01
1.428992429869946346e-01
7.268913493565021255e-02
-4.279047614493269869e-03
-7.887732784617462745e-02
-1.432032475968527674e-01
-1.894108056750586355e-01
-2.122315930475022761e-01
-2.114824979817158113e-01
-1.870282943532541875e-01
-1.417031203131656758e-01
-8.084295549815645465e-02
-1.282519433124651442e-02
5.541902851748781167e-02
1.157173032359333220e-01
1.610352899979123897e-01
1.879158347004266094e-01
1.934275314786950695e-01
1.770603284572094260e-01
1.408632425113280906e-01
9.039058870390181966e-02
3.048085134365519089e-02
-3.148946718278566870e-02
-8.797056642973200002e-02
-1.329569883050411017e-01
-1.617606613907166535e-01
-1.711700988924094169e-01
-1.601553378227951185e-01
-1.317026976719817277e-01
-8.839157125735608300e-02
-3.547748946606066323e-02
2.068605266426737366e-02
7.349968912673077170e-02
1.173642642954009219e-01
1.465857922159239379e-01
1.577538890343519462e-01
1.519201334473103682e-01
1.295145549025991105e-01
9.271248018084832232e-02
4.581135694352989063e-02
-4.877714983831715756e-03
-5.409643387366980249e-02
-9.555634229661780221e-02
-1.242804643271711029e-01
-1.385550997799847028e-01
-1.367614796942439037e-01
-1.188957820499326745e-01
-8.713899023167603897e-02
-4.637235046577004027e-02
-3.946763174732526025e-04
4.526034868240125242e-02
8.474655615064330405e-02
1.139450071696148648e-01
1.298694599147198758e-01
1.304632737377138252e-01
1.155167710022937388e-01
8.804679992449626624e-02
5.046380124990546001e-02
7.645351241265752051e-03
-3.482487076928864056e-02
-7.214322924880833821e-02
-1.004140268343340914e-01
-1.159417147728393216e-01
-1.168897980673698767e-01
-1.048288941262347507e-01
-8.070689476070092017e-02
-4.711575042469984265e-02
-8.280801176834051702e-03
3.059762096068574522e-02
6.551066553628026590e-02
9.179654912467993810e-02
1.062930354271793831e-01
1.092814791620599912e-01
1.002076740713568892e-01
7.946165767974866512e-02
4.959704555024724293e-02
1.488169708151176884e-02
-2.138227413071691618e-02
-5.448122908277219789e-02
-8.013760892417476356e-02
-9.627522066009686075e-02
-1.011749289671018959e-01
-9.402592805944853804e-02
-7.573215420395140729e-02
-4.933025147546155065e-02
-1.700079995566794455e-02
1.732405975803774645e-02
4.915448582847603554e-02
7.511936352658721283e-02
9.260643612762908816e-02
9.918215171704325428e-02
9.407798687475010802e-02
7.928695043683853250e-02
5.591713107168616581e-02
2.637613758471424319e-02
-5.663642934953361241e-03
-3.639006620258899982e-02
-6.268308930661092848e-02
-8.078450124771319185e-02
-8.855425052159404675e-02
-8.682159748577145120e-02
-7.550176738058378412e-02
-5.522174094072374029e-02
-2.845561440861965607e-02
1.128722082196942367e-03
3.077781850923111406e-02
5.662527131168526573e-02
7.541488304523324970e-02
8.614983686959787335e-02
8.769278209944819658e-02
7.931599411204826033e-02
6.203860491184332027e-02
3.865835119264970920e-02
1.105013768656437634e-02
-1.752150181270439866e-02
-4.334428556913538788e-02
-6.393932600555718437e-02
-7.731677039308049171e-02
-8.124684810188920192e-02
-7.515525624356100831e-02
-6.103122105994718272e-02
-3.991784497310868485e-02
-1.421981987455356311e-02
1.258442779004376177e-02
3.743716744501712768e-02
5.794294372865627096e-02
7.123481528779951333e-02
7.578458755669426061e-02
7.249564565357347057e-02
6.146649673099480182e-02
4.350750074583342730e-02
2.108190600874282339e-02
-2.578164476395472526e-03
-2.539860719804787337e-02
-4.444106133235969924e-02
-5.734479855016827443e-02
-6.411193473064846771e-02
-6.402170691694542004e-02
-5.633647243775041780e-02
-4.212597009887975030e-02
-2.375975336750479894e-02
-2.720812492062019139e-03
1.838664641742515649e-02
3.680268962329824589e-02
5.110579197614506519e-02
5.996408926250640370e-02
6.182179778565499717e-02
5.660315062635046246e-02
4.609311751829370252e-02
3.097722496772981060e-02
1.266001696780771901e-02
-6.355780992497783721e-03
-2.395314015089122783e-02
-3.860013347377644344e-02
-4.817264128388532018e-02
-5.160125704702500649e-02
-4.978277741394310230e-02
-4.269190630290187194e-02
-3.063662794711485837e-02
-1.532781271362615438e-02
1.151007069593257270e-03
1.747352982961847268e-02
3.151815683452818817e-02
4.156597964582431359e-02
4.750909731787844592e-02
4.873128613381050300e-02
4.448581954718422438e-02
3.547566146598013503e-02
2.350411945874530950e-02
9.456706225962951962e-03
-5.121742851354249559e-03
-1.833877082214585563e-02
-2.922962105282289613e-02
-3.678829256909554868e-02
-3.942113175336392494e-02
-3.685246180553025663e-02
-3.042273531207329018e-02
-2.054844957663848337e-02
-8.385121962928954176e-03
4.157205585418211058e-03
1.570171780192120004e-02
2.527589683780728791e-02
3.156519854348083243e-02
3.388396113382485808e-02
3.275866043662678528e-02
2.818950748829518460e-02
2.046676948289372078e-02
1.091691795356286576e-02
1.207521520213195032e-03
-7.933170338258688226e-03
-1.549783405772375833e-02
-2.058744550230018344e-02
-2.346039136172750617e-02
-2.376679156614081023e-02
-2.103533531092616204e-02
-1.585407144015271719e-02
-9.288158931167855847e-03
-1.819751475992004153e-03
5.673276682022665440e-03
1.219408773060592921e-02
1.733773358499890449e-02
2.064733388899031574e-02
2.157271916653136223e-02
2.020431212292295164e-02
1.727950359127694568e-02
1.297626668016782503e-02
7.648099065302282895e-03
2.083535888873777608e-03
-3.121982330897332680e-03
-7.549616684437765457e-03
-1.064093572543745037e-02
-1.216776775034444924e-02
-1.245452425371740279e-02
-1.142960420577199265e-02
-9.028277004022866592e-03
-5.681307360689058505e-03
-1.937246446709006698e-03
1.920257738177388873e-03
5.481695654383500482e-03
8.376705942747086908e-03
1.057073656886098334e-02
1.184446440429032243e-02
1.183147676243478941e-02
1.059329195140845670e-02
8.528017496243656126e-03
5.784164165161698179e-03
2.686886797192089560e-03
-3.243492063624842103e-04
-3.011022000752539007e-03
-5.125724155793154324e-03
-6.268195170364032620e-03
-6.302328761376929656e-03
-5.438011316072910439e-03
-3.746615021798738177e-03
-1.533446003638361255e-03
7.503510714703676143e-04
2.764513909531141067e-03
4.345541740663705355e-03
5.352274121171785026e-03
5.698953468448397786e-03
5.519470808976745246e-03
4.832499454280769768e-03
3.763394294005628637e-03
2.620763697959826999e-03
1.702694364334789157e-03
1.072111712783430093e-03
7.098909875598025110e-04
6.132911657377171366e-04
6.313034640110792850e-04
7.768249636341817421e-04
1.078051327361606582e-03
1.404267117020019384e-03
1.641907973201517379e-03
1.775208646663806178e-03
1.815417948824116223e-03
1.783731046558711952e-03
1.757966480934625153e-03
1.726687891238753991e-03
1.657256071005530629e-03
1.585194401904965744e-03
1.535878878237362244e-03
1.511365804441888727e-03
1.510871456205986618e-03
1.523107094084208413e-03
1.521975222771532188e-03
1.511998728739527564e-03
1.506568179133749297e-03
1.500858386526582322e-03
1.494883568659899353e-03
1.488532271029407994e-03
1.479406261293503277e-03
1.470507924634878449e-03
1.466307831331059575e-03
1.465877427548223366e-03
1.467005796086606750e-03
1.469373880016666689e-03
1.471560933544946437e-03
1.473606847887110050e-03
1.476527667431115631e-03
1.480045520258377323e-03
1.484076725904337479e-03
1.488607487793780493e-03
1.493415366053074678e-03
1.498651021869967792e-03
1.504620920486310354e-03
1.511212764965241817e-03
1.518090807490990457e-03
1.525094476682253841e-03
1.532111214160858381e-03
1.539389626531439959e-03
1.546954539386469207e-03
1.554830778319526985e-03
1.563043168923083925e-03
1.571616536790054752e-03
1.580575707513798278e-03
