2.091892813146778440e-01
1.405950446999404413e-02
-1.379167316192299042e-01
-2.494395650185072810e-01
-3.232091337933500341e-01
-3.619255760092713325e-01
-3.682890297317837902e-01
-3.449996330264026856e-01
-2.900052747463877090e-01
-2.037614161613332531e-01
-9.233145777956253131e-02
2.993281832155703093e-02
1.492930851552130012e-01
2.543413814726454003e-01
3.332727437535623061e-01
3.765287510258439330e-01
3.785187635858258126e-01
3.408762674386978109e-01
2.663489206000726472e-01
1.627682908568850451e-01
4.057913049197514610e-02
-8.572989861345481355e-02
-2.033030419110072318e-01
-2.984140806716559791e-01
-3.605311767211201168e-01
-3.849610254998124814e-01
-3.680825890861351146e-01
-3.112790170584165406e-01
-2.200074701300849256e-01
-1.056295318942671591e-01
2.112445606054680347e-02
1.458930010098851149e-01
2.548501777733209739e-01
3.364604943474940324e-01
3.819218971057833922e-01
3.863704593594392556e-01
3.485869223410080764e-01
2.742643219049181180e-01
1.698824195344987853e-01
4.748428121044567796e-02
-7.982928927213994719e-02
-1.978941285230710889e-01
-2.944252213285774022e-01
-3.581475050419643535e-01
-3.816285083514108223e-01
-3.647756272352379314e-01
-3.084781195080043004e-01
-2.187899483847393078e-01
-1.048040293177512350e-01
1.981309802399677800e-02
1.424434262260529938e-01
2.487581527302322737e-01
3.271176234859189957e-01
3.708918279978743460e-01
3.749547613188042305e-01
3.390204459982890661e-01
2.666480448643939738e-01
1.675729687237841325e-01
5.112823001320365712e-02
-6.937892007549084639e-02
-1.806094263460115146e-01
-2.707943217953614479e-01
-3.305655214857197155e-01
-3.534005940722932948e-01
-3.364007324452059633e-01
-2.839018248035468650e-01
-2.007219887493545407e-01
-9.676224596183646831e-02
1.655183521804004521e-02
1.263236522014017371e-01
2.212425813274598863e-01
2.905358058527374165e-01
3.266547402944861567e-01
3.283812604839870808e-01
2.952654502320601893e-01
2.313732518961935103e-01
1.437741945124844101e-01
4.382168340184677824e-02
-5.850410358313085091e-02
-1.516008993240237634e-01
-2.253028498973225213e-01
-2.735297004205125004e-01
-2.913437891928372103e-01
-2.774485288292097840e-01
-2.336970391232344735e-01
-1.668454146055488030e-01
-8.336229615132417781e-02
6.771672310443177523e-03
9.333407022913342566e-02
1.673574636148689176e-01
2.214739020681928405e-01
2.501897669556165660e-01
2.507259253305798019e-01
2.258007975324343164e-01
1.780148338698390731e-01
1.132516903235154526e-01
3.899427323093429543e-02
-3.603734380691447914e-02
-1.041706095604616467e-01
-1.576070744549957769e-01
-1.908883677723368644e-01
-2.033839613978390970e-01
-1.941662406015002285e-01
-1.647712532741905100e-01
-1.191412011786018299e-01
-6.391235882203805119e-02
-4.680750627953589316e-03
5.165864169013323348e-02
9.881721531149834092e-02
1.334206098660160045e-01
1.525451361037504228e-01
1.549337829379286990e-01
1.412889368778167398e-01
1.152036647403504865e-01
7.943358464683414333e-02
3.870397051601282001e-02
-1.673782221174979767e-03
-3.785158902242835577e-02
-6.666240677209234189e-02
-8.533984268530159234e-02
-9.262850669370359391e-02
-9.019457186101698110e-02
-7.879113860916020506e-02
-6.097487103129950459e-02
-4.017450450597459533e-02
-1.896018308724090051e-02
6.278500999183922460e-04
1.661823222777925047e-02
2.802245490252119886e-02
3.573800738552068701e-02
3.955119302502740908e-02
4.031781363356090608e-02
3.985150438408280316e-02
3.959072259728513288e-02
3.983687341557184958e-02
4.035247322633739309e-02
4.081334174639072998e-02
3.997500511580587279e-02
3.761672511924119000e-02
3.257512239863635806e-02
2.341037890893593598e-02
9.943298080770768266e-03
-7.240707245658062341e-03
-2.730049710829884901e-02
-4.876523521319631183e-02
-6.883479033270745173e-02
-8.550094578248279564e-02
-9.542079444335993532e-02
-9.582094851140843250e-02
-8.583848992617126861e-02
-6.522048679454628406e-02
-3.434291189985894110e-02
4.666017997576155096e-03
4.740153098294053180e-02
9.032652091407644690e-02
1.278931739935247336e-01
1.547010562130604061e-01
1.667702847033667446e-01
1.616496347494476016e-01
1.380403709408635216e-01
9.685704511584503074e-02
4.236916857049100038e-02
-2.149275968312969187e-02
-8.772554622607919850e-02
-1.486947827648168463e-01
-1.969014266051841711e-01
-2.265070500632916373e-01
-2.317246567804579493e-01
-2.099458936878114690e-01
-1.641950511608227803e-01
-9.741992518312936333e-02
-1.570832601187921451e-02
7.277959411968515369e-02
1.575129931278222983e-01
2.294617208523921370e-01
2.788392630033029729e-01
2.989050042022232123e-01
2.878247430317315558e-01
2.447952046889714239e-01
1.730143955782241783e-01
7.901639999939802372e-02
-2.581766625285486505e-02
-1.317324156915814504e-01
-2.265446353385686118e-01
-2.989002410048117175e-01
-3.404381191972004617e-01
-3.454222696438243867e-01
-3.120377045186487619e-01
-2.420677762008410783e-01
-1.435295604640169920e-01
-2.485412109696283345e-02
1.004170759434086513e-01
2.185866588276896838e-01
3.160362271663710310e-01
3.817206307352065675e-01
4.066493418700043438e-01
3.861949756418403545e-01
3.239977336255366325e-01
2.246893058030206003e-01
9.836175548950931713e-02
-4.241346777104826327e-02
-1.810085359766117064e-01
-3.027385712477510538e-01
-3.925038003255134633e-01
-4.392905687006914972e-01
-4.391081879875883276e-01
-3.900285864547126113e-01
-2.966582041001932790e-01
-1.676759669339666914e-01
-1.874262859801256731e-02
1.357223718558724368e-01
2.779337933501309088e-01
3.914660105538625423e-01
4.636217964576387907e-01
4.856163550860332911e-01
4.545974107579944246e-01
3.721243021131439566e-01
2.485869668615898753e-01
9.519223550963817893e-02
-6.994522782171164188e-02
-2.286457325187726264e-01
-3.629586868590768400e-01
-4.581009449847126547e-01
-5.026316803659263144e-01
-4.902059541270646914e-01
-4.245097240490988133e-01
-3.108729720017625597e-01
-1.619124246114562737e-01
7.017343396324093874e-03
1.756900217699128852e-01
3.262851473340082631e-01
4.410420338391869421e-01
5.067186223725970162e-01
5.183565104049638883e-01
4.731951444859363587e-01
3.763157137674613129e-01
2.373054365227762474e-01
7.352676491222887023e-02
-9.875596620716098339e-02
-2.596468949066998988e-01
-3.909258064153342538e-01
-4.785787117592137374e-01
-5.126265719578539937e-01
-4.900468590356943377e-01
-4.122865160368593962e-01
-2.900813193917772814e-01
-1.350796840648420538e-01
3.415678610237771196e-02
1.989826738954989516e-01
3.408661514263309211e-01
4.444161272400333207e-01
4.978548767309696199e-01
4.944591931852631017e-01
4.379167147664000392e-01
3.333515965608027098e-01
1.930895185385463897e-01
3.202021781096142661e-02
-1.303964189746178448e-01
-2.767949970088265932e-01
-3.900359163454917288e-01
-4.573010653454975261e-01
-4.739787238995628593e-01
-4.375786953569504867e-01
-3.532030700374140242e-01
-2.299086620119460411e-01
-8.397851905894626601e-02
6.967006063955460959e-02
2.132362996237333608e-01
3.302904113512810103e-01
4.088305540659675774e-01
4.404235995246867930e-01
4.230410512269981993e-01
3.584400193495234088e-01
2.566723280623492975e-01
1.281038332521360346e-01
-1.127932636157757962e-02
-1.455009059297391882e-01
-2.595613315118074915e-01
-3.412002863870112757e-01
-3.816928713718069632e-01
-3.764214396968267318e-01
-3.294776322654845435e-01
-2.457594972826743218e-01
-1.366598284086770754e-01
-1.504632575453179744e-02
1.041463874243928611e-01
2.078652955746809194e-01
2.840263482295357633e-01
3.241293623590806305e-01
3.271415728923712241e-01
2.929447922278534122e-01
2.270435052006198884e-01
1.377210760553482238e-01
3.791248050869389097e-02
-6.130912301039059820e-02
-1.478637660911317209e-01
-2.115584348152760308e-01
-2.474886926550379229e-01
-2.520324030025717921e-01
-2.262915381470473886e-01
-1.741696367938248002e-01
-1.047650881821564628e-01
-2.610110921614106072e-02
5.117689264175218078e-02
1.169920424481754040e-01
1.642150595147906511e-01
1.877254388603508684e-01
1.861369502569540924e-01
1.603183123926006370e-01
1.163427293772274496e-01
5.964975651146064983e-02
-8.600959297884180899e-04
-5.640340065277194004e-02
-9.978816363893883157e-02
-1.255893799785948728e-01
-1.310273262288945695e-01
-1.155793383956633669e-01
-8.360108071501082261e-02
-3.897629051951678747e-02
1.051010041304012432e-02
5.700468545058412495e-02
9.337882822842891173e-02
1.142376048527768972e-01
1.161225721123657628e-01
9.798256521865345015e-02
6.350767904932030916e-02
1.614541811484748735e-02
-3.631875608157641988e-02
-8.589411930506885007e-02
-1.245866114084824838e-01
-1.462679877802990358e-01
-1.462058371788683697e-01
-1.225285841485064253e-01
-7.858424716026124468e-02
-1.785652307363760904e-02
5.143215204769169269e-02
1.203343000192123036e-01
1.785859540913630195e-01
2.179623253578053532e-01
2.306533623608695294e-01
2.124965640020908264e-01
1.660920980135045522e-01
9.446891680807745217e-02
5.206072329801525456e-03
-9.204390936748196861e-02
-1.838305057626070660e-01
-2.589788543778221985e-01
-3.058006433451159189e-01
-3.161759914307382680e-01
-2.883955952458630012e-01
-2.226939919874256768e-01
-1.252501912610816115e-01
-5.354146539375159719e-03
1.215853274427474151e-01
2.422115716771289229e-01
3.408491786149043801e-01
4.038712488262345968e-01
4.223298472678447268e-01
3.914424560647338236e-01
3.130970522358440533e-01
1.930860242554359729e-01
4.576555324162856486e-02
-1.147673700542384267e-01
-2.689009852270656253e-01
-3.982699247940538756e-01
-4.865374296219024952e-01
-5.217500010230071705e-01
-4.977186572253861074e-01
-4.136522351766019900e-01
-2.791124156423799851e-01
-1.054277564197433348e-01
8.672444131220524710e-02
2.763229457850417958e-01
4.406192689589158995e-01
5.605631984497980724e-01
6.200895492573124113e-01
6.094977809730399709e-01
5.307259490446449846e-01
3.887900627520253227e-01
1.989481794123189040e-01
-1.999444878442735440e-02
-2.415324986359569381e-01
-4.418611730415378247e-01
-5.960756324457481270e-01
-6.851894083564318283e-01
-6.998646199121887346e-01
-6.349010973620645704e-01
-4.963795231250505147e-01
-2.965213477233474837e-01
-5.932809640073599677e-02
1.918137953586158684e-01
4.271692417888399707e-01
6.197876875400485375e-01
7.471808255171676905e-01
7.931580510241706961e-01
7.518223522493276967e-01
6.242474991434892040e-01
4.258548014987335595e-01
1.745748119415437838e-01
-1.000877111608891035e-01
-3.687033920571400891e-01
-6.000969176434340913e-01
-7.682083193518444153e-01
-8.526238216665897873e-01
-8.410810038491032259e-01
-7.370255793339268724e-01
-5.481372728541669126e-01
-2.957156071074027448e-01
-4.954394215885837838e-03
2.897203153577343482e-01
5.568879869830738460e-01
7.647405126189785740e-01
8.887894434468519567e-01
9.168428492165312527e-01
8.425546905202505599e-01
6.743955075527301446e-01
4.277744972629571318e-01
1.327021977794373697e-01
-1.813600786650630958e-01
-4.779077248499088437e-01
-7.237532814688387717e-01
-8.913581666587913066e-01
-9.606677753314917245e-01
-9.242832579190282116e-01
-7.829673157432676112e-01
-5.549110267368242422e-01
-2.614143355450337936e-01
6.256741669692944541e-02
3.822422110268770545e-01
6.611582537935523085e-01
8.685964950424349684e-01
9.809428995755582470e-01
9.835314065818703266e-01
8.794541175471777272e-01
6.769232043530595266e-01
3.998391828748255605e-01
7.642620533037813857e-02
-2.548046638063184988e-01
-5.587553810943794996e-01
-8.003180223337892363e-01
-9.520287853710241999e-01
-1.000000000000000000e+00
-9.364461715451505297e-01
-7.697691089113092300e-01
-5.158679035013424841e-01
-2.061851665188072502e-01
1.279983167760190277e-01
4.479435271231255733e-01
7.182934439977335384e-01
9.095966542717339731e-01
1.000000000000000000e+00
9.811124149009586848e-01
8.528002487453987257e-01
6.327525947554417662e-01
3.419974702720707249e-01
1.538134269985702574e-02
-3.121421756232802824e-01
-6.034762720575417294e-01
-8.270157519322054451e-01
-9.580719340483484503e-01
-9.808233465484192948e-01
-8.971497985558878341e-01
-7.139438620867529783e-01
-4.536124458731232156e-01
-1.429257907470278255e-01
1.810447155788910134e-01
4.840039421211201898e-01
7.312122880229294797e-01
8.951246358539031167e-01
9.610734792830788464e-01
9.203068061499455332e-01
7.795948709035624979e-01
5.528313614967752532e-01
2.690482997181666835e-01
-4.294069576457149040e-02
-3.469564068839552373e-01
-6.095487604308846841e-01
-8.025887456382090335e-01
-9.047684360850479779e-01
-9.068703822214485566e-01
-8.073282988646927061e-01
-6.212869849221214213e-01
-3.669076789539864603e-01
-7.548836373534251187e-02
2.213335603407764474e-01
4.900949210805021217e-01
7.020150829736651055e-01
8.342791670685278937e-01
8.717651560383568032e-01
8.152257101282038843e-01
6.696041447411056335e-01
4.535817221413571687e-01
1.900107122182110864e-01
-8.902771266132758488e-02
-3.540027953376914116e-01
-5.747999241224355238e-01
-7.273271065831685700e-01
-7.988004578793053145e-01
-7.807595539807931084e-01
-6.776860420430569354e-01
-5.004505369399149250e-01
-2.726273836301044140e-01
-1.760852680230884371e-02
2.347113538969733959e-01
4.564895145385363673e-01
6.243711401436191633e-01
7.203525353325499481e-01
7.363175371626597965e-01
6.702868353548456781e-01
5.336524862647333833e-01
3.400808656668945495e-01
1.137910102753769692e-01
-1.203828989147341932e-01
-3.360382639113619341e-01
-5.102771552523679421e-01
-6.244588137644582204e-01
-6.660652142502239137e-01
-6.353960519727993583e-01
-5.354230044043771786e-01
-3.794350693868446811e-01
-1.843137752456580625e-01
2.592678157602867905e-02
2.289267309306404208e-01
4.014083696515784450e-01
5.247463496176947295e-01
5.890800561671547531e-01
5.874373897729425753e-01
5.222650797642431897e-01
4.010191527713615756e-01
2.407620757018165136e-01
5.808646392357785793e-02
-1.254899352663061407e-01
-2.894744006654996760e-01
-4.168510218322347693e-01
-4.943684306896097835e-01
-5.154059030908410000e-01
-4.779130077546328570e-01
-3.896998781026076442e-01
-2.598425691481154320e-01
-1.053119517354097479e-01
5.625858807764005931e-02
2.066947834603587442e-01
3.301702099463983409e-01
4.134838404518581534e-01
4.478018373289807119e-01
4.336077657770229798e-01
3.726577185588557661e-01
2.734271666407408485e-01
1.473094774328409517e-01
1.047093391813747054e-02
-1.224526229200234573e-01
-2.360321485161402943e-01
-3.180984496763927805e-01
-3.631412650107638251e-01
-3.665666832769925998e-01
-3.295094147290246189e-01
-2.569234329840065501e-01
-1.597177397180351566e-01
-4.801393232339989936e-02
6.475040399303533256e-02
1.655995365211846426e-01
2.444326404187173729e-01
2.933702551518972967e-01
3.086209607495951079e-01
2.892757239838743555e-01
2.402772842161529088e-01
1.667549574900872855e-01
7.847834990643209885e-02
-1.406814704588155163e-02
-1.006117103345920416e-01
-1.722049394757976248e-01
-2.210219890228206641e-01
-2.421740540357650850e-01
-2.369706447086746826e-01
-2.064011710469715322e-01
-1.545406865762942727e-01
-8.769920176571610604e-02
-1.463778467764742519e-02
5.674899304057268168e-02
1.177786984166480089e-01
1.619682724875217694e-01
1.872540861775038312e-01
1.913122476990014587e-01
1.743312189242114396e-01
1.390985472107753029e-01
9.159816024715583538e-02
3.667598730532195539e-02
-1.907745152543571798e-02
-6.881503630175922481e-02
-1.078278452849055213e-01
-1.325391220509537504e-01
-1.407776053417794104e-01
-1.321568605586078693e-01
-1.096739384370025716e-01
-7.571218228224774194e-02
-3.514602090919671795e-02
6.471731725714802153e-03
4.464110792652564719e-02
7.560839939747054927e-02
9.598615790914921675e-02
1.039782372483488704e-01
1.008901442626042311e-01
8.724889703463478696e-02
6.506409121332046297e-02
3.778985099984244478e-02
9.328320513188437246e-03
-1.738793787027970161e-02
-3.895141417328129574e-02
-5.312995603057080185e-02
-6.052552978668701567e-02
-6.052775615243632945e-02
-5.312708886458150648e-02
-4.004738307237709627e-02
-2.373230116499014386e-02
-5.801586308207373754e-03
1.113330981278015663e-02
2.474326677198113167e-02
3.449902772676116669e-02
3.958878944719512738e-02
3.945724433986108615e-02
3.476066811449540772e-02
2.725465173357011217e-02
1.764955763935605049e-02
7.249405003408870840e-03
-2.147761263714631497e-03
-9.690941358418525553e-03
-1.467233197836970149e-02
-1.643557647703575153e-02
-1.524777529449405922e-02
-1.238198357189623788e-02
-8.026883677408336304e-03
-2.680397017437163854e-03
2.417185474093086484e-03
6.484686403948280997e-03
9.149159301715892312e-03
1.009288579227418658e-02
9.413309228195165801e-03
7.873508587562305649e-03
5.559457571187920166e-03
2.748683512396210560e-03
2.256478099194048070e-04
-1.492573025415833143e-03
-2.221839500518574262e-03
-1.798685984067627253e-03
-2.916778457032753735e-04
1.779387737181448159e-03
4.288845846252886673e-03
6.926430577069542238e-03
9.103174998591034850e-03
1.046104457357666107e-02
1.084251391123469688e-02
1.002495179183249263e-02
8.021087194334475257e-03
5.256098857169266836e-03
1.910157659686717579e-03
-1.606143386392755446e-03
-4.705357980518298788e-03
-7.015232126292736403e-03
-8.305462494036408572e-03
-8.196775250643217881e-03
-6.582419344620227264e-03
-3.830779638404613330e-03
-1.198491086450426124e-04
4.118622153779227801e-03
8.246254955353915506e-03
1.176970287191192455e-02
1.437223586773961337e-02
1.554531277432702474e-02
1.503193155580073714e-02
1.310764258693408735e-02
9.868368713448649743e-03
5.602091220263005766e-03
9.115241823465236592e-04
-3.592695861753480990e-03
-7.551992338764357271e-03
-1.040696950412356436e-02
-1.175083800213538865e-02
-1.169299956747493763e-02
-1.017765221939959108e-02
-7.198379441169522330e-03
-3.166831962678529067e-03
1.295994005629186319e-03
5.867829534443869122e-03
1.003032023242478310e-02
1.326314902791603245e-02
1.544407070656039771e-02
1.635388937751636185e-02
1.566025968288875525e-02
1.347218709996700348e-02
1.029911127370453094e-02
6.360422601897175454e-03
2.071376341564734602e-03
-1.991695337741794525e-03
-5.477169038630380626e-03
-8.060464592483218560e-03
-9.157326238625085324e-03
-8.573140066838624840e-03
-6.673689330795484764e-03
-3.597560789674436599e-03
1.687659499389759787e-04
3.952737509083092959e-03
7.307145079200827453e-03
9.943556086228211299e-03
1.151398242557255536e-02
1.182740092491707529e-02
1.104693088497810116e-02
9.234063366038602894e-03
6.671969936732136119e-03
3.901799176706299832e-03
1.477791035563669197e-03
-4.305097287919945614e-04
-1.726310390083307666e-03
-2.310243142660928228e-03
-2.409926565766329354e-03
-1.995021588904410947e-03
-1.026227965474246773e-03
2.263858760369608092e-04
1.473914719975155663e-03
2.620613917871938980e-03
3.539453989288565694e-03
4.132348485905268376e-03
4.489682030381247912e-03
4.567228950183910285e-03
4.334170591284047802e-03
3.915794246468484729e-03
3.449557814490633589e-03
2.974031185159597968e-03
2.541315404656518950e-03
2.217990304615558017e-03
2.003310941294023095e-03
1.917418670304371631e-03
1.945358005000619173e-03
2.018157836249034887e-03
2.057232401618369622e-03
2.067735511600110598e-03
2.103545507117665636e-03
2.170008927490085782e-03
2.271204001867310751e-03
2.397048956246150553e-03
2.515739279940643058e-03
2.631842184672938956e-03
2.773335936411713831e-03
2.924060457204502583e-03
3.047953902583167007e-03
3.124607597142503579e-03
3.126963146334649224e-03
3.061914420729561215e-03
2.964738915372411299e-03
2.857693412896988860e-03
2.771005133595183523e-03
2.710156679551101178e-03
2.666897536042434069e-03
2.644371097687114869e-03
2.633353169371410729e-03
2.634225542097023975e-03
2.648814401776222738e-03
2.665419623524067916e-03
2.672590010374120695e-03
2.669421032497121260e-03
2.658519744709098021e-03
2.641963485584319926e-03
2.625298633101458279e-03
2.607470767513886400e-03
2.589270493527751071e-03
2.571488415849421116e-03
2.554915139184599226e-03
2.540341268239876271e-03
2.528557407721399031e-03
