-1.261505127683508753e-01
-1.455388542639249883e-01
-1.447850097466222286e-01
-1.276621890507512180e-01
-9.794360201062002336e-02
-5.940245846053715528e-02
-1.581196823481090252e-02
2.905465883225066825e-02
6.789061932109485831e-02
9.844890219325264091e-02
1.183393694043217703e-01
1.252776659204135612e-01
1.180109930620369951e-01
9.835974477125852822e-02
6.820817875947815523e-02
3.189598136383686722e-02
-6.247802637403099268e-03
-4.196839893962711621e-02
-7.150537217313168714e-02
-9.114157929096144972e-02
-9.876546976998190619e-02
-9.530879266596137267e-02
-8.105470107190804185e-02
-5.747855318224803778e-02
-2.752589034421482062e-02
4.882869711122506118e-03
3.654227959158062866e-02
6.352066457980276581e-02
8.281590941184902022e-02
9.385570940959397923e-02
9.565298452285286857e-02
8.783457275602590819e-02
7.161263737368250837e-02
4.963848122578862210e-02
2.378533298204588142e-02
-3.009380591434629437e-03
-2.756888254909029001e-02
-4.805691741308992793e-02
-6.280156813247295133e-02
-6.994349445962655398e-02
-6.896239713493157453e-02
-6.136323551053746161e-02
-4.775269699325701556e-02
-2.949010355330561328e-02
-8.952864563510964935e-03
1.186830745558276057e-02
3.133724857655195706e-02
4.742084145576597187e-02
5.888714495974300966e-02
6.600976966505478494e-02
6.815740728963248785e-02
6.448092308508313053e-02
5.572604160860583633e-02
4.363703061189161403e-02
2.894443102227040043e-02
1.232183743005021981e-02
-5.025851967131456099e-03
-2.230303432325764224e-02
-3.811398845844693462e-02
-5.012525841580417474e-02
-5.726782706788291488e-02
-5.973239258997542489e-02
-5.697540545664647738e-02
-4.776413023463954577e-02
-3.239746619426586705e-02
-1.255844604277300824e-02
1.043452720998994110e-02
3.435231973349139878e-02
5.678702659390544305e-02
7.579952788121135931e-02
8.947412383356767585e-02
9.515427924724750852e-02
9.166456927596988713e-02
7.989093852879181057e-02
6.022469385897633032e-02
3.340733770697079663e-02
1.894106678238527408e-03
-3.057083877600663691e-02
-6.126612656753160913e-02
-8.638683487189302568e-02
-1.027336937084499802e-01
-1.089521340464577603e-01
-1.037223467338908023e-01
-8.627758784221006838e-02
-5.783804811271120450e-02
-2.154180529270288691e-02
1.996855242372053141e-02
6.209120598179440620e-02
9.988751920499661097e-02
1.290367223378137140e-01
1.462188639583399397e-01
1.483252725091506186e-01
1.342291366663734831e-01
1.061221234741442920e-01
6.588201165473672738e-02
1.716643222262570490e-02
-3.500561400836066372e-02
-8.449669201158427345e-02
-1.261095887818705075e-01
-1.540429425950434750e-01
-1.645688259294094680e-01
-1.574558526540988934e-01
-1.324771229085552893e-01
-9.136067179382278969e-02
-3.802872184354444407e-02
2.100039822028265668e-02
8.018770918375373036e-02
1.325025873086629336e-01
1.716531492787276569e-01
1.936391110756565670e-01
1.956388971936688925e-01
1.768592476509520672e-01
1.386978172261792430e-01
8.602950189692037952e-02
2.339139877498785935e-02
-4.204421885202469511e-02
-1.028210318142608326e-01
-1.522228140196262292e-01
-1.849352477157358843e-01
-1.965957705065893846e-01
-1.852721219106447936e-01
-1.535786610906657579e-01
-1.040984751920750462e-01
-4.240603275379606352e-02
2.469241688357581843e-02
8.941742181030409853e-02
1.450589659404304399e-01
1.848003853984174771e-01
2.040477683695041122e-01
2.024057269092951472e-01
1.796570345061883067e-01
1.381868765271341282e-01
8.256086631631665007e-02
2.005186732381458725e-02
-4.328291109088744371e-02
-1.002299529910218867e-01
-1.444216912929259244e-01
-1.724287293677548849e-01
-1.814357650530324939e-01
-1.707654487116100350e-01
-1.418657218507473061e-01
-9.918609736523420484e-02
-4.667805218167453418e-02
9.522734413169642309e-03
6.303391037312011669e-02
1.087089553109210627e-01
1.423455993957154497e-01
1.608344669105823410e-01
1.627846903228751252e-01
1.500983394295511975e-01
1.241764502624354005e-01
8.823333812443667767e-02
4.658073070937374105e-02
3.684506836850953704e-03
-3.649874393119678651e-02
-6.984515034692817537e-02
-9.359000799519001657e-02
-1.078134546920022085e-01
-1.117405191659042174e-01
-1.054201743046300210e-01
-9.042362423273853089e-02
-6.922011479343748164e-02
-4.367659148789049262e-02
-1.612923532274679328e-02
1.109661171499420895e-02
3.694626954830493304e-02
5.987717753568677637e-02
7.860760031679259185e-02
9.268410216660027956e-02
1.024561773048198177e-01
1.072802443168558995e-01
1.058303398448710020e-01
9.804570388753175436e-02
8.429637501181042047e-02
6.485314213117598925e-02
3.933238117581550064e-02
8.122187151743176514e-03
-2.734245038987836995e-02
-6.473374067423698364e-02
-1.003474769636549802e-01
-1.310081797672510984e-01
-1.532565249123949425e-01
-1.638964322302003396e-01
-1.587655614494132283e-01
-1.359718325787003801e-01
-9.674010991595538567e-02
-4.285702370952437779e-02
2.180336278812644579e-02
9.167731621049757251e-02
1.588052770579924111e-01
2.164875097657403824e-01
2.566739564061135681e-01
2.730912586335210168e-01
2.623575890070033445e-01
2.229690423979848735e-01
1.566014256070891175e-01
6.795982206062500808e-02
-3.341459694147042025e-02
-1.387647105978483397e-01
-2.360027251616194643e-01
-3.136516440646508475e-01
-3.616072085257705515e-01
-3.725989312610398230e-01
-3.426177019443049643e-01
-2.716803369063672813e-01
-1.663575625221065390e-01
-3.458803161135515225e-02
1.092619660743285870e-01
2.502848916280016045e-01
3.717393133700199748e-01
4.595841802909053087e-01
5.010781159342925228e-01
4.885275486455817884e-01
4.227401930570919841e-01
3.070459944592505153e-01
1.524482877991779617e-01
-2.682430458591622546e-02
-2.099248041318274582e-01
-3.776727036782692171e-01
-5.088993213936415794e-01
-5.872354284042266004e-01
-6.032263696887136817e-01
-5.514099837642436608e-01
-4.354065662799100345e-01
-2.643347949831068577e-01
-5.784144157339543568e-02
1.645273804672717777e-01
3.768494569996552190e-01
5.551548831560986219e-01
6.780461224474041426e-01
7.297750158419262778e-01
7.026756612257070156e-01
5.957154821851180504e-01
4.209057195468244306e-01
1.931275305634412298e-01
-6.128065323128140118e-02
-3.155088922188523659e-01
-5.399762373791296977e-01
-7.095312475795769735e-01
-8.031779193434878117e-01
-8.074726724984061521e-01
-7.227889034910455202e-01
-5.542490100818547871e-01
-3.203353649514124601e-01
-4.385784438428697030e-02
2.426014238575346926e-01
5.087847215791214683e-01
7.230452330980252640e-01
8.603098655536420836e-01
9.061252044034913133e-01
8.519672114636018811e-01
7.034826597254215663e-01
4.735199797157148005e-01
1.895117422508991734e-01
-1.203069916864309974e-01
-4.199282399072892247e-01
-6.761471148544309084e-01
-8.598284122881321156e-01
-9.491645070028456033e-01
-9.342256744298359505e-01
-8.134831536287292497e-01
-6.022639290070121998e-01
-3.200257225963947239e-01
7.068035710133813154e-05
3.239123068254390336e-01
6.144610810637636256e-01
8.397437594925298843e-01
9.738485638932459221e-01
1.000000000000000000e+00
9.180993018137553197e-01
7.340471864798030488e-01
4.696652579827123031e-01
1.517744060834913533e-01
-1.821207311796019246e-01
-4.964676860365971889e-01
-7.549544721770867772e-01
-9.284535312330314261e-01
-1.000000000000000000e+00
-9.598768492012870190e-01
-8.141555652369489859e-01
-5.766833875620419603e-01
-2.771893162490537410e-01
5.376316464482133739e-02
3.778491332096836075e-01
6.594847846989728701e-01
8.679374535722299555e-01
9.800783812329498801e-01
9.851253121049883266e-01
8.810856002618634442e-01
6.832814577717656324e-01
4.110700526572539371e-01
9.767148560272520541e-02
-2.230264381624729175e-01
-5.148642031634709237e-01
-7.464597070719606320e-01
-8.929421549325294860e-01
-9.379015961061022422e-01
-8.810288427205100747e-01
-7.273953879061174632e-01
-4.970631093171808956e-01
-2.143637271668660249e-01
8.644952873528621851e-02
3.735829987854486500e-01
6.148043003432177578e-01
7.841049021056809565e-01
8.670331586257182810e-01
8.544747565283450363e-01
7.510561449350028340e-01
5.680031127913549582e-01
3.299206830525862610e-01
6.150512095322691053e-02
-2.059536114884527036e-01
-4.433849890657097781e-01
-6.263263339984408429e-01
-7.358075747830399305e-01
-7.632890392592892592e-01
-7.063435100737091021e-01
-5.762195171569168828e-01
-3.865777162896095742e-01
-1.615263026871672780e-01
7.430737111693463959e-02
2.948208833367014226e-01
4.771766983668952467e-01
6.031959851634922654e-01
6.602354072239948746e-01
6.479354905620264837e-01
5.684924253502903202e-01
4.339562682320885489e-01
2.595287724269506047e-01
6.677392976223939236e-02
-1.240265141696752504e-01
-2.921476330251017162e-01
-4.205846186970376710e-01
-5.001801495935793707e-01
-5.239522447827072993e-01
-4.930195703342480362e-01
-4.124942921699338294e-01
-2.952611264029086913e-01
-1.539198288904517486e-01
-4.748887469290252739e-03
1.362863062416879156e-01
2.561156976548832898e-01
3.439203991750778844e-01
3.935404113998752784e-01
4.017864857099275877e-01
3.725050659665694042e-01
3.100423299071590755e-01
2.235533310694863829e-01
1.232833349585880089e-01
1.961372881249978661e-02
-7.783667876285593756e-02
-1.605676327609687482e-01
-2.219878260351242361e-01
-2.606357738920382916e-01
-2.747708411429540254e-01
-2.651846691859606198e-01
-2.347647117990596666e-01
-1.883364252345097745e-01
-1.303647920250201597e-01
-6.608591382114981094e-02
-5.769034548067653034e-04
6.344136180890558308e-02
1.219156962738316974e-01
1.706023892601178371e-01
2.069758641418026901e-01
2.304674915672939584e-01
2.394711808334739622e-01
2.312092205109641530e-01
2.055840281789556023e-01
1.645355566756343535e-01
1.102567965489280599e-01
4.568766509717736568e-02
-2.539898060611134323e-02
-9.842894523206702218e-02
-1.676276084123278221e-01
-2.250981038109044485e-01
-2.653068593585945489e-01
-2.841428205173489596e-01
-2.779373119968431283e-01
-2.441130367162992476e-01
-1.838286893549883061e-01
-1.024284185314107143e-01
-5.200500131475549459e-03
9.920066121836157436e-02
2.009569349524797932e-01
2.889850359560490745e-01
3.538645774989428450e-01
3.861418620280514524e-01
3.801967570485607073e-01
3.360959768049689433e-01
2.555082043765513067e-01
1.449417783976048035e-01
1.386424272459585438e-02
-1.232914489512033640e-01
-2.532678064695805809e-01
-3.606075747612109694e-01
-4.326598665655387865e-01
-4.611137070879330890e-01
-4.406574849213266143e-01
-3.717470742996754618e-01
-2.591908328937283512e-01
-1.154956091459606871e-01
4.659674689563986227e-02
2.089684028727911702e-01
3.540774852818748819e-01
4.652959298364960361e-01
5.297187384499979501e-01
5.386714294682453108e-01
4.886531631714805535e-01
3.861102499184909664e-01
2.393428594204167759e-01
6.447137933405722166e-02
-1.207399064551433199e-01
-2.950364790506669888e-01
-4.398637819215363010e-01
-5.380035076956746209e-01
-5.773333045710705713e-01
-5.547939891392645873e-01
-4.705102874020974379e-01
-3.336084783104570350e-01
-1.572018292383156046e-01
3.769171347123179139e-02
2.316161549932329589e-01
4.025035338856031153e-01
5.312482989202542694e-01
6.045218133655452242e-01
6.131538826425406707e-01
5.564580000482910460e-01
4.388706965427424667e-01
2.750153667153110160e-01
8.042102753593360909e-02
-1.225161189043025844e-01
-3.120694140397468619e-01
-4.673742818694781587e-01
-5.715331752546154442e-01
-6.130556072816486513e-01
-5.860988034018901338e-01
-4.965655132901638513e-01
-3.524966950826335932e-01
-1.703108128953834122e-01
3.133579414559539700e-02
2.291322180575854350e-01
4.023239335278643303e-01
5.314319970237095792e-01
6.019453641138627908e-01
6.088123426113754011e-01
5.501898567425786979e-01
4.335640728217058371e-01
2.706069506691408666e-01
8.129378675857346082e-02
-1.155201214115711972e-01
-2.979507328550475842e-01
-4.460414487026891361e-01
-5.447719862368043398e-01
-5.835023000311168051e-01
-5.594152448246235698e-01
-4.743089318236711760e-01
-3.399321523376882537e-01
-1.691856715739884498e-01
1.794787226148164549e-02
2.014669197237022313e-01
3.617783820284292684e-01
4.823495148407588307e-01
5.507981479701693495e-01
5.595774804786695089e-01
5.111876433436055578e-01
4.100889611359956888e-01
2.681918233622955228e-01
1.001413643321500402e-01
-7.462609265073960607e-02
-2.384054879042688535e-01
-3.734732071663320330e-01
-4.658131155525373490e-01
-5.086350312570862009e-01
-4.971858511999470709e-01
-4.337658411000746561e-01
-3.249222244351036570e-01
-1.843210774609170821e-01
-2.547110396998819581e-02
1.342831211018136184e-01
2.782300443308758364e-01
3.921198170063218136e-01
4.646133545922359609e-01
4.890537156242522610e-01
4.627452681716681671e-01
3.911406201523637272e-01
2.808791416255187467e-01
1.441726650662020770e-01
-5.126793654694261626e-03
-1.510980063964882936e-01
-2.794138682882333358e-01
-3.766470199425767662e-01
-4.328453067154415246e-01
-4.448402049216342302e-01
-4.110600484853095260e-01
-3.354728202045605956e-01
-2.254946862964939402e-01
-9.386161517775737373e-02
4.704385904578711752e-02
1.822371651305347839e-01
2.979592591005226776e-01
3.835331377054322921e-01
4.303430939690395807e-01
4.336851825777077174e-01
3.927757191488658872e-01
3.136310090861231803e-01
2.030850971205437894e-01
7.303777877636963289e-02
-6.337986607216328228e-02
-1.920879468386046396e-01
-3.005692303229471340e-01
-3.772476781777145405e-01
-4.139737217032903871e-01
-4.089012536886103000e-01
-3.616773894030415049e-01
-2.770025515154470597e-01
-1.628780871317369039e-01
-3.213174377979111096e-02
1.030013156504834271e-01
2.278905967512430131e-01
3.297531373444668734e-01
3.993480183217124058e-01
4.290523309057652224e-01
4.154311875912219953e-01
3.591848769416812193e-01
2.671485498776517975e-01
1.470453044154051980e-01
1.189520006381150630e-02
-1.245818373924173494e-01
-2.480602341671730438e-01
-3.460870692569990581e-01
-4.075994281858650314e-01
-4.254280482092607230e-01
-3.994465017449451150e-01
-3.309963720966279110e-01
-2.268463227541134275e-01
-9.681089263760089825e-02
4.452221249401921987e-02
1.832298468101656308e-01
3.034456291488771829e-01
3.923243991038440903e-01
4.417112436418340060e-01
4.453732338098308485e-01
4.024386850448979924e-01
3.163602805694938347e-01
1.975533675836871339e-01
5.673765472219294281e-02
-9.046280247525906315e-02
-2.284443883467749403e-01
-3.422430893106741534e-01
-4.196937011332295686e-01
-4.516059195005297511e-01
-4.332369979808770033e-01
-3.686508435725599497e-01
-2.632483386305296547e-01
-1.285321586015503170e-01
2.182346997337747396e-02
1.705505581333315313e-01
3.022226202784636939e-01
4.016424914677065861e-01
4.574697540891656811e-01
4.652773876330049685e-01
4.229886463585466050e-01
3.353891422176231707e-01
2.110660126638213008e-01
6.538010150859507874e-02
-8.746232710504753260e-02
-2.302551760629599764e-01
-3.470697131919138201e-01
-4.256136189255237401e-01
-4.569439026729190667e-01
-4.379762545371765903e-01
-3.697259933342447180e-01
-2.611885796026716111e-01
-1.224187824176049544e-01
3.025774121558555407e-02
1.803700784984763050e-01
3.111922853091355634e-01
4.086672541586422458e-01
4.616773814172827617e-01
4.635962543830491889e-01
4.167190290266020725e-01
3.249059111333734151e-01
1.986361967566931952e-01
5.088832712257040924e-02
-1.008102454444270712e-01
-2.405130533094538281e-01
-3.519175312681823709e-01
-4.225355725977446575e-01
-4.466890532752499920e-01
-4.208756259314396786e-01
-3.484767983155806492e-01
-2.367493221459385788e-01
-1.000117155379408596e-01
4.810753215246621473e-02
1.904992257741966455e-01
3.111820272184813163e-01
3.973243926773195600e-01
4.394317241404885888e-01
4.335225490004990245e-01
3.795156513614357241e-01
2.854267560779264468e-01
1.602461254145004510e-01
1.936215062387813823e-02
-1.215751431361206114e-01
-2.467651996393606106e-01
-3.428168974663815538e-01
-3.990376043133198047e-01
-4.088225800691263068e-01
-3.739278623772790411e-01
-2.974719519625146358e-01
-1.887216429382383431e-01
-5.935194813567801209e-02
7.474757239913887297e-02
1.993784156418829667e-01
3.001059655067972454e-01
3.658249662638046740e-01
3.918463327309145150e-01
3.749056749930985699e-01
3.176691876022723626e-01
2.263664050141827033e-01
1.132225933157284814e-01
-1.028328172186465661e-02
-1.296951960427529249e-01
-2.314809718455574927e-01
-3.050987320144359360e-01
-3.427090516584290203e-01
-3.412584263937616935e-01
-3.008298544892999971e-01
-2.280688763201571545e-01
-1.301685554876048645e-01
-1.929929013710862673e-02
9.202306951141303593e-02
1.913500028182855139e-01
2.681439433391483718e-01
3.139173658171905412e-01
3.235351184977639516e-01
2.989357424340466363e-01
2.426104024268509463e-01
1.614775654210096612e-01
6.449714538263995323e-02
-3.632848270649569056e-02
-1.302327661453975827e-01
-2.061928922790714491e-01
-2.558755291677943244e-01
-2.762485273329697844e-01
-2.650888371379203079e-01
-2.244252041141658882e-01
-1.590642422512903442e-01
-7.824408565208074151e-02
9.797978452601219246e-03
9.481130837435669534e-02
1.669433794121026882e-01
2.190193808187645974e-01
2.457990440602872972e-01
2.452231833890223811e-01
2.175697730605210545e-01
1.679372487705237393e-01
1.013835568769421158e-01
2.658871429292131161e-02
-4.746778973400678225e-02
-1.126795109936855610e-01
-1.622831161224715935e-01
-1.910353892064060588e-01
-1.960098692961107503e-01
-1.791189099613390567e-01
-1.422378715337739852e-01
-9.014509315178032001e-02
-2.912901355307351281e-02
3.304922224694939459e-02
8.977977788549496019e-02
1.343438909916550017e-01
1.619887838193643237e-01
1.721743408691276400e-01
1.639462013429600074e-01
1.385340389709399656e-01
9.933588736855991641e-02
5.208828031447110263e-02
1.660585228679289926e-03
-4.579151557832594754e-02
-8.464615840286449089e-02
-1.117081300898126184e-01
-1.244497375775212022e-01
-1.220871900396249821e-01
-1.054405907192482728e-01
-7.786397851808402049e-02
-4.211943487170100031e-02
-2.845040332008497153e-03
3.493946171124262534e-02
6.735225127633692743e-02
9.123555362912139088e-02
1.040798863071499269e-01
1.048486509036163916e-01
9.524015658162010567e-02
7.627661418446085584e-02
5.040760277085953867e-02
2.109866486345191028e-02
-8.134591825517123453e-03
-3.429363200925050759e-02
-5.405202707945244711e-02
-6.543394904042010296e-02
-6.903164760370728015e-02
-6.457586582805996400e-02
-5.253698186931232694e-02
-3.483604875664314537e-02
-1.419604923279693676e-02
7.354168089424018007e-03
2.699444262339212308e-02
4.236024903623047955e-02
5.294762430959898403e-02
5.789401905976854223e-02
5.650929477949762081e-02
4.940130183821489496e-02
3.841670497725990785e-02
2.455847423417978348e-02
9.553396332092845000e-03
-4.463574661994762494e-03
-1.633548085001845784e-02
-2.503923833857912840e-02
-2.923713487490209317e-02
-2.866354994216657737e-02
-2.457021803940406812e-02
-1.727793946081590537e-02
-7.744406543785053998e-03
2.275994188718710731e-03
1.152895619847815745e-02
1.922890041729674593e-02
2.449021522641614546e-02
2.690793349401277013e-02
2.704140395662490981e-02
2.483634466156714460e-02
2.046909931548746009e-02
1.501487027756343018e-02
9.708382319367991897e-03
4.943183303513842830e-03
1.103184973736848207e-03
-1.439490141068811013e-03
-3.065670294602917956e-03
-3.581105876693801982e-03
-2.729061972543411763e-03
-9.584732981898769211e-04
1.159060635126607508e-03
3.446504180320664190e-03
5.605156175613634773e-03
7.305947405346291390e-03
8.539302180255559094e-03
9.171609257589974362e-03
9.110000629886538803e-03
8.548113342883301158e-03
7.815898520991071408e-03
6.965202311758122988e-03
6.077239828472968952e-03
5.351808469494123699e-03
4.849481430409419147e-03
4.621650640499908036e-03
4.660152080439461386e-03
4.853267678875061719e-03
5.036289047066100366e-03
5.213874204181623284e-03
5.441334282896281849e-03
5.669667366261954555e-03
5.805527669212384723e-03
5.945768581886889947e-03
6.098065561061849493e-03
6.270094063512754445e-03
6.469529546015762023e-03
6.704047465346807400e-03
6.981323278281381661e-03
