-1.028432064354719566e-01
3.154302970945690454e-01
5.889448215106651841e-01
7.359595044149658261e-01
7.747334834096206713e-01
7.235258960967800856e-01
6.005958800785917706e-01
4.242025729572096449e-01
2.171979957298955100e-01
-1.199238204624364368e-02
-2.403848583039442932e-01
-4.353040042520281983e-01
-5.716114047135636422e-01
-6.371340183707756566e-01
-6.225861413610955797e-01
-5.325385508548313718e-01
-3.769848322650345418e-01
-1.794977687412510070e-01
3.793759857970058214e-02
2.467534576323744400e-01
4.208729647598703494e-01
5.409684517240349599e-01
5.933768299464432516e-01
5.748337355520720671e-01
4.876287122059785872e-01
3.476313073534802456e-01
1.701775014623041482e-01
-2.072905062932883791e-02
-2.014518147019589422e-01
-3.513166106063850824e-01
-4.538691970857688940e-01
-4.990091424837999057e-01
-4.821469494032287750e-01
-4.106547957685316996e-01
-2.922490204086745091e-01
-1.445852850010705959e-01
1.352887162771065910e-02
1.633837113119063211e-01
2.888381923038780830e-01
3.757980525255735227e-01
4.151463687843339745e-01
4.088617641392271462e-01
3.583975158395340532e-01
2.709891387129355067e-01
1.577901971463899766e-01
3.424581983836239019e-02
-8.643170306755065813e-02
-1.899573467800529381e-01
-2.655339527860473003e-01
-3.104062002871211812e-01
-3.204915008529911624e-01
-2.954254759121677232e-01
-2.396134375149343576e-01
-1.622026225342634298e-01
-7.056658765288392754e-02
2.480766550104696044e-02
1.127780657071899562e-01
1.855256643819667151e-01
2.366424078167372880e-01
2.610962295287304613e-01
2.570893438359447281e-01
2.287646327642058885e-01
1.788058342016149993e-01
1.122150497043576944e-01
3.671047257897086524e-02
-3.960781865616735953e-02
-1.096543199938944113e-01
-1.649980097929407696e-01
-2.001632031891695807e-01
-2.154207872381295186e-01
-2.092826871654396292e-01
-1.811663902465516784e-01
-1.345737396372305161e-01
-7.584069663439385600e-02
-9.920274811427542971e-03
5.561039152139390929e-02
1.134900135627421314e-01
1.596315539723969223e-01
1.897864230438803812e-01
1.993279778420133930e-01
1.874442415916670601e-01
1.582056178175783590e-01
1.138234633345676095e-01
5.893349257114688378e-02
3.972847122539757692e-04
-5.559978893965711322e-02
-1.039563017438986936e-01
-1.385060484028665106e-01
-1.557539227669775261e-01
-1.570111327863794592e-01
-1.419516625679544397e-01
-1.112546287135073309e-01
-6.907378633377114774e-02
-2.136448630107790070e-02
2.795896643928652558e-02
7.317355533472569284e-02
1.092422483626127594e-01
1.350500247431742906e-01
1.482256708017852809e-01
1.458653670644176614e-01
1.286470469428500074e-01
1.004145262757307755e-01
6.321067225845888871e-02
2.052410743872168375e-02
-2.270329647093216607e-02
-6.262108913939157251e-02
-9.577512214619454678e-02
-1.173645337404791711e-01
-1.252548297382521936e-01
-1.213690814504474469e-01
-1.055462070895292204e-01
-7.780623960744137424e-02
-4.141595815625365162e-02
-8.983026033967389523e-04
4.057232189703996461e-02
7.784128845180249279e-02
1.065895657668649577e-01
1.257048503649089710e-01
1.331024945835617146e-01
1.256362041629164317e-01
1.038114306861999125e-01
7.169576059184890049e-02
3.155746661057112767e-02
-1.221149812708122173e-02
-5.408031101715027322e-02
-8.996381492879734765e-02
-1.163090524930606717e-01
-1.284875769509845611e-01
-1.247256951246872303e-01
-1.074109920678324448e-01
-7.743421255771520961e-02
-3.709815078535561028e-02
8.454205755534571765e-03
5.298123094323381466e-02
9.238482740255959946e-02
1.210402307809623768e-01
1.348989960092354945e-01
1.346373505884987942e-01
1.197917698890975657e-01
9.043716663194945049e-02
5.004764343365475376e-02
4.623860863682605071e-03
-4.171330655048788305e-02
-8.253650656014654974e-02
-1.119644526222478564e-01
-1.276411537486181746e-01
-1.275989096655839594e-01
-1.107696378396200165e-01
-7.903763937341767853e-02
-3.762315416204564666e-02
1.006410309800798153e-02
5.776377710204250171e-02
9.843729796538469579e-02
1.273591427015949851e-01
1.412878550076741568e-01
1.376045161584160681e-01
1.163915080385746759e-01
8.188322483326748724e-02
3.682234243822968267e-02
-1.294916264757917101e-02
-6.029949457607441943e-02
-9.924232611882410904e-02
-1.252943500929871723e-01
-1.338993833665679256e-01
-1.234623360231862366e-01
-9.729616534685148199e-02
-5.727222150682942381e-02
-8.109434612174948320e-03
4.344880170766640681e-02
9.037997355450233528e-02
1.273990948717280691e-01
1.484098504951170128e-01
1.499672733955053072e-01
1.339501446136481810e-01
1.012171811556388246e-01
5.485886888577118370e-02
6.652101338071592096e-04
-5.370054484959740915e-02
-1.025518995127899791e-01
-1.385830419882870812e-01
-1.562945517288445441e-01
-1.553222654380894685e-01
-1.350821658134382375e-01
-9.652516074292194492e-02
-4.381141676095756665e-02
1.552261866333393137e-02
7.591981897843558258e-02
1.293787187027428676e-01
1.683495536996442166e-01
1.889397630217046764e-01
1.882914716700774260e-01
1.649394048352024189e-01
1.207249353583317308e-01
6.177259298795556575e-02
-7.252742036135573223e-03
-7.804479178786227767e-02
-1.412946371011180036e-01
-1.893600744763362931e-01
-2.165157919391782482e-01
-2.170364670085397352e-01
-1.890940584675816494e-01
-1.374541290355656420e-01
-6.581423388890328408e-02
1.800827545033767407e-02
1.039541063092794815e-01
1.811694759386113240e-01
2.408206308858638067e-01
2.731641859834872399e-01
2.726786551222093458e-01
2.412138718868108711e-01
1.801737211681644357e-01
9.460559002082225000e-02
-6.269999610939214207e-03
-1.085594008206836047e-01
-2.015441190379584357e-01
-2.724985752209332368e-01
-3.112315729619755666e-01
-3.140354545573944556e-01
-2.785262929149187050e-01
-2.068130408660813213e-01
-1.056929310352882068e-01
1.131191644361595472e-02
1.327110638419628508e-01
2.426305672936250879e-01
3.261775241813069659e-01
3.726049935041713113e-01
3.750248431654708003e-01
3.317121362422059683e-01
2.455613173173962771e-01
1.282105910651374359e-01
-9.355790604991809367e-03
-1.491489833794136244e-01
-2.734056531835570292e-01
-3.663434632788583611e-01
-4.161106888491592493e-01
-4.153285112010595137e-01
-3.620557347334945053e-01
-2.640666256276941182e-01
-1.296635677763646743e-01
2.361255263360395595e-02
1.772393453589813372e-01
3.118123016960261396e-01
4.113567715539450109e-01
4.617134764640853373e-01
4.551060760778928849e-01
3.959244430821178273e-01
2.888307552180009452e-01
1.463615034160397066e-01
-1.539145642990225049e-02
-1.750593353607262648e-01
-3.143141239002064102e-01
-4.142936095033488142e-01
-4.620852616738664320e-01
-4.557736603060259517e-01
-3.944551437407239902e-01
-2.852846262167326730e-01
-1.404210132141822109e-01
2.009054404639920577e-02
1.793573225753584133e-01
3.178205162087079927e-01
4.180057982507234815e-01
4.698190677147568994e-01
4.670427473503875326e-01
4.108298901731572972e-01
3.068447601552206638e-01
1.700243117855877450e-01
1.396827297349512165e-02
-1.423258563871878657e-01
-2.801350573016172518e-01
-3.844938799268876606e-01
-4.440475775376462320e-01
-4.521313068048924411e-01
-4.070979286495673977e-01
-3.170303363597937185e-01
-1.900244397861539092e-01
-4.184195578579052999e-02
1.102818125511757508e-01
2.493003466836225535e-01
3.606216835088351669e-01
4.306952502323275755e-01
4.511192482745876031e-01
4.234824002465169546e-01
3.494873179755659809e-01
2.363288387219548703e-01
9.590768999858445554e-02
-5.440924373877320530e-02
-1.994329347868467606e-01
-3.214452647608645464e-01
-4.065080121826255555e-01
-4.479795242914885733e-01
-4.397843491524672244e-01
-3.809409805714863984e-01
-2.767558598079278287e-01
-1.403462624337685760e-01
1.606760291624609316e-02
1.739762741315029615e-01
3.148342544131486065e-01
4.222336477788695142e-01
4.835352581678609152e-01
4.898067437553452752e-01
4.380745259155560678e-01
3.360885263602744200e-01
1.922264459970759454e-01
2.313449783797039139e-02
-1.521882296070730112e-01
-3.116985232664252203e-01
-4.368756486562870300e-01
-5.098651918330799893e-01
-5.197257703391741090e-01
-4.679744667432479410e-01
-3.575779579082856152e-01
-2.007239870422640182e-01
-1.441919560070104023e-02
1.760784773215808841e-01
3.491508866515993237e-01
4.811928566350887060e-01
5.540020284124156369e-01
5.601648438992468115e-01
4.963580282162352031e-01
3.702875091665354113e-01
1.952383167508393580e-01
-3.704025718961001523e-03
-2.045449717479426166e-01
-3.803860468566517827e-01
-5.074623568682119501e-01
-5.700853285221633149e-01
-5.589865091591823543e-01
-4.763980426989721240e-01
-3.303355652269419629e-01
-1.430260981206138426e-01
6.481767182597319987e-02
2.644280175245572462e-01
4.294082930537792553e-01
5.388013234320203626e-01
5.780648668659338352e-01
5.432659118901026485e-01
4.369982624153818662e-01
2.771859431639149829e-01
8.138276880751305065e-02
-1.222812060083704466e-01
-3.070238335132579044e-01
-4.487513535863856262e-01
-5.293172798820717784e-01
-5.393372333492458814e-01
-4.762768859898726115e-01
-3.529171218767436224e-01
-1.825610728903274138e-01
9.225731201481846000e-03
1.971516951162572973e-01
3.561475381302292575e-01
4.662620378686386236e-01
5.137879558635358723e-01
4.918568090452839492e-01
4.079767857605467452e-01
2.708039640959525318e-01
1.023491572157426699e-01
-7.476981852814346130e-02
-2.364747361823421601e-01
-3.627857818752359131e-01
-4.373742649396891169e-01
-4.504081169734051038e-01
-4.056978767349753712e-01
-3.077759643883331009e-01
-1.717229513902248650e-01
-1.535628096722285729e-02
1.386890498967816576e-01
2.716252397881475655e-01
3.655660701880008023e-01
4.084904786128142895e-01
4.009085334986686178e-01
3.430975585079700796e-01
2.433233732892488010e-01
1.142781324911541496e-01
-2.484802480045900097e-02
-1.580400102899419679e-01
-2.678206344366804714e-01
-3.397811508793435742e-01
-3.680603156399286924e-01
-3.490582721243492559e-01
-2.861424556417707654e-01
-1.866919328355741703e-01
-6.568950469060541586e-02
6.406050068357793670e-02
1.859680248180555218e-01
2.841062034167074479e-01
3.473915447945881141e-01
3.681223489626723744e-01
3.438004925975721715e-01
2.761891571265662204e-01
1.752029398848411468e-01
5.028068586072764745e-02
-8.261447378756703319e-02
-2.069236553036444271e-01
-3.072198689164494789e-01
-3.712162765762330174e-01
-3.888120209272719618e-01
-3.555489677486827205e-01
-2.775302509686951025e-01
-1.609528536637991891e-01
-1.888355583306611241e-02
1.325348373684549497e-01
2.729805553253406014e-01
3.853747729583327786e-01
4.521644043341930264e-01
4.622355625683780556e-01
4.156100282128691870e-01
3.139023688235167420e-01
1.675271790898755775e-01
-7.967159756734787379e-03
-1.880868714645470563e-01
-3.522137438986310265e-01
-4.767856707510219616e-01
-5.427394860130316800e-01
-5.405409711174982146e-01
-4.662774861527454462e-01
-3.274435543865570342e-01
-1.372768280938874152e-01
7.768708981690219950e-02
2.936440845704988423e-01
4.802498523740041936e-01
6.109789580498679040e-01
6.668599869615301490e-01
6.367660058547572888e-01
5.225849271527771567e-01
3.334607431926701615e-01
9.583489976658543519e-02
-1.648213013920207803e-01
-4.120786719224762695e-01
-6.128959545029922795e-01
-7.390509499212725153e-01
-7.710728246341709280e-01
-7.027617353376724996e-01
-5.370833497284934754e-01
-2.975927774584731234e-01
-8.850017760630879415e-03
2.889471458315544528e-01
5.578460930389610439e-01
7.609187935507066847e-01
8.701995979658325719e-01
8.695459709715385177e-01
7.536452990747661840e-01
5.399903367434657486e-01
2.492313379121429140e-01
-7.749610659665062684e-02
-3.997150343852849952e-01
-6.737867403535005018e-01
-8.643986798333074262e-01
-9.452988404424625957e-01
-9.020126712264614488e-01
-7.440253978199550255e-01
-4.854145304011894257e-01
-1.617731141341496315e-01
1.886067574714516137e-01
5.174741359868784141e-01
7.843465660803838890e-01
9.532087631584049703e-01
1.000000000000000000e+00
9.244640565335582316e-01
7.312938689445949159e-01
4.467037936008400045e-01
1.030040542869445908e-01
-2.521170496193849697e-01
-5.769307647089153557e-01
-8.288502205829278990e-01
-9.746450903432201107e-01
-1.000000000000000000e+00
-8.988374803363466947e-01
-6.869547277136207608e-01
-3.874091587174168794e-01
-4.279622785539716201e-02
3.079892399114396717e-01
6.196161668069466444e-01
8.526536519672547332e-01
9.804444392215039272e-01
9.860316106137423375e-01
8.721283578413792092e-01
6.498796764216054900e-01
3.522314892271727338e-01
1.163917086325350070e-02
-3.271484252009154714e-01
-6.227659006034049760e-01
-8.399373556079621217e-01
-9.521492546218637276e-01
-9.482673370016838632e-01
-8.267133547262177640e-01
-6.077487219698725074e-01
-3.139065415206938603e-01
1.541405153448893728e-02
3.411393065285888149e-01
6.231282164581342098e-01
8.282249256656504244e-01
9.318064025775263381e-01
9.196847727202102085e-01
8.002532706874396773e-01
5.850003106040195799e-01
3.020294758384791667e-01
-1.652331638546622461e-02
-3.292436599268319108e-01
-5.999798737755179801e-01
-7.947029272334582561e-01
-8.889743654246434756e-01
-8.770808671806543666e-01
-7.579818446945447707e-01
-5.480579889364542989e-01
-2.705632035846204930e-01
3.651658170447058538e-02
3.392992073769003358e-01
6.000789029721180778e-01
7.861743901062989703e-01
8.772224204002279091e-01
8.610578166321742888e-01
7.420495817343308875e-01
5.320107448016384577e-01
2.610594496294551536e-01
-4.162488556825960639e-02
-3.368903278965950099e-01
-5.884924807616251918e-01
-7.663080114078562044e-01
-8.482674562620531322e-01
-8.258233381097123127e-01
-6.992485212803201122e-01
-4.886055967730569272e-01
-2.155785687079097013e-01
8.310760766432689906e-02
3.712828107401213718e-01
6.126122096424058139e-01
7.777853619712182809e-01
8.460776612149583098e-01
8.066645792233702039e-01
6.694062351193541538e-01
4.473240484532210459e-01
1.712408476545841385e-01
-1.258487222148193529e-01
-4.048038117308496719e-01
-6.321854723736261006e-01
-7.782072241560427095e-01
-8.229610676869385522e-01
-7.661761233387429648e-01
-6.117018482783017630e-01
-3.805957191703090992e-01
-9.947995904358475361e-02
1.921943715328728874e-01
4.603265369223350501e-01
6.697279353215537245e-01
7.929542287850659399e-01
8.185418593777020746e-01
7.406789661970716310e-01
5.707251028135200688e-01
3.272818215810198161e-01
4.535418694818149632e-02
-2.432463765805891187e-01
-5.003337487256543925e-01
-6.924873395587798353e-01
-7.966504085178515160e-01
-7.981896537821373538e-01
-6.987254828462379219e-01
-5.075392008535719590e-01
-2.530615708271888309e-01
3.687327691629960214e-02
3.229424399834817105e-01
5.688421993591481485e-01
7.433962920581860256e-01
8.236648383141944585e-01
8.003012510329710061e-01
6.730193568104543278e-01
4.618786777543439914e-01
1.886624894177859613e-01
-1.087268659707752994e-01
-3.934007091487292662e-01
-6.280471012426798172e-01
-7.828586978476972380e-01
-8.377576805211984778e-01
-7.827659879435960866e-01
-6.286384711610197851e-01
-3.896934673883578615e-01
-9.928985490975394956e-02
2.076330099164833687e-01
4.896671392489650998e-01
7.118084723486866050e-01
8.434464126759853020e-01
8.650027392176982133e-01
7.786612922470115272e-01
5.908446869650985089e-01
3.268351256409558481e-01
1.698198994669941619e-02
-2.951276761884678024e-01
-5.715521794121267707e-01
-7.741429167770632613e-01
-8.748115694562741407e-01
-8.643703300661769173e-01
-7.400880693502955854e-01
-5.195831374288346627e-01
-2.274583695733678468e-01
9.379913601734846118e-02
4.066295953353844528e-01
6.687356981564636094e-01
8.444322150378495984e-01
9.123901994337730859e-01
8.611845729203928546e-01
6.999327600857201404e-01
4.452727426129143851e-01
1.352425096345191147e-01
-1.944988919007303307e-01
-4.984819596092445737e-01
-7.366383638772127096e-01
-8.788232252990010318e-01
-9.049846446685462231e-01
-8.140984226794081291e-01
-6.141812054678152943e-01
-3.367085073672001494e-01
-1.288920544296734416e-02
3.116923206174311289e-01
5.951694438192893788e-01
8.007685661603312077e-01
9.013362063726484408e-01
8.858984311496143071e-01
7.535009517980111315e-01
5.272279823615388938e-01
2.317980396866854420e-01
-9.010219966281940440e-02
-3.975564553040369375e-01
-6.499361319919959579e-01
-8.151370838622841175e-01
-8.731881340683819159e-01
-8.145711544584233188e-01
-6.530105393579906936e-01
-4.053772033985069134e-01
-1.092150059618874902e-01
1.978907677441152924e-01
4.747470311756039063e-01
6.870774841695737045e-01
8.082191881478661966e-01
8.217460136128083015e-01
7.334569040453313704e-01
5.523930096978484361e-01
3.059788128296829779e-01
2.482769518057859059e-02
-2.513610580097552782e-01
-4.889861613911250515e-01
-6.575968534373695107e-01
-7.358693751638787361e-01
-7.220932140497049456e-01
-6.171306179404272285e-01
-4.380265703228369834e-01
-2.071381799489701026e-01
4.162806083907488741e-02
2.790748005651944030e-01
4.752309935860461465e-01
6.054203361416461426e-01
6.588965496281316003e-01
6.299449135651358223e-01
5.270409142642757949e-01
3.633801206269182682e-01
1.646462617105608484e-01
-4.639022119755364937e-02
-2.430151823345196860e-01
-4.009025567884241248e-01
-5.045838281301577855e-01
-5.433988437767515167e-01
-5.172204065724375077e-01
-4.304982252190566738e-01
-2.991995966318157230e-01
-1.380860118845697038e-01
3.181691656618124142e-02
1.898339790718339692e-01
3.196840799105915565e-01
4.082887992755475093e-01
4.484319577787965194e-01
4.372046812797223403e-01
3.812982145564940417e-01
2.868784683012279846e-01
1.662789287208723543e-01
3.378244020663800917e-02
-9.654127437184401028e-02
-2.120778027408271038e-01
-3.006582748136796823e-01
-3.538970102262058992e-01
-3.716730320320157377e-01
-3.525929861985928060e-01
-2.979938925121299320e-01
-2.137996023821027158e-01
-1.096179105947594490e-01
5.382359835396810510e-03
1.188671538709733522e-01
2.198071229086746570e-01
3.006595295606422358e-01
3.532519015678685648e-01
3.690046785212077740e-01
3.452887897770884340e-01
2.874231309543755497e-01
1.994672567098687566e-01
8.860794290974105536e-02
-3.401068592990019734e-02
-1.543858756278709832e-01
-2.603432044921001332e-01
-3.377670159643911818e-01
-3.768973239966965094e-01
-3.749242676767282623e-01
-3.298607157217635644e-01
-2.445991806696751203e-01
-1.276228484905718163e-01
5.389007603498807697e-03
1.417032613959348097e-01
2.645111194028189061e-01
3.579141429540961816e-01
4.108764310873711523e-01
4.160731435046183257e-01
3.718146021947088542e-01
2.815873057699032067e-01
1.581860981667049249e-01
1.373813371881205114e-02
-1.323854262118790981e-01
-2.614794728863856221e-01
-3.574278427264657720e-01
-4.083323874462339020e-01
-4.078248512252714564e-01
-3.549006950281211603e-01
-2.590010752010886153e-01
-1.295902984325982832e-01
1.473165925516362051e-02
1.551860973817187350e-01
2.737128406083879639e-01
3.559822425198215790e-01
3.919285166784476360e-01
3.769114438152771918e-01
3.166302870151058713e-01
2.170322500425205803e-01
9.370716077651675135e-02
-3.675712654346796615e-02
-1.568894408360750337e-01
-2.522028117532117975e-01
-3.105006836942201254e-01
-3.248152512783251122e-01
-2.984029882398453459e-01
-2.341534524251029925e-01
-1.428785101700310589e-01
-3.744456771327964173e-02
6.690938975105464870e-02
1.574669896165459271e-01
2.222454386167020957e-01
2.536050420414808215e-01
2.528624968890276214e-01
2.206019349343897318e-01
1.634937884368325989e-01
9.065954828143296673e-02
1.398318799707221061e-02
-5.721584150698910687e-02
-1.136061087604498532e-01
-1.480574659075672983e-01
-1.601479812578833206e-01
-1.494404224055989605e-01
-1.199735340275422946e-01
-7.758057666169748678e-02
-3.031749594780486223e-02
1.600420179809503018e-02
5.519700454847664695e-02
8.181436044121737083e-02
9.500302939583904482e-02
9.407353803148055249e-02
8.146813635810867815e-02
6.077397110638216304e-02
3.393086557466218345e-02
6.382660498804648697e-03
-1.893544459068341457e-02
-3.908825016329442459e-02
-5.114055668852091063e-02
-5.215716463585495788e-02
-3.920287447478920662e-02
