2.467838110244466865e-01
-2.152719194964450855e-01
-5.444889428516058727e-01
-7.542403011683800340e-01
-8.578990365741112623e-01
-8.688381911961436943e-01
-8.004308071618216891e-01
-6.660499265984942685e-01
-4.753172278867608957e-01
-2.340255330922618171e-01
3.806498235373823036e-02
3.058436457118147711e-01
5.386684083980530779e-01
7.146584185728057648e-01
8.130444742142681758e-01
8.223585674820108604e-01
7.394598702528341061e-01
5.765750872510095881e-01
3.479459443501302651e-01
8.083322754185773285e-02
-1.956791978239790231e-01
-4.507593995412174648e-01
-6.577856282437037905e-01
-7.926193642700778419e-01
-8.392817419128844048e-01
-7.975177356486444769e-01
-6.694097118443481653e-01
-4.683654478514626129e-01
-2.147325450530456203e-01
6.095364514324153049e-02
3.310215791959139064e-01
5.639804671817429949e-01
7.341759760788435507e-01
8.269205104960664077e-01
8.303730138108789127e-01
7.430900518455312298e-01
5.728651586753965574e-01
3.411458707961212422e-01
6.914222662654467833e-02
-2.120294777605964409e-01
-4.714193485224063007e-01
-6.806787292574392190e-01
-8.170912249943144134e-01
-8.642799243128466147e-01
-8.147762590787879233e-01
-6.784803123229996569e-01
-4.669155051875765183e-01
-2.030421542721876360e-01
8.574571838539712942e-02
3.657989915849049201e-01
6.075928913219186267e-01
7.820778562679870927e-01
8.687024572464756567e-01
8.624138059966210967e-01
7.613095175127619907e-01
5.762139559115702081e-01
3.257358995668864221e-01
4.111652508069352230e-02
-2.492608263188877959e-01
-5.116402873386696193e-01
-7.158232238212375309e-01
-8.408333780649146494e-01
-8.720697910211473447e-01
-8.067333000661951470e-01
-6.502204179963735342e-01
-4.238306926766230998e-01
-1.490954273337949942e-01
1.414400062579688200e-01
4.151668327229243172e-01
6.416245041216188660e-01
7.962610693975740173e-01
8.611250616934049695e-01
8.273365782437624993e-01
7.044023618828436639e-01
5.034711083677356758e-01
2.487093557614441508e-01
-3.192588654653605307e-02
-3.054764077735848682e-01
-5.430136109186671778e-01
-7.168620013091003829e-01
-8.073442734954908717e-01
-8.103473392753649529e-01
-7.243932649639820420e-01
-5.601958638595999629e-01
-3.356113082730659558e-01
-7.967803429089825862e-02
1.819229523923990843e-01
4.194067670903536271e-01
6.062992117983307949e-01
7.258833661751555866e-01
7.653363576412124392e-01
7.217178344850010419e-01
5.996472894457423042e-01
4.163784900186555671e-01
1.890995320397963475e-01
-5.588724577810311178e-02
-2.917000576266420842e-01
-4.937463260593764058e-01
-6.415299192657126781e-01
-7.188487720532943381e-01
-7.169751442575995615e-01
-6.423114526854607487e-01
-5.014952937306244030e-01
-3.089331211800480093e-01
-8.430907598963377492e-02
1.468575183312896826e-01
3.614687357930290723e-01
5.350089364024102068e-01
6.490330498572074447e-01
6.961500328729561815e-01
6.702897079188447904e-01
5.733202703556594670e-01
4.147470683856226970e-01
2.141538329212846481e-01
-1.039282979833611176e-02
-2.344654781240975705e-01
-4.334619991319917931e-01
-5.865951547408070343e-01
-6.777309195868250757e-01
-6.953695397855190752e-01
-6.354870825228642328e-01
-5.079949244811092779e-01
-3.235310050680880734e-01
-1.022193415145509210e-01
1.323914610992227292e-01
3.536461779383350823e-01
5.384201488036637340e-01
6.640081307316625381e-01
7.150832707672027944e-01
6.895462853721747720e-01
5.874901555630331895e-01
4.190099023745554874e-01
2.012000315563116093e-01
-3.855155639444873827e-02
-2.762503824514794815e-01
-4.836037658080781787e-01
-6.362592600020937628e-01
-7.190627577314681051e-01
-7.210420085155878622e-01
-6.410210277684111890e-01
-4.859650526722407715e-01
-2.764441592714323992e-01
-3.252479751962589205e-02
2.159389235290374298e-01
4.398506439027891624e-01
6.132156865656250844e-01
7.159385423797501868e-01
7.356459635046204149e-01
6.680426154673786421e-01
5.242105243264683079e-01
3.169418186388317515e-01
7.236450683001094397e-02
-1.814674667130720120e-01
-4.136715482635364705e-01
-5.980238850729560074e-01
-7.108239062294223753e-01
-7.372240301725324629e-01
-6.796322758419766075e-01
-5.422742324456959473e-01
-3.415394527265945834e-01
-9.948862974407057802e-02
1.521945434046683143e-01
3.855333112857353139e-01
5.706643978295968811e-01
6.849628245612573441e-01
7.195511181327070016e-01
6.688042417109536508e-01
5.395588451784800732e-01
3.459741628884429598e-01
1.153523011078316785e-01
-1.281198265914451628e-01
-3.543946401097135546e-01
-5.355813946966276884e-01
-6.517781590476023901e-01
-6.894308707769178923e-01
-6.457491704399439536e-01
-5.246848515096274035e-01
-3.449080351472383343e-01
-1.246722474689927473e-01
1.078467944562833125e-01
3.246490949930800340e-01
5.005637038937849059e-01
6.156871903653546863e-01
6.566723786202171009e-01
6.176908901832944832e-01
5.081598524823933705e-01
3.384109255892162604e-01
1.310623224204485737e-01
-8.913929747138049642e-02
-2.955083282053750926e-01
-4.651593709990639036e-01
-5.771786995467831360e-01
-6.179613216782526841e-01
-5.886144450240669013e-01
-4.912586305977793000e-01
-3.377430578025815144e-01
-1.455493751256581314e-01
5.964454598520507744e-02
2.557768289283766094e-01
4.187277274268417226e-01
5.293789480660398006e-01
5.796373732956290326e-01
5.629455238155915975e-01
4.813234444424685510e-01
3.437551301567880468e-01
1.695310648269034992e-01
-2.404285293863794859e-02
-2.134904508836098502e-01
-3.760872638188321737e-01
-4.942181825382502280e-01
-5.547793937251511709e-01
-5.514185408862981586e-01
-4.836928138332754479e-01
-3.622851466372463136e-01
-1.981663736458821878e-01
-1.163274898026511739e-02
1.756286909815505393e-01
3.420925595341552938e-01
4.696345840006102001e-01
5.419380591805535996e-01
5.495815716335983314e-01
4.966882661471776483e-01
3.873823142678758380e-01
2.331230826196033501e-01
5.044352615445846233e-02
-1.378030339460328824e-01
-3.113934685130682611e-01
-4.480687887780515632e-01
-5.315529437300811066e-01
-5.562824659281557782e-01
-5.177855227719367903e-01
-4.193553631654839409e-01
-2.711686797122052628e-01
-9.310569305973648291e-02
9.758253710153930172e-02
2.782591141621204578e-01
4.269924234074931046e-01
5.273540661244058292e-01
5.677491763510873479e-01
5.430128294464100502e-01
4.541831891628846929e-01
3.139747263014358580e-01
1.350775900990277556e-01
-6.012888674154948099e-02
-2.485140331505198974e-01
-4.084792692184291418e-01
-5.223535281160703869e-01
-5.756486733579325721e-01
-5.608622288203787276e-01
-4.840308318688257838e-01
-3.515612911928315265e-01
-1.781965842465736971e-01
1.690492828361311872e-02
2.091995462837028530e-01
3.779526260986010300e-01
5.019444156573145133e-01
5.663689761495331876e-01
5.687477365557764841e-01
5.069652493988161535e-01
3.870581926039771137e-01
2.218230482983447605e-01
3.285594413634740363e-02
-1.610163596918379181e-01
-3.366247944458856667e-01
-4.729406247758793924e-01
-5.561356727272970257e-01
-5.766003517842920312e-01
-5.323843356008727268e-01
-4.274397091607345933e-01
-2.765143204808604427e-01
-9.368409760553064736e-02
9.921621609408459719e-02
2.798921296702452377e-01
4.284668603703858381e-01
5.289977903624294431e-01
5.695489015917269970e-01
5.446866618980967800e-01
4.615674598161363384e-01
3.273687916416039290e-01
1.571323584476971291e-01
-3.053643727516763828e-02
-2.136746462382681511e-01
-3.731338413050973024e-01
-4.894035240667387043e-01
-5.490675163702041228e-01
-5.503091704033091780e-01
-4.917384778841760173e-01
-3.788963007983768838e-01
-2.234830882106273453e-01
-4.498129366993286471e-02
1.393780744248054315e-01
3.083064514631541631e-01
4.426674989101369029e-01
5.300989074048754190e-01
5.609448885997769807e-01
5.310040895597298860e-01
4.424696646866321803e-01
3.073218601427907259e-01
1.370270404748663573e-01
-4.887538563407911596e-02
-2.295525527397106469e-01
-3.859794099172798587e-01
-5.022209505897685666e-01
-5.640420637649350422e-01
-5.635853155104747492e-01
-5.049014606277564265e-01
-3.921107082719181847e-01
-2.354580047194855252e-01
-5.069650688280036288e-02
1.404560431515393670e-01
3.189641462037391406e-01
4.632883643137228891e-01
5.572714931154976181e-01
5.941615254736085650e-01
5.676599675372799858e-01
4.778275700303815654e-01
3.326420503798273032e-01
1.495281275666755505e-01
-5.536995124559718207e-02
-2.587582363266037744e-01
-4.374538264868421678e-01
-5.712165356440084274e-01
-6.445739633999381102e-01
-6.467721754787871813e-01
-5.744599171030532192e-01
-4.376151625307146409e-01
-2.471773745759756613e-01
-2.382944885051252459e-02
2.085762537059112631e-01
4.221926140781084857e-01
5.933245694771593914e-01
6.987395168110395183e-01
7.235087508088853259e-01
6.673384686320602555e-01
5.323571747966933110e-01
3.319177039342711133e-01
8.609269098206850934e-02
-1.740535112321870415e-01
-4.210261446080793002e-01
-6.232040538110401595e-01
-7.547468613477146260e-01
-8.009186993984265257e-01
-7.528437355052554070e-01
-6.144565754619657483e-01
-3.980159153505447023e-01
-1.317891824410165613e-01
1.575755270695744503e-01
4.337600482542240954e-01
6.628259860471659159e-01
8.164345258939429417e-01
8.744268766065017573e-01
8.284926371424639058e-01
6.797139995724801320e-01
4.483798486069099365e-01
1.563606713922671698e-01
-1.589935612507848983e-01
-4.604295788188962346e-01
-7.100189160430476765e-01
-8.773330682552750170e-01
-9.393257375936685527e-01
-8.842737473690499561e-01
-7.229829051634271142e-01
-4.694799817297069522e-01
-1.562283297118450820e-01
1.809124613485015853e-01
4.981383208411576113e-01
7.580525509201192502e-01
9.261263645729325145e-01
9.791186012067629729e-01
9.151647467796075741e-01
7.374706565079811593e-01
4.685840589268299716e-01
1.382163461853258557e-01
-2.083440374910046078e-01
-5.320366266917400111e-01
-7.914197765314830990e-01
-9.529028122644264132e-01
-1.000000000000000000e+00
-9.239273458143872908e-01
-7.354785677623016937e-01
-4.541803925872787140e-01
-1.193914163690751318e-01
2.323440747580545196e-01
5.554866083779932406e-01
8.094797206589721128e-01
9.643822071555814279e-01
1.000000000000000000e+00
9.141522696536881210e-01
7.141339629602394545e-01
4.296935001081165773e-01
9.083996989665421573e-02
-2.575744778749519126e-01
-5.730885677535749734e-01
-8.173528307340560684e-01
-9.607580112670389694e-01
-9.875548070326131134e-01
-8.924292624526415363e-01
-6.924129735522621676e-01
-4.072732439488864209e-01
-7.572292003900993329e-02
2.628537291491004346e-01
5.663450963395049165e-01
7.993742711472360263e-01
9.333211987797218612e-01
9.507088334780517958e-01
8.574716115971006136e-01
6.622852890866688380e-01
3.907605053947336149e-01
7.377074108440151434e-02
-2.471067333740966099e-01
-5.352246411755141597e-01
-7.545508365146503804e-01
-8.786699167919804765e-01
-8.998106800981564568e-01
-8.140653442879997037e-01
-6.341903322702837631e-01
-3.806143947188105336e-01
-8.863734113374333035e-02
2.104088369935834812e-01
4.805070583663171302e-01
6.890894077943594542e-01
8.147679424721230301e-01
8.434760061315003110e-01
7.752503102365875254e-01
6.172718784843169715e-01
3.933597296651434316e-01
1.267341466825822049e-01
-1.495344898147650259e-01
-4.031486106009032344e-01
-6.063003307114479545e-01
-7.370168405960830782e-01
-7.820447314590451837e-01
-7.359747012263749832e-01
-6.098137559201528557e-01
-4.158224497939858599e-01
-1.792686297425207798e-01
7.246782984878619160e-02
3.105654732002331997e-01
5.098777518005317422e-01
6.477568459782607757e-01
7.089178677387055760e-01
6.931721620624973212e-01
6.015832332172708075e-01
4.451313782479275893e-01
2.410166371724891121e-01
1.499343676240849632e-02
-2.098633426933789181e-01
-4.074415536833186913e-01
-5.563730705405138810e-01
-6.454098769197891272e-01
-6.645084785305416242e-01
-6.115264989902464698e-01
-4.920995270378468733e-01
-3.223266714723120874e-01
-1.176325088203830083e-01
9.885930359272299128e-02
3.033285913999643757e-01
4.743396638569858936e-01
5.942839445551972855e-01
6.489102623016322902e-01
6.310820641786454299e-01
5.476528102203748194e-01
4.055812748399587608e-01
2.187906592743746881e-01
6.293727723420294851e-03
-2.072186352620363214e-01
-3.998181469753825379e-01
-5.480969436647165072e-01
-6.349976435563440269e-01
-6.546418076754088045e-01
-6.027961624275188779e-01
-4.835438102272683336e-01
-3.084502540552531702e-01
-9.953137646855791942e-02
1.235011186140719808e-01
3.348540005861337931e-01
5.096640168363342216e-01
6.284525120064872183e-01
6.773465910781326649e-01
6.497510833678001863e-01
5.462880945014698675e-01
3.809723228580648158e-01
1.685424476586501186e-01
-6.474219150461535399e-02
-2.918155028959220632e-01
-4.861525255408060131e-01
-6.259462972383343926e-01
-6.930921784670984742e-01
-6.778228272029451773e-01
-5.866020261540645375e-01
-4.271024405482826136e-01
-2.175469159601222113e-01
1.895120616331524843e-02
2.518529161193501231e-01
4.552978564086294089e-01
6.033970048210544057e-01
6.779617807329711976e-01
6.755202032461151695e-01
5.942328024152923049e-01
4.437026533258374705e-01
2.406576929967461087e-01
1.298674807639210727e-02
-2.152278440015593652e-01
-4.158750555894592527e-01
-5.638828711837653440e-01
-6.437365603495132094e-01
-6.459382223750808061e-01
-5.723110095697613309e-01
-4.306760725568564707e-01
-2.423980699159181684e-01
-2.736121461502960539e-02
1.867265654802241492e-01
3.734610969848870532e-01
5.118765200315031905e-01
5.864065533951188236e-01
5.903447135793169487e-01
5.233266978470370034e-01
3.985080985708908674e-01
2.289490836479122216e-01
3.805865165578548037e-02
-1.503798497245467658e-01
-3.142334878591763747e-01
-4.354462150698309442e-01
-5.010799700245962551e-01
-5.043295123330209240e-01
-4.511596014222740703e-01
-3.474772151736740256e-01
-2.088165489599170810e-01
-5.304182619917285901e-02
1.002028393974712106e-01
2.340407801751718253e-01
3.327350225655691940e-01
3.859439998509144321e-01
3.949899521570388039e-01
3.600588344184465495e-01
2.875464306022954553e-01
1.879151090208550645e-01
7.578753842509144967e-02
-3.664074620457657971e-02
-1.360294152557715019e-01
-2.117171282245701169e-01
-2.613449483430252407e-01
-2.816335631822723951e-01
-2.726284824686391328e-01
-2.380804443248968338e-01
-1.856940926616319487e-01
-1.207096707627391963e-01
-4.980371036937758511e-02
1.910386425850574277e-02
8.158811636817597801e-02
1.335772747410952643e-01
1.716163999006850016e-01
1.942729716119351302e-01
2.038396809365048412e-01
1.997563603890366579e-01
1.801145309471992029e-01
1.469488326542773837e-01
1.037387406006256008e-01
5.302730310770109590e-02
-3.574445551534521925e-03
-6.364703260042714472e-02
-1.244427951517728115e-01
-1.810051453894993001e-01
-2.242188162935433438e-01
-2.488975428661051037e-01
-2.529049795740490048e-01
-2.333701084621876420e-01
-1.874405778679169021e-01
-1.166864292602213249e-01
-2.694808645520863077e-02
7.534110736655796892e-02
1.776400342355606288e-01
2.674810360660375697e-01
3.328576659976225649e-01
3.647511547001862642e-01
3.544391560433435284e-01
2.991444480528384631e-01
2.056389463110301907e-01
8.045637363758473271e-02
-6.216538533714288661e-02
-2.055292424748099700e-01
-3.306741096541609970e-01
-4.224155644606246707e-01
-4.654810913820829343e-01
-4.513156761661883953e-01
-3.833547537541321937e-01
-2.658321269165478951e-01
-1.109819001863320276e-01
6.413679856759424425e-02
2.350731508193835140e-01
3.824880121662099786e-01
4.859248854462248079e-01
5.301347759809169613e-01
5.115975895636106774e-01
4.295226351580574420e-01
2.927611966659224851e-01
1.158526930259311527e-01
-7.645837783515796460e-02
-2.633393148707332543e-01
-4.201391053034925216e-01
-5.252903265430571844e-01
-5.662796034933170741e-01
-5.365439756836727359e-01
-4.401871507375816339e-01
-2.867745793619219663e-01
-9.866362375589776690e-02
1.040143339681174339e-01
2.942028932655582629e-01
4.469758987209164758e-01
5.438905056440590524e-01
5.724629094731910062e-01
5.300127211479512823e-01
4.201862555835682578e-01
2.605659226679435392e-01
6.789906521027311292e-02
-1.312535710545316148e-01
-3.112671620144195073e-01
-4.499826748522145481e-01
-5.306116798198567963e-01
-5.442048747219389027e-01
-4.884582366134050391e-01
-3.747828749853049368e-01
-2.147689476828898991e-01
-3.161869571598785456e-02
1.510324891354031251e-01
3.100349877619645866e-01
4.265641797351158448e-01
4.865181835756751116e-01
4.825160872771692144e-01
4.206594654960984503e-01
3.071880406344080772e-01
1.590996410668119587e-01
-4.346768898402020298e-03
-1.611799665661369785e-01
-2.928168918915828867e-01
-3.820042555423767139e-01
-4.179208591663367001e-01
-4.029036126617995262e-01
-3.387279320855011155e-01
-2.352595608308623021e-01
-1.063922006611509596e-01
2.855221893916026765e-02
1.536450095260437632e-01
2.522779216538124647e-01
3.119936834418812754e-01
3.309568140108927192e-01
3.077646388901058572e-01
2.474693734827830838e-01
1.590820441202758229e-01
5.788085732419201435e-02
-4.438010524757751707e-02
-1.342629738863466704e-01
-1.993862062989653072e-01
-2.348957041038183258e-01
-2.379853310558817103e-01
-2.107887623430187984e-01
-1.582928795130644772e-01
-9.138133866076503242e-02
-1.797974058017637322e-02
5.164055962349634044e-02
1.070092967189051336e-01
1.431625114704067059e-01
1.571014248032147620e-01
1.490239160149575692e-01
1.214833280411369287e-01
8.196466265886548364e-02
3.528328267141511709e-02
-1.125248591724337111e-02
-4.964675450407729507e-02
-7.620193517760454061e-02
-8.869212538412762914e-02
-8.672481230079309711e-02
-7.190610281765441592e-02
-4.957750336109778555e-02
-2.244086980135762133e-02
4.776645890602893019e-03
2.630247032565136145e-02
3.953095195875544476e-02
4.326211277576308412e-02
3.784701299989023937e-02
2.507418118055770861e-02
9.120339690809498023e-03
-8.362916293286115632e-03
-2.416031076290214852e-02
-3.399303440687795330e-02
-3.626194724861120378e-02
-3.065714043246048348e-02
-1.830943279347763131e-02
-1.495825778197401590e-03
1.601957097891171244e-02
3.262715446709241185e-02
4.528547035850971625e-02
5.057603198910687325e-02
4.788966526787086231e-02
3.724009606338629652e-02
1.993300340231907164e-02
-1.308414791205358974e-03
-2.268834297137778400e-02
-4.237866852335447909e-02
-5.706279729055052652e-02
-6.349336466146726643e-02
-6.143339047341889181e-02
-5.081095675663505062e-02
-3.261492582332248258e-02
-9.592069518045698295e-03
1.441925947306876843e-02
3.747700786715202348e-02
5.607579164997722465e-02
6.682952059064084516e-02
6.934272963821541680e-02
6.317749336225242374e-02
4.856449785026306643e-02
2.778607732361515481e-02
4.585176241683752707e-03
-1.924703052723197860e-02
-4.048336763180127029e-02
-5.566743031560605903e-02
-6.392181910088401420e-02
-6.438139498876738198e-02
-5.642726933840602754e-02
-4.155026481883727918e-02
-2.306620619214727608e-02
-2.335479488455582953e-03
1.810242757880575759e-02
3.497760781826220189e-02
4.690040070718048959e-02
5.276609515353913871e-02
5.138544702273040166e-02
4.334807817879737790e-02
3.120708626880253078e-02
1.579537548577580885e-02
-1.190485055512113810e-03
-1.696368055154739984e-02
-2.983294903262134756e-02
-3.866543289898383140e-02
-4.195994795670454636e-02
-3.952603494159345754e-02
-3.311075721446266051e-02
-2.312732734744804564e-02
-1.080230987790720132e-02
1.552555994821291918e-03
1.231497990392438346e-02
2.057858902578368898e-02
2.524076773899319726e-02
2.588525888012194187e-02
2.349316446751714693e-02
1.823454342700059350e-02
1.094498424503198564e-02
3.369430401107820217e-03
-3.046907452361247159e-03
-7.800565493463307298e-03
-1.058401086099813870e-02
-1.123249338481224768e-02
-1.045008734945906959e-02
-8.258827391100398430e-03
-4.888140866858070588e-03
-1.348351716350837393e-03
1.444476309707010131e-03
3.288502832850870305e-03
4.182649604562937995e-03
4.153784164163898396e-03
3.619135133819950667e-03
2.716895242896422147e-03
1.543122192544155169e-03
1.938736839137700230e-04
-1.234792581844335047e-03
-2.646818903579761795e-03
-3.946147580141778910e-03
