-2.952572218041088492e-01
2.837466634292680201e-01
6.784402391343520300e-01
9.100993898212323963e-01
1.000000000000000000e+00
9.694179541807441680e-01
8.396291368735553373e-01
6.319094325885254992e-01
3.692484135881863860e-01
5.977669296485266237e-02
-2.655643331629521375e-01
-5.641889779864688315e-01
-8.011802515578904105e-01
-9.526070605064804742e-01
-1.000000000000000000e+00
-9.409381025090269857e-01
-7.808745565446697512e-01
-5.435219037524694485e-01
-2.536587091736060007e-01
5.216697630635303007e-02
3.389291717487932232e-01
5.743671412560584777e-01
7.326286361333049779e-01
7.979769814231434388e-01
7.627085572161367288e-01
6.368921972402719067e-01
4.331999930413492628e-01
1.788378929274787588e-01
-9.721947810581077487e-02
-3.628300427699229225e-01
-5.896605596692598983e-01
-7.528006581113261264e-01
-8.345636498991115815e-01
-8.325115941283727228e-01
-7.468659435909774658e-01
-5.898607037849090684e-01
-3.790805173803256656e-01
-1.413588040298331405e-01
9.859071709785771631e-02
3.135446924365379306e-01
4.807396046172505155e-01
5.870464611476096106e-01
6.215227699920800042e-01
5.824960778712833243e-01
4.749289940173984093e-01
3.143437705975669072e-01
1.162231120661740835e-01
-9.694225266456191203e-02
-3.023114661982632123e-01
-4.792245247974807887e-01
-6.102884472445274655e-01
-6.822800174779912741e-01
-6.878155310271667489e-01
-6.315925223865734850e-01
-5.189614793409342841e-01
-3.618420611269953513e-01
-1.762729263490644405e-01
1.695288488953283768e-02
1.987286027387240583e-01
3.489416164516394581e-01
4.520846788302739228e-01
5.011771798766029296e-01
4.906533836518682801e-01
4.216338437035378472e-01
3.011388055527839391e-01
1.443897641129912035e-01
-3.424914943492396446e-02
-2.152923836486636544e-01
-3.791500520296247068e-01
-5.090529438069527624e-01
-5.917946080648317508e-01
-6.181852022825083948e-01
-5.845816162128919524e-01
-4.979855769067098592e-01
-3.660840934032123517e-01
-2.039761001560490561e-01
-2.917439391453835462e-02
1.387029572888236473e-01
2.824877107205434612e-01
3.856483198597724371e-01
4.367894457930114882e-01
4.343200073139561468e-01
3.778757602927829140e-01
2.740818369505069185e-01
1.342947211114344785e-01
-2.346038464543398483e-02
-1.834135916169969960e-01
-3.272069902075174230e-01
-4.389244830810846709e-01
-5.093340056273123473e-01
-5.310747970601843448e-01
-5.027362632426066735e-01
-4.278717413289498950e-01
-3.177449797543017151e-01
-1.829860859216836388e-01
-3.963474534545874395e-02
9.606832082232008574e-02
2.103275642432516079e-01
2.919041962176989191e-01
3.329073354628124815e-01
3.296443313941097575e-01
2.868054579111518620e-01
2.087435881206085586e-01
1.048525028518205726e-01
-1.310639395343560221e-02
-1.320597516828433404e-01
-2.403713758587180394e-01
-3.262992350981114287e-01
-3.816436460574795797e-01
-4.055269606160259999e-01
-3.962297221502453226e-01
-3.551596879654456140e-01
-2.875846146429732464e-01
-2.024111472455789595e-01
-1.074741102579207519e-01
-1.277175921513373780e-02
7.228140175572117521e-02
1.419292945340038248e-01
1.903792215247961384e-01
2.123534591794917770e-01
2.063187884001211891e-01
1.762594070893426235e-01
1.246907554668192919e-01
5.585613597176752876e-02
-2.324494106560115458e-02
-1.054271915613963495e-01
-1.840672730391280654e-01
-2.510847810041689776e-01
-3.005274903962154021e-01
-3.303672471717491455e-01
-3.375398811501312268e-01
-3.191193419957624178e-01
-2.766481133837314088e-01
-2.158260635577773368e-01
-1.408035164735710332e-01
-5.744720293928839983e-02
2.670582014438505070e-02
1.042433696663087606e-01
1.678482711167958996e-01
2.085819059250759722e-01
2.215583094044983881e-01
2.071507527284603967e-01
1.651803571568999374e-01
9.750739015808229659e-02
1.004120812835829213e-02
-8.744571564379632900e-02
-1.864850417977479413e-01
-2.755453703822356992e-01
-3.444340303061004249e-01
-3.864869270042263771e-01
-3.963872675737440954e-01
-3.711120391272503261e-01
-3.120519503126990557e-01
-2.264010779568471632e-01
-1.208182592367567088e-01
-7.234300434969642701e-03
1.014795599210753796e-01
1.933295214435357678e-01
2.585827302176664233e-01
2.881893390198688731e-01
2.776059319922150603e-01
2.305219676444096866e-01
1.503775346708486893e-01
4.500626590716749753e-02
-7.451257669220789914e-02
-1.938535086780881489e-01
-3.008056869033403080e-01
-3.821186601811435990e-01
-4.284596413973355000e-01
-4.376747011362607243e-01
-4.076725018168715353e-01
-3.407415940437740209e-01
-2.438418487529675494e-01
-1.294380185339389921e-01
-8.052381953643328316e-03
1.066850066407645237e-01
2.016327483872915050e-01
2.675381145327326848e-01
2.974580367899646305e-01
2.880084567724270350e-01
2.397448693001149600e-01
1.596117891209998252e-01
5.434212435298091393e-02
-6.424501284610828478e-02
-1.831273825976899028e-01
-2.897423397891207841e-01
-3.734030251818268864e-01
-4.239151306946862263e-01
-4.353017215521424177e-01
-4.095892349772898289e-01
-3.484329248330257922e-01
-2.570763753857761014e-01
-1.445805492542070469e-01
-2.385011657015645437e-02
9.341494688010465453e-02
1.933085155024854007e-01
2.650419411820674753e-01
3.034419994363575235e-01
3.036443397855479454e-01
2.642291683601283303e-01
1.887077740310516560e-01
8.641160054670571355e-02
-3.425781660820370611e-02
-1.604607867516461006e-01
-2.784044571839020543e-01
-3.756049919919880464e-01
-4.419971992232888391e-01
-4.683773184331209150e-01
-4.503552521886955429e-01
-3.925167998330880703e-01
-2.992379762614215677e-01
-1.794558061151365624e-01
-4.546340901000600621e-02
8.720612617813960910e-02
2.049527684252530069e-01
2.930308063149007491e-01
3.409191673577014470e-01
3.453230177073967067e-01
3.040428151857610395e-01
2.202617914322408943e-01
1.022296580292494372e-01
-3.496316894591822155e-02
-1.785236228500982625e-01
-3.119500755438168182e-01
-4.194243187063341205e-01
-4.893101615155753814e-01
-5.131838674185342786e-01
-4.875182132928701506e-01
-4.136825434339962415e-01
-3.012973642508706140e-01
-1.602702522483896441e-01
-7.535024984324012465e-03
1.394994272059959517e-01
2.638706744266905435e-01
3.517528301743475527e-01
3.917457319482116063e-01
3.779576308873489054e-01
3.151282231715377691e-01
2.084292139022361212e-01
6.966274962404694904e-02
-8.621552831941270423e-02
-2.399945942295690360e-01
-3.749842956950772965e-01
-4.741287225961898777e-01
-5.254886147608061053e-01
-5.265732431766584343e-01
-4.760139151883728825e-01
-3.794469772613136005e-01
-2.472276092623642008e-01
-9.687843410471097538e-02
5.638888224915894476e-02
1.944610858668112119e-01
3.008741722230354743e-01
3.650379322519619052e-01
3.797952888333218091e-01
3.442780063991746076e-01
2.619607458019610480e-01
1.448121739280161524e-01
4.154422325450379816e-03
-1.431870003011803671e-01
-2.801836426059128859e-01
-3.921026026612776105e-01
-4.672292568486384745e-01
-4.972066948959136257e-01
-4.783570725337464857e-01
-4.163572233295863567e-01
-3.169192200004735671e-01
-1.921619657685256222e-01
-5.627182941289676776e-02
7.543021343738343099e-02
1.895455632663052281e-01
2.730024749003192586e-01
3.168360561730001468e-01
3.202885656131042591e-01
2.827151893645263314e-01
2.081231810980401775e-01
1.047481544873583026e-01
-1.437527874083011081e-02
-1.379712218309673277e-01
-2.523794202284790344e-01
-3.455027682211534445e-01
-4.102258810552997792e-01
-4.399050214798895242e-01
-4.307360374405756476e-01
-3.836147856514753318e-01
-3.054659682695766154e-01
-2.026435523515542902e-01
-8.556797799849158448e-02
3.360090144932281753e-02
1.427303491797797808e-01
2.313035517685269049e-01
2.887084642270216772e-01
3.083492930926365894e-01
2.907593782752828648e-01
2.363195984051864595e-01
1.487451058496604972e-01
3.610806765414165120e-02
-8.903288765840644547e-02
-2.151074424920091932e-01
-3.273507230764806097e-01
-4.134062248832682807e-01
-4.653736821377729704e-01
-4.765343495280843777e-01
-4.434486907681561840e-01
-3.680651142795391406e-01
-2.593317689341991805e-01
-1.260169733411251602e-01
1.673231562421362284e-02
1.529277047976318471e-01
2.671526692776509115e-01
3.468064206511098924e-01
3.805856391372441916e-01
3.626696421943764737e-01
2.972029337821882056e-01
1.889145934503220214e-01
4.864371159535063605e-02
-1.090714053709638254e-01
-2.647009620646408878e-01
-4.014927159404131363e-01
-5.016594199098227680e-01
-5.525827061593039380e-01
-5.506273553876274152e-01
-4.935952246157294665e-01
-3.866231943871123455e-01
-2.403674392619528088e-01
-7.375259538739897813e-02
9.662726594969051064e-02
2.501327603084739781e-01
3.678696235329372843e-01
4.363533276015096884e-01
4.467103569717048028e-01
3.974981985997620981e-01
2.924616949080642847e-01
1.458102325078227679e-01
-2.832441066078150715e-02
-2.082671848686331595e-01
-3.727847779877276890e-01
-5.024575157541339987e-01
-5.821418017246674514e-01
-6.021375296995452597e-01
-5.586456505065333644e-01
-4.592808186849038909e-01
-3.128756806464573215e-01
-1.379222253831987599e-01
4.555707396506125662e-02
2.151779030777201118e-01
3.518567569218460367e-01
4.381931874337008370e-01
4.630442253161681787e-01
4.275299914768957432e-01
3.340971292925416503e-01
1.938721794039253155e-01
2.215397868698398831e-02
-1.587684142292450362e-01
-3.291372469292889180e-01
-4.676216646595557913e-01
-5.576455054211042484e-01
-5.919792023575349837e-01
-5.657740397183701475e-01
-4.826676867658324932e-01
-3.515815310669589966e-01
-1.907695868659835536e-01
-1.662665995590295598e-02
1.498738548450608832e-01
2.888460862619910419e-01
3.853605974458753636e-01
4.286933594271131742e-01
4.147725743149317523e-01
3.444880148980711265e-01
2.289817613106157612e-01
7.951074422305071110e-02
-8.484495110145262586e-02
-2.446689450558738876e-01
-3.819722038325938929e-01
-4.819185857725559741e-01
-5.331118694946126446e-01
-5.294026991811321414e-01
-4.754062314618816565e-01
-3.761716679353758197e-01
-2.434735779319789906e-01
-9.223198669957166640e-02
5.880448517936809338e-02
1.935597632735168716e-01
2.959042288673958687e-01
3.543044600611566786e-01
3.664705289237217833e-01
3.303474256509548734e-01
2.499267375929230539e-01
1.341037339868442757e-01
-1.933199739736157774e-03
-1.446798401657188871e-01
-2.773086105955524516e-01
-3.844100549680928847e-01
-4.556074564985069797e-01
-4.832398172262382108e-01
-4.648685446783419328e-01
-4.023104555982890407e-01
-3.048197576826381372e-01
-1.813780993750903070e-01
-4.672277073932551428e-02
8.371211079232310226e-02
1.957256112892513666e-01
2.775642925080763490e-01
3.194714972377259432e-01
3.163892269239363397e-01
2.724138037983916405e-01
1.913665668865016656e-01
8.191027626592317645e-02
-4.409740944233275783e-02
-1.715051681586878818e-01
-2.869491422688474902e-01
-3.761836964621529944e-01
-4.291082487937086798e-01
-4.432535306649927342e-01
-4.163875490783273126e-01
-3.510531757871355740e-01
-2.543231382339944391e-01
-1.390877726635323386e-01
-1.646244018433662415e-02
9.929978436004605058e-02
1.946160773435805513e-01
2.600928137059639322e-01
2.888134697660440509e-01
2.776257631903311651e-01
2.273659364210625089e-01
1.458075900062256736e-01
4.031722703859075274e-02
-7.608871070134093362e-02
-1.896708138747195127e-01
-2.882781236885912923e-01
-3.618415159574241979e-01
-4.018471219639023762e-01
-4.037828548574348142e-01
-3.709333383196755651e-01
-3.061716928496219792e-01
-2.164005833025101078e-01
-1.116256054522567487e-01
-4.530467364176837819e-03
9.413952709217610071e-02
1.727887890800494652e-01
2.231300130078777144e-01
2.435645258142866698e-01
2.315746315060782656e-01
1.876535991884917820e-01
1.167145275283927308e-01
2.787360011666839554e-02
-7.101819354349026003e-02
-1.691513330179945651e-01
-2.557875715493211910e-01
-3.230659641942865701e-01
-3.644546567777608992e-01
-3.748020224680893575e-01
-3.526585812797594643e-01
-3.027149825725875543e-01
-2.288230326214131249e-01
-1.375281638797345440e-01
-3.803323681399117806e-02
5.919580350845077277e-02
1.449561140954236382e-01
2.087934196331866499e-01
2.435445959652688952e-01
2.478027954577997072e-01
2.198470718692839831e-01
1.603633087042319882e-01
7.452375262647392695e-02
-2.805946363134836918e-02
-1.387434731161211188e-01
-2.452299556249071255e-01
-3.357235217672609462e-01
-4.008786631543678203e-01
-4.329787922142849244e-01
-4.255366943421691195e-01
-3.771859902815646315e-01
-2.943053390102267075e-01
-1.830028538123611437e-01
-5.459633801573970935e-02
7.723334163492912019e-02
1.969624805087011321e-01
2.915186939319427406e-01
3.474906752908231145e-01
3.564788818004251958e-01
3.184295012554985149e-01
2.345179677255562201e-01
1.120691768906922903e-01
-3.688884002798187289e-02
-1.935050543493512798e-01
-3.417617330460976932e-01
-4.627689597143194167e-01
-5.408100126717808598e-01
-5.668468406290835260e-01
-5.351484790857241602e-01
-4.472060493773861722e-01
-3.102957203167028277e-01
-1.416510746508626850e-01
4.234482795604899152e-02
2.184645780088709799e-01
3.649735121349735323e-01
4.632986293530938493e-01
5.001402830577064140e-01
4.694237217798697959e-01
3.714473546657905967e-01
2.188728030706617034e-01
2.556010462101121483e-02
-1.839327415022856682e-01
-3.849693984423805393e-01
-5.520410831994669865e-01
-6.646087473200350537e-01
-7.066675103238964084e-01
-6.700025711513077908e-01
-5.615506521617422697e-01
-3.903151357523056975e-01
-1.770351211261272928e-01
5.461166698129793495e-02
2.743764169420543908e-01
4.563955783264648236e-01
5.760509440062908659e-01
6.166638196923885928e-01
5.761645918782605236e-01
4.559273300352735259e-01
2.705732800893752010e-01
3.997467864977610752e-02
-2.048355315787223629e-01
-4.367132872442049951e-01
-6.261114722701530688e-01
-7.484691635904473506e-01
-7.903039671568342639e-01
-7.445302682095842339e-01
-6.177562663138551624e-01
-4.225250392931780841e-01
-1.857961113004668041e-01
6.714687266169172553e-02
3.041829738172940889e-01
4.961903270306371461e-01
6.207564117682276006e-01
6.622792374350261468e-01
6.171066200584420791e-01
4.885079130477500975e-01
2.956733724603486380e-01
5.837243618576648529e-02
-1.927087846904327328e-01
-4.278250809314371184e-01
-6.190273301170297060e-01
-7.441158299031120915e-01
-7.890398067482800037e-01
-7.472373257227901133e-01
-6.278690236871602437e-01
-4.423008513068589220e-01
-2.155575370298633553e-01
2.599635918303855320e-02
2.532293507616774075e-01
4.409353479542434950e-01
5.670837145908802501e-01
6.167769680862480453e-01
5.898098376471825333e-01
4.882315397144585400e-01
3.253821981373781203e-01
1.193278025671726805e-01
-1.034432696119663708e-01
-3.191663313931272228e-01
-5.025391282782069036e-01
-6.333575676479061833e-01
-7.018352646617377344e-01
-7.001805963647167452e-01
-6.299982925758558228e-01
-4.991331762048001330e-01
-3.254411649664686879e-01
-1.258943912821441913e-01
7.685023227047560468e-02
2.605902230098555705e-01
4.068845985881113236e-01
5.009841082776287369e-01
5.336283605767921934e-01
5.010455392613417658e-01
4.107241406509480885e-01
2.707672904595601615e-01
9.589846725398798455e-02
-9.614443277216422334e-02
-2.848956518675624938e-01
-4.519198958979772085e-01
-5.788927887686665663e-01
-6.523666398879108819e-01
-6.679394907651163837e-01
-6.226092753799534751e-01
-5.197568531882958975e-01
-3.685858225564180302e-01
-1.858548963555646250e-01
1.219973158192177998e-02
2.044271999399944750e-01
3.707658894334684430e-01
4.944309574001792829e-01
5.617759037049272486e-01
5.630133567919441973e-01
4.953515115554782966e-01
3.677512043518149643e-01
1.902563384749187403e-01
-1.907012907888760989e-02
-2.391457005639466837e-01
-4.451387847927151808e-01
-6.154365090182765119e-01
-7.288182512663943236e-01
-7.707124142906618403e-01
-7.377051047297993325e-01
-6.297113792781569019e-01
-4.568179318199063754e-01
-2.353356700177778871e-01
7.972486651806276470e-03
2.489708687797391740e-01
4.590095499422097713e-01
6.131420635011897158e-01
6.939773585937429878e-01
6.897861676294716471e-01
5.995158055901397276e-01
4.297704439007419275e-01
2.014882527395898126e-01
-6.370228096563668174e-02
-3.336239969144890738e-01
-5.774638939769620727e-01
-7.662642481747973244e-01
-8.775171973938781234e-01
-8.974378179334858707e-01
-8.207134730764489294e-01
-6.584379019059065641e-01
-4.247844349754443805e-01
-1.487179662687329040e-01
1.392481756819381467e-01
4.041553845526151267e-01
6.160463047734843212e-01
7.484710902033502311e-01
7.841477659149123092e-01
7.232872613554270913e-01
5.698855601557641926e-01
3.428967686296306994e-01
6.652051181397977686e-02
-2.238011341838763713e-01
-4.959957907231059560e-01
-7.162409103370688257e-01
-8.582596229254626508e-01
-9.094199958346994572e-01
-8.621294013564759773e-01
-7.238996209541711524e-01
-5.093764700773592002e-01
-2.481982613613128441e-01
3.195117792385482325e-02
2.967863857617316636e-01
5.150475793120421475e-01
6.630220809987910080e-01
7.238686279852830641e-01
6.934544094027923489e-01
5.745890912850968313e-01
3.862924544932218041e-01
1.482800436143250078e-01
-1.089466092416337961e-01
-3.554794890518280237e-01
-5.632709934671711327e-01
-7.095534719075209384e-01
-7.793336969248472190e-01
-7.647697128779485931e-01
-6.736428295598605454e-01
-5.155570973926312250e-01
-3.125993107779037050e-01
-8.873529901572341227e-02
1.291026739411316182e-01
3.172918416211361059e-01
4.547989695620198169e-01
5.267510947668747612e-01
5.315738351009888785e-01
4.693141384534134097e-01
3.498286376520840513e-01
1.875590869462009369e-01
4.528182237905520324e-03
-1.796786236899761136e-01
-3.437957348011574377e-01
-4.700485191182749434e-01
-5.494260410013207530e-01
-5.742777074494413991e-01
-5.442857687844835368e-01
-4.642514217262742049e-01
-3.470836515614602602e-01
-2.047835683202582358e-01
-5.418333704712996468e-02
8.770956194534762496e-02
2.070710203588406184e-01
2.925430606338408346e-01
3.364486963996196067e-01
3.351576778830427372e-01
2.935849229050442322e-01
2.162622417253330376e-01
1.122748854914257244e-01
-6.663345576761736666e-03
-1.273960194131995571e-01
-2.380988985530604340e-01
-3.265921662497913713e-01
-3.841308731866082127e-01
-4.089848029098938076e-01
-3.989067112214618183e-01
-3.548820074608716180e-01
-2.821378909118592571e-01
-1.902480621733281252e-01
-8.775829884506902712e-02
1.382368441115500168e-02
1.035477704463310111e-01
1.737945038704433731e-01
2.177624423853936619e-01
2.301019041614751348e-01
2.096199664706335231e-01
1.613827454971616948e-01
8.961343166408042293e-02
2.531959672392947169e-03
-8.970833632614427788e-02
-1.769354700480944009e-01
-2.504725302506651818e-01
-3.013856347446949302e-01
-3.241438027869582017e-01
-3.197593677278768309e-01
-2.885849157019215738e-01
-2.337551301754301480e-01
-1.619743605853469770e-01
-8.334058027968660465e-02
-5.784499437422208068e-03
6.117742161656725131e-02
1.097048746933870778e-01
1.371093722593899056e-01
1.405614759256614832e-01
1.196364551590838321e-01
7.744421788423516695e-02
2.107090046570414543e-02
-4.399416088353946819e-02
-1.093874334536523163e-01
-1.664831758304442522e-01
-2.095642283150591645e-01
-2.344672434365435709e-01
-2.389494538496697018e-01
-2.231762943842781066e-01
-1.914123361309634230e-01
-1.467593111612017776e-01
-9.558861425259002065e-02
-4.515046158412694410e-02
-1.018353675143024439e-03
3.237131882771193681e-02
5.114823582518601697e-02
5.383025719828626876e-02
4.312427392906448276e-02
2.019638036436122164e-02
-1.142700027482324021e-02
-4.664608177679296919e-02
-8.090416463229777033e-02
-1.105841164514841379e-01
-1.316750923167787635e-01
-1.421738538771832872e-01
-1.436952223431234854e-01
-1.361824350516940285e-01
-1.211210171656017520e-01
-1.018066688562200284e-01
-8.143835182260583672e-02
-6.205967968646952659e-02
-4.644845027596011811e-02
-3.654805331222044096e-02
-3.172802525435935994e-02
-3.237928722864025222e-02
-3.790461629845620628e-02
-4.633723623285912474e-02
-5.677414028041172234e-02
-6.755116381165970907e-02
-7.760073697495317724e-02
-8.585528991864288528e-02
-9.124725279107903653e-02
-9.270905574061194532e-02
-8.917312891559203702e-02
