7.026919322260583023e-02
2.329309986567906776e-01
3.310011998403652456e-01
3.730230041459092760e-01
3.675396189460040652e-01
3.230942516132295772e-01
2.482301095201671082e-01
1.514904000393975103e-01
4.315472346422866146e-02
-7.174660309830904747e-02
-1.827064003070902887e-01
-2.756037863403563160e-01
-3.394878789798856378e-01
-3.678255387352813432e-01
-3.561196210140642471e-01
-3.053745152227465010e-01
-2.195622393881407897e-01
-1.088312231380579309e-01
1.634867316924060177e-02
1.415043037799510461e-01
2.528287811299489984e-01
3.376294780468571677e-01
3.860887442441622852e-01
3.921382553489389799e-01
3.534661423378824274e-01
2.752500806805409095e-01
1.640615918255545758e-01
3.249152254312326349e-02
-1.058148704481042257e-01
-2.349891637651966292e-01
-3.411736268753988721e-01
-4.117255507711146123e-01
-4.378184386191609212e-01
-4.174981665297061717e-01
-3.511364214067075329e-01
-2.457670856371100276e-01
-1.114061925730923663e-01
3.610972632660502946e-02
1.819951003320070537e-01
3.094707585725857690e-01
4.042249269347448770e-01
4.562998384547651831e-01
4.587113848905117752e-01
4.107768233078843423e-01
3.159379316037076446e-01
1.853920151166184027e-01
3.116145328831643191e-02
-1.292637418648097114e-01
-2.788444699932215443e-01
-4.008660706730555745e-01
-4.817547585186418013e-01
-5.118956192761041635e-01
-4.862847902779802167e-01
-4.090531249430672256e-01
-2.864227311808084098e-01
-1.316588632340681686e-01
3.997039460744944428e-02
2.088300430619547399e-01
3.572559932553485140e-01
4.680390062250163741e-01
5.281977531034258710e-01
5.321171318912665260e-01
4.774129196959766563e-01
3.698427665879662207e-01
2.191096120892883636e-01
4.277811102084894124e-02
-1.420627585686744521e-01
-3.146890563390783990e-01
-4.561763332942898597e-01
-5.509973301043453731e-01
-5.879360441980701069e-01
-5.627850408178847186e-01
-4.761288666634388989e-01
-3.383179867234297200e-01
-1.616052427241008171e-01
3.392552503217061144e-02
2.279912535425938636e-01
3.991100167473535798e-01
5.289641986610240654e-01
6.027713613172973606e-01
6.110364667497831803e-01
5.542398014241389781e-01
4.361087280673727751e-01
2.695273948618368554e-01
7.049978576412763154e-02
-1.382495752658572385e-01
-3.355146045615317041e-01
-4.989472296639725357e-01
-6.105247382224421315e-01
-6.592945388069582080e-01
-6.381288684447050663e-01
-5.491720896224319137e-01
-3.998123016793916351e-01
-2.074197064842049354e-01
9.827061220654131901e-03
2.276871473389419087e-01
4.231881446574083938e-01
5.749869992576237543e-01
6.662176125038554719e-01
6.866452713374266992e-01
6.319176345826649221e-01
5.096669532883824072e-01
3.303668544880022928e-01
1.135682797255457288e-01
-1.191598471749796273e-01
-3.418122349241708990e-01
-5.311693060379033549e-01
-6.659779461727954875e-01
-7.306025346362430284e-01
-7.194063215959844992e-01
-6.312201029157475940e-01
-4.758065256194907722e-01
-2.674581282067214349e-01
-2.995916795648612130e-02
2.133036344824186248e-01
4.355211539811782995e-01
6.126312768929886854e-01
7.257143335724820510e-01
7.615226409871667101e-01
7.163324852329466808e-01
5.925242684628420076e-01
4.048044380071449400e-01
1.703723188050607629e-01
-8.451892608568301046e-02
-3.333978450033969754e-01
-5.491796771191579385e-01
-7.088159699587139873e-01
-7.946686288833691991e-01
-7.958884947588896752e-01
-7.140621063084802156e-01
-5.552398886782885512e-01
-3.369142580139256049e-01
-8.035728115089790791e-02
1.856938083520143223e-01
4.340093862181468864e-01
6.370819535068465989e-01
7.727314534443157079e-01
8.277215119749379291e-01
7.942407327488545388e-01
6.760849679414446811e-01
4.834449553754158746e-01
2.385149082938984311e-01
-3.509336296070442174e-02
-3.073208739085664387e-01
-5.494421620906553283e-01
-7.354506460858446504e-01
-8.449896068725545328e-01
-8.661988894445324938e-01
-7.947355424561053372e-01
-6.401754501926329999e-01
-4.161144900194903018e-01
-1.472640704652485866e-01
1.392885572954156714e-01
4.120574654699793449e-01
6.425062663355045611e-01
8.052335872501219516e-01
8.817803395338694727e-01
8.654803617944564209e-01
7.557420311192404316e-01
5.648807711018812849e-01
3.108756025970422776e-01
2.241869041568445020e-02
-2.716219039014926562e-01
-5.389906357046388985e-01
-7.509661776339660033e-01
-8.853389694825418710e-01
-9.266603212871137307e-01
-8.708148978013533492e-01
-7.213714310859593581e-01
-4.960809828759765727e-01
-2.161143895362732659e-01
8.741845500678868675e-02
3.828574473358492547e-01
6.383034129720026595e-01
8.266910292091247392e-01
9.275032034697974215e-01
9.285369809927823681e-01
8.317849371866747887e-01
6.448832693217838585e-01
3.886982631153157453e-01
8.856069805621613611e-02
-2.221295605939521689e-01
-5.113179442435699107e-01
-7.473080304353802994e-01
-9.046248492114774553e-01
-9.679245188592683347e-01
-9.287616420413293827e-01
-7.919698777903226850e-01
-5.697338957631854495e-01
-2.878049502736026444e-01
2.618764100188708532e-02
3.378448680271926019e-01
6.141316173357784791e-01
8.256240709012108159e-01
9.494468042825234821e-01
9.726266285410618551e-01
8.909174478137655839e-01
7.151251318972620119e-01
4.611964309670897322e-01
1.575222674337948270e-01
-1.649140832303920279e-01
-4.709706651644081088e-01
-7.285508891338412507e-01
-9.096679644447760449e-01
-9.941628806795473894e-01
-9.749654017850044596e-01
-8.520846157986452507e-01
-6.396351581467416558e-01
-3.581174499808094103e-01
-3.933999820902223110e-02
2.843411055057096792e-01
5.773825121876876576e-01
8.085600413579943080e-01
9.541088743355761181e-01
9.976262123795971437e-01
9.351318611539891634e-01
7.712905220785224447e-01
5.258839023722003958e-01
2.225190504169638483e-01
-1.049835443151598824e-01
-4.222315373203291422e-01
-6.950988982914143577e-01
-8.948275235928293547e-01
-1.000000000000000000e+00
-9.982851234032696919e-01
-8.925032674798282217e-01
-6.916020369288357061e-01
-4.183926724406246134e-01
-1.003222188277503868e-01
2.271736895034488501e-01
5.301367669887873113e-01
7.756214770722658081e-01
9.373596838626820915e-01
1.000000000000000000e+00
9.555866463483111417e-01
8.100682335027435954e-01
5.770182111291091154e-01
2.837617293081091674e-01
-4.056567522466147935e-02
-3.603953470444962726e-01
-6.417687672111391795e-01
-8.550662611528638823e-01
-9.775124822630079091e-01
-9.969751264279916869e-01
-9.101547979140008904e-01
-7.287364216002434336e-01
-4.696558887149849815e-01
-1.624788735936626427e-01
1.610237742528362048e-01
4.656904983966376754e-01
7.196724820927060673e-01
8.956508591364493732e-01
9.743639366804945912e-01
9.499787574590008443e-01
8.235416813275964198e-01
6.101070580941263533e-01
3.307538278156949563e-01
1.726305832074359614e-02
-2.982019538963415206e-01
-5.808074133474472323e-01
-8.007560518942675731e-01
-9.361627941154586630e-01
-9.720187188985145443e-01
-9.057546331527600580e-01
-7.430801608084273147e-01
-5.041922860745360335e-01
-2.124395303627961695e-01
9.963417976018584810e-02
3.992627537505486490e-01
6.544062871614417798e-01
8.383522218619934296e-01
9.317465291197031263e-01
9.238649176012527775e-01
8.189167785331790128e-01
6.263481867507940670e-01
3.686572853907459368e-01
7.211158466704103986e-02
-2.301418988354907436e-01
-5.067384881199470392e-01
-7.277942970567455871e-01
-8.697868075485502004e-01
-9.198755009530321658e-01
-8.719600168451977495e-01
-7.331022586984425882e-01
-5.168584817484521698e-01
-2.492648504928933750e-01
4.290106143743566136e-02
3.275739039464486968e-01
5.745974131699400633e-01
7.584699061634130324e-01
8.598120006862028930e-01
8.692917854594033322e-01
7.851808844417156319e-01
6.193588859723124784e-01
3.876773580009191811e-01
1.170128843886950598e-01
-1.644823094330687407e-01
-4.262261648894903887e-01
-6.410634224985076735e-01
-7.863644099997388892e-01
-8.465018281417574508e-01
-8.182593721396167474e-01
-7.036449257165549032e-01
-5.168979798881253584e-01
-2.767876096604340308e-01
-1.105989040430899184e-02
2.530352127019084296e-01
4.864104867572351942e-01
6.645403868999961716e-01
7.706378004603382514e-01
7.931790157069151803e-01
7.315383920413638386e-01
5.915401318802999686e-01
3.912515200228163792e-01
1.503795875650291158e-01
-1.038676387395122136e-01
-3.448451680554370791e-01
-5.470670019536736373e-01
-6.895483549667209555e-01
-7.579795918105611818e-01
-7.446494206674932892e-01
-6.546955670417184958e-01
-4.967202239043001510e-01
-2.895403072874932482e-01
-5.446095291504504665e-02
1.819829549853348993e-01
3.954993536856101777e-01
5.632940877908645394e-01
6.676996224658864332e-01
7.004890956095990440e-01
6.578121331697099894e-01
5.464080447857486700e-01
3.776637451272455426e-01
1.724814609243021657e-01
-4.868477660233871962e-02
-2.615237055686450152e-01
-4.435712144424117653e-01
-5.766651229966601733e-01
-6.470436846152881616e-01
-6.491422105141324561e-01
-5.824961946256961287e-01
-4.571856151105169186e-01
-2.854213574709892898e-01
-8.749284779007537871e-02
1.159052071825354968e-01
3.028302128361046730e-01
4.541278925811906841e-01
5.543426501741492984e-01
5.928567877811208309e-01
5.690241389238368530e-01
4.849736812666805008e-01
3.514416807601905557e-01
1.821532894420878623e-01
-3.065225725438991411e-03
-1.853124733180900874e-01
-3.446118504626335399e-01
-4.644279632371784983e-01
-5.345395078671197897e-01
-5.475834946115434310e-01
-5.039593948697083103e-01
-4.083109789800015710e-01
-2.735273226676009362e-01
-1.129761340221505650e-01
5.517718795762172057e-02
2.132094025341504384e-01
3.448617082577605242e-01
4.368206727727699246e-01
4.803847283181574834e-01
4.709718209669548905e-01
4.130089534630607684e-01
3.124323226369971618e-01
1.814078308893671831e-01
3.376117864949290670e-02
-1.138476601882512096e-01
-2.463825574962711373e-01
-3.499737533956990276e-01
-4.139914023756149364e-01
-4.344295047187411996e-01
-4.093049356777750392e-01
-3.429213699020358108e-01
-2.425833557533887408e-01
-1.211298648781626852e-01
9.334808340155431594e-03
1.346621287770535247e-01
2.416494913257063448e-01
3.203241207635820764e-01
3.630012556570683113e-01
3.667068335360086362e-01
3.314520280507009531e-01
2.632269414078622916e-01
1.688468572109946830e-01
5.958364086697653939e-02
-5.288725368099966850e-02
-1.567752244875171286e-01
-2.417855602370385659e-01
-2.994823970010057623e-01
-3.242096124408314628e-01
-3.162354361236404676e-01
-2.766688494376140506e-01
-2.107027930289613327e-01
-1.255068680546260751e-01
-3.122836468277545574e-02
6.256884973246501502e-02
1.456306391629429431e-01
2.096055008647281781e-01
2.499345425341825688e-01
2.628407204529037422e-01
2.479942287422776115e-01
2.075628236908004798e-01
1.476512099236633180e-01
7.416407124510970839e-02
-4.663523831488936011e-03
-8.039090111493429891e-02
-1.456591147285136723e-01
-1.943345574138831688e-01
-2.218552609536088571e-01
-2.257461493797090490e-01
-2.079952937167073301e-01
-1.706935699773686199e-01
-1.184763647556928978e-01
-5.720694665461656392e-02
6.291911125096527613e-03
6.582528892189021263e-02
1.151727169207295010e-01
1.496222945652607716e-01
1.676958724005310764e-01
1.680442511417696849e-01
1.513506134553086468e-01
1.200930974852207900e-01
7.887541142306564446e-02
3.162234779957451281e-02
-1.665316266175709270e-02
-6.092740207322266954e-02
-9.777218503401985394e-02
-1.240650899328465950e-01
-1.375728631555760417e-01
-1.375842025857884066e-01
-1.257888461512983724e-01
-1.034969518232884411e-01
-7.314996780403959509e-02
-3.811744309082987225e-02
-1.884600685244985918e-03
3.236771097954216359e-02
6.119793052300948055e-02
8.219294749165162450e-02
9.509786631621519604e-02
9.904726464641555594e-02
9.345105302321532470e-02
7.924286830260385273e-02
5.858325125452235049e-02
3.324417625704634283e-02
5.893842957258366155e-03
-2.079450203557808852e-02
-4.525742629775209025e-02
-6.565733060215228623e-02
-7.990685225716476214e-02
-8.709973814367444334e-02
-8.789411051973927691e-02
-8.226601129573352100e-02
-7.022153693816202136e-02
-5.308165611105941650e-02
-3.279625783432604802e-02
-1.081188341853600576e-02
1.104577884564572621e-02
3.114923231843946816e-02
4.882733190071819607e-02
6.264245336217544313e-02
7.047032698407473816e-02
7.172449788972912188e-02
6.721460089678732430e-02
5.704831303237378748e-02
4.123657183455287090e-02
2.096345957346334998e-02
-1.975431455357723465e-03
-2.595658023591385088e-02
-4.855241573791202470e-02
-6.771442162653285024e-02
-8.225124568495401078e-02
-9.067885489760085793e-02
-9.100729171715704613e-02
-8.284684409720421971e-02
-6.761555604188473900e-02
-4.614913221143002175e-02
-1.993797580313327877e-02
8.507872819498052408e-03
3.637368824833653314e-02
6.126590548532950820e-02
8.012792580735239589e-02
9.085837874961377736e-02
9.300672364915407719e-02
8.596557325308462616e-02
6.965531969690363923e-02
4.553386105180212695e-02
1.639775357777550902e-02
-1.560641381266480998e-02
-4.725878802107563725e-02
-7.522828507120149499e-02
-9.704644894753200468e-02
-1.104762637244398604e-01
-1.132837651082283514e-01
-1.048350245937619274e-01
-8.668487145808212446e-02
-6.004266552714943028e-02
-2.712153657260563122e-02
8.834744556738494126e-03
4.393174319469106415e-02
7.480498363266985251e-02
9.752000325410259407e-02
1.094427711297756289e-01
1.101911836206952433e-01
9.923715755306550257e-02
7.701610386015844689e-02
4.559495796394519296e-02
8.690105613151644093e-03
-3.053639051516443548e-02
-6.773527700377857119e-02
-9.874844397570359256e-02
-1.206337518837291567e-01
-1.310389883886952100e-01
-1.282638345438300576e-01
-1.122303358819953800e-01
-8.528975543143779703e-02
-4.951527876643146975e-02
-8.709601269431432868e-03
3.266468779617426321e-02
7.022015999756958671e-02
1.002581387025986981e-01
1.190631721164487900e-01
1.244213765000763416e-01
1.168499634989232927e-01
9.673983874600167177e-02
6.575514708000995689e-02
2.707356079018041761e-02
-1.462314607389048060e-02
-5.540455569411639747e-02
-9.056413159404996804e-02
-1.162693011057182035e-01
-1.307440260672818599e-01
-1.322727535286283285e-01
-1.202844970027140414e-01
-9.596323709279219738e-02
-6.246508023470676019e-02
-2.259065423086747959e-02
1.925957066189343259e-02
5.842740299010507066e-02
9.090484471661319787e-02
1.134594136937048248e-01
1.233260960015019059e-01
1.192529914133919622e-01
1.027721323634074313e-01
7.518656827717484781e-02
3.915113710168260930e-02
-1.563781703430078274e-03
-4.235203037133161708e-02
-7.918488360483744160e-02
-1.075884159744958657e-01
-1.244558060434117763e-01
-1.291972950406369280e-01
-1.211002043612341428e-01
-1.006791510429269065e-01
-7.009087260170554501e-02
-3.326619898887750448e-02
6.450725432138648685e-03
4.457545692387121505e-02
7.679672844105289720e-02
1.001495327750396847e-01
1.122666948251460628e-01
1.115921790223186605e-01
9.808160970710777526e-02
7.403696549058680354e-02
4.147045994901321642e-02
4.126690090764828511e-03
-3.369068360678428853e-02
-6.797478541175461242e-02
-9.534641825678780158e-02
-1.124739471303443095e-01
-1.174372237972658439e-01
-1.110163685772550535e-01
-9.370289072483795056e-02
-6.706036661376091335e-02
-3.403045023366269017e-02
1.247734389060228821e-03
3.536125734408734900e-02
6.425821754110239148e-02
8.480405135216506629e-02
9.600008373936419481e-02
9.661383890547292630e-02
8.633769312128447559e-02
6.645473232552134846e-02
3.978464402585957238e-02
8.613322944013290794e-03
-2.352287419240195465e-02
-5.286195157103468212e-02
-7.654673138008361022e-02
-9.232479165844986735e-02
-9.838614720736549302e-02
-9.413675505487217876e-02
-8.109150239638696078e-02
-6.033565360824544310e-02
-3.399438555589595623e-02
-5.058505896154752435e-03
2.326323523241846658e-02
4.820443932991347324e-02
6.663227441541264007e-02
7.660281414889569263e-02
7.837692700605858320e-02
7.169945579297731797e-02
5.690247097206402316e-02
3.569500129104241637e-02
1.088685982493831084e-02
-1.524832397003861306e-02
-3.960654898741344798e-02
-5.941999462840164004e-02
-7.331943744291247178e-02
-7.997220909666336031e-02
-7.834563442508768460e-02
-6.869813153115422732e-02
-5.288090258930100429e-02
-3.219555159021669777e-02
-9.094611179479961116e-03
1.349894356874270507e-02
3.331670490736571288e-02
4.853189398408797040e-02
5.732487665507002284e-02
5.885151650421382996e-02
5.398852711502200030e-02
4.312250649927484858e-02
2.728966352115613780e-02
8.528344109681729179e-03
-1.075212327494501352e-02
-2.877252318979828249e-02
-4.329817057897311638e-02
-5.278992726173403760e-02
-5.746823875677709026e-02
-5.686956760507066999e-02
-5.063606322178182406e-02
-3.968551880066462090e-02
-2.570998243669964101e-02
-9.889313007977795777e-03
5.826660345932266338e-03
1.953046390717250169e-02
3.030608985528204791e-02
3.720090149595534079e-02
3.917723678986151370e-02
3.618555416478286269e-02
2.938840658764974023e-02
1.927543715754631570e-02
6.811445783684533239e-03
-6.343112418359386773e-03
-1.877926709347566003e-02
-2.941190452721320625e-02
-3.677201026017595797e-02
-4.012477706216344142e-02
-4.003267399031773532e-02
-3.641963593011998679e-02
-2.941516258832899133e-02
-2.008355546049955809e-02
-9.755134479033755746e-03
7.272099407980014973e-04
1.004462233546599137e-02
1.709588714972598567e-02
2.175878643107220789e-02
2.358693771986808407e-02
2.203863591613419715e-02
1.748055863219000194e-02
1.098767119283361460e-02
3.035532276833841081e-03
-5.560373670364660015e-03
-1.369357522410363792e-02
-2.074124242994612732e-02
-2.607319876287483851e-02
-2.870016938798181094e-02
-2.838379167726878816e-02
-2.583403275502194063e-02
-2.120132302310040462e-02
-1.501408595451325656e-02
-8.295901011562079042e-03
-1.836193361535953805e-03
3.841562631712758247e-03
8.066964303270696135e-03
1.043015414457637569e-02
1.111507751179896530e-02
1.003995791328793352e-02
7.229629175550034148e-03
3.291124755030905291e-03
-9.117451244012864109e-04
-5.076704160738021443e-03
-8.838352743710031767e-03
-1.177654164692021332e-02
-1.397668950584252112e-02
-1.521062203195844287e-02
-1.512478014642415491e-02
-1.388666038113894885e-02
-1.191447516469901213e-02
-9.349744134992343803e-03
-6.479917516282296397e-03
-3.706968998840931562e-03
-1.252994796828832413e-03
6.685648052562331856e-04
1.787377725904315540e-03
2.058872190321636708e-03
1.708374525885014705e-03
7.447919791057078243e-04
-7.758879707023824679e-04
-2.584391442553179985e-03
-4.424413817318062492e-03
-6.153271163858775594e-03
-7.592211590358832751e-03
-8.622478397152355534e-03
-9.301853066097987011e-03
-9.561280482619838317e-03
-9.301630843154384820e-03
-8.619471543571344263e-03
-7.702773569052911995e-03
-6.617760483592305398e-03
-5.459710610068779779e-03
-4.360477031571607931e-03
-3.370249044756912227e-03
-2.585514385373022250e-03
-2.187320142862603234e-03
-2.216623324999722477e-03
-2.572274532186891172e-03
-3.226727159069908701e-03
-4.063876420552392510e-03
-4.924503237796917787e-03
-5.715106378543777232e-03
-6.365239272947742499e-03
-6.793944767519155548e-03
-6.958662195343023882e-03
-6.886806688933599929e-03
-6.588822623192713834e-03
-6.133798131754408800e-03
-5.646254420995089340e-03
-5.254598734064974686e-03
-4.983966850041210428e-03
-4.818784666055009325e-03
-4.758960965494885009e-03
-4.743172088532809916e-03
-4.776945878385285837e-03
-4.874472562663934028e-03
-4.983370479808790776e-03
-5.057859890942761893e-03
-5.092461300965522852e-03
-5.092849765258478101e-03
-5.068492689112580329e-03
-5.051308737751059041e-03
-5.036568074633041014e-03
-5.010116363223127145e-03
-4.985386083774967503e-03
-4.971741040227573016e-03
-4.969829866597330614e-03
-4.980189647660338004e-03
-4.998424353523489572e-03
-5.013743039633200560e-03
-5.027450829545143662e-03
-5.043845842641614396e-03
-5.060498904602472869e-03
-5.077536125382087207e-03
-5.094221360363637707e-03
-5.108143146778987287e-03
-5.119692994017377430e-03
-5.130745942770631451e-03
-5.140993659099479807e-03
-5.150548344960870217e-03
-5.159522202311861427e-03
-5.168027433109179114e-03
-5.176176239309770999e-03
-5.184080822870695826e-03
