-6.719338042906808361e-03
4.421259694719534838e-01
7.156718003297208863e-01
8.384296704426215108e-01
8.349110957228826901e-01
7.296275920827310912e-01
5.470906754343931588e-01
3.118118616900964479e-01
5.853909081042862894e-02
-2.000367311514742452e-01
-4.373575146513420941e-01
-6.129665925278690031e-01
-6.974665904785990467e-01
-6.879269321170931040e-01
-5.816685119433062656e-01
-3.946833465423779108e-01
-1.497505313251916714e-01
1.136832687070516990e-01
3.643281956229733609e-01
5.663465592463483578e-01
6.883219037404613161e-01
7.177057691660357897e-01
6.507680050680708650e-01
5.004119197703178479e-01
2.858060363777976676e-01
4.367136834744878016e-02
-1.975078773075757965e-01
-4.042174174590548175e-01
-5.455327096558291178e-01
-6.075832955569516747e-01
-5.839596415342956925e-01
-4.822285019510178516e-01
-3.164204379521290411e-01
-1.165457872665115469e-01
9.446161592896240577e-02
2.878485406323330054e-01
4.357577832830716869e-01
5.242685975485763539e-01
5.451492902439745158e-01
4.998225857736005029e-01
3.958265397145488418e-01
2.538575070734307992e-01
8.891658533782043072e-02
-7.766550931849114381e-02
-2.230002628394929243e-01
-3.338449407393789814e-01
-4.005066399369581198e-01
-4.158818629882363727e-01
-3.795027276214886225e-01
-3.036548566544312600e-01
-1.953173029804456950e-01
-6.697854589452478802e-02
6.409819298128804910e-02
1.851470433269954974e-01
2.855177316949752964e-01
3.517687778537559318e-01
3.768487553292465542e-01
3.658318162531790652e-01
3.184928970036982054e-01
2.345404886495043861e-01
1.236616765440521348e-01
5.006924062351814086e-04
-1.248499599508500202e-01
-2.360082980519686568e-01
-3.193924370763365772e-01
-3.705610683911059189e-01
-3.819165338367375151e-01
-3.450857586958805401e-01
-2.629908947661552254e-01
-1.479676325253930225e-01
-8.383291761210220905e-03
1.384029942868705287e-01
2.723843081861818671e-01
3.763201644698850323e-01
4.373379459449016071e-01
4.430313720164364977e-01
3.900459661911257481e-01
2.888726499029843353e-01
1.472906979271226824e-01
-1.552703384851894519e-02
-1.764210516935167394e-01
-3.117119301449480240e-01
-4.039959690269928627e-01
-4.370950713537123944e-01
-4.034826204623381818e-01
-3.115383051741440479e-01
-1.689150281140036070e-01
1.780707488143962181e-03
1.749142198630864176e-01
3.231902436506457477e-01
4.267685320666794180e-01
4.694370439783814852e-01
4.427459270897828869e-01
3.541488553010414542e-01
2.119756471950935417e-01
4.325775874542703292e-02
-1.244085323829507983e-01
-2.639743287837805763e-01
-3.560030210164564224e-01
-3.871036554089140047e-01
-3.517633312415385793e-01
-2.622304866708836668e-01
-1.295436440049387850e-01
1.809085513886188323e-02
1.536409812142436326e-01
2.547161952055601031e-01
3.057615461107776600e-01
3.000403838936476220e-01
2.394766776125323293e-01
1.445401050764885120e-01
2.940010339870902101e-02
-7.962480408306982227e-02
-1.583719934073463120e-01
-1.938082123796348588e-01
-1.795230772885880732e-01
-1.212493376312985260e-01
-3.020788743109692476e-02
6.710564386249906477e-02
1.539132170616863693e-01
2.108846827389647682e-01
2.211057760458836619e-01
1.802491351760013849e-01
9.157047997272127482e-02
-2.230222084512212266e-02
-1.395999695381719974e-01
-2.323051555383521816e-01
-2.836710327862672631e-01
-2.834316283518392154e-01
-2.237631970231790390e-01
-1.119175437498324266e-01
3.903532511199347965e-02
1.966222850388033017e-01
3.331720425375819250e-01
4.220735107400486186e-01
4.459836901452121083e-01
3.972165466875763329e-01
2.768671520515808560e-01
1.076776363647020673e-01
-9.029911108731070168e-02
-2.801865755365852140e-01
-4.294466772450742376e-01
-5.138920441587417898e-01
-5.174137603569981536e-01
-4.366112081296414926e-01
-2.786244683001707356e-01
-7.296467132945894107e-02
1.557926911365490330e-01
3.682909865661485593e-01
5.291596930561732748e-01
6.139117311379507225e-01
6.082113252248027013e-01
5.129409957054997804e-01
3.379342140770187353e-01
1.156167560546272899e-01
-1.277495009807437798e-01
-3.530697340820631025e-01
-5.242779799500533189e-01
-6.172624569378540871e-01
-6.175091062989463975e-01
-5.254098313498918316e-01
-3.505753856683380132e-01
-1.248657761331599669e-01
1.255505206897997716e-01
3.613227255262676518e-01
5.456162895768794652e-01
6.527004242291762903e-01
6.663978375212913363e-01
5.849507608089625776e-01
4.163870825000333120e-01
1.915978626161203291e-01
-6.352418118053426710e-02
-3.084629641930284327e-01
-5.049987965523385913e-01
-6.249067708627558115e-01
-6.499525573353543972e-01
-5.765515013477580109e-01
-4.115894022464062774e-01
-1.862663880065693611e-01
7.293201729114362486e-02
3.234619631004316265e-01
5.254701648690600635e-01
6.489690457300341109e-01
6.746597051543470336e-01
5.992203964862954368e-01
4.301064063858768272e-01
2.006759211177657765e-01
-6.090169058610295227e-02
-3.100868916947446818e-01
-5.059665758851988882e-01
-6.189430433568114953e-01
-6.306896887876931590e-01
-5.409442412610883100e-01
-3.598246349028295654e-01
-1.241994732258957512e-01
1.354777545104390857e-01
3.738109980941370925e-01
5.501907021532830289e-01
6.381928464164030590e-01
6.227940489507735045e-01
5.091412826428496352e-01
3.116162858445028494e-01
7.082874301171004916e-02
-1.807046997028922686e-01
-3.986215848695776609e-01
-5.443376501834642500e-01
-5.970159437278244052e-01
-5.467505248921027405e-01
-4.051780388019324830e-01
-1.915078976858010096e-01
5.082609111244051903e-02
2.881783813135281314e-01
4.791572484872783644e-01
5.886836130889150365e-01
6.027610407316412733e-01
5.173399757734560289e-01
3.501266361706221186e-01
1.246168156433389296e-01
-1.145235574835472558e-01
-3.337438971619743899e-01
-4.959006357953179567e-01
-5.701670890937162728e-01
-5.491554730954105734e-01
-4.342332082965940643e-01
-2.479025221269847146e-01
-1.679534780463498578e-02
2.148623159583196163e-01
4.147082064570097870e-01
5.509611902459492505e-01
5.972957810956429636e-01
5.498273415880545745e-01
4.133255209654054241e-01
2.149747851216208261e-01
-1.615704762469127864e-02
-2.379802583920871406e-01
-4.199450845869674431e-01
-5.346295090770167846e-01
-5.595659206793056617e-01
-4.937246316978682881e-01
-3.441964961862520322e-01
-1.408737078844546353e-01
8.601667464654494388e-02
2.968934007542491926e-01
4.621695231192100017e-01
5.566069416126271374e-01
5.619774169757549842e-01
4.811713730298770031e-01
3.224825131001347600e-01
1.173687199136301818e-01
-1.025704004004897030e-01
-2.997878043217663269e-01
-4.460652282699822946e-01
-5.190782587413680371e-01
-5.047235978291566560e-01
-4.091323734757581487e-01
-2.419659515777724534e-01
-3.683870391889965124e-02
1.733953990262528944e-01
3.537081377452739872e-01
4.776594152491855372e-01
5.259062100000329032e-01
4.888184745138535181e-01
3.780319915876075854e-01
2.056484484796130552e-01
5.815627753915197928e-03
-1.883829937449372771e-01
-3.449696999841650458e-01
-4.399315293665531090e-01
-4.577985577491012759e-01
-3.943780386667975479e-01
-2.678243820112581330e-01
-9.297509006068360726e-02
9.625774427268241062e-02
2.670476491088904503e-01
3.913205521282625554e-01
4.493398902380152382e-01
4.319414918708044393e-01
3.402395744088844154e-01
1.972571462913561557e-01
2.090241708539530840e-02
-1.551683948258367751e-01
-2.993428307867805893e-01
-3.884499990363755595e-01
-4.076708619486745233e-01
-3.545298537551314633e-01
-2.353153393946337824e-01
-7.689848043038305381e-02
1.002792534212120223e-01
2.634523254331135877e-01
3.826674143322830179e-01
4.396082058306267637e-01
4.240733638519855742e-01
3.393175408480120225e-01
1.960817826875607128e-01
2.412910666172840557e-02
-1.542412771580411457e-01
-3.073503405397314259e-01
-4.067568186087612281e-01
-4.380513972416322233e-01
-3.946691893819780361e-01
-2.841388275277250131e-01
-1.206589940134847883e-01
6.376206973701403768e-02
2.452913443005748650e-01
3.928052703920488220e-01
4.787414428742302608e-01
4.913100675439772136e-01
4.264776633188054333e-01
2.949571537732282867e-01
1.137054436447446637e-01
-8.306387495629685702e-02
-2.698629530658888109e-01
-4.152946455549049176e-01
-4.919764516108604546e-01
-4.898645985689643600e-01
-4.068189039643523852e-01
-2.564945147173649520e-01
-5.849338907109957741e-02
1.503523951409406756e-01
3.425939658616174999e-01
4.860982969962217570e-01
5.534126207377665363e-01
5.363058710661552375e-01
4.346655362133227118e-01
2.656259674165788454e-01
5.179380856708926117e-02
-1.669968607034949537e-01
-3.612394555489466530e-01
-4.983988709337542344e-01
-5.514284923635558444e-01
-5.149643355238797682e-01
-3.917740495826287361e-01
-2.035566916812914240e-01
2.350017059778952699e-02
2.467693532716543903e-01
4.351806631338825948e-01
5.579976134543278565e-01
5.901733158111601707e-01
5.288065677000772791e-01
3.798373591009394090e-01
1.722211176230734608e-01
-6.326434437572192593e-02
-2.829039913606633538e-01
-4.553068816779979322e-01
-5.538514718428895200e-01
-5.574445373010765703e-01
-4.664771796570703621e-01
-2.905809502336901273e-01
-6.657989702188171766e-02
1.704507629974543192e-01
3.779947899677515988e-01
5.249537643286330546e-01
5.891160344441561669e-01
5.560600236786432671e-01
4.338110053558967838e-01
2.359605522772623143e-01
2.354496993966392893e-03
-2.296836842360664432e-01
-4.193776812468678061e-01
-5.365122340167869375e-01
-5.607616014294531936e-01
-4.840644287640599730e-01
-3.260810044837407773e-01
-1.055081597456318798e-01
1.344790922230714170e-01
3.537816867398162479e-01
5.155174835814320122e-01
5.923469926317528333e-01
5.701882506428128661e-01
4.483066668653501452e-01
2.544044021491798091e-01
1.314708389513574716e-02
-2.287541835809910884e-01
-4.291490939871449584e-01
-5.536835943996405440e-01
-5.804560385222430341e-01
-5.059763188541911427e-01
-3.376320458130095403e-01
-1.119710602352245177e-01
1.408962577015691053e-01
3.737109944256395977e-01
5.447491636704555606e-01
6.260287051114945545e-01
6.018241006934730297e-01
4.779217646545521614e-01
2.695423499506519605e-01
1.985782230340937815e-02
-2.367129233974246683e-01
-4.533908624495630590e-01
-5.903071198650682305e-01
-6.266194957258084397e-01
-5.532852849562173159e-01
-3.850726127916255237e-01
-1.443094070698506259e-01
1.208154611670908540e-01
3.729185575326192659e-01
5.672470144298358274e-01
6.668699232169397195e-01
6.585000599897901097e-01
5.398785783295758645e-01
3.338822384376856078e-01
6.902794130624223534e-02
-2.030998065996078017e-01
-4.434820183013108430e-01
-6.107680718173384982e-01
-6.718481435158418780e-01
-6.205329100488691241e-01
-4.609357121405351920e-01
-2.236037888941725393e-01
5.752899613881212737e-02
3.292990390322063643e-01
5.523828716991305843e-01
6.907607422717854107e-01
7.161577548852575692e-01
6.267565610632130912e-01
4.314458820387423454e-01
1.693220570666906788e-01
-1.206080226182323356e-01
-3.860698592213958058e-01
-5.884595734537098055e-01
-6.968171199782069447e-01
-6.881909584937284663e-01
-5.654544974031397997e-01
-3.413316739538663214e-01
-6.097082182484114821e-02
2.331502021879536812e-01
4.909313136548951739e-01
6.739872310381236353e-01
7.534129137647824770e-01
7.121392854100945247e-01
5.609652012297086099e-01
3.155200403551354782e-01
2.253969737529359918e-02
-2.732709898094459744e-01
-5.232797242195408316e-01
-6.896697095789583454e-01
-7.452257848547706454e-01
-6.777142307566239587e-01
-5.048568273849944887e-01
-2.447846660320336376e-01
5.521549891109867048e-02
3.488734413665461886e-01
5.884590369631721440e-01
7.375333977182101375e-01
7.717985128826225782e-01
6.823291669425377570e-01
4.912299606923880013e-01
2.194942240351851481e-01
-8.399785496544265317e-02
-3.718168600517808287e-01
-5.972192658245615293e-01
-7.254333185598297318e-01
-7.359514014876539223e-01
-6.231861153448259305e-01
-4.135537413837114817e-01
-1.315312456214875469e-01
1.716959256329908534e-01
4.476431097820197103e-01
6.513196309263078465e-01
7.504818545470106628e-01
7.301444038859195018e-01
5.894998674810003614e-01
3.606954729021456529e-01
7.244642861019534585e-02
-2.220304229217634484e-01
-4.739339557986110840e-01
-6.423024234410984468e-01
-6.995129793598724444e-01
-6.388866301524265268e-01
-4.664534277122301953e-01
-2.211578516049861332e-01
6.391580939826635444e-02
3.355224236965566043e-01
5.466922808410168422e-01
6.642585526593529632e-01
6.681734914812447190e-01
5.626181243778087815e-01
3.619568713953813521e-01
1.111658279021423557e-01
-1.537066570512106711e-01
-3.832308904424066576e-01
-5.356144891852884227e-01
-5.894498170996131936e-01
-5.349409756568379581e-01
-3.880076192418179248e-01
-1.712141725964719807e-01
6.767265587536908100e-02
2.927161494244094886e-01
4.636304498872754198e-01
5.475153247705706328e-01
5.351067367590485180e-01
4.270322371436816589e-01
2.508722001582821548e-01
3.588945980168301020e-02
-1.728828393245303019e-01
-3.435583801821484595e-01
-4.496674451143640727e-01
-4.698433348713693114e-01
-4.031809447066996288e-01
-2.577646648870469681e-01
-7.053985493460157574e-02
1.255873818717072599e-01
2.938619529757275917e-01
4.084715189455789819e-01
4.537973208122265678e-01
4.198925164970246371e-01
3.171897865121944271e-01
1.590340045047546891e-01
-2.045741897829356226e-02
-1.908339616437322306e-01
-3.232144655166823144e-01
-3.962219118120410277e-01
-3.975220404743545766e-01
-3.255861155478787516e-01
-2.010243594654755883e-01
-3.869972398032506256e-02
1.306769059350472162e-01
2.776688327410306023e-01
3.801102745988325093e-01
4.219107230528302832e-01
3.958880878829875716e-01
3.040635183260049779e-01
1.669646593180000860e-01
9.152027224894609958e-04
-1.640013102538403489e-01
-2.993471895258089654e-01
-3.844284729084289642e-01
-4.061058072968467547e-01
-3.607218999069000676e-01
-2.524162679421330102e-01
-1.031720645989646634e-01
7.014668010477076443e-02
2.384188473023292065e-01
3.731435823108839589e-01
4.537803653481815580e-01
4.672942332392997500e-01
4.097077999303346818e-01
2.857130933089959690e-01
1.183506308740560620e-01
-7.398335267383115976e-02
-2.594393222899888940e-01
-4.070533277262591287e-01
-4.932753818907263943e-01
-5.031175538291789984e-01
-4.318469977892479550e-01
-2.846492400932668643e-01
-8.774573766968840616e-02
1.369059220534267762e-01
3.515593739695266340e-01
5.203896276143580302e-01
6.151597975239526672e-01
6.181002767966492506e-01
5.249369525649307811e-01
3.427342006295490684e-01
1.039847095881718531e-01
-1.633408864078770284e-01
-4.132109529223518818e-01
-6.034825287596116139e-01
-7.015965400210879555e-01
-6.878110941823465385e-01
-5.612058067115728299e-01
-3.331621293163229414e-01
-4.544914984967329818e-02
2.659786396960617250e-01
5.463847460227047037e-01
7.476386279016726810e-01
8.356600763403623233e-01
7.913061417989128987e-01
6.208615454585637572e-01
3.427454468881618865e-01
9.541050823596020081e-03
-3.344195122499924455e-01
-6.281694449689037008e-01
-8.202236837776948342e-01
-8.798279146248402238e-01
-7.922071912013231021e-01
-5.741644995409929120e-01
-2.529275469447122004e-01
1.093607124393087826e-01
4.620019575523963695e-01
7.430935296969354287e-01
9.023548378168952944e-01
9.177267789130472142e-01
7.824180795354784834e-01
5.248194499049980699e-01
1.806201858004079508e-01
-1.829752133360066368e-01
-5.132704081037455790e-01
-7.543021107543239623e-01
-8.621665623003684775e-01
-8.265527242046155632e-01
-6.502729443126213926e-01
-3.721125742432265238e-01
-3.382390293617398846e-02
2.992850140466740694e-01
5.781260803846617335e-01
7.603270648218911631e-01
8.129513835546471334e-01
7.329520483690197263e-01
5.297080668684304161e-01
2.511978245824293410e-01
-5.776887846178935249e-02
-3.414396075302977840e-01
-5.584328819936632549e-01
-6.786889505612857532e-01
-6.803568865086515594e-01
-5.699275994873584938e-01
-3.616142773525118370e-01
-1.016359440133358660e-01
1.683806573978714471e-01
4.037883429960500425e-01
5.694014601163959188e-01
6.409029745747625295e-01
6.068092901617851975e-01
4.826234160885713997e-01
2.824284089693471778e-01
4.499390608434516992e-02
-1.916163239491178727e-01
-3.901830848864843437e-01
-5.218617534574985228e-01
-5.668068074782807164e-01
-5.171581053110003712e-01
-3.885008718322571220e-01
-1.939306616102119962e-01
3.223848802492534915e-02
2.548808112224485445e-01
4.395824839325597200e-01
5.595339797171086094e-01
5.944004095723982584e-01
5.358792116415331819e-01
3.978867037909885607e-01
1.929950502813511104e-01
-4.462795343138392656e-02
-2.790722474041475998e-01
-4.726646789998819598e-01
-5.961432857891937331e-01
-6.260395436946220027e-01
-5.523254405915150045e-01
-3.889487193428047274e-01
-1.503461869496883763e-01
1.232427419256709733e-01
3.903689588422984968e-01
6.060010214836384357e-01
7.359701009581243181e-01
7.543252849787294156e-01
6.505023013597450721e-01
4.432870979674248257e-01
1.530042793108337129e-01
-1.696922726591382213e-01
-4.750366761938636939e-01
-7.101378520258139204e-01
-8.359482348915626693e-01
-8.273150908531515801e-01
-6.767930674202642383e-01
-4.133817806358119906e-01
-6.636000532360686321e-02
3.020060261552925951e-01
6.332927685402771623e-01
8.699619012157602249e-01
9.714214489510031303e-01
9.189021120349449845e-01
7.118310273249754960e-01
3.919415763214955106e-01
-1.260348099321850768e-03
-3.961619656073350759e-01
-7.285747380023671615e-01
-9.423189012910214712e-01
-1.000000000000000000e+00
-8.940013835358562311e-01
-6.334913056471038750e-01
-2.725161617731416408e-01
1.407320446980238060e-01
5.309251166697543933e-01
8.331602373355146973e-01
9.993100213437751123e-01
1.000000000000000000e+00
8.413938214444225405e-01
5.432736836836560279e-01
1.684110129136482392e-01
-2.302166142042969543e-01
-5.808462703827810270e-01
-8.237839488985936320e-01
-9.246082277857892162e-01
-8.655940650982383300e-01
-6.665246439171192971e-01
-3.564461444080082586e-01
-1.006417737259623912e-03
3.473718626032311629e-01
6.276412558219779392e-01
7.907410273655446353e-01
8.194097850735362343e-01
7.092867250815393376e-01
4.915411992911786765e-01
2.014846477814926651e-01
-9.956449269858191897e-02
-3.657452559153621108e-01
-5.557095606974993274e-01
-6.363214320435377491e-01
-6.013193725374885723e-01
-4.560398958114812995e-01
-2.433422342418976037e-01
-2.163439031202418761e-03
2.194643438158903059e-01
3.876177388431127913e-01
4.808721601074512630e-01
4.828156026754915064e-01
4.021818657164204502e-01
2.531982370961975981e-01
7.565135670347111763e-02
-9.706866318297646679e-02
-2.331669895484834720e-01
-3.095412084501270034e-01
-3.162034119179197855e-01
-2.533935365723442024e-01
-1.465008872359662151e-01
-1.291122124481658417e-02
1.156625540362656857e-01
2.114581817929617191e-01
2.597881488981093057e-01
2.520170247702058219e-01
1.934089433753394260e-01
9.488143883540844925e-02
-1.624749311352402525e-02
-1.216513090734310243e-01
-1.999319361654263716e-01
-2.326525012149629479e-01
-2.135787675235201188e-01
-1.441897170721582189e-01
-4.513128600970672810e-02
6.455829514825062176e-02
1.607448023094846246e-01
2.290255244083327923e-01
2.598399288326558310e-01
2.442630964868903742e-01
1.857294855369098219e-01
9.241857703558586934e-02
-1.157379721384088622e-02
-1.064453443117832077e-01
-1.761603026159910268e-01
-2.101197316605154519e-01
-2.039028615474494099e-01
-1.580891933306027841e-01
-8.592526068863370892e-02
3.287776935664954436e-03
9.092812140953099309e-02
1.596318641310157105e-01
2.004467773001601394e-01
2.083255849317140473e-01
1.841763396494775495e-01
1.334628711547265478e-01
7.069392675119523517e-02
3.355187241905532858e-03
-5.763964600342807998e-02
-1.000032762783584772e-01
-1.186001412714131620e-01
-1.121129351102512217e-01
-8.633366967917743828e-02
-4.844428284139301599e-02
-8.343365713594619315e-03
3.001418889870954843e-02
6.203555862907195184e-02
8.074536698629941611e-02
8.497529532214520565e-02
8.033902223857047886e-02
6.680200310304695854e-02
4.432969328304681156e-02
1.288754814604264887e-02
-2.755897694049314062e-02
-7.704442660908872309e-02
