-1.574546512405395893e-01
3.616932838702477948e-01
7.152473081799164412e-01
9.218140155894918308e-01
1.000000000000000000e+00
9.684118553124658746e-01
8.456561754279150467e-01
6.503395542473757729e-01
4.018658288723973016e-01
1.055678288404595655e-01
-2.075016359011736533e-01
-5.030476010100051187e-01
-7.497090523177643018e-01
-9.213519953778005478e-01
-1.000000000000000000e+00
-9.779191303267323887e-01
-8.573732901584590893e-01
-6.526752697487978594e-01
-3.852602600156822543e-01
-8.479526672830717260e-02
2.164557301032739023e-01
4.862597916357265238e-01
6.960409515489589527e-01
8.236896028617048948e-01
8.558753410167618814e-01
7.906775001153911742e-01
6.351093115873387429e-01
4.070828476500967241e-01
1.307991030866073601e-01
-1.630979817376886354e-01
-4.433552372030755695e-01
-6.798925216792971460e-01
-8.477976396594587571e-01
-9.303391457686546184e-01
-9.190161277031448916e-01
-8.163412236095356489e-01
-6.335278278192353341e-01
-3.917516070773698900e-01
-1.166659599169643791e-01
1.615978170240135459e-01
4.133208739373475105e-01
6.118864036406113094e-01
7.367354425977727939e-01
7.756581438262486472e-01
7.248993010548718807e-01
5.917892653005618619e-01
3.905956265857173371e-01
1.442790199882388880e-01
-1.206241050835219486e-01
-3.754663635000877742e-01
-5.933617304505554024e-01
-7.512990711855526138e-01
-8.331814786715958654e-01
-8.320506430816615451e-01
-7.485237557166392053e-01
-5.932264128065227737e-01
-3.829706769414958911e-01
-1.416517923033455695e-01
1.048589570432398865e-01
3.299515481884724988e-01
5.099620328036813532e-01
6.268183273250071963e-01
6.688297483855605297e-01
6.330056221123585569e-01
5.238444580062353584e-01
3.551347126517161445e-01
1.449197280517429132e-01
-8.308620030834756864e-02
-3.043649574912967726e-01
-4.954703396252546632e-01
-6.366806732676859593e-01
-7.139252890794819395e-01
-7.197811706744206006e-01
-6.559371766336441478e-01
-5.298047023769272279e-01
-3.565465717298895720e-01
-1.549893755471928314e-01
5.235497728036908605e-02
2.435441629877679315e-01
3.983602743393988010e-01
5.011068198871995172e-01
5.426536078333998869e-01
5.193985428976664043e-01
4.357517859479949074e-01
3.013062155480696891e-01
1.323169068279703708e-01
-5.306622880221467664e-02
-2.344938670653807788e-01
-3.927545959480842619e-01
-5.116916322332440981e-01
-5.795977008567255728e-01
-5.909220594717705666e-01
-5.453316857411589780e-01
-4.500184149453138049e-01
-3.154908152402343680e-01
-1.577051617314774168e-01
6.187332353833729925e-03
1.585308282711050953e-01
2.836135772964436530e-01
3.688707352282993845e-01
4.061390694598323581e-01
3.937637440278662915e-01
3.338478862000247016e-01
2.347115219703588274e-01
1.074144268017482862e-01
-3.311903040602570680e-02
-1.718515595153482511e-01
-2.938893192957439116e-01
-3.868509630945249356e-01
-4.423809018991996522e-01
-4.555067057861894586e-01
-4.267161700488475429e-01
-3.599047641408136267e-01
-2.643582867411078396e-01
-1.505160009413739619e-01
-3.146758837310636991e-02
8.000318280510865243e-02
1.724923696464948364e-01
2.368995840458050228e-01
2.677271607277948995e-01
2.626250790184063710e-01
2.244020379722531100e-01
1.576429289226817243e-01
7.133244267644167635e-02
-2.487061242201360489e-02
-1.201169840245437381e-01
-2.045334002234953097e-01
-2.696391242719575754e-01
-3.092006143753079916e-01
-3.210114804866546212e-01
-3.046612520148349601e-01
-2.637321487617353410e-01
-2.032792762612820603e-01
-1.313669681950628831e-01
-5.581490217812512533e-02
1.491641184409742138e-02
7.352553820056462186e-02
1.151086347860488246e-01
1.359474910714528750e-01
1.353912572617554932e-01
1.144070478691638915e-01
7.720549512314600626e-02
2.822295203534141983e-02
-2.622664796264551068e-02
-7.999033339127026299e-02
-1.275343619404080142e-01
-1.641728716675812105e-01
-1.871172696078050590e-01
-1.946703077240944380e-01
-1.879041233306759651e-01
-1.682614231034541552e-01
-1.392833868928864405e-01
-1.047989255365983086e-01
-6.910296686640360342e-02
-3.608994431873713271e-02
-9.057206630459613272e-03
9.500022819935338703e-03
1.919658727891060401e-02
1.975809513483706148e-02
1.238630868231105353e-02
-1.217453298650084115e-03
-1.840882532112986247e-02
-3.681861936619845732e-02
-5.404115535032594231e-02
-6.811692304374095119e-02
-7.842852631846830569e-02
-8.435536457507297747e-02
-8.625960066750004707e-02
-8.484627594240290449e-02
-8.162086047258021448e-02
-7.765757297187736441e-02
-7.408961272229674933e-02
-7.197734356397833544e-02
-7.157875008478531420e-02
-7.290183056379628823e-02
-7.510142763882343697e-02
-7.733766776693840050e-02
-7.826980450353748786e-02
-7.706397702309841780e-02
-7.296128774169763354e-02
-6.542505655296160239e-02
-5.476281606912558608e-02
-4.165146733130942192e-02
-2.770966726502310795e-02
-1.455819524912838059e-02
-4.328241604083626903e-03
1.377946483574588044e-03
9.910066025198283057e-04
-6.438961416320276854e-03
-2.060567371276256221e-02
-4.077494149020677305e-02
-6.512119908861313533e-02
-9.142389086667723763e-02
-1.164605387853085983e-01
-1.374867830305638305e-01
-1.515217258724068650e-01
-1.563282678116080238e-01
-1.509217841819394668e-01
-1.350277813789388937e-01
-1.098136932791926590e-01
-7.726586600980545061e-02
-4.101095225326267801e-02
-4.447694354061337840e-03
2.815409741958707635e-02
5.295069853625933298e-02
6.683754612330705669e-02
6.773890175709240680e-02
5.505149364100136999e-02
2.930364374414162754e-02
-6.780889615893070932e-03
-5.016122565763592167e-02
-9.603233188303184065e-02
-1.396030695151715406e-01
-1.758981673164305981e-01
-2.008344231033868388e-01
-2.111574624203795825e-01
-2.050425270058623406e-01
-1.833176173245989471e-01
-1.474855259232044080e-01
-1.012619994450230099e-01
-4.907306310604109267e-02
3.167286739888641733e-03
5.008699153058726594e-02
8.620400251765936162e-02
1.073137096324854323e-01
1.113005389583594518e-01
9.706062402348458740e-02
6.596695102877658812e-02
2.071302095801019760e-02
-3.347872102615190304e-02
-9.149158029313453344e-02
-1.468855387249682343e-01
-1.937048120496664971e-01
-2.268866085818154188e-01
-2.426241312402519501e-01
-2.391793907703476663e-01
-2.163395011206888929e-01
-1.768524043513037824e-01
-1.241373796462045265e-01
-6.411935330622364759e-02
-2.894299810383804683e-03
5.283950976190143756e-02
9.726041809246921410e-02
1.254168652830667252e-01
1.339640075875161429e-01
1.225550770260144251e-01
9.180875599446691737e-02
4.512034442971812886e-02
-1.306476204808659780e-02
-7.614120751871933379e-02
-1.377844133473549171e-01
-1.910839280493548120e-01
-2.303509675332597872e-01
-2.518467305526888023e-01
-2.529424925080856479e-01
-2.336760424622943422e-01
-1.956621657377357604e-01
-1.435268570141244870e-01
-8.217156578167184033e-02
-1.841571814016917941e-02
4.111264786304680285e-02
9.008502688876918185e-02
1.233456401355044196e-01
1.373878212219226125e-01
1.303641848685250793e-01
1.038558005877885382e-01
6.020349176911765632e-02
4.338311826381113789e-03
-5.814514378351398616e-02
-1.202810810521602880e-01
-1.757536263374895880e-01
-2.185791316879363011e-01
-2.441588632000898373e-01
-2.504756631202309514e-01
-2.365863876983476111e-01
-2.043446796379659869e-01
-1.568960545895620173e-01
-9.993656352842583690e-02
-3.899258745305478335e-02
1.932425314271291050e-02
6.888917648110282066e-02
1.047540492471654705e-01
1.231650350022017726e-01
1.225738273186876004e-01
1.028616922330718442e-01
6.679323358173472336e-02
1.772334230692695911e-02
-3.871487007373519695e-02
-9.672663210843712722e-02
-1.501425684104624736e-01
-1.935596837414441662e-01
-2.224932588223607066e-01
-2.338625206285666058e-01
-2.273723373120631885e-01
-2.034962591676688914e-01
-1.651043607349561571e-01
-1.160145309758502385e-01
-6.184093339486473884e-02
-7.986020479168742803e-03
3.969031618087259794e-02
7.631070064290534916e-02
9.871681032077583851e-02
1.045407720151008135e-01
9.355443996348378199e-02
6.685206143341315688e-02
2.794198263690628181e-02
-1.946137236960043815e-02
-7.010485661375875921e-02
-1.187628144141201769e-01
-1.604591017301182365e-01
-1.910332278469774048e-01
-2.074633276204974619e-01
-2.079908555043605833e-01
-1.935100061275838446e-01
-1.654087539427008258e-01
-1.269604307729071957e-01
-8.208709280843384803e-02
-3.577433279554731449e-02
7.376250752661128729e-03
4.282977798304377082e-02
6.699185301194576780e-02
7.809339669924919569e-02
7.499873941284374013e-02
5.842670783726444661e-02
3.014004669317316143e-02
-6.277419271799478118e-03
-4.734908150216132761e-02
-8.869657718373613609e-02
-1.260641807345999066e-01
-1.558749398401536590e-01
-1.752379506632851802e-01
-1.824486401031422123e-01
-1.768223951784382297e-01
-1.596993540696978187e-01
-1.327286429799579004e-01
-9.896783202984726913e-02
-6.186521663355792899e-02
-2.536096573323587400e-02
6.985352729014460138e-03
3.187217918097395852e-02
4.684323262986200831e-02
5.112764651339363198e-02
4.431678733528321423e-02
2.735848330359491598e-02
2.019707548141402853e-03
-2.866878773236070099e-02
-6.176819138757316807e-02
-9.375544478948349969e-02
-1.214063330790732254e-01
-1.422986329396179750e-01
-1.544474780648085188e-01
-1.568254189691686840e-01
-1.492700467881115101e-01
-1.331250395125407326e-01
-1.098883778728830807e-01
-8.221498255554948731e-02
-5.299581434074762676e-02
-2.517957794986946940e-02
-1.399065511241914805e-03
1.597663241689240010e-02
2.528578873938402971e-02
2.627820147710435705e-02
1.889525050152940366e-02
4.041918569954283669e-03
-1.670566198077749753e-02
-4.089798241103081988e-02
-6.622679666336006576e-02
-8.999248846255725187e-02
-1.098843958493861406e-01
-1.244296778873205112e-01
-1.322514637402081306e-01
-1.326608417189463207e-01
-1.257554514732995843e-01
-1.126750737283400694e-01
-9.458945471787083559e-02
-7.347435305581995202e-02
-5.150830124093797036e-02
-3.084212453481827154e-02
-1.338318956872175391e-02
-8.969564514818006984e-04
5.436848919342818220e-03
5.598200011519782748e-03
-4.029363624038495573e-04
-1.195014597771437703e-02
-2.785229515205800421e-02
-4.629529231716311699e-02
-6.554991968672729818e-02
-8.353336752170215096e-02
-9.850670215265833196e-02
-1.094278520750104899e-01
-1.152832994451447046e-01
-1.154753957128124009e-01
-1.100836511734728518e-01
-1.000577054415910938e-01
-8.626789022494241177e-02
-7.021759799467996999e-02
-5.362278180647361836e-02
-3.808170194208126969e-02
-2.499180775450027259e-02
-1.568454723762713332e-02
-1.101463336840280416e-02
-1.090353868231053180e-02
-1.532547339946488396e-02
-2.384913114232256603e-02
-3.552918117502656958e-02
-4.896446783297170313e-02
-6.292434589219886298e-02
-7.590895099737571261e-02
-8.667119633540687484e-02
-9.459145785293565645e-02
-9.895219877144667553e-02
-9.927317738772700739e-02
-9.565219989591855487e-02
-8.880052816545647154e-02
-7.929675171859029703e-02
-6.811301661850610589e-02
-5.643745252991971828e-02
-4.537570967050119641e-02
-3.589047417266821860e-02
-2.898311701038891464e-02
-2.526816761927563881e-02
-2.460470555137528326e-02
-2.701512672390360414e-02
-3.234505994465664003e-02
-3.999078902605057717e-02
-4.904129815296509598e-02
-5.870525146591765164e-02
-6.793879415238557318e-02
-7.585820445491764374e-02
-8.205130773447721904e-02
-8.600540980728499374e-02
-8.722226411198097384e-02
-8.568006496193758537e-02
-8.189834130269413315e-02
-7.618654971070948356e-02
-6.911696140642875630e-02
-6.150610824406277377e-02
-5.404204487344399510e-02
-4.732094205789871832e-02
-4.204944837024615634e-02
-3.865651579528428528e-02
-3.704960694496783891e-02
-3.733084694039479068e-02
-3.954790194420032545e-02
-4.334574384886069609e-02
-4.814118497009511888e-02
-5.356948724835997044e-02
-5.915251029228163482e-02
-6.440631643846450594e-02
-6.915700712002526007e-02
-7.305515225258529810e-02
-7.563028123085613341e-02
-7.677859413360488272e-02
-7.671808571538130117e-02
-7.543118410047977562e-02
-7.285105333981334308e-02
-6.921426075613956730e-02
-6.488033626846967383e-02
-6.013621005430369593e-02
-5.536735600550246605e-02
-5.090482557682862730e-02
-4.688742924928901434e-02
-4.362726893474966339e-02
-4.163223279515182451e-02
-4.106567734811739090e-02
-4.176775808343602403e-02
-4.374468290069377652e-02
-4.703830987816037812e-02
-5.141593245608244711e-02
-5.648665092444571378e-02
-6.192017476600930603e-02
-6.725747155395866983e-02
-7.206369896906739125e-02
-7.605254917419046468e-02
-7.885768564634165756e-02
-7.990381453394057587e-02
-7.900170301425701869e-02
-7.642069465064416089e-02
-7.224275725711815088e-02
-6.655123653651962012e-02
-5.977567119600146750e-02
-5.252710106684366220e-02
-4.535130345349736025e-02
-3.909963374310965190e-02
-3.445877414337661371e-02
-3.177764814966954621e-02
-3.142412546614337110e-02
-3.381643992870131399e-02
-3.888742437079761860e-02
-4.602222332319394482e-02
-5.477495763946904628e-02
-6.436947355093358691e-02
-7.381181604080955250e-02
-8.214498727524888189e-02
-8.856958722962526842e-02
-9.216007443362750351e-02
-9.241463776132996522e-02
-8.950635192054001710e-02
-8.351947152412941833e-02
-7.476960664236564913e-02
-6.405827391406582194e-02
-5.260308439765526423e-02
-4.138191037036287323e-02
-3.165912123140046663e-02
-2.451387189899256747e-02
-2.052200092868972092e-02
-2.022118739764033890e-02
-2.392979158520136540e-02
-3.140886025812317239e-02
-4.181637215320399559e-02
-5.439400764563107060e-02
-6.786532472879847067e-02
-8.080796900636499913e-02
-9.186105153140422530e-02
-9.990451180930060016e-02
-1.038157488395153871e-01
-1.030027723509021609e-01
-9.781732067331383451e-02
-8.856401154639292894e-02
-7.594748125474903855e-02
-6.114718974270516583e-02
-4.582098256841371509e-02
-3.143674448310684877e-02
-1.973535925139580094e-02
-1.203649514035598500e-02
-8.920474894139385214e-03
-1.088269805808761426e-02
-1.794136556465697474e-02
-2.948975504328243957e-02
-4.415293237890838274e-02
-6.070921017667751940e-02
-7.739084289015984996e-02
-9.235907068407311904e-02
-1.040269736625023533e-01
-1.111697069184310882e-01
-1.128054999356450372e-01
-1.085594296148022497e-01
-9.916744864877458099e-02
-8.535685170257312215e-02
-6.853290442779158553e-02
-5.044049230550551322e-02
-3.308267538792786233e-02
-1.820154601492307567e-02
-7.595224606512851473e-03
-2.496115212496707869e-03
-3.132012481947610283e-03
-9.626719820644780157e-03
-2.143178593156946921e-02
-3.738811026879129695e-02
-5.556890803932423850e-02
-7.429997979294766797e-02
-9.149483669092317584e-02
-1.052572462352253657e-01
-1.143145948436761206e-01
-1.176532899422438883e-01
-1.148306182883207516e-01
-1.060467280460370976e-01
-9.242458476299109105e-02
-7.510009043450827093e-02
-5.600473111070114474e-02
-3.718727982504255181e-02
-2.063462157745987735e-02
-8.026077736631553883e-03
-8.686545028807612923e-04
-2.190452177897039832e-05
-5.134056700249911565e-03
-1.583636850546965569e-02
-3.111003807217183059e-02
-4.943039731973430939e-02
-6.868528774573634532e-02
-8.695145752088695446e-02
-1.020664065572637336e-01
-1.123965354504536940e-01
-1.172201001841772783e-01
-1.159178892392142002e-01
-1.085408174407367365e-01
-9.581746575377569908e-02
-7.937780783694181608e-02
-6.070231980736129351e-02
-4.185164341506031338e-02
-2.491180899635980772e-02
-1.162833834530152544e-02
-3.358331984707030315e-03
-1.059490126721018832e-03
-5.080346961533921402e-03
-1.461796649805857662e-02
-2.885003003989672354e-02
-4.616706849927187939e-02
-6.468455357325486599e-02
-8.235748169954537623e-02
-9.740570566029171928e-02
-1.080847919577326843e-01
-1.132182607295868504e-01
-1.127086318634816786e-01
-1.065255924031082158e-01
-9.531087269323845756e-02
-8.026882622219633223e-02
-6.329803469718531250e-02
-4.604388370260747987e-02
-3.047459469314717229e-02
-1.829447298700870306e-02
-1.048222060838666092e-02
-7.874214162908566017e-03
-1.075318818559001244e-02
-1.879505888660870649e-02
-3.085496897299511154e-02
-4.585430495234232851e-02
-6.206185049455192893e-02
-7.766524656204798482e-02
-9.105106196263357266e-02
-1.008845097191191087e-01
-1.060570162398785099e-01
-1.060043893925337599e-01
-1.012141580835416166e-01
-9.211260608890470269e-02
-7.964762491734944660e-02
-6.516068848389811041e-02
-5.033286945161585813e-02
-3.665456268241085169e-02
-2.574236134037055646e-02
-1.874778807642973888e-02
-1.595055014640767155e-02
-1.766389703909077014e-02
-2.373369145978909689e-02
-3.345885758854116876e-02
-4.551712581087685727e-02
-5.877974627168636168e-02
-7.174292223314471251e-02
-8.293351490541278626e-02
-9.132151469447158387e-02
-9.609183196036830132e-02
-9.672315793959329611e-02
-9.316060893901301210e-02
-8.612117633520544047e-02
-7.623488924989207938e-02
-6.470075198446401110e-02
-5.288882457245591695e-02
-4.205264119314322535e-02
-3.325623653171194682e-02
-2.753142821737963875e-02
-2.547867949466176007e-02
-2.685427163057718669e-02
-3.152353614294500783e-02
-3.901281128000566589e-02
-4.843128684415454188e-02
-5.855624571108064558e-02
-6.839205535209547104e-02
-7.675742634797322328e-02
-8.275327516319419541e-02
-8.616661213028009580e-02
-8.665866222914686556e-02
-8.413487318280910010e-02
-7.897952843534172818e-02
-7.199707688250489568e-02
-6.380632423725407509e-02
-5.537526668616166159e-02
-4.772713572256059855e-02
-4.155828469198508124e-02
-3.743147666493518155e-02
-3.580072082880669804e-02
-3.677460452485115106e-02
-3.990121572994353993e-02
-4.490786817715353152e-02
-5.125319347174073226e-02
-5.815216809245893348e-02
-6.484900016251438082e-02
-7.070419503771641079e-02
-7.497622376204138295e-02
-7.724739400407221179e-02
-7.768542992213556264e-02
-7.624441923140656829e-02
-7.300503908131039665e-02
-6.841538590035989298e-02
-6.311206663680568596e-02
-5.757624912616221557e-02
-5.250627778018213121e-02
-4.848569607685415672e-02
-4.566225531962619932e-02
-4.427679495159375644e-02
-4.457621933423883132e-02
-4.645380350676353576e-02
-4.945352577318096188e-02
-5.332493294167450770e-02
-5.762425533035764325e-02
-6.178170232813806617e-02
-6.543481084697899686e-02
-6.826490199816870330e-02
-6.983503070753271924e-02
-6.999931901273626078e-02
-6.904485729346099276e-02
-6.703403670996643804e-02
-6.418468105976482541e-02
-6.096313972259814751e-02
-5.777784979532785137e-02
-5.489276120985209229e-02
-5.266566712482656509e-02
-5.133003407480385416e-02
-5.079951318283970618e-02
-5.113308947003314398e-02
-5.234934625428022681e-02
-5.418445756209877562e-02
-5.625130045924509048e-02
-5.839470735970553328e-02
-6.039774708931888725e-02
-6.202116729252249439e-02
-6.325524296228446364e-02
-6.398148667546899038e-02
-6.404229623616597422e-02
-6.351601601674350395e-02
-6.262323133478087112e-02
-6.142688735728440985e-02
-6.005015373894850850e-02
-5.869776736065868139e-02
-5.748918277707937285e-02
-5.652807993482489302e-02
-5.594373143811093296e-02
-5.575697636993859341e-02
-5.585450258582047578e-02
-5.623729143792610685e-02
-5.688773633546007069e-02
-5.767858398677472298e-02
-5.848883070085542091e-02
-5.925385023898843695e-02
-5.989199166358660786e-02
-6.034935909296723633e-02
-6.065505221845701733e-02
-6.077740954656940531e-02
-6.067529482768885263e-02
-6.039630379374061331e-02
-6.002436733559290971e-02
-5.958611794818735596e-02
-5.911669232640537341e-02
-5.866932677620850800e-02
-5.826320430670550721e-02
-5.793759428308364878e-02
-5.776493656222614348e-02
-5.775828433972041154e-02
-5.787314157342093868e-02
-5.810049158008723236e-02
-5.839903010021596508e-02
-5.870832769816658470e-02
-5.899551064184671567e-02
-5.923369441041825834e-02
-5.939144422727127282e-02
-5.945335221613556875e-02
-5.942884822680449819e-02
-5.932153254774763518e-02
-5.915723827280239266e-02
-5.898264835589739352e-02
-5.884706668506622940e-02
-5.875940656514389016e-02
-5.871289927271472475e-02
-5.870705484914651162e-02
-5.871745289447938276e-02
-5.874590854783057203e-02
-5.879799364016047303e-02
-5.885393407606154259e-02
-5.889717348956402532e-02
-5.892518698447046788e-02
-5.893868788943124049e-02
-5.894066863066216300e-02
-5.894097709948309394e-02
-5.893850147313128840e-02
-5.893460952658713392e-02
-5.893066903483057395e-02
-5.892804777284199602e-02
-5.892811351560156563e-02
-5.893223403808944827e-02
