-2.576982433053522925e-01
2.772453161004611033e-01
6.491913778223581399e-01
8.761102979642803046e-01
9.759724326301681963e-01
9.667481379239621919e-01
8.664077699496035567e-01
6.929216848110397731e-01
4.643092018191230519e-01
1.869056672602573688e-01
-1.120361124918253237e-01
-3.945173065439847582e-01
-6.286419157883548214e-01
-7.909824834305491104e-01
-8.628443081194022701e-01
-8.387499895988734799e-01
-7.205357042743996132e-01
-5.262766654213358875e-01
-2.758312493908611218e-01
-7.259253306987067944e-04
2.681327299806071096e-01
5.008552016943954577e-01
6.725792577181866072e-01
7.657484150629618735e-01
7.700427863356993363e-01
6.913805149099563341e-01
5.379897021101924803e-01
3.292558682866708608e-01
8.804148353404972482e-02
-1.566063398180562727e-01
-3.789482227854015228e-01
-5.546470243575347681e-01
-6.651339020033550931e-01
-7.040175982034089230e-01
-6.672600619899522467e-01
-5.612691215367621167e-01
-3.980246363852585345e-01
-1.988425941944973463e-01
1.627266067121668769e-02
2.234069916824326096e-01
4.001062712858862724e-01
5.295599323490431942e-01
5.990850895714392443e-01
6.038487059102142229e-01
5.439029532287524837e-01
4.293175708366037124e-01
2.711759974277550000e-01
8.807475467356318255e-02
-1.003473431102640534e-01
-2.745151666281991920e-01
-4.172602115682568780e-01
-5.138861139906014674e-01
-5.546899563287528423e-01
-5.401467590095510030e-01
-4.717042735259081576e-01
-3.572549909176824245e-01
-2.087369328455567219e-01
-4.343810131384706619e-02
1.222211659305088016e-01
2.697407325791123522e-01
3.841302786719580364e-01
4.568355561716461732e-01
4.804123413759064931e-01
4.529266370285176535e-01
3.776214363655270301e-01
2.651240611633109978e-01
1.258003743323694579e-01
-2.481313493446957175e-02
-1.705125494840120659e-01
-2.964694355349520860e-01
-3.903201383791389256e-01
-4.419174566781273183e-01
-4.456724921887105229e-01
-4.053067423573906147e-01
-3.247688551695391279e-01
-2.130226649281772300e-01
-8.207392523053524958e-02
5.288417886064977758e-02
1.783070936881983037e-01
2.801569526360834228e-01
3.478890350452612523e-01
3.778460855818714936e-01
3.670400097322839006e-01
3.173838272245232961e-01
2.349506058671775310e-01
1.313208167189046094e-01
1.636945843471293571e-02
-9.725412951707612663e-02
-1.969189648384942481e-01
-2.735156933198491513e-01
-3.199033810957827573e-01
-3.323293451965565470e-01
-3.102879942987974982e-01
-2.589577670905245377e-01
-1.833484008976853374e-01
-9.279753028886661426e-02
2.290301836071151342e-03
9.208544389435013855e-02
1.680337135116927172e-01
2.222281764629272516e-01
2.497498915073981252e-01
2.519165176112221349e-01
2.291484700080437253e-01
1.842513122468303344e-01
1.227873558970848933e-01
5.241895585243971922e-02
-2.001494057966701767e-02
-8.645954859492144262e-02
-1.406505081671064472e-01
-1.805933796132892510e-01
-2.032361204269845789e-01
-2.063688037137919595e-01
-1.909031999531660695e-01
-1.609568356820971768e-01
-1.192290078287950861e-01
-7.006104479999353263e-02
-1.896631284998429035e-02
3.034436609906632221e-02
7.438384907097006504e-02
1.092226406535106165e-01
1.325737542921936463e-01
1.451562292755859129e-01
1.461596237020017508e-01
1.341678651171320791e-01
1.106734570653222782e-01
7.902330037630989068e-02
4.128524935427835274e-02
-4.271645278784985678e-04
-4.347363480532440150e-02
-8.610789780367567037e-02
-1.249414919551141701e-01
-1.544270425402141100e-01
-1.719376791318023567e-01
-1.772350928669849113e-01
-1.688789923351835531e-01
-1.449221181038681250e-01
-1.065178652714836582e-01
-5.744721034791200331e-02
-9.329422251618257889e-04
5.766201155579953053e-02
1.125509287540289449e-01
1.584502904491456032e-01
1.905144022460776299e-01
2.028141663986264831e-01
1.928422347955351945e-01
1.629690551645146535e-01
1.147378235593310425e-01
5.147166828004845485e-02
-2.064794997095742435e-02
-9.310403795973687391e-02
-1.590809624797726585e-01
-2.103177467689469893e-01
-2.404342494466327196e-01
-2.471327623620740432e-01
-2.286503153345047501e-01
-1.855531847879574592e-01
-1.217991661557110694e-01
-4.539161185335049975e-02
3.718508461727032532e-02
1.166831226244484654e-01
1.836979067329218562e-01
2.311153856925687311e-01
2.536893655123184654e-01
2.481449520848619805e-01
2.143188930149149130e-01
1.570350935705486783e-01
8.087220077415713249e-02
-5.589266888398003452e-03
-9.269032628127282791e-02
-1.707827816768345830e-01
-2.318246935220255045e-01
-2.679629406522983093e-01
-2.747420699599223415e-01
-2.541965520436043624e-01
-2.078241677350886052e-01
-1.399153469178198161e-01
-5.764370051386524807e-02
2.896089137344026732e-02
1.112487709251488432e-01
1.792910067089086290e-01
2.255542012358879855e-01
2.474854110202890922e-01
2.426031676726894126e-01
2.111239651056624478e-01
1.566166548690404170e-01
8.663687739360304008e-02
7.353382494576177209e-03
-7.264509757233228449e-02
-1.442636857694121755e-01
-2.007388101640460443e-01
-2.368679006193813441e-01
-2.486544407256937594e-01
-2.348586415189454213e-01
-1.992917481770630772e-01
-1.449944693371216786e-01
-7.786687219570920249e-02
-5.449604584180534061e-03
6.496561147355195409e-02
1.270206682400536469e-01
1.739134555229551182e-01
2.011963282833455491e-01
2.090742836059356069e-01
1.968407945850900731e-01
1.650628698672624850e-01
1.173794278922812850e-01
5.960773534224506065e-02
-3.632968326592989072e-03
-6.612256970794716526e-02
-1.219948773006068743e-01
-1.679707219505992555e-01
-1.999908459708557018e-01
-2.134301022184407204e-01
-2.070306325102043710e-01
-1.834804201884282504e-01
-1.441828980200295929e-01
-9.118805900270421372e-02
-2.919396863062451164e-02
3.585208905426418013e-02
9.854607549320260063e-02
1.516160358460578728e-01
1.897281176430110072e-01
2.107867416866902044e-01
2.119655034022169815e-01
1.905924659294786494e-01
1.479079049585303451e-01
8.895809080847061345e-02
1.782608532874130347e-02
-5.863691467807652380e-02
-1.324398220259340730e-01
-1.960850653869273819e-01
-2.431949962291718448e-01
-2.669008609842654645e-01
-2.636454591218385657e-01
-2.350265804064654018e-01
-1.822943813071513652e-01
-1.089706854970412531e-01
-2.193908810767652984e-02
6.867324406242403256e-02
1.544570756254584065e-01
2.250578665958529179e-01
2.721686842509414284e-01
2.917073069767810445e-01
2.802037556832064347e-01
2.369225476759844184e-01
1.652501509430335247e-01
7.349088218284349772e-02
-3.069596899746318552e-02
-1.354924612337400358e-01
-2.289434447188490873e-01
-3.004467697419811456e-01
-3.418396096777623905e-01
-3.469127736949626506e-01
-3.134866763662873534e-01
-2.465135585931446105e-01
-1.511188818149324931e-01
-3.725072303335452695e-02
8.311709809730305487e-02
1.958585108193244828e-01
2.888992247019175341e-01
3.500140653312944217e-01
3.712331979912890656e-01
3.520682167879647384e-01
2.927921731385110249e-01
1.988207190465398622e-01
7.940521798035771184e-02
-5.078774360756599382e-02
-1.788142513345938323e-01
-2.893008429992682817e-01
-3.691128584574643323e-01
-4.102278813089731413e-01
-4.071214165121358475e-01
-3.594910390843536474e-01
-2.713242615628612686e-01
-1.539723763085695252e-01
-1.826771503411506181e-02
1.199169489045017745e-01
2.447774597040026645e-01
3.423264296936809892e-01
4.016858561159499796e-01
4.153164080038367345e-01
3.803360683763044037e-01
3.027466485830345722e-01
1.891609272681398224e-01
5.298714445035557219e-02
-9.073104449845759145e-02
-2.253475428832902860e-01
-3.365174311645847682e-01
-4.106809853191716320e-01
-4.388415408158461428e-01
-4.206186915409635407e-01
-3.567187006078976763e-01
-2.540043996136948090e-01
-1.232181697048529978e-01
1.922028041815004862e-02
1.589272454533263712e-01
2.795658901142847874e-01
3.674990169557621478e-01
4.151928726656826107e-01
4.168094783020890315e-01
3.720347139345301368e-01
2.852088240466204017e-01
1.678352807462422103e-01
3.088853321453011169e-02
-1.098149027071633199e-01
-2.385346828461454294e-01
-3.415407503787751820e-01
-4.079428267709834799e-01
-4.303005194560217683e-01
-4.055279286882482737e-01
-3.390249450945556076e-01
-2.366120683364445476e-01
-1.097515176131398373e-01
2.799867932115951419e-02
1.609678872538504724e-01
2.754293002105312471e-01
3.578612354057206790e-01
3.988945431661119478e-01
3.970901568175162488e-01
3.517823979219294461e-01
2.675519948663187542e-01
1.529760772337935837e-01
2.209856350229633115e-02
-1.123463843688931041e-01
-2.349774799106559842e-01
-3.322062640195913019e-01
-3.951339657855531540e-01
-4.168471014511672124e-01
-3.947536416655998970e-01
-3.306328361603925181e-01
-2.332353160615385779e-01
-1.111347556807432690e-01
2.161443203690938120e-02
1.503105794690997588e-01
2.614559004212737570e-01
3.437869333392618021e-01
3.878538301878164951e-01
3.884322054073041652e-01
3.485035183270872583e-01
2.713047014176666050e-01
1.645272442583773920e-01
3.914361620162032374e-02
-9.015871657540297512e-02
-2.105037749131761782e-01
-3.080299978962970364e-01
-3.723073175959266123e-01
-3.993484568432267290e-01
-3.854878042773720592e-01
-3.314363891178151444e-01
-2.425464174536864359e-01
-1.298281916540710013e-01
-3.391559196017190914e-03
1.228774659039528760e-01
2.351245442902401006e-01
3.218329927285787928e-01
3.740501680760235370e-01
3.857365800837579961e-01
3.548520305682645315e-01
2.868056665184255394e-01
1.872462393049534324e-01
6.658460061518689521e-02
-6.268981101750581431e-02
-1.863494186321009716e-01
-2.919640949240809302e-01
-3.670692200792314841e-01
-4.031395868741247668e-01
-3.989179349548748199e-01
-3.537747406568713116e-01
-2.716723710455998253e-01
-1.605986900647277116e-01
-3.371805010831263605e-02
9.697932570368794636e-02
2.166904624189605055e-01
3.122825481363633582e-01
3.748709603620874464e-01
3.974695074616727553e-01
3.769613063849153178e-01
3.146706150533193913e-01
2.187180077453165783e-01
9.721472108200401863e-02
-3.606056028635773458e-02
-1.665442750310476283e-01
-2.804840012059834908e-01
-3.663038913606996294e-01
-4.138548526909836545e-01
-4.173008167079449438e-01
-3.789062531693160318e-01
-3.013856481601824289e-01
-1.921297199322123950e-01
-6.203154299154267637e-02
7.387071626028474114e-02
2.022138622415312614e-01
3.081788156986262628e-01
3.804149407431527408e-01
4.138007669325642901e-01
4.037443376764562331e-01
3.502028267159840169e-01
2.580948542494572173e-01
1.384859836312199999e-01
1.814413977504036879e-03
-1.371225139413050353e-01
-2.633879619978328757e-01
-3.637919949676768905e-01
-4.278442875154134795e-01
-4.476259907334115828e-01
-4.197681699777384701e-01
-3.494928263821104331e-01
-2.424197165193484604e-01
-1.090452144004691037e-01
3.735922659935186907e-02
1.803870802945966023e-01
3.055475615050564642e-01
3.978406496855446672e-01
4.465137820828473103e-01
4.482835544219996304e-01
4.012671622358159329e-01
3.092512973982772806e-01
1.807035474229581329e-01
3.075943144252879513e-02
-1.266741922682649291e-01
-2.739114379706099056e-01
-3.943995796057727654e-01
-4.752808261989863725e-01
-5.071040281250864812e-01
-4.853081490739702408e-01
-4.103586160831848018e-01
-2.914090379016456289e-01
-1.384103144434173371e-01
3.109839071382758391e-02
1.987393494106228786e-01
3.458681958308342796e-01
4.567441995015120160e-01
5.175903852877952183e-01
5.201688070123520191e-01
4.663905253199602807e-01
3.597644250876470551e-01
2.111864027582353032e-01
3.550631241775570324e-02
-1.462414777554891243e-01
-3.152333597075431815e-01
-4.510168343140937841e-01
-5.379567849351791775e-01
-5.685983088891246595e-01
-5.375560309749376486e-01
-4.472665971779629102e-01
-3.060642318848656451e-01
-1.315009308306064328e-01
5.968850596219898996e-02
2.451118260521170100e-01
4.036507324251854545e-01
5.176184796399936339e-01
5.738384567746823706e-01
5.659318591327817671e-01
4.930587243640429662e-01
3.650963138203362490e-01
1.933941580889995127e-01
-1.557419211479560417e-03
-1.984583592876766334e-01
-3.748023413706583762e-01
-5.114625986252641088e-01
-5.920356810071537579e-01
-6.063063472411244215e-01
-5.560811816094506366e-01
-4.450129689366895125e-01
-2.855481196120942533e-01
-9.405715950897153288e-02
1.063735136744268228e-01
2.946813570488491241e-01
4.484233288397070361e-01
5.502725791366851471e-01
5.919423436705408825e-01
5.676819183939183500e-01
4.804994961732726999e-01
3.390392622765951991e-01
1.615582637141479427e-01
-3.470555039517819740e-02
-2.273554724749484723e-01
-3.949431598086364792e-01
-5.199007793655985310e-01
-5.888800199407019376e-01
-5.949996192304112252e-01
-5.366835181715583492e-01
-4.228110210652189505e-01
-2.635569710464626958e-01
-7.782220594814726056e-02
1.143659131828214104e-01
2.923481491407704524e-01
4.380408388575367518e-01
5.354023662103906123e-01
5.736626791480508025e-01
5.522701732402024444e-01
4.722932737946949899e-01
3.421470692478973952e-01
1.747008885008483059e-01
-1.079888942492279735e-02
-1.963180518905690564e-01
-3.612339946320038964e-01
-4.885731727484136089e-01
-5.678257481727193579e-01
-5.898420064900445903e-01
-5.514640753076338608e-01
-4.556988881464609786e-01
-3.138837883241947235e-01
-1.379663757572903160e-01
5.334660875937169422e-02
2.405026404620467240e-01
4.039828408889176714e-01
5.271114105347953771e-01
5.952938292751901450e-01
5.996577936732649938e-01
5.415728700123141337e-01
4.243499599241205011e-01
2.586480256407321932e-01
5.968049051997326160e-02
-1.506003879960404745e-01
-3.514847001775356361e-01
-5.193253764512154591e-01
-6.353011077328607481e-01
-6.877004544104721173e-01
-6.680588843257726506e-01
-5.760806549368815421e-01
-4.185186958002697910e-01
-2.132526772891907285e-01
2.146497745793563006e-02
2.592417330930005814e-01
4.741426942118993626e-01
6.411588555644351928e-01
7.406503183155972447e-01
7.584582142088736045e-01
6.884828365977537779e-01
5.399972900367917550e-01
3.250178496473012935e-01
6.727040158700270389e-02
-2.065937149311182219e-01
-4.635878724153630337e-01
-6.751234091758352429e-01
-8.141893201321949158e-01
-8.620127912901840439e-01
-8.140722298845841642e-01
-6.711615542116267097e-01
-4.488993346664429396e-01
-1.691290021661508991e-01
1.330114930104113746e-01
4.258037377322845263e-01
6.734743681190624720e-01
8.455177606626358422e-01
9.216714774638863350e-01
8.897247762687650052e-01
7.530514050679082416e-01
5.230469929053098710e-01
2.290648061016826720e-01
-9.910142512654651625e-02
-4.205269481272398968e-01
-6.975968443386245665e-01
-8.968340314100011756e-01
-9.932501697704506638e-01
-9.755122884713558484e-01
-8.418590348776466836e-01
-6.109315473190326529e-01
-3.048174363091625816e-01
3.746674821600448624e-02
3.771678506537365916e-01
6.725797997380822402e-01
8.890491887820177741e-01
1.000000000000000000e+00
9.896038717984536603e-01
8.640111967463139919e-01
6.341807267369428125e-01
3.294896919059506768e-01
-1.678321674380123252e-02
-3.603297134854785977e-01
-6.619438019911554338e-01
-8.843188353529317647e-01
-1.000000000000000000e+00
-9.999833206639858751e-01
-8.816469850904593564e-01
-6.620355302021460053e-01
-3.648646328419791196e-01
-3.018262562548190697e-02
3.052788644061987799e-01
6.005259295650104967e-01
8.200967431146481967e-01
9.405669040050421703e-01
9.472139421823677630e-01
8.433473259997048554e-01
6.395886231160672342e-01
3.656765457534947306e-01
5.129639816845821265e-02
-2.637355768621914009e-01
-5.425355563655351876e-01
-7.536773662382416639e-01
-8.731638705951542123e-01
-8.905531170257287021e-01
-8.034528031821118743e-01
-6.284652072431161640e-01
-3.843826563083008185e-01
-1.042861939064265719e-01
1.789906450885587752e-01
4.321535067707868993e-01
6.271539131646384213e-01
7.434496053259065373e-01
7.681979942526326877e-01
7.062637982912449708e-01
5.649791994138781970e-01
3.643976302717835125e-01
1.278633247259519656e-01
-1.144486570692619942e-01
-3.359558663141606338e-01
-5.119433360220453366e-01
-6.235868263868484807e-01
-6.652406414588551975e-01
-6.333248891090479393e-01
-5.352831042904760972e-01
-3.835062189186468906e-01
-1.992804291595794419e-01
-2.049226823330974057e-03
1.860109027221359401e-01
3.442599864160347245e-01
4.587697180369103567e-01
5.191641944741152148e-01
5.229326908781239958e-01
4.714380144477918755e-01
3.746972914106938557e-01
2.428541981915326442e-01
9.148895188132533107e-02
-6.296186183915708501e-02
-2.056578521348517707e-01
-3.234560840746854016e-01
-4.055517846972713780e-01
-4.448603464842858513e-01
-4.424914539370972122e-01
-3.993406486822830281e-01
-3.198701869713567181e-01
-2.122148060813012771e-01
-8.771022995211341655e-02
4.246038852742173297e-02
1.651747456268382042e-01
2.693011382460319680e-01
3.476969461409100681e-01
3.929305327734156084e-01
3.987697653809547660e-01
3.641572666066679176e-01
2.948086347468041879e-01
1.959714815390622977e-01
7.595652381109108120e-02
-5.397759618668895865e-02
-1.806541198998042885e-01
-2.922779139975385521e-01
-3.760527422022500454e-01
-4.227455891280964551e-01
-4.287965576231391740e-01
-3.918868637417248779e-01
-3.140228523407667671e-01
-2.020528828647769615e-01
-6.896948347829501280e-02
7.356608807129960681e-02
2.098413474873761508e-01
3.246749809960491895e-01
4.055844394061627334e-01
4.430339679889025994e-01
4.315081464138807998e-01
3.705179296116045684e-01
2.675346363609756306e-01
1.310756097043022095e-01
-2.279367626455319762e-02
-1.771469090798495349e-01
-3.139000063929789919e-01
-4.178557393037006795e-01
-4.753555143445918896e-01
-4.783028666760111847e-01
-4.289650340348143409e-01
-3.308834642504073775e-01
-1.949730033693608533e-01
-3.557974331804425461e-02
1.271150424247418087e-01
2.752244092034001888e-01
3.897813666155505175e-01
4.568340129473151823e-01
4.712540988096489691e-01
4.300041072090154959e-01
3.382159519316247920e-01
2.057380306094900302e-01
5.086121097757456688e-02
-1.102024286962582922e-01
-2.576915013450348235e-01
-3.735543633857917323e-01
-4.451770973103290618e-01
-4.642102301084731764e-01
-4.298021800378116763e-01
-3.453793349446767635e-01
-2.240788659455197340e-01
-7.864005011988628446e-02
7.204671490156289160e-02
2.096578890166349574e-01
3.183114494981855724e-01
3.857240720631225361e-01
4.049195119961195299e-01
3.734878006042199328e-01
2.986549824337021430e-01
1.881714475194478098e-01
5.790280225068356046e-02
-7.582527173995601277e-02
-1.968026092540312577e-01
-2.914333046582799902e-01
-3.488564116967588502e-01
-3.625744177810417135e-01
-3.353634985375497646e-01
-2.703560159827934628e-01
-1.771576637835413637e-01
-6.763771761347603384e-02
4.318424159890299485e-02
1.426605815886754502e-01
2.185119636992634007e-01
2.621619192891504468e-01
2.731915923627366016e-01
2.507615329065988607e-01
1.988958239506171122e-01
1.248940589482787633e-01
4.031350180692871987e-02
-4.526471752701843876e-02
-1.209709339274551709e-01
-1.773698346834702289e-01
-2.103208513496287457e-01
-2.168967142386394320e-01
-1.981267200814809115e-01
-1.573977646963361510e-01
-1.025043508760158373e-01
-3.969338985422554700e-02
2.259733825857468403e-02
7.593447607874481697e-02
1.152177410506018962e-01
1.367661093247958259e-01
1.394497776198797556e-01
1.240316771532237183e-01
9.502653052176190940e-02
5.576987118040133140e-02
1.218505012134829535e-02
-2.929489721946332281e-02
-6.433095947984457386e-02
-8.950854787889783726e-02
-1.024390947369745453e-01
-1.025148509078407377e-01
-9.240157434001494696e-02
-7.337255187553759495e-02
-4.862691683094333417e-02
-2.242258540950714529e-02
2.115071311736160808e-03
2.248327903275337825e-02
3.609239783844686578e-02
4.194129177180316859e-02
4.175432286667257742e-02
3.563932816994741515e-02
2.470647547037141400e-02
1.151153252019265771e-02
-1.743165092984555464e-03
-1.370477174739548332e-02
-2.275696087697298697e-02
-2.801663019442335312e-02
-3.036908498678714263e-02
-2.952485410621585871e-02
-2.568785535418549593e-02
-2.032148825417690041e-02
-1.419551690255005383e-02
-8.030596973271797445e-03
-2.452649732903378066e-03
1.912403551994179551e-03
4.438641614859184514e-03
4.500143189130278998e-03
1.470987008246105177e-03
