-1.619023576041886958e-01
4.406755589166611031e-01
8.139288458199187559e-01
9.897421204121699123e-01
1.000000000000000000e+00
8.765871018899942246e-01
6.513880433887384580e-01
3.562874418028247891e-01
3.898144123924485172e-02
-2.856950202641452830e-01
-5.830005728788278940e-01
-8.057601766863147219e-01
-9.210460115343032106e-01
-9.237339838961483585e-01
-8.112094026324809803e-01
-6.043269782596802919e-01
-3.293813214306399173e-01
-3.026573698721002348e-02
2.565651435601192798e-01
4.921245406936565203e-01
6.430435147164712539e-01
6.952112652148261240e-01
6.430073351566916173e-01
4.997253999672177649e-01
2.841949343244343229e-01
3.284229027014440305e-02
-2.241991745405594871e-01
-4.519958113022137791e-01
-6.187999725406307938e-01
-7.077418418163161640e-01
-7.091419165325560936e-01
-6.282075291931950023e-01
-4.763167040419297171e-01
-2.813373205012045242e-01
-6.644269839997163363e-02
1.380786321343896450e-01
3.035015230170052813e-01
4.118138442751730910e-01
4.510494839244656440e-01
4.203664332001946224e-01
3.250977945214144071e-01
1.855205354530380379e-01
1.820716472196881597e-02
-1.519308353512427434e-01
-3.002619385768577898e-01
-4.098079004441129713e-01
-4.685085865928810822e-01
-4.721441632183454029e-01
-4.221952563283655202e-01
-3.329812038721526868e-01
-2.154511639159157887e-01
-8.880000158631162765e-02
2.717326620320581476e-02
1.185482097231667087e-01
1.752348491252975204e-01
1.922516057618190999e-01
1.694847214068191388e-01
1.171661589320824870e-01
4.196041402432526546e-02
-4.242691478603710653e-02
-1.211554740611405778e-01
-1.846931862479080921e-01
-2.262642252373119334e-01
-2.419765121881550796e-01
-2.318410202901610706e-01
-2.035582559177440132e-01
-1.608161653224728926e-01
-1.122126983777730347e-01
-6.798447042180821853e-02
-3.379961130998787588e-02
-1.304972408279980733e-02
-6.788312623933423495e-03
-1.360349799263071979e-02
-2.764652893777486131e-02
-4.727996806484990877e-02
-6.837637879309865774e-02
-8.459605972957617848e-02
-9.284518975581657063e-02
-9.237785209686988352e-02
-8.531665963806245312e-02
-7.469798874813438072e-02
-6.505592318731190371e-02
-5.716112451251464943e-02
-5.219567224434817909e-02
-5.313564838315720795e-02
-6.055433481748118130e-02
-7.374197781524804984e-02
-8.931309990611879801e-02
-1.033198459495023869e-01
-1.122001306026401135e-01
-1.153389880546040747e-01
-1.128955861781841818e-01
-1.044349110992726093e-01
-9.144671421877792472e-02
-7.495566001653031218e-02
-5.758009007874598240e-02
-4.289432623514499721e-02
-3.349196767363915583e-02
-2.998123305243705072e-02
-3.175151626088124068e-02
-3.809642651601707897e-02
-4.709045431473768417e-02
-5.838719022158012084e-02
-7.221107152858741163e-02
-8.696282485462214495e-02
-1.007705061842842920e-01
-1.127840469114160804e-01
-1.223443172361508013e-01
-1.291671667498739406e-01
-1.339773826681881497e-01
-1.357256946781955076e-01
-1.308318386788692722e-01
-1.182171048423280579e-01
-9.901175166659037519e-02
-7.444667960346806890e-02
-4.723140443348028406e-02
-2.016934573990558643e-02
4.370775134137305784e-03
2.369349502136208763e-02
3.146382404143399647e-02
2.398348635034985854e-02
2.274576859870647283e-03
-3.243330424252344191e-02
-7.710287162433548946e-02
-1.265752208348812635e-01
-1.734407044212084026e-01
-2.125691132893353652e-01
-2.356036349654037076e-01
-2.363376268967603000e-01
-2.152315513256933821e-01
-1.730839521300110428e-01
-1.133936747318314842e-01
-4.365056357140428833e-02
2.450412530755374796e-02
8.371024567684326456e-02
1.236298076946458213e-01
1.353608090834508282e-01
1.178691173937036485e-01
7.198040229279345503e-02
2.486136061851551560e-03
-8.201702982763658945e-02
-1.674064409795628094e-01
-2.443108054565606979e-01
-3.003489672865682358e-01
-3.245415796893917904e-01
-3.149241087416407847e-01
-2.717696195492812494e-01
-1.995671141151397210e-01
-1.070417663886547022e-01
-9.743005886668765214e-03
8.168693125249015807e-02
1.532634227575455643e-01
1.920805532444556096e-01
1.940878533762000480e-01
1.582137168693455997e-01
8.826450454138323742e-02
-7.445656277867640505e-03
-1.126889483740420861e-01
-2.161391672445538426e-01
-3.023593464349293436e-01
-3.563471852412478658e-01
-3.713581290605145746e-01
-3.447083231503730305e-01
-2.792457979363993648e-01
-1.824991945939368199e-01
-7.119406697256613903e-02
4.246644057661308480e-02
1.410413410041559956e-01
2.076999728759181263e-01
2.335809207234305074e-01
2.143737540802270747e-01
1.521032578217507147e-01
5.392358133069152792e-02
-6.248150381820105626e-02
-1.838860483126715240e-01
-2.909203078823734412e-01
-3.651759544001331736e-01
-3.963760509228414497e-01
-3.792719375567060736e-01
-3.160220453961035680e-01
-2.141257712910513700e-01
-9.274693224935637303e-02
3.364894807082441375e-02
1.441460589430889616e-01
2.192962342603868020e-01
2.485370257001033867e-01
2.266928139149932964e-01
1.571993242829754500e-01
4.873162059780611344e-02
-7.769512912405307503e-02
-2.062819628678620454e-01
-3.152091088869318769e-01
-3.846828198460271464e-01
-4.050358742034351200e-01
-3.721598275079824880e-01
-2.916717443005525379e-01
-1.740603825789083237e-01
-4.227139160229997916e-02
8.662834103394545515e-02
1.905683690879633740e-01
2.500054247316627620e-01
2.569683110507881008e-01
2.090473647262711676e-01
1.144157785667838656e-01
-1.436255080042059262e-02
-1.525809619508963211e-01
-2.820390783511261823e-01
-3.807719641527794741e-01
-4.297244691801573868e-01
-4.227399749239217908e-01
-3.591638122134560573e-01
-2.495108732322770528e-01
-1.082883266201490891e-01
3.827380717415396205e-02
1.709072024099793641e-01
2.676190380031584493e-01
3.095995824904786975e-01
2.919321033760844397e-01
2.152207632807152660e-01
9.170315816573038070e-02
-6.255407955972536183e-02
-2.199111649698003434e-01
-3.599300819224561243e-01
-4.599958272713319252e-01
-5.009150155289634476e-01
-4.780463661060914138e-01
-3.924686351740732659e-01
-2.574650310703983092e-01
-9.024798964335756235e-02
8.005487930005150687e-02
2.316011801567778861e-01
3.404058414539936628e-01
3.861906925509934752e-01
3.637228606625673155e-01
2.738638629152998494e-01
1.305027819159949587e-01
-4.829315228923947156e-02
-2.317817014524210517e-01
-3.965564228815773307e-01
-5.168438372473037612e-01
-5.709180039909063087e-01
-5.526162190855292700e-01
-4.622811145654066589e-01
-3.142676415221808961e-01
-1.273154413507326943e-01
6.633399745339807474e-02
2.418888446845264273e-01
3.720547317171150059e-01
4.338951852759611594e-01
4.206321396490542153e-01
3.322404517044275085e-01
1.835499665164734839e-01
-6.216806180767808776e-03
-2.038657467193402129e-01
-3.838351140377888049e-01
-5.182322105488649244e-01
-5.836844740742601623e-01
-5.735349919326286905e-01
-4.878364409270798951e-01
-3.418940589909995609e-01
-1.551754935954015036e-01
3.899385816848166542e-02
2.151303851325714334e-01
3.459133967891272476e-01
4.085145580908873253e-01
3.972227551361604547e-01
3.127300825920786842e-01
1.708788904063003322e-01
-8.733126191083129264e-03
-1.932651443888708798e-01
-3.579639862562107311e-01
-4.769694456374523606e-01
-5.288230548225278937e-01
-5.095630165419042790e-01
-4.212099327100686796e-01
-2.807065953781838763e-01
-1.081604788898414826e-01
6.406216082493054742e-02
2.120762183729827388e-01
3.123657243126116700e-01
3.456028696295163627e-01
3.094314863772378299e-01
2.076723545223932987e-01
6.054813956387761209e-02
-1.099545441838966076e-01
-2.715948490652940750e-01
-4.010151007542394064e-01
-4.773772030250441611e-01
-4.840855149472276242e-01
-4.210879198149022340e-01
-2.949165862140686878e-01
-1.312112452385080230e-01
4.470128934776584906e-02
2.001280320407059499e-01
3.112088662798622174e-01
3.595315786357611287e-01
3.325027046614377202e-01
2.343247742414085177e-01
7.488444231338275969e-02
-1.139065930779091795e-01
-3.021999409151410187e-01
-4.562586961092348625e-01
-5.511297125474999836e-01
-5.697934159677227051e-01
-5.040482947013132931e-01
-3.663108985795553441e-01
-1.713568126658816526e-01
4.486164383440360837e-02
2.486424065127386118e-01
4.047820847680052569e-01
4.869914879219363613e-01
4.790177423483004127e-01
3.769038626528693481e-01
2.018564181088347009e-01
-2.632444395719291119e-02
-2.669260213671351689e-01
-4.820042615804480679e-01
-6.363290120727975729e-01
-7.045039299348572204e-01
-6.748435856035643887e-01
-5.471974332881478498e-01
-3.474079610638061144e-01
-9.962364198481765687e-02
1.526338506476772050e-01
3.698668971546354989e-01
5.183062110834744107e-01
5.750121014617177728e-01
5.334682142223894363e-01
3.969549651229358211e-01
1.941759996124827747e-01
-4.964995033362440413e-02
-2.934470828750548321e-01
-4.997965309554170954e-01
-6.396952822998414057e-01
-6.935459857604153733e-01
-6.575560409569243259e-01
-5.362235295015529424e-01
-3.561570174198360750e-01
-1.398582495020990191e-01
7.770708500802903096e-02
2.641092191618443774e-01
3.958430178616361150e-01
4.566071202011083852e-01
4.425392331847066707e-01
3.565299469803220322e-01
2.189004082757550762e-01
4.615359282526676488e-02
-1.352224986594597889e-01
-2.991833222333873943e-01
-4.267449031258451209e-01
-5.036958480835729279e-01
-5.225306322759297739e-01
-4.818579471370387779e-01
-3.937015706154428640e-01
-2.672723466208182241e-01
-1.216268545259866496e-01
2.252075575439027588e-02
1.485221345234615242e-01
2.426677963870109700e-01
2.925065651798688382e-01
2.919123455260579370e-01
2.475285811397915925e-01
1.632280940289945192e-01
4.846903432813620682e-02
-8.143030225139080702e-02
-2.072067115842070040e-01
-3.140200600295367517e-01
-3.847805321127578670e-01
-4.090780558109371468e-01
-3.904162637278973946e-01
-3.292956342104434997e-01
-2.319172653663686967e-01
-1.119753962264754543e-01
9.367332005141504325e-03
1.169262818381990865e-01
1.931214804439713717e-01
2.239352218769232739e-01
2.076900509730859046e-01
1.458684122974023278e-01
4.998879074056472582e-02
-6.502531534415145753e-02
-1.763551509058842726e-01
-2.685451085946665151e-01
-3.273062402272055582e-01
-3.401618492308799979e-01
-3.056391002366701803e-01
-2.277974261678544776e-01
-1.252584316254029551e-01
-1.598776702045434650e-02
7.832134302503268586e-02
1.432105894569337678e-01
1.692260330416961445e-01
1.492495181195032661e-01
8.725839531493617685e-02
-9.129626386285227824e-03
-1.184007881476256685e-01
-2.213393488859899394e-01
-2.989291705915446684e-01
-3.380737035403403867e-01
-3.313042334089200125e-01
-2.770344568660153550e-01
-1.879637305364140198e-01
-7.481276084653454284e-02
4.025592479818040914e-02
1.370641183057377255e-01
2.005732959617207989e-01
2.200265812968285051e-01
1.911289532591875506e-01
1.163353231615147365e-01
1.124264015312093079e-02
-1.118456028689642778e-01
-2.313105608248557932e-01
-3.269642289625718234e-01
-3.850021600707580482e-01
-3.969958513376379283e-01
-3.614381665196005899e-01
-2.820533725581162443e-01
-1.745092797977449983e-01
-5.046881254115198612e-02
7.087398199607153337e-02
1.703848839597490450e-01
2.350702760056220253e-01
2.564206360376435345e-01
2.310218981538498806e-01
1.609924660124748552e-01
5.932044647446965691e-02
-6.408677466707857207e-02
-1.909054175383456675e-01
-3.019313090148914025e-01
-3.819542420603034838e-01
-4.201721676498523239e-01
-4.094520237281101815e-01
-3.491587406032365948e-01
-2.503433449877264794e-01
-1.221316652487480781e-01
1.535771083757841993e-02
1.408635292584510257e-01
2.350234837063018833e-01
2.838311325549640607e-01
2.773660840839990982e-01
2.135604294495228039e-01
1.048375322661667663e-01
-3.781224275413663793e-02
-1.895799183211899219e-01
-3.254819139608225997e-01
-4.222306666573608647e-01
-4.636252241252630801e-01
-4.404969062795117685e-01
-3.525538067986880852e-01
-2.178391917827888768e-01
-5.223778479620988513e-02
1.131448597703419434e-01
2.491408413806415201e-01
3.309047789718466692e-01
3.425854841252331529e-01
2.803055377039773699e-01
1.491948201433312970e-01
-2.385562263563123508e-02
-2.160329178743293221e-01
-3.903345007995071558e-01
-5.143421329479218596e-01
-5.650441852525565078e-01
-5.298561639155765501e-01
-4.136894044229530998e-01
-2.295846519957075449e-01
-1.416148968077624026e-02
2.025972738609640444e-01
3.798619908798765987e-01
4.837753273867351211e-01
4.960205350734547824e-01
4.092671131478120561e-01
2.382141659697309954e-01
4.148100141250221640e-03
-2.482639814015410451e-01
-4.833878523302752583e-01
-6.592800463140056078e-01
-7.424763095101994947e-01
-7.204798938762612126e-01
-5.914757731324595813e-01
-3.782014765507585308e-01
-1.083622523026019913e-01
1.687087758703655904e-01
4.142754275054965074e-01
5.875106603483453149e-01
6.564653138212501737e-01
6.135417774473646002e-01
4.610015702213181576e-01
2.260183192362059668e-01
-6.041036882675376862e-02
-3.479524298709154584e-01
-5.973340677608276472e-01
-7.698709766167757262e-01
-8.352550851520212927e-01
-7.884636271765892435e-01
-6.334467080782288928e-01
-3.978906084168652990e-01
-1.129100113051872967e-01
1.728744211951338539e-01
4.214376269193216284e-01
5.960508420643333416e-01
6.674400321476214870e-01
6.306295965205066523e-01
4.890239886935674463e-01
2.680671893462294175e-01
-3.128385148860046705e-03
-2.787664323584106985e-01
-5.227636628598990587e-01
-6.995137400028492713e-01
-7.800276643005140675e-01
-7.578173846698121885e-01
-6.345914168129174193e-01
-4.327744631273759968e-01
-1.789575866085842959e-01
8.345661239603363590e-02
3.200646416447154863e-01
4.956147955908134506e-01
5.810711904117940030e-01
5.685116902939375549e-01
4.582916755605463965e-01
2.710195843917690972e-01
3.175156072280249653e-02
-2.171521305778431055e-01
-4.422251170879789584e-01
-6.084883418566054969e-01
-6.873166286126910496e-01
-6.710916349851547835e-01
-5.605488658617071573e-01
-3.770677769481246555e-01
-1.461270171094403159e-01
8.946733985904375963e-02
2.964984860126658184e-01
4.411116976838460602e-01
4.963649243348451368e-01
4.578262111854911609e-01
3.291736994455956022e-01
1.356896807977965302e-01
-9.452435773082301651e-02
-3.174689279938022191e-01
-5.000883591772418146e-01
-6.126807892039054515e-01
-6.323048280033702895e-01
-5.576613743675903345e-01
-3.963810183054294889e-01
-1.821185656424836319e-01
5.215722849454262899e-02
2.626727139534230648e-01
4.172668729270359034e-01
4.914756974441831794e-01
4.677783188767012934e-01
3.511132162315864225e-01
1.545570911525722124e-01
-8.131435995548785822e-02
-3.196350087123381867e-01
-5.182809681892457387e-01
-6.454528003155710625e-01
-6.799027566186270910e-01
-6.112778020951736835e-01
-4.552034493998782239e-01
-2.297156069921092447e-01
2.225267152313792351e-02
2.611270880670100158e-01
4.466847923194210424e-01
5.489911732017391799e-01
5.512852240327177356e-01
4.492281658006349598e-01
2.658174815044156425e-01
2.266994169122615865e-02
-2.367530604585301734e-01
-4.720112886704913580e-01
-6.456738818847317374e-01
-7.308099617183623220e-01
-7.152709693101473309e-01
-5.980439194128238656e-01
-4.042783927136607280e-01
-1.569861280578934704e-01
1.016720180627044279e-01
3.324921484756135914e-01
5.010510100671357048e-01
5.826060255191631843e-01
5.667281048626404694e-01
4.531334201268466533e-01
2.655720319618535274e-01
2.569977145607538205e-02
-2.273365341505261261e-01
-4.564043522123633068e-01
-6.287459218192136268e-01
-7.202460902294531842e-01
-7.190023795277964425e-01
-6.229301593548819405e-01
-4.520237069834345256e-01
-2.249670176682549982e-01
2.207629903332208876e-02
2.536795770178150722e-01
4.366976299627138847e-01
5.459040298696646865e-01
5.657552954660269862e-01
4.909110036614410255e-01
3.372190523704579057e-01
1.203854230030443340e-01
-1.248956916707025799e-01
-3.636632340116742190e-01
-5.605514158514910417e-01
-6.880369937350216958e-01
-7.265281824701874669e-01
-6.674822368583281929e-01
-5.240415437814047728e-01
-3.102295462855101382e-01
-6.130116343525260358e-02
1.868582953641946265e-01
3.958425054782848118e-01
5.356261102272565910e-01
5.837887737508480335e-01
5.298819962055907329e-01
3.867196758224387132e-01
1.684744374501196962e-01
-8.742524303640941685e-02
-3.432602550629790805e-01
-5.580189613714080510e-01
-6.999311782779387148e-01
-7.459034627672385120e-01
-6.854502394892412198e-01
-5.332846746380517367e-01
-3.053160331623868684e-01
-4.180088002147430704e-02
2.175577331864706476e-01
4.304730992059935257e-01
5.647391279112330409e-01
5.987639302041043443e-01
5.237095377200167157e-01
3.574977360298330353e-01
1.185737523042222907e-01
-1.503978048160733438e-01
-4.082953629233999626e-01
-6.131783204994114556e-01
-7.337277969892188612e-01
-7.512849390746073608e-01
-6.596218068694756909e-01
-4.800048373142217217e-01
-2.333068235533660717e-01
3.652738800264887509e-02
2.879112877662233227e-01
4.805815641775339486e-01
5.850253306491459693e-01
5.859277345074207499e-01
4.797916451496571089e-01
2.904580770239864052e-01
4.051508100894851694e-02
-2.260286634446262433e-01
-4.680083355720200400e-01
-6.474636283971716422e-01
-7.369970227052081713e-01
-7.242016472734448262e-01
-6.078284376383735754e-01
-4.132387551794464153e-01
-1.639178628272750515e-01
9.682019715665246551e-02
3.286926199391910774e-01
4.959031049739726082e-01
5.729390387169452925e-01
5.495013355728786131e-01
4.259641933143611947e-01
2.285471912521273019e-01
-1.877230249399275408e-02
-2.732896146746924826e-01
-4.954330946519071022e-01
-6.508791199621537515e-01
-7.154829557461653833e-01
-6.804774758843292748e-01
-5.475752769586406110e-01
-3.440514610393275996e-01
-9.471932710867214666e-02
1.573616147353231742e-01
3.725537267825635990e-01
5.170846903786581183e-01
5.676494536226941445e-01
5.170311730596555133e-01
3.685850452136316679e-01
1.517853846401826523e-01
-1.066501795774961181e-01
-3.618027463193086435e-01
-5.728610665557343218e-01
-7.058738213826614150e-01
-7.380965162920853917e-01
-6.645677592866914285e-01
-4.911613075035893283e-01
-2.513004058063946777e-01
2.490774541028972777e-02
2.891300884162366636e-01
4.983141772881458653e-01
6.180881260833936963e-01
6.263682960599208371e-01
5.216439317765182437e-01
3.134672521694878977e-01
4.091172132574039111e-02
-2.611746022490456509e-01
-5.400831236602727792e-01
-7.499245824738951516e-01
-8.562648789398303872e-01
-8.381228245376984853e-01
-6.986269525908210820e-01
-4.519489631837545485e-01
-1.437128979484121327e-01
1.859200594027112796e-01
4.800440126638059191e-01
6.901701231689707505e-01
7.827620013021234779e-01
7.386100259012218228e-01
5.661575815252721799e-01
2.844660310014850424e-01
-5.477916085476342012e-02
-4.067265988000562382e-01
-7.117614868703463493e-01
-9.199611348824597856e-01
-1.000000000000000000e+00
-9.351271504794519407e-01
-7.388947904747280582e-01
-4.345770438292099191e-01
-7.787061920933513459e-02
2.836112699003308091e-01
5.902339814343715574e-01
7.926257432446495166e-01
8.630389310344595000e-01
7.877068327890435206e-01
5.840978405358474568e-01
2.780979279231239332e-01
-7.386495250970603887e-02
-4.243565230040892144e-01
-7.170869857412327519e-01
-9.056919218857312215e-01
-9.672386157970279674e-01
-8.912906148029740017e-01
-6.974152109743414485e-01
-4.120151774978484394e-01
-8.846145394945503782e-02
2.292681337082842496e-01
4.915406836835876092e-01
6.574242869391291322e-01
7.096716831820535365e-01
6.413264200424590999e-01
4.720611548924324996e-01
2.266883454553074717e-01
-4.795902237357452247e-02
-3.143413783472353007e-01
-5.322239255588538942e-01
-6.681065780907269325e-01
-7.108346207686263574e-01
-6.568819964981091886e-01
-5.242896176008757791e-01
-3.345618349418564286e-01
-1.253454494234779171e-01
7.448279148225900315e-02
2.363484036360927742e-01
3.356272927712620202e-01
3.656232133848784649e-01
3.253057974886990333e-01
2.310561267878157299e-01
1.005092368212474607e-01
-3.967408400537619784e-02
-1.701858919330341280e-01
-2.735830957287923582e-01
-3.338848100465513502e-01
-3.529400805673729158e-01
-3.424275389165282180e-01
-3.016060748423049498e-01
-2.297345780929933579e-01
-1.260719384168834667e-01
1.012295443773458814e-02
1.795912107225701160e-01
