-3.581123017792808838e-02
1.849669393094655057e-01
3.333237760056924071e-01
4.174827327747272498e-01
4.456672624805435579e-01
4.261008179871150769e-01
3.670068521584153309e-01
2.766088178584211743e-01
1.617501514701604748e-01
2.737358164130188065e-02
-1.159798800511722128e-01
-2.482086071814252337e-01
-3.523724322346233340e-01
-4.190522022326865770e-01
-4.386679568103581950e-01
-4.071572028982880509e-01
-3.259937042954627051e-01
-2.056987595460620932e-01
-5.686561084687091761e-02
1.017395424811553539e-01
2.508483847201377070e-01
3.720465000895181173e-01
4.509395316568667322e-01
4.756333337194533772e-01
4.407995465936915824e-01
3.534212658554902742e-01
2.207514254107667551e-01
5.966829252199246092e-02
-1.103632326771304406e-01
-2.670975567372122494e-01
-3.920560754002881954e-01
-4.674035398150372389e-01
-4.822451476537237269e-01
-4.389039958732411373e-01
-3.404340593277803695e-01
-1.987984102064315195e-01
-3.085971696271816445e-02
1.389147769652925302e-01
2.909982323390523096e-01
4.050124809344566312e-01
4.653488739248683448e-01
4.682882943434256706e-01
4.122485595436191641e-01
3.049333349944101101e-01
1.591817959616557143e-01
-2.913635674842485201e-03
-1.631435970042169892e-01
-3.003422677640343874e-01
-3.957318178734362535e-01
-4.394608426377478727e-01
-4.263459402179732294e-01
-3.603875507671350231e-01
-2.497346239225179954e-01
-1.128201520552294390e-01
3.470991770074505212e-02
1.726199651968034487e-01
2.820942055955644179e-01
3.511539061384765237e-01
3.719882606865050345e-01
3.444291506858736529e-01
2.725343481617652497e-01
1.703064572701438184e-01
4.960252287940947191e-02
-7.204504416272716760e-02
-1.776601360244475236e-01
-2.552554646504444635e-01
-2.962194628868967117e-01
-2.976251204209524603e-01
-2.604404395217730928e-01
-1.942863362057749566e-01
-1.069776471200737378e-01
-1.223271758060162639e-02
7.605436499894846492e-02
1.476354041282208485e-01
1.947435658531726510e-01
2.132931738677044109e-01
2.025288451160975889e-01
1.684879048176084471e-01
1.153681436518203540e-01
5.266871226101543790e-02
-9.361604610311990982e-03
-6.335991631374482402e-02
-1.035590821204684930e-01
-1.259113702080215669e-01
-1.291854951327946477e-01
-1.174130823794584666e-01
-9.225494489390961839e-02
-5.893217189061517036e-02
-2.403136895683943841e-02
8.160683265558743571e-03
3.435558185616893745e-02
5.163760648960291633e-02
5.930717110919703217e-02
6.036743980878833682e-02
5.492466988609612244e-02
4.438630227486939361e-02
3.218927201247434589e-02
2.084207643721858183e-02
1.145623197750333944e-02
4.181531482909006670e-03
-1.416882989448753349e-03
-7.118896368658589324e-03
-1.235912343112821610e-02
-1.640171899248321630e-02
-2.044207339625814246e-02
-2.546229683025746926e-02
-3.100406403827937751e-02
-3.584047553649838402e-02
-3.892744632217759460e-02
-3.892521753344169166e-02
-3.563624882048188613e-02
-2.811738420278286910e-02
-1.572202532735189617e-02
3.039601641103839569e-04
1.880128672099479203e-02
3.715188594786256182e-02
5.272054253754832054e-02
6.405831463885891530e-02
6.980550051818124047e-02
6.688394996798718850e-02
5.397092814453285925e-02
3.262585664530015528e-02
4.410063687398713128e-03
-2.659340544871202638e-02
-5.585073628760617304e-02
-7.981134516516064092e-02
-9.615187312204953596e-02
-1.014803091166600613e-01
-9.393807054833547276e-02
-7.525413554361448654e-02
-4.647820965904814194e-02
-1.003708628578814377e-02
2.932650796507774160e-02
6.603709842813598740e-02
9.682068385129793953e-02
1.166869722276799859e-01
1.220737423805573485e-01
1.141901922090409194e-01
9.290316937581266643e-02
5.824166802327401804e-02
1.390780287783544011e-02
-3.403410854607269442e-02
-8.144080641968787226e-02
-1.212869282234435575e-01
-1.474089858076441661e-01
-1.574781686685829962e-01
-1.494457324355248362e-01
-1.219236952263241802e-01
-7.725288222674098204e-02
-2.169802705601997506e-02
4.038943723326382518e-02
1.008070559024161206e-01
1.507216047396253700e-01
1.837111711506687062e-01
1.952616427935014443e-01
1.816641113588131073e-01
1.430735896498265269e-01
8.524746969400354146e-02
1.258227941936684857e-02
-6.560218287625452227e-02
-1.386069987869690268e-01
-1.964732919250985477e-01
-2.317176881021967283e-01
-2.372632756531424247e-01
-2.105554619108220837e-01
-1.564958741440727330e-01
-7.903087722213553157e-02
1.235959040258638453e-02
1.058988393445190468e-01
1.883666297281407775e-01
2.495256864695805099e-01
2.788784152415093587e-01
2.706211274254564092e-01
2.279381648970022489e-01
1.537247076090308973e-01
5.649427194449696543e-02
-5.195383992272761819e-02
-1.558558183933220764e-01
-2.429545932428636146e-01
-2.999581798903806495e-01
-3.175198403197354580e-01
-2.956802274203875758e-01
-2.354524939831090791e-01
-1.435557737612601636e-01
-3.060229270050240924e-02
8.661948483250414554e-02
1.950023608126119079e-01
2.795473820563227907e-01
3.276330857431504207e-01
3.347051647887664405e-01
2.989345865700894223e-01
2.246217423526826185e-01
1.199734511000609682e-01
7.125033513926126716e-04
-1.205479934675045550e-01
-2.278911268603316387e-01
-3.062923161866788480e-01
-3.468947778088338207e-01
-3.445464760488820000e-01
-2.996590616305191412e-01
-2.166896484412321744e-01
-1.084014232270950062e-01
1.437498795256231254e-02
1.356619442093982553e-01
2.395039058067485183e-01
3.139489156376651380e-01
3.503799351716403443e-01
3.439701618098416347e-01
2.945372259698986195e-01
2.104530873879941755e-01
9.923533932100458976e-02
-2.423504607439064262e-02
-1.441364792551271812e-01
-2.465880376907435556e-01
-3.202833785457430693e-01
-3.552723067698754233e-01
-3.466456142534489748e-01
-2.990236453871780720e-01
-2.161272142884050895e-01
-1.066806514462109723e-01
1.671536611551371898e-02
1.381867507530578632e-01
2.446896133365283887e-01
3.218028330769757694e-01
3.599026718637419187e-01
3.584168873088167118e-01
3.156293005428378873e-01
2.340921165579756824e-01
1.223550741486334470e-01
-4.808731021999856914e-03
-1.349544164550072756e-01
-2.513765219063829326e-01
-3.389686856244228386e-01
-3.878551793808093784e-01
-3.910990011397947885e-01
-3.465810004333477190e-01
-2.576274952262919138e-01
-1.364166498776875347e-01
5.884964044907681213e-03
1.507777971294155250e-01
2.796001289036018633e-01
3.757351574289820029e-01
4.267377416669246859e-01
4.243245154643946471e-01
3.663284738651548800e-01
2.612343914057868588e-01
1.180048454893622978e-01
-4.402098815526933606e-02
-2.043626800259785714e-01
-3.413538700942901905e-01
-4.375466101090843551e-01
-4.777258460959291630e-01
-4.540853374391773389e-01
-3.724852901546901185e-01
-2.394997188825970236e-01
-7.235314842690920845e-02
1.085803038738197834e-01
2.773769127154903646e-01
4.126549011141971146e-01
4.935043082133330206e-01
5.069188933464363611e-01
4.549649148995849046e-01
3.410962729058935050e-01
1.800020162257094380e-01
-8.925118980056101492e-03
-1.971533041317676815e-01
-3.616200219298403296e-01
-4.786528391439626162e-01
-5.301802165563662683e-01
-5.118265026689885477e-01
-4.236747998500766110e-01
-2.784634229334463917e-01
-9.335189630169382635e-02
1.030539723995058665e-01
2.872106807113941063e-01
4.333218816028225895e-01
5.195575954982252220e-01
5.360031156660576279e-01
4.789995627997973848e-01
3.579013853794148492e-01
1.865628507215002507e-01
-8.103845808051790556e-03
-2.030698467043983158e-01
-3.708756073595814717e-01
-4.874926585895831277e-01
-5.388842714969879211e-01
-5.173472205259231904e-01
-4.275056244187459553e-01
-2.792315621346785903e-01
-9.639100600761796311e-02
9.993313892759370098e-02
2.820125396715451593e-01
4.246577441063812408e-01
5.101932321241107182e-01
5.270611125794213425e-01
4.745081511881552583e-01
3.576705365526853253e-01
1.960059709111494630e-01
7.403407427384545159e-03
-1.814668250682140993e-01
-3.452942285509381648e-01
-4.633426687188749726e-01
-5.204911773708602585e-01
-5.101184498839883563e-01
-4.320192149248573976e-01
-3.000692460220998337e-01
-1.278509097217951362e-01
6.031530667106443921e-02
2.400329567341676906e-01
3.881938954893635607e-01
4.865267679759275321e-01
5.218782438446039063e-01
4.881506595478910526e-01
3.934767383913153616e-01
2.465840457240993100e-01
6.826065716899454294e-02
-1.189558609062572048e-01
-2.905112506616056578e-01
-4.258492961353912420e-01
-5.062471906218088957e-01
-5.202516649163155815e-01
-4.710023198471089412e-01
-3.623119442432964910e-01
-2.075848625254993474e-01
-2.508190110417940488e-02
1.593083176977048154e-01
3.242226728259274271e-01
4.474182400882011912e-01
5.124686962061131279e-01
5.154587376327686155e-01
4.540488825135307049e-01
3.355260434187514740e-01
1.732871262651860533e-01
-9.312493225828832877e-03
-1.924863509283077923e-01
-3.524163057268272503e-01
-4.677056323897466061e-01
-5.253055728755613440e-01
-5.174884813391885663e-01
-4.460868166580056471e-01
-3.182200091396306663e-01
-1.528321250762977312e-01
3.279046177818778496e-02
2.142168823058372418e-01
3.682179396104590108e-01
4.766796055626258966e-01
5.264849162073035327e-01
5.122641714841400518e-01
4.346231534684663611e-01
3.062373585602073955e-01
1.395329140606476059e-01
-4.351382161517347580e-02
-2.204645965583563738e-01
-3.703132533982890218e-01
-4.760101905903851849e-01
-5.244457540118294681e-01
-5.090954603937801748e-01
-4.364549911903562451e-01
-3.128700244220186111e-01
-1.530345504334611473e-01
2.490632946791149216e-02
1.991840165112483962e-01
3.508506766861114734e-01
4.606245695025863451e-01
5.153668373741808750e-01
5.134501950789398528e-01
4.534912924044620652e-01
3.411132679523665168e-01
1.879881679896844293e-01
1.356170422395219788e-02
-1.649574482068206782e-01
-3.261502368421639320e-01
-4.509209471703012895e-01
-5.266759212412530644e-01
-5.439040350109607402e-01
-4.990930348423021634e-01
-3.952523047402911605e-01
-2.456590677606166340e-01
-6.333074158114460062e-02
1.303219704426028525e-01
3.128512769404154792e-01
4.624547383657893196e-01
5.616189115769116835e-01
5.949400819855763523e-01
5.549866906949696421e-01
4.493201475468984185e-01
2.862547585198254030e-01
8.396027745308298762e-02
-1.351666055826540314e-01
-3.426012184610662814e-01
-5.141234290663501127e-01
-6.251798875730409932e-01
-6.594094855157147661e-01
-6.147463407460935780e-01
-4.922346762544973497e-01
-3.055456371798940252e-01
-7.502170616114667290e-02
1.666853388541176262e-01
3.925821410190550864e-01
5.724399857847848327e-01
6.808134863482373511e-01
7.045110263177154497e-01
6.373186677907070052e-01
4.876393606797195801e-01
2.707664829265508111e-01
1.827075216025364490e-02
-2.413212258556576284e-01
-4.717974993199879341e-01
-6.415152683978559978e-01
-7.283905145009196280e-01
-7.189384586136076116e-01
-6.153388884157360295e-01
-4.274866684605707068e-01
-1.847250074935851138e-01
8.535461787114617671e-02
3.438876060813378377e-01
5.557944499055968990e-01
6.929570361654637800e-01
7.360660518786237283e-01
6.810050305370154433e-01
5.322393447839997016e-01
3.153360751874931811e-01
5.518299835163453793e-02
-2.092783340624658761e-01
-4.420546916250068792e-01
-6.115433613682510483e-01
-6.946714215837529460e-01
-6.822508695878981566e-01
-5.740102002350168098e-01
-3.911277603289818883e-01
-1.548679226487104099e-01
9.770020259957989950e-02
3.316498985692204471e-01
5.143201398701895410e-01
6.209822827509210441e-01
6.390561439982842540e-01
5.647670384927867548e-01
4.150292791396381631e-01
2.072949614417303188e-01
-2.447152527576557102e-02
-2.477376785194036479e-01
-4.307028133262055247e-01
-5.487143752308425437e-01
-5.873828136134399136e-01
-5.406997123277426098e-01
-4.217891760513706734e-01
-2.444188610076563073e-01
-3.857566651092203536e-02
1.664977922967292301e-01
3.413078350376632653e-01
4.625335157268759545e-01
5.151192452832509261e-01
4.917605278098262644e-01
4.021565600210927904e-01
2.564957331875303836e-01
8.008451006748140699e-02
-1.018192245145996822e-01
-2.631769007405596605e-01
-3.829357979365387576e-01
-4.461953965458629323e-01
-4.449321498132795538e-01
-3.854441623264948102e-01
-2.742329800553585661e-01
-1.310730976142909787e-01
2.354076994006937262e-02
1.680425794787714366e-01
2.844709972716539248e-01
3.583370584916001356e-01
3.810907497002988809e-01
3.564178209336466008e-01
2.872328188580215436e-01
1.858693947401910407e-01
6.674826386023435809e-02
-5.389048370257054632e-02
-1.621143666104847281e-01
-2.446983446235412307e-01
-2.929720875234823607e-01
-3.079415680870931649e-01
-2.887021448989582906e-01
-2.390640660793040828e-01
-1.663445553143331201e-01
-8.018311372792497060e-02
1.129344205211135765e-02
9.851807363969311560e-02
1.731390963868428834e-01
2.322284170482622478e-01
2.709608827689931054e-01
2.828109189398220202e-01
2.661534225094768225e-01
2.252846510072838981e-01
1.624460355806007783e-01
7.995256806516559678e-02
-1.587791791191905943e-02
-1.170353589020137752e-01
-2.147752415753169108e-01
-2.955428976329890212e-01
-3.495760170881719864e-01
-3.704108565838993838e-01
-3.517541841305796835e-01
-2.890420620905074234e-01
-1.855362042934229905e-01
-5.269923692775979607e-02
9.934027242289311666e-02
2.517296888101412389e-01
3.848584793978453433e-01
4.790016655147479874e-01
5.193096262291538867e-01
4.942147928616273944e-01
4.006300727124119110e-01
2.484151877418905308e-01
4.956802671247895198e-02
-1.691274567492396796e-01
-3.802428765764610530e-01
-5.524456592431782331e-01
-6.610783704541951522e-01
-6.854242822781960731e-01
-6.154678673850881854e-01
-4.600760417580216366e-01
-2.315318743459569006e-01
3.926320356593504535e-02
3.191819573538727806e-01
5.663568707735060492e-01
7.468262021969251929e-01
8.300053859765335051e-01
7.981865808851380528e-01
6.579132695777099027e-01
4.201853852915813370e-01
1.173312790740892453e-01
-2.141177932298415909e-01
-5.235754657242235321e-01
-7.699497299965235575e-01
-9.153485876449990455e-01
-9.341812008564557290e-01
-8.264797599758155755e-01
-6.000121813404331039e-01
-2.879636831550588250e-01
7.197565702252961550e-02
4.242862246563530171e-01
7.235032053097005811e-01
9.263270581907643297e-01
1.000000000000000000e+00
9.370713467967661803e-01
7.410419472131468677e-01
4.433305739739099582e-01
7.975954741050816921e-02
-2.930842557514610203e-01
-6.274579959257348127e-01
-8.755680478194728389e-01
-1.000000000000000000e+00
-9.876263326486148797e-01
-8.366367602266491232e-01
-5.736454522122362842e-01
-2.306009183848130029e-01
1.380337758490084443e-01
4.854297209554379045e-01
7.622526677560341746e-01
9.286004531188136735e-01
9.665334218069965289e-01
8.691443282958739580e-01
6.566632376458627629e-01
3.553052092920239158e-01
1.423723338090221446e-02
-3.235661998028044328e-01
-6.103246612525428105e-01
-8.060939492549037411e-01
-8.894819449237698628e-01
-8.491906325777092146e-01
-6.980607794385698117e-01
-4.552418276641936323e-01
-1.618858448316299325e-01
1.454681301596556509e-01
4.235340116435430957e-01
6.347499511486380808e-01
7.558930370663135001e-01
7.723003197147018106e-01
6.889452255212189513e-01
5.170964661220587288e-01
2.877546186332446965e-01
2.893500954284777826e-02
-2.231444434184498560e-01
-4.355023177896961695e-01
-5.847771177435637791e-01
-6.541484694450692139e-01
-6.407344290581598045e-01
-5.476068666167159815e-01
-3.941430883291078269e-01
-1.983147489108058048e-01
1.289368351320563377e-02
2.129559762198269812e-01
3.799401669746891308e-01
4.960925132897813228e-01
5.504149796412207696e-01
5.376522271516361862e-01
4.661195085542138017e-01
3.435091982499516305e-01
1.857568929024202564e-01
1.151406150415401619e-02
-1.600154391331238823e-01
-3.115659954484123473e-01
-4.260998300688231266e-01
-4.913585524516695946e-01
-5.048501349837917207e-01
-4.640077872067255305e-01
-3.712513476863502637e-01
-2.356029401796280176e-01
-7.311843734189438226e-02
1.013820692121465417e-01
2.674547145031971329e-01
4.064599419335190866e-01
5.038997688020616650e-01
5.468043284439458862e-01
5.255345459295983623e-01
4.390704354957133404e-01
2.978026114269556324e-01
1.129569781705075382e-01
-9.376891820146293632e-02
-2.985491939951779861e-01
-4.741312164345705682e-01
-5.983048845785648995e-01
-6.502681560916756531e-01
-6.186184240225450770e-01
-5.087033389698414343e-01
-3.282748270325233086e-01
-9.821771074572638316e-02
1.556284313929190422e-01
3.969456088553642292e-01
5.956368945048238217e-01
7.213156060609859921e-01
7.529863844582029841e-01
6.873657029047102185e-01
5.269146664238679723e-01
2.918926021296648354e-01
8.571891925932995093e-03
-2.811791195802333387e-01
-5.423369419617406484e-01
-7.374425313786656666e-01
-8.363655134995773288e-01
-8.258185719649855372e-01
-7.023941443648260563e-01
-4.836756281908645150e-01
-1.934220886640548587e-01
1.247781155294829247e-01
4.326734601075881148e-01
6.862453574509184140e-01
8.488460616391353408e-01
8.993444431365384961e-01
8.273445676994912734e-01
6.446446282527404925e-01
3.706477122121809575e-01
4.760354210195538727e-02
-2.861455045231890981e-01
-5.829664219757977328e-01
-8.018278582104245711e-01
-9.146509873742119101e-01
-9.042579071935575863e-01
-7.750527503996080814e-01
-5.401628463364869237e-01
-2.372116222700173527e-01
9.844437492713997706e-02
4.188796974648292260e-01
6.813141253718679735e-01
8.523385919448112080e-01
9.088521055794125392e-01
8.469098603309186402e-01
6.719757418178751163e-01
4.140999374398599553e-01
1.027625595303651718e-01
-2.172824660325196611e-01
-5.044230999762104872e-01
-7.221845593009188491e-01
-8.430726000525901043e-01
-8.545318008520759179e-01
-7.536744071485911300e-01
-5.608594488062149663e-01
-2.974229634687011181e-01
-2.378900908439618433e-03
2.863875725164064523e-01
5.323875536595519264e-01
7.061106564612535941e-01
7.885140251263778044e-01
7.694237756178228249e-01
6.582479203446833793e-01
4.665549539388080813e-01
2.229118161942733600e-01
-4.226710349247508880e-02
-2.947084926095392410e-01
-5.054195227899018761e-01
-6.491863760558882479e-01
-7.091263062792412253e-01
-6.867771241858917630e-01
-5.841806382056136115e-01
-4.154422646283018050e-01
-2.004783379112682340e-01
3.195297488299297939e-02
2.559309618222349592e-01
4.434859565079756205e-01
5.729068954474783038e-01
6.347822506384683816e-01
6.216223050611477952e-01
5.362844804701059065e-01
3.886362061709784932e-01
1.999609364922372290e-01
-1.049840801135493162e-02
-2.170915129140112976e-01
-3.949675010631740202e-01
-5.247242605070506771e-01
-5.918502862390074837e-01
-5.894966270496155847e-01
-5.171534609630290547e-01
-3.866833625762379212e-01
-2.104803884774170131e-01
-1.135670718767645138e-02
1.867967743568954564e-01
3.601355760753579549e-01
4.889095170291712922e-01
5.565838656038173404e-01
5.540408064792279319e-01
4.868736182229811416e-01
3.612241273689864585e-01
1.931350009885450802e-01
2.577571027811087490e-03
-1.846860463429346177e-01
-3.466720384015777867e-01
-4.614363700244648037e-01
-5.142196885364416215e-01
-5.042457203574763902e-01
-4.317558074802962942e-01
-3.071181812456074134e-01
-1.459811175517752302e-01
2.712052206133419574e-02
1.921733381025527709e-01
3.275631135063346022e-01
4.150561845260847260e-01
4.473957490357154398e-01
4.212028260110556310e-01
3.429499871267915889e-01
2.231624235561360248e-01
8.218693761294004752e-02
-6.329581221601776608e-02
-1.936503591233852406e-01
-2.909539874993780639e-01
-3.459092698091245088e-01
-3.531731702377648441e-01
-3.156156365006744791e-01
-2.395194914593586910e-01
-1.402424952119033508e-01
-3.011384551039653079e-02
7.500465142222023651e-02
1.600163746464953185e-01
2.165855976859891729e-01
2.393732921333315833e-01
2.289834691387768739e-01
1.888334726312237422e-01
1.295858505631688473e-01
5.907341894136020066e-02
-1.163432137074571493e-02
-7.137696602763154985e-02
-1.143267585611865700e-01
-1.366361366064802185e-01
-1.382692394934957880e-01
-1.211574662375939360e-01
-8.900826928504390612e-02
-5.086955847584218038e-02
-1.058615680429420003e-02
2.799711273529426059e-02
6.103542714861664997e-02
8.468396344136741583e-02
9.509789861924033971e-02
