1.428868243587568809e-01
-3.662202413570638804e-01
-7.145777557133339286e-01
-9.199246861232478478e-01
-1.000000000000000000e+00
-9.725426647567849692e-01
-8.552916478067971173e-01
-6.659859165632340261e-01
-4.209824205579857370e-01
-1.278799410253510516e-01
1.865786113797966994e-01
4.844963815580789479e-01
7.335747381936494893e-01
9.084154043043219939e-01
9.885819994056206372e-01
9.656374785596917310e-01
8.394105883033493587e-01
6.261484655059150750e-01
3.453315249244255369e-01
3.001041592556119575e-02
-2.864151268445939147e-01
-5.687717267049080538e-01
-7.870123596555331780e-01
-9.167497259946503219e-01
-9.421822315760031152e-01
-8.643574507025838516e-01
-6.888942966673663459e-01
-4.359042876690419899e-01
-1.307358408297942809e-01
1.907152239002585237e-01
4.953016516798594004e-01
7.482189715610481073e-01
9.216614486842462650e-01
1.000000000000000000e+00
9.726954104062248696e-01
8.434847930945088557e-01
6.243296571031788922e-01
3.423619254505780862e-01
2.500024723281080163e-02
-2.914171548404985712e-01
-5.726154664797913352e-01
-7.882852844802404890e-01
-9.147793947041717999e-01
-9.392809578531382542e-01
-8.572707397445025190e-01
-6.810333512243699206e-01
-4.264387040055979128e-01
-1.234394688191012834e-01
1.962617538298239150e-01
4.967719786518010050e-01
7.464768752161239362e-01
9.174311911100565542e-01
9.900355031931187266e-01
9.606023929157152530e-01
8.301082763483831339e-01
6.140994174800138428e-01
3.340747685792557764e-01
2.336296484238165050e-02
-2.861993405937507395e-01
-5.590475308199150950e-01
-7.655145945542821684e-01
-8.859212771788796958e-01
-9.059989893088917778e-01
-8.248641774099678692e-01
-6.497510867252375144e-01
-4.034658228034805338e-01
-1.098422892312213017e-01
1.972677140109970750e-01
4.848069231993756834e-01
7.214706352132540523e-01
8.818435871864047648e-01
9.485708047495255979e-01
9.127496271295032493e-01
7.833132647580829389e-01
5.722583793546134334e-01
3.043119825338773676e-01
7.466558288123925635e-03
-2.839372820848590218e-01
-5.392869562440156805e-01
-7.300174422374055005e-01
-8.348286650852553281e-01
-8.463425275064346831e-01
-7.618952945991183112e-01
-5.926442061504657577e-01
-3.560033046694681680e-01
-8.159681774719729219e-02
2.030081344056824388e-01
4.658723939613060860e-01
6.779612675862616289e-01
8.178528407534777500e-01
8.701589185301821239e-01
8.311535481240386325e-01
7.040482549594877515e-01
5.063758387971255548e-01
2.573473716724781202e-01
-1.354142901604737936e-02
-2.769805847967204970e-01
-5.041146669983713746e-01
-6.708229164918388943e-01
-7.592667685638757602e-01
-7.590618165079757729e-01
-6.753090327209894106e-01
-5.157469486787855661e-01
-2.992905297842750612e-01
-4.859340332549877406e-02
2.067710231783679298e-01
4.399770434952559039e-01
6.245770158156829233e-01
7.403449184551855744e-01
7.787399695072867445e-01
7.347917355442474818e-01
6.150300393873533444e-01
4.319624427632624553e-01
2.092141161246539038e-01
-3.076579336440621315e-02
-2.605434756143477637e-01
-4.545767432234188998e-01
-5.928406056139376989e-01
-6.605449703250971805e-01
-6.519763292597531290e-01
-5.674236653394839625e-01
-4.198709822290725979e-01
-2.237527125650285997e-01
-3.206607203516953497e-03
2.172667964610435209e-01
4.132601657260381867e-01
5.640538939103498794e-01
6.533616767164109884e-01
6.711060750609418868e-01
6.201269051977376101e-01
5.052812607284709046e-01
3.407379326485144855e-01
1.443380974056871491e-01
-5.981032384004569824e-02
-2.501331019048491644e-01
-4.048059793699763098e-01
-5.069835553017232321e-01
-5.495890053681846688e-01
-5.275934461127829156e-01
-4.448384192040339968e-01
-3.105566507075979699e-01
-1.429385936922740186e-01
4.093854342306091354e-02
2.195276609401917156e-01
3.725740395577670228e-01
4.842953786302961472e-01
5.428902430842439397e-01
5.436146832106329985e-01
4.864044399416529441e-01
3.809496586110709959e-01
2.377414854354362728e-01
7.473190933200046793e-02
-8.954081101864785897e-02
-2.366031640012737913e-01
-3.507936440364127773e-01
-4.193698328783206364e-01
-4.346054332630177042e-01
-3.993312074655780419e-01
-3.171386523412356162e-01
-1.982014887115469692e-01
-5.579291220624371661e-02
9.221918403993867308e-02
2.298428363217583925e-01
3.406151659377196772e-01
4.121607527986224095e-01
4.400786708943666969e-01
4.211637138243662370e-01
3.586416099594920137e-01
2.599188984888400888e-01
1.390988357891298488e-01
8.669555898896508239e-03
-1.158529132162477993e-01
-2.196652966451780875e-01
-2.921019123668925355e-01
-3.255551582765232599e-01
-3.175421615108188211e-01
-2.690892856160101987e-01
-1.885704527449565404e-01
-8.420294104210124253e-02
3.061200964479371400e-02
1.420495086688429165e-01
2.373857218183439421e-01
3.062498367995800663e-01
3.406209909490616194e-01
3.363644496522451011e-01
2.973281367982394396e-01
2.274207673267576446e-01
1.360826314698573292e-01
3.451368781580854694e-02
-6.450109313628615837e-02
-1.499438944811285479e-01
-2.110783432947151983e-01
-2.406613134240896956e-01
-2.385046825401662129e-01
-2.046236451710999882e-01
-1.434772096621522719e-01
-6.264070837046431528e-02
2.607027592092925339e-02
1.130049166808486660e-01
1.872328422868771991e-01
2.395128230660021895e-01
2.657566617162798739e-01
2.628218659225385334e-01
2.313654783479066612e-01
1.752224159508664059e-01
1.031599532780442807e-01
2.271151628994028115e-02
-5.557675495217506700e-02
-1.214549532364256335e-01
-1.674624053640048071e-01
-1.882560194521305519e-01
-1.816085491949526176e-01
-1.480274447929139647e-01
-9.326775237156526011e-02
-2.263389435567453312e-02
5.432590360923694739e-02
1.276595025639097880e-01
1.884365982340223677e-01
2.295558485578199637e-01
2.454655109436052474e-01
2.337327333409571217e-01
1.978068372109620388e-01
1.407784207286590927e-01
6.976317911852158993e-02
-6.555990145670542724e-03
-7.826542614195397540e-02
-1.370499618007613440e-01
-1.744181660999257755e-01
-1.851878807825432238e-01
-1.704601167870604117e-01
-1.309742127775685994e-01
-7.074436957735263931e-02
3.398095612575202651e-03
8.120963760312038815e-02
1.542118918292676444e-01
2.125781554183892030e-01
2.484509383056638931e-01
2.587531407663570260e-01
2.414700665296212190e-01
1.980294475454231762e-01
1.328437372416031437e-01
5.500761562579370434e-02
-2.783965793223985852e-02
-1.053645765828179481e-01
-1.675033929239001518e-01
-2.070097729411133347e-01
-2.189709282860102801e-01
-2.014696588870371619e-01
-1.555254777854214732e-01
-8.761064279995489645e-02
-3.808134468304857911e-03
8.551676141266528752e-02
1.695098002390478253e-01
2.381423262672082153e-01
2.834774644354260964e-01
2.988157262737833886e-01
2.811175991631826854e-01
2.342453147449707895e-01
1.619494851369986943e-01
7.261500171060730757e-02
-2.353665750038858029e-02
-1.146333027400106008e-01
-1.905917407517409012e-01
-2.411533121689988235e-01
-2.596009251442643606e-01
-2.457198547345205153e-01
-1.997094741141882679e-01
-1.260105106612393611e-01
-3.243528925687133579e-02
6.867629930151286644e-02
1.670893857911508462e-01
2.507536248811310653e-01
3.093294653089084800e-01
3.372464664005769830e-01
3.304869879149852085e-01
2.890768164688408692e-01
2.167442932162597646e-01
1.229341982339766659e-01
1.639254625589714465e-02
-9.001524144936812188e-02
-1.836348646865390011e-01
-2.538132627145641695e-01
-2.924608660164036422e-01
-2.945401527122112340e-01
-2.587215205545092545e-01
-1.904750344010590624e-01
-9.550947140300225513e-02
1.512535659099900620e-02
1.290824292337124923e-01
2.330056696247890802e-01
3.155552026891905726e-01
3.659487459828620892e-01
3.775382217094318538e-01
3.513461687645880183e-01
2.887926549648456298e-01
1.960784475848695863e-01
8.270422795538046046e-02
-3.733648299583247621e-02
-1.516140721020147186e-01
-2.459623019242340725e-01
-3.091859228673428106e-01
-3.357673562502936360e-01
-3.216858061652126954e-01
-2.678093876866042278e-01
-1.791545139305096290e-01
-6.720454689699417727e-02
5.751201897020896681e-02
1.803830646763586731e-01
2.870865476840822605e-01
3.657587091323644124e-01
4.074834839197445380e-01
4.069441318955511200e-01
3.629338182791024270e-01
2.818782581246734864e-01
1.707233761851676412e-01
4.289311044272547946e-02
-8.718908469272568240e-02
-2.046378007400674326e-01
-2.967940972738137839e-01
-3.521371230431854515e-01
-3.635478864461656467e-01
-3.322276182674519518e-01
-2.601693333373503725e-01
-1.549101503449151762e-01
-2.741731344332376530e-02
1.064860940117673405e-01
2.329141115384758542e-01
3.365095139993405926e-01
4.053564948768146881e-01
4.340295439297543467e-01
4.182003220977987823e-01
3.589406396264172017e-01
2.619912251844518369e-01
1.398249576129919625e-01
4.018190267490506784e-03
-1.295488479001152271e-01
-2.455264773641928633e-01
-3.312206567611469810e-01
-3.770437924490145365e-01
-3.777321146648964234e-01
-3.321866774974511216e-01
-2.470868084061877967e-01
-1.297948627946614586e-01
5.866498034988953947e-03
1.449492674107146772e-01
2.715794931256272360e-01
3.721699900184036736e-01
4.342439980064172200e-01
4.499563619397688452e-01
4.202585930551629989e-01
3.469632788214622732e-01
2.377186063773610858e-01
1.036857207713266504e-01
-3.883427374667769438e-02
-1.750388701245191303e-01
-2.882991839794172284e-01
-3.655926096981193529e-01
-4.003381115670211488e-01
-3.876116806872217380e-01
-3.283374351789108969e-01
-2.281343040595968930e-01
-9.998934853562635450e-02
4.399770972763694665e-02
1.871709040399618384e-01
3.131938425393745451e-01
4.082559423137810395e-01
4.618264084438863382e-01
4.675276762844473577e-01
4.235177760161903393e-01
3.365928309987851197e-01
2.143074817076200400e-01
7.127282326752193420e-02
-7.666140778622820839e-02
-2.126539915883235432e-01
-3.222165456274100892e-01
-3.921065919570404512e-01
-4.137601987334590392e-01
-3.874605611561191543e-01
-3.146793929493102437e-01
-2.032160918211959322e-01
-6.461341104226492327e-02
8.399289368999696137e-02
2.273364533164214940e-01
3.482867088074022011e-01
4.331046204504735986e-01
4.746025783337384230e-01
4.671635043046902247e-01
4.111579352831624679e-01
3.118888981377530012e-01
1.821177626999272992e-01
3.407402058364539243e-02
-1.149665290427256403e-01
-2.481643285563148726e-01
-3.509826844239907206e-01
-4.121188623734627354e-01
-4.245742600283203272e-01
-3.859432441945493952e-01
-3.026349932398553211e-01
-1.818481780982206253e-01
-3.740562224415622250e-02
1.151816420203495284e-01
2.584589705350055500e-01
3.772680351774650997e-01
4.573072728747247240e-01
4.890254545389280949e-01
4.717397959451659073e-01
4.059538882147817329e-01
2.985710968554311506e-01
1.604467739562676076e-01
8.402932774995930387e-03
-1.421619034711949503e-01
-2.734310566458761915e-01
-3.705221747392033471e-01
-4.243863886878448399e-01
-4.283457331198088358e-01
-3.817767882729324880e-01
-2.888132647168164535e-01
-1.615922866557621962e-01
-1.195836616102219363e-02
1.428460279781575970e-01
2.855519782755295832e-01
4.005018235444541830e-01
4.752380877991921881e-01
5.007447494889538664e-01
4.729612624750205718e-01
3.976139625640064956e-01
2.812173706267913076e-01
1.370658821816206352e-01
-1.937572698687251016e-02
-1.700300231239686433e-01
-2.990678576544626432e-01
-3.911629352327545828e-01
-4.355506084187114046e-01
-4.299755644457564641e-01
-3.737822475428520530e-01
-2.730698600081115091e-01
-1.381936167709697516e-01
1.393820018054903187e-02
1.682780846205882419e-01
3.070673375141996786e-01
4.145923989822415390e-01
4.805168515420963349e-01
4.970977650595644892e-01
4.624972953369523854e-01
3.796369334810452134e-01
2.593877978585050759e-01
1.128012421453423730e-01
-4.306292848004245055e-02
-1.910050721605291990e-01
-3.148568277301713181e-01
-4.013742649674323371e-01
-4.403479377526506866e-01
-4.265491120386608603e-01
-3.646538286527073458e-01
-2.599548888161561377e-01
-1.235909927275178344e-01
3.037109386060743432e-02
1.839163591383274898e-01
3.210528895309650022e-01
4.255637023720071355e-01
4.856234456240098307e-01
4.973823525486313901e-01
4.584557219568934361e-01
3.728794633456198326e-01
2.492132473153774175e-01
1.029327126923518243e-01
-5.188688197509683242e-02
-1.977652180913642699e-01
-3.181748972233012784e-01
-4.005907897789502403e-01
-4.359832755406557458e-01
-4.205881737962695599e-01
-3.550406236644110258e-01
-2.483789307366719434e-01
-1.102253668244776996e-01
4.298885594758772299e-02
1.942655032759703637e-01
3.270580079992684297e-01
4.274204252100259893e-01
4.836821409365386071e-01
4.889677003532155730e-01
4.457895687510950999e-01
3.575889860972354395e-01
2.338607990040051376e-01
8.746666696639948668e-02
-6.404238858616151386e-02
-2.051205269792464314e-01
-3.192940617591817354e-01
-3.940304732269717114e-01
-4.241387698727639988e-01
-4.054578656707861217e-01
-3.397618756152839259e-01
-2.336979052889341935e-01
-1.007964787754517255e-01
4.635725912970700691e-02
1.910624584114148927e-01
3.171744511806251499e-01
4.115468523328364991e-01
4.641710068344777618e-01
4.696257709471687303e-01
4.267074953749885324e-01
3.421849371884484459e-01
2.235246125419232399e-01
8.452629247170362348e-02
-5.973298568786222784e-02
-1.932621820434902160e-01
-3.022101856512778850e-01
-3.737974755453344899e-01
-3.997200035971789633e-01
-3.802868349582586571e-01
-3.166253000946409601e-01
-2.154828688961488714e-01
-8.723047840148534515e-02
5.269197946946579947e-02
1.901033874521200762e-01
3.088089782469658484e-01
3.957644009368377347e-01
4.438353480987937694e-01
4.473261107992096974e-01
4.057892426286349163e-01
3.233427381295153058e-01
2.110302792617313461e-01
7.924886963195021394e-02
-5.707464249818960944e-02
-1.828037117506237097e-01
-2.846593673256564427e-01
-3.520741313423200181e-01
-3.773602132404709764e-01
-3.571283594018048735e-01
-2.964313612390205854e-01
-2.006740337937759078e-01
-8.089285859545869428e-02
4.984638372518501725e-02
1.766669235604056976e-01
2.865306041000277304e-01
3.666895257097830818e-01
4.082297647162524967e-01
4.095662594513149735e-01
3.699427765537541823e-01
2.937085147299858257e-01
1.890335167005148254e-01
6.930325777134793697e-02
-5.378417167859439463e-02
-1.662530871075023065e-01
-2.556427967110300736e-01
-3.141067600636866519e-01
-3.353318352972830541e-01
-3.171587373662486664e-01
-2.614354639472302733e-01
-1.760711317446503887e-01
-6.882927120824777756e-02
4.781151546163586730e-02
1.608730787471077672e-01
2.583746638750823443e-01
3.303755945523305648e-01
3.686379088128042270e-01
3.687504667516718904e-01
3.339218624694471060e-01
2.672655251010394029e-01
1.758084866469853402e-01
6.928185902668637652e-02
-3.975084213346025130e-02
-1.401404476681266109e-01
-2.199840130559342910e-01
-2.705951010219134201e-01
-2.893480707162172649e-01
-2.739002420424830886e-01
-2.257572775860272607e-01
-1.501771109537760607e-01
-5.719957130604735873e-02
4.444377693106660310e-02
1.433272542892518597e-01
2.282022391605564859e-01
2.907799414193170673e-01
3.247728908333269437e-01
3.265637884742409458e-01
2.957807164804293620e-01
2.377729024250472278e-01
1.576930885606826482e-01
6.520537893400280005e-02
-2.902484398251803377e-02
-1.149146023529102889e-01
-1.838664436170908134e-01
-2.278720709872622541e-01
-2.421459900620317462e-01
-2.282420599983981946e-01
-1.873871454029822914e-01
-1.237807579482091969e-01
-4.454689388202348610e-02
4.028751994780943591e-02
1.222165583660936861e-01
1.915439274180121831e-01
2.408430237104641769e-01
2.675974124671631760e-01
2.688715996199046998e-01
2.442320382425338110e-01
1.967807772988621196e-01
1.333601454038784162e-01
5.971341359543957950e-02
-1.569104186452929817e-02
-8.404928890125884511e-02
-1.386089696123811166e-01
-1.740870776668974607e-01
-1.866490365857282896e-01
-1.750658308091473936e-01
-1.428177276435127485e-01
-9.274701936206375397e-02
-3.040333664111594114e-02
3.705268698674624162e-02
1.021081811573745224e-01
1.583196052657784847e-01
1.988009922093025850e-01
2.192479690124851111e-01
2.203683557381188596e-01
2.019742882742516787e-01
1.655312848232211032e-01
1.152981904490695264e-01
5.790572073060640257e-02
-1.155856634308727315e-03
-5.482453463584613385e-02
-9.706987536174527254e-02
-1.251670332122684082e-01
-1.364260302325122076e-01
-1.294256150276799078e-01
-1.053643013870056988e-01
-6.844639004839214724e-02
-2.177839836294581666e-02
2.932546304431538076e-02
7.861566132888797576e-02
1.211466557851361703e-01
1.529484574515673767e-01
1.699035352508975194e-01
1.701610377479343406e-01
1.559817442447877234e-01
1.285616947777228347e-01
9.097092381204419098e-02
4.803858401529836897e-02
4.768435822193550777e-03
-3.463939511837055285e-02
-6.503783679226027292e-02
-8.314479148426234811e-02
-8.936708356783684692e-02
-8.308153315883204382e-02
-6.448223948484088641e-02
-3.629498927356700211e-02
-2.965274752627200527e-03
3.262047107214760544e-02
6.620749964558836353e-02
9.376281667488517435e-02
1.139452784591745704e-01
1.249337440832076762e-01
1.249063179148226510e-01
1.143539050911583921e-01
9.604308686338236534e-02
7.141189182396434632e-02
4.312647528971824684e-02
1.492010246816999341e-02
-1.041722732662531126e-02
-3.064145842244814233e-02
-4.298444738260132070e-02
-4.636445358512353287e-02
-4.238074942024838698e-02
-3.119890978591033370e-02
-1.357451551288746394e-02
7.931214148551246623e-03
3.059433411859147078e-02
5.253517852153244405e-02
7.089932234180662540e-02
8.364806365447363667e-02
9.097657146301352249e-02
9.215950194587563260e-02
8.641022927676100807e-02
7.483196136476122362e-02
5.972474334944322116e-02
4.225715915468519768e-02
2.437026037912093379e-02
8.297540262539593314e-03
-4.979881489302728781e-03
-1.424165764060270067e-02
-1.762220792698798721e-02
-1.495614356779029208e-02
-7.935536746077498371e-03
2.959575925473689750e-03
1.639151286751294734e-02
3.015373850235958386e-02
4.276663386105283848e-02
5.315801965898736547e-02
5.997661954070876433e-02
6.260675678521376852e-02
6.170609251719616495e-02
5.727218365349173723e-02
4.962998896575454566e-02
4.024308817895949630e-02
3.087892016933535544e-02
2.223677279622671143e-02
1.518087392029121574e-02
1.047592413035802750e-02
7.699662542655527631e-03
7.187956708436749054e-03
9.396826083063025692e-03
1.369634347582882050e-02
1.910995924322089756e-02
2.523020036579959324e-02
3.132704990793389044e-02
3.659169212263413407e-02
4.075812485176855127e-02
4.346180392596554753e-02
4.432711986851733954e-02
4.352791655082999256e-02
4.170304618043196854e-02
3.896973276894621918e-02
3.554361934188010608e-02
3.199016867278836607e-02
2.868798637737168811e-02
2.590287973763216733e-02
2.392683513659110695e-02
2.281191770996349177e-02
2.228255289169367437e-02
2.240737775623768968e-02
2.329007409082728408e-02
2.469315977890307323e-02
2.633551523276711492e-02
2.809528785389336925e-02
2.984635313206518425e-02
3.146910277608960804e-02
3.296893775286147132e-02
3.419806413107928655e-02
3.484181915979966959e-02
3.484516694452421959e-02
3.436606919475870825e-02
3.344757029323974784e-02
3.227111121425574325e-02
3.105011303629612307e-02
2.987151826311928993e-02
2.884961972321886670e-02
2.813507510521096044e-02
2.780439360671782545e-02
2.785500547028507690e-02
2.826800823956765463e-02
2.891521282201781062e-02
2.960687615118762217e-02
3.013273671343474902e-02
3.045706375423340440e-02
3.061576398339505012e-02
3.060905790812484817e-02
3.053776381102113469e-02
3.039601872310648822e-02
3.016158552728276376e-02
2.991800569431335433e-02
2.973545786356490694e-02
2.962538466742947740e-02
2.958834921525510531e-02
2.961376737152754401e-02
2.965223729343335890e-02
2.970891239438344655e-02
2.979748419084149447e-02
2.989053153824117182e-02
2.996920711847961272e-02
3.002910257988511411e-02
3.006670757553187023e-02
3.008638726473122915e-02
3.010321161178008964e-02
3.011511609197303763e-02
3.012388282022571140e-02
3.013129391145485947e-02
3.013913148057634217e-02
3.014917764250668597e-02
3.016321451216152916e-02
