-2.737007034384109083e-02
-4.938562991621668896e-01
-7.985574462667134332e-01
-9.608223878238635329e-01
-1.000000000000000000e+00
-9.354391589615059788e-01
-7.864887408747643915e-01
-5.724976219061637117e-01
-3.141640942968754180e-01
-2.071103091741677282e-02
2.804201057626689586e-01
5.533936461119934869e-01
7.687477718057731391e-01
9.042415014399973749e-01
9.434749501597679000e-01
8.825709975644269178e-01
7.251846947415250266e-01
4.905369151558685026e-01
2.005001348159312080e-01
-1.114073019396237818e-01
-4.122827067842382842e-01
-6.689355845603104367e-01
-8.537200522423327165e-01
-9.462587886922136926e-01
-9.344485446532082573e-01
-8.227637731680418343e-01
-6.202202103213035889e-01
-3.497682974854657845e-01
-3.838414183962390869e-02
2.780172944999106388e-01
5.667222127217474981e-01
7.952470513109821670e-01
9.382112038573906521e-01
9.828724956091317022e-01
9.220370349287152489e-01
7.631560650457158701e-01
5.209388774736571914e-01
2.243616940194963494e-01
-9.759186372884964822e-02
-4.086189354425643350e-01
-6.752518679249345235e-01
-8.690216903227698797e-01
-9.683721344668687614e-01
-9.636587498560829079e-01
-8.531860757789634375e-01
-6.516281434035340325e-01
-3.772955334036632857e-01
-6.194930431115375224e-02
2.617784969287140218e-01
5.581355230103259846e-01
7.959791040349100122e-01
9.492055640069472222e-01
1.000000000000000000e+00
9.464918460159070790e-01
7.919077548160460278e-01
5.542703047401293937e-01
2.568443982796182468e-01
-6.593491931091155500e-02
-3.811712352802930637e-01
-6.532940179942552383e-01
-8.530273240601567997e-01
-9.614274893443457426e-01
-9.653051539947349324e-01
-8.655198550604041863e-01
-6.708192468427571775e-01
-4.054364162308129460e-01
-9.487773860887815935e-02
2.257930213210486148e-01
5.227528755348402889e-01
7.641097946116901518e-01
9.240706850538640271e-01
9.857746480309905746e-01
9.407565326041285036e-01
7.981901375393951614e-01
5.710072611602785564e-01
2.852847483456086852e-01
-2.991691177282485015e-02
-3.389994748309294037e-01
-6.099930979846728274e-01
-8.133101388218928474e-01
-9.265892018818340237e-01
-9.411178447164758598e-01
-8.536910464266236342e-01
-6.756237106319225028e-01
-4.244590240558959726e-01
-1.304711766532637984e-01
1.773285592550670753e-01
4.651151787058382947e-01
7.020617562650608434e-01
8.641774302860716350e-01
9.338626094280868539e-01
9.055441775066424004e-01
7.808806647435266868e-01
5.764937964923539937e-01
3.116803962557406216e-01
1.694575367226613949e-02
-2.770325012763572570e-01
-5.385757514330486995e-01
-7.405491241007978731e-01
-8.617594704985642728e-01
-8.885316142303287812e-01
-8.223053423363191339e-01
-6.685000530044764577e-01
-4.451522784433330493e-01
-1.745844542948603584e-01
1.122384040653932047e-01
3.861998176189669341e-01
6.171553257806259296e-01
7.807383001281371637e-01
8.628301617243023802e-01
8.539188755394968577e-01
7.566958952911801983e-01
5.805008119892385299e-01
3.473864538326763007e-01
7.991643827647698650e-02
-1.921776542744528804e-01
-4.403336528769645764e-01
-6.388625931097393629e-01
-7.671985073428564395e-01
-8.127601476733197217e-01
-7.698298025229041164e-01
-6.470976371984729081e-01
-4.560257292170687426e-01
-2.187381036399627110e-01
4.037633783330796255e-02
2.927551293380601383e-01
5.127744712701534091e-01
6.770753371338600335e-01
7.682242777185448457e-01
7.803149077774120812e-01
7.113037419372185699e-01
5.702821767902297445e-01
3.714811703463658521e-01
1.387458410642148365e-01
-1.051208767676617972e-01
-3.336712317400974959e-01
-5.230520471860458098e-01
-6.554046119306340401e-01
-7.170274246824199782e-01
-7.031341049888442107e-01
-6.148704096408181830e-01
-4.645709455860019821e-01
-2.663305215332825160e-01
-4.271467318161392690e-02
1.831685068152462126e-01
3.877061410447708578e-01
5.504110383508302728e-01
6.546636052725569588e-01
6.895062172700208158e-01
6.553235678804738562e-01
5.549713843628669707e-01
4.000891024533734797e-01
2.061453447045213938e-01
-4.918557989148752974e-03
-2.121947961216903433e-01
-3.932388928712063914e-01
-5.296438077531966382e-01
-6.102382898886681284e-01
-6.265257873203945449e-01
-5.779679251683740304e-01
-4.694078259449507851e-01
-3.148054114961895689e-01
-1.285915024369451709e-01
6.902076172132853848e-02
2.577397159425103279e-01
4.185952055457899945e-01
5.357659322498291576e-01
5.974421592055216834e-01
5.969322428781467238e-01
5.380784069136130832e-01
4.263088988911383215e-01
2.740275491775598926e-01
9.655325721804253192e-02
-8.671002671360650282e-02
-2.578721667968010278e-01
-3.989443287893011947e-01
-4.957097421783904778e-01
-5.411346350736261357e-01
-5.304186311645222585e-01
-4.656404746914769577e-01
-3.534640181961831162e-01
-2.078055902351031436e-01
-4.203706855936117925e-02
1.265709269661852154e-01
2.808304061912183514e-01
4.059368004213739223e-01
4.897355581075006903e-01
5.239250975124500886e-01
5.047571259804759514e-01
4.372986810595191898e-01
3.276494448914442081e-01
1.871458204023577210e-01
2.953813372131919301e-02
-1.284233910028450554e-01
-2.715341298008533411e-01
-3.848206121851945882e-01
-4.568727928174586284e-01
-4.830249913684171448e-01
-4.602393797470232251e-01
-3.910881712391210963e-01
-2.822375415363121975e-01
-1.463599018866245105e-01
4.320907477201485491e-03
1.543093256942678071e-01
2.883917436252236843e-01
3.937487018008651862e-01
4.601665289739362841e-01
4.807975813031315493e-01
4.529804640073629152e-01
3.820736897683176814e-01
2.742208294279493419e-01
1.405806319199560672e-01
-5.617385285858533805e-03
-1.490868698901148814e-01
-2.760803798504157802e-01
-3.731977494497472625e-01
-4.304978158155569057e-01
-4.444208178343850291e-01
-4.129383488679903014e-01
-3.392407744581512619e-01
-2.304105712973294473e-01
-9.905798427140244389e-02
4.298667624304441937e-02
1.810030034898528761e-01
3.009845321426591891e-01
3.917728921820970989e-01
4.442340900167807138e-01
4.527011323268044229e-01
4.157291874792570230e-01
3.389773789275354332e-01
2.288892826576540696e-01
9.676874538772906043e-02
-4.438538143424775040e-02
-1.798056729528932918e-01
-2.963603649412324126e-01
-3.813764216566846166e-01
-4.258147027213009528e-01
-4.273007618368593885e-01
-3.848084539413947347e-01
-3.023727478807848312e-01
-1.877186064792020215e-01
-5.384410600103450850e-02
8.683657493022911567e-02
2.191067938139628080e-01
3.292336364361352352e-01
4.068886770435204969e-01
4.438739354273659732e-01
4.360542439258081604e-01
3.835019634679479594e-01
2.931049547862591975e-01
1.724740059520770696e-01
3.495763040433752522e-02
-1.051700243047163363e-01
-2.333124372152761694e-01
-3.367513775471061566e-01
-4.040184354374098952e-01
-4.275973944670772298e-01
-4.072674656973191976e-01
-3.440781363304648011e-01
-2.444134757556863935e-01
-1.179848171017979785e-01
2.075335309710646392e-02
1.583352303361205138e-01
2.793039253149314227e-01
3.710722827892671827e-01
4.260629846801484710e-01
4.379086426977223390e-01
4.050879518674155300e-01
3.305750844862420657e-01
2.237040814979991410e-01
9.397313093660275563e-02
-4.428916464427823385e-02
-1.765337879257958820e-01
-2.889802661460156852e-01
-3.701759325970128689e-01
-4.110983128837442102e-01
-4.068351025583170077e-01
-3.604553394170906255e-01
-2.758086324637728515e-01
-1.616577329343157343e-01
-2.939130444359128180e-02
1.060274351573200491e-01
2.309919206816073434e-01
3.313164936398564908e-01
3.962363112138067578e-01
4.210608919693066277e-01
4.024913284301221417e-01
3.424842243396328811e-01
2.469096901141023537e-01
1.276200623303624937e-01
-4.215834022782360968e-03
-1.340581074054144617e-01
-2.477845941901263283e-01
-3.337417500696471251e-01
-3.830173185147036641e-01
-3.904943422808392350e-01
-3.547819394255032899e-01
-2.816280290273928122e-01
-1.775493932533158681e-01
-5.477889164660787458e-02
7.340848846748238010e-02
1.930020177635196621e-01
2.917923871727960972e-01
3.586802762096521491e-01
3.862459924912666764e-01
3.741548838509487496e-01
3.230924662749581344e-01
2.388441549227000582e-01
1.302634956566692814e-01
1.067843115203070958e-02
-1.078394533909338149e-01
-2.115977385816569800e-01
-2.893832004484263587e-01
-3.349462329644147252e-01
-3.431095638201706599e-01
-3.132130282157049583e-01
-2.484423920887059989e-01
-1.576658298902279265e-01
-4.948669799513549794e-02
6.348547617391875342e-02
1.686824123296197797e-01
2.550274123799889381e-01
3.135880363985723562e-01
3.381854051234394198e-01
3.260145589454364057e-01
2.809456333243061099e-01
2.071726871022401273e-01
1.132807490159324360e-01
9.512144663366806085e-03
-9.213317042855562189e-02
-1.810893444445488276e-01
-2.470350624234549652e-01
-2.827782715511283351e-01
-2.871393576033407502e-01
-2.594132142804229657e-01
-2.029762759674001993e-01
-1.240993909845450327e-01
-3.309739894112728731e-02
6.078259574041044999e-02
1.465150751464734391e-01
2.143713428752249683e-01
2.582573737048718954e-01
2.735465948826296678e-01
2.590876400751052078e-01
2.165825031195811601e-01
1.526529143915904552e-01
7.354270899286863283e-02
-1.112168904172583517e-02
-9.142756775145510773e-02
-1.586513196843984952e-01
-2.057633110931312848e-01
-2.274332657891718901e-01
-2.211447978402797387e-01
-1.899884303238356109e-01
-1.370143548476794315e-01
-6.913224881798241128e-02
5.464009807659486739e-03
7.774105629338023959e-02
1.399154725637894447e-01
1.843654354209203206e-01
2.060212309970639311e-01
2.049455630921781513e-01
1.811968215030801410e-01
1.378131793526369275e-01
8.020363405849351146e-02
1.671997198577113153e-02
-4.583127798108799222e-02
-9.961988615065175967e-02
-1.380814742770395398e-01
-1.584479768805581168e-01
-1.583950493592256592e-01
-1.381213907682706798e-01
-1.002438515525652107e-01
-5.079161494814299349e-02
5.147328608578805031e-03
6.024073636921389863e-02
1.072599809313534713e-01
1.410088563071749679e-01
1.577242500925171154e-01
1.556911534796190377e-01
1.351540035311453725e-01
9.995367049640058177e-02
5.349597835284347624e-02
2.206602312825989287e-03
-4.709563798636429155e-02
-8.839674929000229664e-02
-1.168902360139841834e-01
-1.286630199285414555e-01
-1.220408486707635909e-01
-9.945126092090406100e-02
-6.284088056158432245e-02
-1.683371290352808636e-02
3.273242411948462660e-02
7.924837677863494356e-02
1.171971160635527642e-01
1.407775354544311686e-01
1.465829488690879590e-01
1.356771206934301865e-01
1.086171997940339473e-01
6.802600686184678835e-02
1.859958538377193271e-02
-3.266445762547853793e-02
-8.011357022858445198e-02
-1.171146784050161038e-01
-1.384277237826461171e-01
-1.422918257249524698e-01
-1.275920198261677463e-01
-9.548561754224815790e-02
-4.926150423415709412e-02
4.575520262971366492e-03
6.071894927495091743e-02
1.120183180396694400e-01
1.515145307742276071e-01
1.744257832836402233e-01
1.776671380627734553e-01
1.602527576699703804e-01
1.233144700171231456e-01
7.185634272353813579e-02
1.045005500233342488e-02
-5.332735299295687792e-02
-1.115908278808006582e-01
-1.572707517715067338e-01
-1.849007647716433000e-01
-1.899914263704924888e-01
-1.707816761829242802e-01
-1.305127382202602160e-01
-7.231000434227963236e-02
-2.825539883328898050e-03
7.004006461926404192e-02
1.374375127726399359e-01
1.919039757255358580e-01
2.259119988134954404e-01
2.347144151885212082e-01
2.185910981367877870e-01
1.781040240838960287e-01
1.169926386347519554e-01
4.155952026813691802e-02
-3.852877869906390362e-02
-1.152096602496814892e-01
-1.790964691476999437e-01
-2.223542386741981236e-01
-2.409514141526556408e-01
-2.319329339433410242e-01
-1.954647835157614644e-01
-1.347256578224970136e-01
-5.734475263087113195e-02
2.961725678737292533e-02
1.159390610545274480e-01
1.915556738542585347e-01
2.479240918312963782e-01
2.785568280251935480e-01
2.793111585603811342e-01
2.490496948859104442e-01
1.921307850215259183e-01
1.131874117289577431e-01
2.102458869491563576e-02
-7.440956215715033295e-02
-1.621227317624064357e-01
-2.327288772447136944e-01
-2.771804026759598916e-01
-2.897121824608586138e-01
-2.705969578532902986e-01
-2.206437939961450878e-01
-1.445954556935480362e-01
-4.996442024324809772e-02
5.187025206572259961e-02
1.506871861695866510e-01
2.346241184604120900e-01
2.939871529580833087e-01
3.233317874771293177e-01
3.186624610328308016e-01
2.799270113313525599e-01
2.104965311212185775e-01
1.191515578439155121e-01
1.420407880683227653e-02
-9.240414545860164974e-02
-1.887107636931791843e-01
-2.641611941816195408e-01
-3.105233002787696206e-01
-3.219696751332110640e-01
-2.962013237431075918e-01
-2.376827926814799596e-01
-1.513155743034306777e-01
-4.681805646759673589e-02
6.461265904580337782e-02
1.702881107307034902e-01
2.591892537051081469e-01
3.206951119940677497e-01
3.475424487139822105e-01
3.386863670157194139e-01
2.940478152895342756e-01
2.181728935049902507e-01
1.187371431107078212e-01
7.972930130223154777e-03
-1.032767222949029229e-01
-2.022985196485160841e-01
-2.780550496910625391e-01
-3.235868805051752561e-01
-3.335298959750102599e-01
-3.066054348807102370e-01
-2.451331339474971394e-01
-1.570877659942538918e-01
-5.045003503851197557e-02
6.255959450437864611e-02
1.695553876705868657e-01
2.589983416739258804e-01
3.214625499190204572e-01
3.496044653770571387e-01
3.396841245760653383e-01
2.951093050800626116e-01
2.196716671922005482e-01
1.212988739293512364e-01
1.010996572523925607e-02
-1.010081588692300913e-01
-2.006320830369392461e-01
-2.770746212409009868e-01
-3.217920860499382529e-01
-3.320387878493848977e-01
-3.060062438085289216e-01
-2.463290509570764675e-01
-1.590015109632778589e-01
-5.493393616301789351e-02
5.601007881904740415e-02
1.614666052238882266e-01
2.496533485308756184e-01
3.116750706529334281e-01
3.409829004448969858e-01
3.345532637868087189e-01
2.925573615819454520e-01
2.210427794743594632e-01
1.263855812551610835e-01
1.981235026658523246e-02
-8.686630804187489563e-02
-1.821799636585494930e-01
-2.563614853629181400e-01
-3.009496245445638651e-01
-3.108296238946833823e-01
-2.874139845616496824e-01
-2.325694666948829870e-01
-1.521423188675845584e-01
-5.456386301504989600e-02
4.842908923910349550e-02
1.464041188444478170e-01
2.279649332885393953e-01
2.843725798343170741e-01
3.119049111847695954e-01
3.072139265284545839e-01
2.706657726705572475e-01
2.061471325069259564e-01
1.221211786482567785e-01
2.640089900680875346e-02
-7.018018012048388155e-02
-1.568871116875512062e-01
-2.248912958120150574e-01
-2.672915165376499314e-01
-2.797152220498612119e-01
-2.606805278248097713e-01
-2.142085273175422522e-01
-1.444499000029219049e-01
-5.929745429367305753e-02
3.202201060881515460e-02
1.193893638627094855e-01
1.939638416181106439e-01
2.471376510647982361e-01
2.731453538554053928e-01
2.716776021788016582e-01
2.425673017071865445e-01
1.888247189314360419e-01
1.161535786078895516e-01
3.354326064521018225e-02
-5.089921469310698665e-02
-1.274389670472657610e-01
-1.877433779885893106e-01
-2.268947816404210949e-01
-2.408077504570176330e-01
-2.280475622184159334e-01
-1.900449645065643844e-01
-1.324119558670024954e-01
-6.033863017109120097e-02
1.790001717433398198e-02
9.349973202073158518e-02
1.586602414250481985e-01
2.069397439813707162e-01
2.327869524826851055e-01
2.333078077450754240e-01
2.108318356542968619e-01
1.674311540489148431e-01
1.079328531230567823e-01
3.900617300273023780e-02
-3.127099991964799042e-02
-9.584193158022269454e-02
-1.471322775656531689e-01
-1.797080500951260262e-01
-1.923334120183652907e-01
-1.836166444773362771e-01
-1.544336909175639816e-01
-1.083290983784829242e-01
-5.174936846973421378e-02
1.004599300712882837e-02
7.010386642618837705e-02
1.216220017753824045e-01
1.601277444719026999e-01
1.818781217995135702e-01
1.845650187328906622e-01
1.681436958853339547e-01
1.359135839076877073e-01
9.071118311313930427e-02
3.770920501942809366e-02
-1.700832514810990403e-02
-6.765432696711504157e-02
-1.093047348213725956e-01
-1.370221452993214406e-01
-1.479404144987594982e-01
-1.432180660160549124e-01
-1.232902297026000626e-01
-8.992337108814130175e-02
-4.692884981188250038e-02
3.142094767538683442e-04
4.721171872380969248e-02
8.810457657325376779e-02
1.185903539898989223e-01
1.371955031251035351e-01
1.421277115535761748e-01
1.326450499419640217e-01
1.101824782032014838e-01
7.836906855766367919e-02
3.992392925902676915e-02
-7.970161691319699315e-04
-3.888813148968062183e-02
-7.073166203742387026e-02
-9.340983201677854897e-02
-1.040504481557793515e-01
-1.015592492003617453e-01
-8.793003509726760036e-02
-6.433145065456347123e-02
-3.344122418310058187e-02
8.066286898671393146e-04
3.457524142049472893e-02
6.462661922397283654e-02
8.710477789798187764e-02
9.966437584850895703e-02
1.028254593962230068e-01
9.626243083838192938e-02
8.033716054357431524e-02
5.733696623981998641e-02
3.073538903329531280e-02
2.851732814029839247e-03
-2.296917290969124892e-02
-4.371430809609311297e-02
-5.857459148934729409e-02
-6.622232850108566993e-02
-6.532642810854949467e-02
-5.639810446316306791e-02
-4.163220753483254377e-02
-2.221078056144598634e-02
-2.685341569480526047e-04
2.134306570655275515e-02
4.060825608345153270e-02
5.583720915524326145e-02
6.494320284141896771e-02
6.718060026143835017e-02
6.383530628064804091e-02
5.505851440380182815e-02
4.143300507770142360e-02
2.493187514143757610e-02
7.620280789724098724e-03
-9.077925426274502385e-03
-2.301978291551121103e-02
-3.270028321104989644e-02
-3.830650373016863952e-02
-3.928101001182560115e-02
-3.499832529203572573e-02
-2.630013810130027441e-02
-1.492775239301713519e-02
-1.752566207862349401e-03
1.178815573861968780e-02
2.402900775922667265e-02
3.423535616428519113e-02
4.147723643750644840e-02
4.432200987627243904e-02
4.262091231083164899e-02
3.762290653745692381e-02
2.967016246111731093e-02
1.974041606002097105e-02
9.470134403469332440e-03
-3.106555027498902888e-05
-7.958184866047712802e-03
-1.330017490087898047e-02
-1.557751197045387226e-02
-1.524481082334583348e-02
-1.227624353002609858e-02
-6.873980392279821494e-03
-9.806816802371276509e-05
6.733389701351288892e-03
1.311504274818742211e-02
1.843241531390926724e-02
2.211416314507386183e-02
2.445047183888893194e-02
2.517176306802793029e-02
2.389822056058732436e-02
2.105446119822351747e-02
1.733464062310363651e-02
1.301617392084253311e-02
8.604131981592821887e-03
4.684126829763490818e-03
1.476356765539144078e-03
-7.433284581297439075e-04
-1.683640557910592861e-03
-1.436009180306951905e-03
-4.342227682966326441e-04
1.262325220699578310e-03
3.540467645204437019e-03
6.013266723734256303e-03
8.394925631263427945e-03
1.049584660891711430e-02
1.210524494473386170e-02
1.316008732767737222e-02
1.382315898096675433e-02
1.402064327511931552e-02
1.362466214831403732e-02
1.276701320405226880e-02
1.165224265101461043e-02
1.036432737638404156e-02
9.019719221567745748e-03
7.739569338178320379e-03
6.543175539456491663e-03
5.545125209808876576e-03
4.965261688546940277e-03
4.851985267509961730e-03
5.108239663886404713e-03
5.706712728975160687e-03
6.516335410085893898e-03
7.370925096184643976e-03
8.175740598467706732e-03
8.856877872809532093e-03
9.338932674116229293e-03
9.579920565153221546e-03
9.599716685281922679e-03
9.404570397578693175e-03
9.056655515943257129e-03
8.678203169525389171e-03
8.404754720650275956e-03
8.254614538030669024e-03
8.197489982257888386e-03
8.225759719268310732e-03
8.269518089124794358e-03
8.335333653871623838e-03
8.448089591142737831e-03
8.562514272407506510e-03
8.642047559079824026e-03
8.682236459792935790e-03
8.682795257690001378e-03
8.652483680410938405e-03
8.621301153781235627e-03
8.585943538911067208e-03
8.536472555254359662e-03
8.485341940952073614e-03
8.438993295529995109e-03
8.399831988609385292e-03
8.371947849686200982e-03
8.353363303475358492e-03
8.336612527878539680e-03
8.322796915695818143e-03
8.311173341460920128e-03
8.300998679709348238e-03
8.291529804974828721e-03
8.282023591791976003e-03
8.271736914695626552e-03
