1.883783906699667554e-01
3.697074120620340576e-01
4.696873557610010685e-01
4.997855980931067421e-01
4.714695153845904763e-01
3.962064839616914469e-01
2.854638801506492740e-01
1.507090802777031335e-01
7.157112017830868922e-03
-1.382453084346472183e-01
-2.733954134403260294e-01
-3.802520346643513127e-01
-4.454909396122327392e-01
-4.634929034945522996e-01
-4.304500976384985078e-01
-3.497018602787994590e-01
-2.281652019347537586e-01
-8.028172091681451406e-02
8.025643607295585014e-02
2.354213230878672292e-01
3.677304177298841292e-01
4.626280506632693967e-01
5.093488419374312404e-01
5.018216661128434009e-01
4.389556408677017796e-01
3.288871838429709982e-01
1.807380308787331913e-01
1.134902194331854908e-02
-1.611704680665348999e-01
-3.176546862065525723e-01
-4.416330010606573930e-01
-5.180982339633783962e-01
-5.374069119963689189e-01
-4.996970372921184511e-01
-4.068446944188102155e-01
-2.681153713252926174e-01
-9.706469060947875427e-02
8.616525976106137463e-02
2.632662020600389230e-01
4.135805560704601813e-01
5.204451160972776158e-01
5.742607046083485489e-01
5.676297951746380743e-01
5.002906003039637728e-01
3.779448941118312977e-01
2.154145275413437144e-01
2.745323381667463813e-02
-1.648458374491118539e-01
-3.406968145765256750e-01
-4.809801801449254954e-01
-5.704568270052261525e-01
-5.984080466585406377e-01
-5.600334329177639736e-01
-4.621240972240708844e-01
-3.128516662961653427e-01
-1.280705639148903563e-01
7.352162280461493893e-02
2.689305700383739506e-01
4.378550652242054753e-01
5.604221390688648441e-01
6.223036682498928052e-01
6.192252902259125502e-01
5.495290788203774923e-01
4.202710685537560664e-01
2.437572442669715400e-01
4.102941674087845492e-02
-1.683349542085338379e-01
-3.607775885106658809e-01
-5.148652710245235076e-01
-6.145525055892617772e-01
-6.483273709782341188e-01
-6.122853175691869154e-01
-5.084253905210646129e-01
-3.498850016964660803e-01
-1.508329066555710307e-01
6.585172755485046991e-02
2.768850249241994188e-01
4.592865547504811907e-01
5.938044417575865097e-01
6.650228129384678777e-01
6.638941439424630442e-01
5.936990179631189690e-01
4.598572952633934730e-01
2.767393579983803420e-01
6.273738289655916844e-02
-1.572026604159645347e-01
-3.606396138730108003e-01
-5.242647272489462384e-01
-6.300804759105833597e-01
-6.696108948846234421e-01
-6.369778630351616844e-01
-5.354553043543510693e-01
-3.745958859175362310e-01
-1.739944332618730272e-01
4.733178773526081073e-02
2.645046436472953122e-01
4.538764012089655520e-01
5.954162156960387531e-01
6.737863040335414500e-01
6.808294177907054934e-01
6.143907386687352812e-01
4.839500177048621232e-01
3.009041193381543078e-01
8.620291856339146186e-02
-1.376821491068971337e-01
-3.460581027941485033e-01
-5.173386087665333699e-01
-6.320470288632334954e-01
-6.769547949709480150e-01
-6.506593275075897020e-01
-5.542660753932147077e-01
-3.983299156272096520e-01
-1.982427493893774706e-01
2.248075193992193910e-02
2.416372643721851343e-01
4.340397703595864076e-01
5.788852465467948516e-01
6.630169874108549077e-01
6.764845123170362129e-01
6.180916884301221881e-01
4.930444256867041464e-01
3.174723116883617635e-01
1.077391605378965611e-01
-1.125054995403047542e-01
-3.196205828848711628e-01
-4.914292230624467406e-01
-6.098752526291886245e-01
-6.615958608284437936e-01
-6.397136116465135247e-01
-5.506644111126627328e-01
-4.024101627047587115e-01
-2.115071821246954364e-01
2.292118964432043882e-03
2.145448056946521742e-01
4.034503299365441720e-01
5.478000265967828408e-01
6.317603483287619337e-01
6.496341068456654710e-01
5.985148991673536756e-01
4.847047084046591792e-01
3.198956072986045562e-01
1.247866881263615113e-01
-8.178776273053367518e-02
-2.772131677237154035e-01
-4.401595117327472551e-01
-5.544880882209060058e-01
-6.081657352625431390e-01
-5.964733750140347457e-01
-5.201129120017987661e-01
-3.900011579608744228e-01
-2.182090785829948754e-01
-2.480015472240448826e-02
1.694664692879870316e-01
3.436473280614389392e-01
4.798197654320761618e-01
5.630048148261419527e-01
5.838468184882066314e-01
5.442605163806502055e-01
4.476001889666656464e-01
3.048057362363196798e-01
1.306401597073345577e-01
-5.437604594222400500e-02
-2.313417380084361596e-01
-3.800258792686328491e-01
-4.845532282683083780e-01
-5.370667832761606419e-01
-5.315989739020533511e-01
-4.694647699585713374e-01
-3.572522938488786881e-01
-2.099092276771135079e-01
-4.155933746697704212e-02
1.288817232373209443e-01
2.827514363272081166e-01
4.043807676913855342e-01
4.814762031245130025e-01
5.064577117356192648e-01
4.764990828406294732e-01
3.982403635782409967e-01
2.790790483648237785e-01
1.335179611364099017e-01
-2.232550550016620949e-02
-1.712257471164206901e-01
-2.980549558025160639e-01
-3.888865158731611427e-01
-4.341531479705562635e-01
-4.330196657649908465e-01
-3.855432775119900235e-01
-2.977009649090012200e-01
-1.793245616496709216e-01
-4.556022289409755732e-02
9.008124201882083959e-02
2.121637687888280333e-01
3.076974793349336323e-01
3.695428279360373214e-01
3.914717444189508289e-01
3.719999014893167200e-01
3.139703269657005968e-01
2.264316462658375606e-01
1.178868382881430588e-01
1.203758678458122233e-03
-1.104268769395563288e-01
-2.056981452809556465e-01
-2.753284842391731102e-01
-3.125158706904064276e-01
-3.139023492170258667e-01
-2.830910744044016214e-01
-2.234305366981931273e-01
-1.423800993386705738e-01
-4.945020204402317265e-02
4.448635495409924978e-02
1.298570687371491950e-01
1.969133560033256014e-01
2.388960399851647320e-01
2.552390231049115332e-01
2.448223560295648138e-01
2.094753623997736014e-01
1.541289659346496421e-01
8.700951814747726054e-02
1.500610419764503156e-02
-5.333651110999559908e-02
-1.103004624401285882e-01
-1.519522648019571154e-01
-1.747676909640409892e-01
-1.772009239403204983e-01
-1.602417457665579192e-01
-1.284597484476515117e-01
-8.523522174580877575e-02
-3.636920788583575259e-02
1.156268441265573266e-02
5.390228840302757618e-02
8.688706133070422943e-02
1.071929827911322075e-01
1.134674135097362146e-01
1.080753233497402377e-01
9.215694355688608397e-02
6.935015449404158261e-02
4.427687562773763297e-02
2.021236476061094578e-02
-3.258388831787195627e-04
-1.515400433312807937e-02
-2.339477947320156570e-02
-2.652104047192127556e-02
-2.470382254765501884e-02
-1.961314591633289695e-02
-1.414748446497482437e-02
-1.071929858715137129e-02
-1.018125449744378130e-02
-1.330936715478148180e-02
-2.007445990425582583e-02
-2.814716209422374327e-02
-3.673698397288416295e-02
-4.339209677943367538e-02
-4.509817047653341682e-02
-4.040183639998951026e-02
-2.867265584048150906e-02
-9.312132718945154153e-03
1.691140270628666009e-02
4.721572455634004406e-02
7.927586280404441688e-02
1.082511999670381364e-01
1.292287355816390537e-01
1.383904691663213615e-01
1.334693161371638404e-01
1.125439645222872098e-01
7.590562457719740586e-02
2.744613268595141875e-02
-2.964275172131991543e-02
-8.939735319085340137e-02
-1.447431935699677874e-01
-1.884898142392128495e-01
-2.151081082981004533e-01
-2.183416862978718731e-01
-1.953903067845400576e-01
-1.493777549213356481e-01
-8.294099320499104255e-02
-1.654740802607523875e-03
8.634363755743601487e-02
1.704476471085052403e-01
2.418905682435250615e-01
2.906732007769234905e-01
3.096475743265938441e-01
2.967577831495291640e-01
2.510970552063602756e-01
1.755007689435648111e-01
7.657477957627167875e-02
-3.389561712246447200e-02
-1.460331568689127169e-01
-2.469678433093923653e-01
-3.244831867003382664e-01
-3.695435225338227214e-01
-3.757738150396111587e-01
-3.404210207379738673e-01
-2.649727871144604840e-01
-1.575337598591609600e-01
-2.662206282099044419e-02
1.132708479911159749e-01
2.470761816083026918e-01
3.595504112079275227e-01
4.381396692100747448e-01
4.716693273939307485e-01
4.540921349984314848e-01
3.885150061500188823e-01
2.790328236915540217e-01
1.356966578135911927e-01
-2.790478218002012678e-02
-1.929834055984674945e-01
-3.426250909786022758e-01
-4.582691318816376480e-01
-5.260587729749169883e-01
-5.396085594204675928e-01
-4.947783827610815477e-01
-3.944506417335310600e-01
-2.470630130941450231e-01
-6.971675341839644879e-02
1.214126155814592156e-01
3.048402899318254367e-01
4.600372575451090462e-01
5.695068312577040714e-01
6.203010222132234741e-01
6.052810606045004871e-01
5.232182719312947761e-01
3.837683268068838860e-01
1.982942221979315800e-01
-1.235631183393171018e-02
-2.260984649548725134e-01
-4.190416335109669044e-01
-5.706397631538187021e-01
-6.623949233288697336e-01
-6.822887712018138595e-01
-6.298892896385308582e-01
-5.076309008299813019e-01
-3.276795033783364008e-01
-1.071263050631421354e-01
1.284640886988013264e-01
3.554978576929832546e-01
5.474764126656759267e-01
6.829717312622360925e-01
7.488881490694045961e-01
7.356584516383979366e-01
6.433982698162346026e-01
4.794590687288367015e-01
2.631050339618963285e-01
1.407758881933984796e-02
-2.396048215553511218e-01
-4.707334102884842553e-01
-6.537830016389540866e-01
-7.684319366929134310e-01
-8.007907891418207802e-01
-7.445782297565339825e-01
-6.085777886517707014e-01
-4.040604234731316469e-01
-1.527559159707613246e-01
1.203136491928140650e-01
3.840412427472319479e-01
6.108864567559417758e-01
7.744621529889592626e-01
8.555328947200704359e-01
8.475773471022822747e-01
7.484414675439858833e-01
5.684040948415589600e-01
3.241963278188151332e-01
4.444274947220261396e-02
-2.437735215430036906e-01
-5.082699984546217298e-01
-7.198072138808926379e-01
-8.557290315232254363e-01
-9.000783936482301684e-01
-8.479358445296001356e-01
-7.019591542276081286e-01
-4.800367170208139633e-01
-2.022346439065088042e-01
9.960104972138550394e-02
3.935269803071630434e-01
6.472245739614206350e-01
8.335644015970875564e-01
9.313552034639964727e-01
9.278709920462273608e-01
8.267750993902425183e-01
6.357338519063246984e-01
3.757083430219492204e-01
7.246011436984978182e-02
-2.389459073878251738e-01
-5.265648103999451823e-01
-7.575891773485070591e-01
-9.063657944956913237e-01
-9.597418622673985489e-01
-9.094174120611993040e-01
-7.608986081545756619e-01
-5.277035702367560699e-01
-2.377185780881440058e-01
8.125849599250911659e-02
3.932466257923938890e-01
6.645688438878447624e-01
8.661505445420640825e-01
9.757191168475130016e-01
9.820624489038547456e-01
8.822353116663912420e-01
6.895990414720918338e-01
4.210685482569813676e-01
1.076189935298343947e-01
-2.182844440349843707e-01
-5.206293828409751523e-01
-7.678055420351173055e-01
-9.320523726396467978e-01
-9.942759108886671804e-01
-9.516070960338010032e-01
-8.058722272710215906e-01
-5.735047445621064277e-01
-2.770757964605684576e-01
4.895696736146359918e-02
3.715173012604640057e-01
6.536443806879093099e-01
8.649049907477124322e-01
9.852504531107051378e-01
1.000000000000000000e+00
9.081715074625127393e-01
7.175515540948205206e-01
4.520606719731103951e-01
1.367965543367051229e-01
-1.925477216015785142e-01
-5.010100912567154730e-01
-7.551732022070537509e-01
-9.278401473566533220e-01
-1.000000000000000000e+00
-9.617269123382145013e-01
-8.218491219735936104e-01
-5.927420412118291626e-01
-3.004430375921888219e-01
2.522679398617055924e-02
3.471134378705980073e-01
6.318432351193150609e-01
8.476415745824901204e-01
9.705031394275869250e-01
9.908429611797715530e-01
9.045127101577343787e-01
7.223301898236593743e-01
4.622736342375441954e-01
1.561186975046167102e-01
-1.660527332590151506e-01
-4.684879355249470523e-01
-7.183028730846063858e-01
-8.898494229892759400e-01
-9.642516144917406828e-01
-9.350065245028331695e-01
-8.036001325376992410e-01
-5.875873194860488091e-01
-3.071564927159611269e-01
5.119181761024327315e-03
3.163081460829426650e-01
5.924547565445570374e-01
8.045811155888733524e-01
9.296589202598393165e-01
9.531082785528801615e-01
8.771640168525789427e-01
7.079075184107457286e-01
4.648724822801892920e-01
1.725348742495709242e-01
-1.351908912992448863e-01
-4.267139389116270110e-01
-6.691523734394555500e-01
-8.363551270186553310e-01
-9.140100662348600302e-01
-8.925298636999947632e-01
-7.756228547590774403e-01
-5.745836668814370274e-01
-3.147704265378231669e-01
-2.148436016644450497e-02
2.721327218082247867e-01
5.344550362663014198e-01
7.378672797713243803e-01
8.607481873409565942e-01
8.909178180044301509e-01
8.238755534182746754e-01
6.707851156022979211e-01
4.457386204486690762e-01
1.756195471767620919e-01
-1.109149651061120956e-01
-3.820283259585499636e-01
-6.095887491873237529e-01
-7.686128402612824040e-01
-8.414511974753952073e-01
-8.246989550060475072e-01
-7.187928069776491347e-01
-5.367571178051606662e-01
-2.972226485679497765e-01
-2.911925458032471603e-02
2.403453103925958789e-01
4.806208098828341768e-01
6.659922128073265668e-01
7.797997237207157095e-01
8.092586036602218424e-01
7.525666326875564138e-01
6.152623843352953426e-01
4.157718272289234740e-01
1.733093072388096623e-01
-8.410464503296355421e-02
-3.288111023564461721e-01
-5.347402469390503121e-01
-6.803870376187730606e-01
-7.505279002881170003e-01
-7.369935237596151323e-01
-6.462974202912401545e-01
-4.869638368487489988e-01
-2.772440322416614977e-01
-3.889801214371935156e-02
2.005666114054918125e-01
4.163672547956691616e-01
5.844424990739887082e-01
6.866541628533724406e-01
7.161188835641911776e-01
6.689634191237947558e-01
5.515902927294593638e-01
3.761302645125301769e-01
1.646940303866761823e-01
-6.189115780044729398e-02
-2.783705702102213797e-01
-4.610549115745744553e-01
-5.915995212026785577e-01
-6.564408478268604075e-01
-6.500680595977060827e-01
-5.726423970058938107e-01
-4.359005400140426589e-01
-2.528761652902945523e-01
-4.560939859994128653e-02
1.632114537829834067e-01
3.510267044630941413e-01
4.985219995118663761e-01
5.899655422732279497e-01
6.154037599333028741e-01
5.766744881750236473e-01
4.773330613181816506e-01
3.292142068462602378e-01
1.481108131153598961e-01
-4.408715084798575656e-02
-2.275973498422698693e-01
-3.816715883613985838e-01
-4.899897085598704516e-01
-5.448143858130776174e-01
-5.399737570178235746e-01
-4.768617434096672492e-01
-3.624094525906734754e-01
-2.119766153265139064e-01
-4.024671802838375445e-02
1.331355570685597289e-01
2.890746711122287316e-01
4.116526453152595799e-01
4.883699401014405250e-01
5.120352119421418546e-01
4.801014388411446454e-01
3.993263521920928927e-01
2.773581896776513567e-01
1.288141053356528509e-01
-3.005920971368114536e-02
-1.815935956150366293e-01
-3.102888442189699614e-01
-4.018133768004493733e-01
-4.463589827972639368e-01
-4.432034998520258950e-01
-3.924724359242603988e-01
-3.003058170472534538e-01
-1.767157373579264501e-01
-3.714117319246568183e-02
1.042061926208235345e-01
2.309315817341754951e-01
3.293372137484527062e-01
3.915040228263828581e-01
4.109321517067527907e-01
3.862201871094939065e-01
3.203724940215639805e-01
2.232289015930495335e-01
1.040443922123006626e-01
-2.338827303148094394e-02
-1.447664878342770356e-01
-2.474736233189019918e-01
-3.212092654987455109e-01
-3.579456542890332438e-01
-3.536514063459613721e-01
-3.123797451530236913e-01
-2.381515999403595041e-01
-1.398879755767098443e-01
-2.874192917520923540e-02
8.242746700127723258e-02
1.822826511260913218e-01
2.593752025305635645e-01
3.055468244893546625e-01
3.191993269470445593e-01
2.989491611273404903e-01
2.474219838532047966e-01
1.708552202262800801e-01
7.989599413788428528e-02
-1.655876531694489007e-02
-1.075471380094332741e-01
-1.828817406269193091e-01
-2.363657794742165530e-01
-2.627254337656890204e-01
-2.595229986786826704e-01
-2.276403166764188191e-01
-1.726194925630210042e-01
-9.952399730459937643e-02
-1.721417141593595268e-02
6.469020359497879014e-02
1.376640543593223853e-01
1.945282641034553617e-01
2.288296694741736026e-01
2.370664178902446295e-01
2.215157785852175376e-01
1.836962304504405896e-01
1.276333952218702272e-01
5.979542955159056206e-02
-1.159172793407536872e-02
-7.929513406973920375e-02
-1.349623017477605824e-01
-1.727024619384061044e-01
-1.914284893388764619e-01
-1.892656064763332813e-01
-1.661598283834910816e-01
-1.252248279143695076e-01
-7.263954546240147803e-02
-1.326202335044257552e-02
4.597766202369446553e-02
9.804596999305381644e-02
1.384134131978511650e-01
1.633323698368231991e-01
1.698213700405259985e-01
1.574444283478260154e-01
1.297423172918839018e-01
8.918929700137301353e-02
4.077853700935296644e-02
-9.235878013290399480e-03
-5.549120349803349228e-02
-9.356132148713858232e-02
-1.188571325566513126e-01
-1.288832180458475696e-01
-1.250511896389228106e-01
-1.077024800829907702e-01
-7.852296709131145747e-02
-4.150055796790808049e-02
-1.769834764105415736e-03
3.694696067803704409e-02
6.983383945649013214e-02
9.323975185065802584e-02
1.070899886558949188e-01
1.101107463714796619e-01
1.012810415819382914e-01
8.217680172803421002e-02
5.620587991986569776e-02
2.560265011254059253e-02
-5.828278533525188543e-03
-3.406790146554417031e-02
-5.699670877070206476e-02
-7.260729890816342014e-02
-7.869544343853940305e-02
-7.499975097212241426e-02
-6.381322426145408233e-02
-4.595140702609323835e-02
-2.315236925778885180e-02
1.336207769458974681e-03
2.478931522337868287e-02
4.518782356677997214e-02
5.972720289418065320e-02
6.696433365761333967e-02
6.798461275247902336e-02
6.253959855373536492e-02
5.068116356009766399e-02
3.436182073309468343e-02
1.609904017316465819e-02
-2.643765518691942873e-03
-1.960719757643436534e-02
-3.281577366036558807e-02
-4.204279851598213824e-02
-4.639661295974828459e-02
-4.474528391868604071e-02
-3.772929142021508309e-02
-2.730879982475575840e-02
-1.422289060972092845e-02
2.355734161259004367e-04
1.413843738954545515e-02
2.636480413408359702e-02
3.582237654086162237e-02
4.076435807757605723e-02
4.073597503791681618e-02
3.695148485104704505e-02
2.965202153756218983e-02
1.979964793053379246e-02
9.186732749953518962e-03
-8.618124108719094068e-04
-9.498356975400357172e-03
-1.568663170329387402e-02
-1.880040209267752616e-02
-1.917495077907449552e-02
-1.673310799506022573e-02
-1.165257880994685635e-02
-5.051516283789747597e-03
1.578801091979498139e-03
7.763160557851644938e-03
1.297666923370632830e-02
1.662905673389625250e-02
1.904185183551088123e-02
1.992991352162643004e-02
1.887333730987328373e-02
1.630077133824414659e-02
1.289452057518314376e-02
8.910101499242539802e-03
4.837115241537848220e-03
1.247305028672096583e-03
-1.645629171948770342e-03
-3.591627154410304001e-03
-4.363949531454691666e-03
-4.086534346682491048e-03
-3.189703440568125714e-03
-1.725870545295826730e-03
2.161520035148800645e-04
2.284011135473829057e-03
4.232879274344902853e-03
5.909940150995440789e-03
7.179273650015804975e-03
8.033506548462687746e-03
8.640639211029865763e-03
8.928774007423312398e-03
8.733797543668764263e-03
8.137139360805845101e-03
7.296492698394496657e-03
6.276983825482140844e-03
5.193863280123833803e-03
4.145382232926486665e-03
3.127793980506776705e-03
2.240875077104131918e-03
1.671120945545778724e-03
1.471894451132493842e-03
1.603238325903699746e-03
2.042827313758488472e-03
2.669626979719730286e-03
3.342918733590938274e-03
3.957312581653660288e-03
4.460291414003059174e-03
4.821800288282718228e-03
5.016472345763967056e-03
5.073451187598942980e-03
4.992733438351493191e-03
4.801060629929798651e-03
4.585968384637206796e-03
4.444403743122604666e-03
4.385541372962542539e-03
4.382123706392571094e-03
4.422653971992263067e-03
4.453234591398347320e-03
4.480820668044227517e-03
4.531666214510732260e-03
4.580324137651192729e-03
4.607611252060106466e-03
4.612710490612847991e-03
4.595516655243381265e-03
4.563864040036280656e-03
4.537747802485059267e-03
4.514821233952082125e-03
4.487062386435036743e-03
4.459159195659312402e-03
4.431091199367687139e-03
4.404231892077836719e-03
4.383008950673783488e-03
4.366691027178903894e-03
4.351754447130762316e-03
4.338785838581271648e-03
4.327578063118897589e-03
4.317923982331661747e-03
4.309616457808473911e-03
4.302448351137355687e-03
4.296212523907216863e-03
