1.393185302248045598e-01
3.336589613668452525e-01
4.441914801153596937e-01
4.828011080969423219e-01
4.613728669381877978e-01
3.917917782656898940e-01
2.859428637060437151e-01
1.557111448858428115e-01
1.760885635640230262e-02
-1.209650234721927342e-01
-2.480025790357306414e-01
-3.459054499610321187e-01
-4.020752746645788189e-01
-4.129411100848122684e-01
-3.760326512821017264e-01
-2.963075438045408294e-01
-1.818962798549661475e-01
-4.790188275327311729e-02
9.204499850730396560e-02
2.210931428534168575e-01
3.234681762170956709e-01
3.878980966199681024e-01
4.068508094621923199e-01
3.784996270261751228e-01
3.050748855569194173e-01
1.971516907821120324e-01
6.507553453042547176e-02
-7.487034800403136181e-02
-2.061227352711351157e-01
-3.134037330562209345e-01
-3.845625107311996249e-01
-4.104547366785351592e-01
-3.868728158960536012e-01
-3.193120199525364411e-01
-2.137185759009375685e-01
-8.312731607449985738e-02
5.742981766305610414e-02
1.906886526925737346e-01
3.018301014078754729e-01
3.765769238182228307e-01
4.054151757997228600e-01
3.878781598344422932e-01
3.245489721948169315e-01
2.225641341234632087e-01
9.308698261460035539e-02
-4.658213243259901049e-02
-1.817016911170341587e-01
-2.955614276513857108e-01
-3.741887364592685339e-01
-4.102799051797282326e-01
-3.986983334550023850e-01
-3.405000115682375039e-01
-2.413955895046362432e-01
-1.148847586147265787e-01
2.649110719634717448e-02
1.651443504240623916e-01
2.842485003943155952e-01
3.700707505357698768e-01
4.124101053653901339e-01
4.062144283029744951e-01
3.509572018848392538e-01
2.547003548780877313e-01
1.260723255454418990e-01
-1.884042278300834816e-02
-1.632080224601181184e-01
-2.898472591514004160e-01
-3.843999599904870390e-01
-4.343927629627131193e-01
-4.327019603678106119e-01
-3.825638408249699696e-01
-2.877981159294266122e-01
-1.587420602949792814e-01
-9.133993535539897124e-03
1.422280375508391259e-01
2.787234091802175406e-01
3.827201379143632121e-01
4.414313579258055675e-01
4.505376579218089983e-01
4.072491922638801221e-01
3.158881133427118293e-01
1.856881431087296086e-01
3.372505754133348077e-02
-1.247988002324323942e-01
-2.708299148639109477e-01
-3.866194036948467083e-01
-4.590544173950819040e-01
-4.791848271430245720e-01
-4.444961306699041215e-01
-3.572009543909722140e-01
-2.290191558335922251e-01
-7.190767022312838375e-02
9.513079270030022627e-02
2.528885468132389125e-01
3.829209751757449709e-01
4.703776675448274602e-01
5.036639084125613675e-01
4.770288534248943169e-01
3.963142872409626261e-01
2.683062528444590811e-01
1.078130510721853064e-01
-6.771306507339036607e-02
-2.369957075783931666e-01
-3.815408398590780514e-01
-4.832484827835291652e-01
-5.294294167251620831e-01
-5.173503455906158788e-01
-4.463787836936941034e-01
-3.242444922605772772e-01
-1.635399565508010022e-01
1.507165470269256069e-02
1.935140435006150739e-01
3.507577695133430318e-01
4.681694981196882210e-01
5.336093437003166517e-01
5.386693160858868623e-01
4.825866834325547305e-01
3.700441689861622141e-01
2.157183955954860011e-01
3.430011534244759019e-02
-1.524825229658548498e-01
-3.233614745458416317e-01
-4.589190652236008194e-01
-5.437937892292794562e-01
-5.677289387720287905e-01
-5.263839648216392941e-01
-4.270245902905763780e-01
-2.782220736203180333e-01
-9.722621953112231541e-02
9.649601824588627252e-02
2.800758401870246939e-01
4.336398504821774580e-01
5.383927390704363880e-01
5.814740592969092070e-01
5.610966697278720883e-01
4.775362114340093722e-01
3.399230102081272076e-01
1.621911742118709032e-01
-3.366876534306761926e-02
-2.276235044362971971e-01
-3.966853425698750879e-01
-5.213323009699706301e-01
-5.892611828899182447e-01
-5.918934670765985118e-01
-5.290173067694181608e-01
-4.061506097202849386e-01
-2.394165564531114399e-01
-4.475136090577525039e-02
1.549746890427992074e-01
3.372931947825223986e-01
4.819234519709734155e-01
5.728591418315609474e-01
5.994287320703837185e-01
5.571234676096112892e-01
4.536839702952746300e-01
2.982715466502690038e-01
1.094721170157695322e-01
-9.210556933207658670e-02
-2.830476133167580954e-01
-4.429544673148033684e-01
-5.528939685173210883e-01
-5.998296438544938880e-01
-5.819677465689174767e-01
-4.997218865242589736e-01
-3.625810581923786247e-01
-1.848570826235524933e-01
1.112453040409233651e-02
2.053498074128246031e-01
3.752075706723472237e-01
5.015546911466843838e-01
5.728502244928419529e-01
5.805289265116542197e-01
5.241551445928704922e-01
4.091459569107613881e-01
2.509689262475247595e-01
6.488566686621011215e-02
-1.271801654021011974e-01
-3.037310882525297018e-01
-4.455644151168181022e-01
-5.374044721552628801e-01
-5.693446342692685125e-01
-5.371156346571939189e-01
-4.477415002057681948e-01
-3.094035032398261276e-01
-1.385882842355631306e-01
4.607439371047927779e-02
2.231085704322399721e-01
3.737328961824619711e-01
4.802583338283159531e-01
5.304438134884423839e-01
5.226902059303599746e-01
4.569558688733335039e-01
3.411046766884002768e-01
1.874853368463842429e-01
1.557307098035387583e-02
-1.569314811297433110e-01
-3.097362214643032408e-01
-4.255841630825544231e-01
-4.940684388525738990e-01
-5.075271757495880554e-01
-4.653685899206808640e-01
-3.720426601787449883e-01
-2.409736781103986036e-01
-8.498737423541458114e-02
7.740374666735982956e-02
2.276798821238272819e-01
3.496879251266282740e-01
4.306091584499385228e-01
4.618630166578905349e-01
4.397494226049707411e-01
3.704004533766156460e-01
2.604968706267816181e-01
1.241081949494051706e-01
-2.296797429952546210e-02
-1.635728368082132178e-01
-2.828070241301018362e-01
-3.668280339391762901e-01
-4.063074874720994378e-01
-4.010446565125700413e-01
-3.514719524511803472e-01
-2.640195153112256943e-01
-1.489337244367536783e-01
-2.177735198473407241e-02
1.040390008093234897e-01
2.134756421417400851e-01
2.941404436532268907e-01
3.402182528835142605e-01
3.468168596737770670e-01
3.140977914139957416e-01
2.464262908389016626e-01
1.544087291860563038e-01
4.748747290264532239e-02
-6.093934632914976834e-02
-1.576826872164448501e-01
-2.326617475406760338e-01
-2.781866586621303261e-01
-2.903276118301353348e-01
-2.683796835320696461e-01
-2.178657465473667898e-01
-1.440001536763572121e-01
-5.718606378925616962e-02
3.138776858498193434e-02
1.113446636346611118e-01
1.740067493525438991e-01
2.119935761588347400e-01
2.213015677661949177e-01
2.045928179872495978e-01
1.637911370671654154e-01
1.047731317310056642e-01
3.551703905160619179e-02
-3.437136891859760013e-02
-9.671773742872891155e-02
-1.427948780882112301e-01
-1.670452137163538353e-01
-1.702420881376698336e-01
-1.521642866863393007e-01
-1.153729343959070119e-01
-6.531496396559388629e-02
-1.055433480565171056e-02
4.238367391255737360e-02
8.575716149260981247e-02
1.131012678141705141e-01
1.226566513414810711e-01
1.133188270729703628e-01
8.663102607836581370e-02
4.641966275986586510e-02
1.927942381656500004e-04
-4.660811623569538487e-02
-8.680449699327164037e-02
-1.133883086441104249e-01
-1.228847020155867664e-01
-1.136322880500184596e-01
-8.649063228488795829e-02
-4.436577660459239958e-02
5.662642530822603604e-03
5.815986243640747233e-02
1.051565045025579792e-01
1.388195548980555305e-01
1.541227073945321546e-01
1.481334740156245999e-01
1.203166906873101016e-01
7.270612330720682692e-02
1.216505958530289533e-02
-5.558218829605354738e-02
-1.211425749472685442e-01
-1.750503372829124160e-01
-2.096537407022934785e-01
-2.196544767687472755e-01
-2.018640062181735750e-01
-1.563641186135820149e-01
-8.882659767292500064e-02
-4.627630521068959446e-03
8.571598800728708056e-02
1.709624710039014950e-01
2.399888621442252123e-01
2.840082045606113770e-01
2.947217022199621894e-01
2.682486883366952402e-01
2.087354197052644356e-01
1.202687592089888291e-01
1.199316496304336788e-02
-1.044151656719847221e-01
-2.142538798269911782e-01
-3.051054362033033263e-01
-3.638478567905345518e-01
-3.817737250187513975e-01
-3.576624152768026477e-01
-2.913922003542378514e-01
-1.885216106396144786e-01
-5.896261851184780856e-02
8.098693439119175608e-02
2.175606807875956061e-01
3.341738827606761664e-01
4.161067858040501388e-01
4.538169996307848120e-01
4.410696779710856497e-01
3.774712105196216250e-01
2.675224306339454294e-01
1.242071248863898525e-01
-3.963033341449717639e-02
-2.047993161642673865e-01
-3.524598448276252682e-01
-4.652055757949075110e-01
-5.295367384946573219e-01
-5.360262388152308155e-01
-4.810877158940678466e-01
-3.720598741407057375e-01
-2.175100414887795042e-01
-3.402876440233548738e-02
1.594131928676205678e-01
3.400693666332550436e-01
4.883067607900404283e-01
5.850851166443959972e-01
6.175115398144332968e-01
5.835127435685090180e-01
4.835350557124493687e-01
3.270878701271724420e-01
1.288777687358184654e-01
-8.757719039532307903e-02
-3.007568173222533447e-01
-4.855048315338910125e-01
-6.202377653555389836e-01
-6.903681213080534729e-01
-6.860503501295753814e-01
-6.065377681106793872e-01
-4.575890086426749326e-01
-2.570349413996551036e-01
-2.312344613436168039e-02
2.174789036713096202e-01
4.384564100794570152e-01
6.147485695806371719e-01
7.264306838766392271e-01
7.590569379048042187e-01
7.058963536817706164e-01
5.754805769703668084e-01
3.785184942176771372e-01
1.364529094970550194e-01
-1.259929357295369590e-01
-3.783853032917225967e-01
-5.939792158391616894e-01
-7.471136169255072623e-01
-8.192614349333855461e-01
-8.046156259186640902e-01
-7.015880062552897201e-01
-5.209303710022450407e-01
-2.798564541325191390e-01
-7.336962612338737699e-03
2.700108282947206728e-01
5.208998833033151588e-01
7.171009373273755649e-01
8.376750459746866717e-01
8.679004257831073321e-01
8.042090126498788738e-01
6.506312000475176216e-01
4.258761476935426504e-01
1.504475169699845960e-01
-1.440841874831609859e-01
-4.263170319019665699e-01
-6.648399844925141355e-01
-8.336740987630246735e-01
-9.130143765844696002e-01
-8.916849219990480302e-01
-7.754806371720933678e-01
-5.735948954052567661e-01
-3.079900439419900326e-01
-5.107838415042476043e-03
3.000512575046956343e-01
5.757556904490419569e-01
7.900152500916142184e-01
9.184119350187682773e-01
9.497443197681325611e-01
8.778530601713661063e-01
7.105650575815618541e-01
4.633757664779947216e-01
1.660270265111820631e-01
-1.527198944447824003e-01
-4.569734413007883189e-01
-7.133512225172873311e-01
-8.942826963568915044e-01
-9.793641558513259682e-01
-9.596348454907422942e-01
-8.345362081475629079e-01
-6.204161275536838049e-01
-3.365552758344170226e-01
-1.611713138358572550e-02
3.069336592204527925e-01
5.968284138916519765e-01
8.228557926734407779e-01
9.595320510928362356e-01
9.903036696411489093e-01
9.158046844129328345e-01
7.411412232073681938e-01
4.860144328034066152e-01
1.758400903222621103e-01
-1.529885871049074808e-01
-4.667910955584118060e-01
-7.296725811002469086e-01
-9.128801996729817292e-01
-1.000000000000000000e+00
-9.795221314586759487e-01
-8.541454718373467925e-01
-6.353260433201184387e-01
-3.500534183413627209e-01
-2.567817067675648435e-02
3.009203517383551851e-01
5.945922249732291665e-01
8.238392863247168130e-01
9.638342941181388124e-01
1.000000000000000000e+00
9.265164597417745451e-01
7.553094745029054202e-01
5.016787973300889103e-01
1.947564282887055409e-01
-1.337274557312850831e-01
-4.468740203387402410e-01
-7.120348916838665776e-01
-8.995447674548952000e-01
-9.882020783609360981e-01
-9.727695061805963217e-01
-8.526998896235337133e-01
-6.421066928106815563e-01
-3.617615367360728085e-01
-4.501411741553884571e-02
2.763353358715439079e-01
5.659450991760734961e-01
7.924306906242271076e-01
9.336979329620882506e-01
9.736375157761552046e-01
9.091904061275513094e-01
7.456305121190758278e-01
5.043122332743339431e-01
2.080725664068177050e-01
-1.092200750533933729e-01
-4.138231297065740888e-01
-6.727990303301352171e-01
-8.588472418933730257e-01
-9.516025691618231752e-01
-9.395021682019086828e-01
-8.291153201877969892e-01
-6.302525556788241001e-01
-3.659061710896174269e-01
-6.331622743491938099e-02
2.426743901195154152e-01
5.204787957129841658e-01
7.390721210379465056e-01
8.745876619252561657e-01
9.165028818870966099e-01
8.590155352912907105e-01
7.100065665261610093e-01
4.845813041299664725e-01
2.111032853755270278e-01
-8.363996465580336714e-02
-3.668532136786792908e-01
-6.077705649072938643e-01
-7.818938292850774463e-01
-8.706296852298943678e-01
-8.660546102374030442e-01
-7.677200763798494032e-01
-5.898326562194884382e-01
-3.489891342359718873e-01
-7.357561424055580890e-02
2.071359749321590726e-01
4.625546879000588252e-01
6.662062733482976284e-01
7.959868529558593586e-01
8.373986821375134504e-01
7.910595876771397972e-01
6.605697866951816266e-01
4.612076654574253087e-01
2.133179606544544082e-01
-5.396358599715289639e-02
-3.132943356892061715e-01
-5.352477527691976711e-01
-6.962040065676692313e-01
-7.828041916241179621e-01
-7.851551376686937145e-01
-7.043119326937996583e-01
-5.484596512671056079e-01
-3.381144541485507915e-01
-9.363793689711041868e-02
1.572508461110404543e-01
3.874387556093183971e-01
5.728723873897672014e-01
6.943174612880766983e-01
7.393926208786982812e-01
7.025497172404879809e-01
5.922986745555669508e-01
4.190043190675734053e-01
2.032689366501725381e-01
-3.182734153150634793e-02
-2.598701126940512474e-01
-4.574067860652203388e-01
-6.026733289550303407e-01
-6.799594623797511339e-01
-6.854264333801249887e-01
-6.178573694773265013e-01
-4.859118560744655202e-01
-3.036002396926424929e-01
-9.371026909853019671e-02
1.228166869023794572e-01
3.216994333499365588e-01
4.815209579153987285e-01
5.879518484556833791e-01
6.297837427758681272e-01
6.038733795485509148e-01
5.130813055742098339e-01
3.705204660114342907e-01
1.897976786065842525e-01
-7.960827179617990801e-03
-2.012539469028377104e-01
-3.696652030894856944e-01
-4.960230488224023349e-01
-5.669247881113099741e-01
-5.746978918600288422e-01
-5.234408115020816599e-01
-4.180824266443311510e-01
-2.705430005499200874e-01
-9.638330231445135787e-02
8.402152544103924647e-02
2.521943083931672547e-01
3.891065442553300890e-01
4.803049874056328772e-01
5.200322798113439227e-01
5.039150888085661695e-01
4.344866435802983151e-01
3.193994501008354803e-01
1.739415758082736296e-01
1.214050735607363762e-02
-1.479516330814155678e-01
-2.886431312887420830e-01
-3.960291590386374461e-01
-4.594608808398553679e-01
-4.730450962232125578e-01
-4.353541740056482423e-01
-3.535994093222316614e-01
-2.354662921055402647e-01
-9.546599189717164258e-02
5.060891840300052458e-02
1.869925207132636658e-01
2.999669734048004965e-01
3.770859850725132301e-01
4.102504741888508555e-01
4.000992640390421684e-01
3.476191095266669695e-01
2.589394296166283027e-01
1.439865340166568419e-01
1.724696356421429044e-02
-1.084455295100152927e-01
-2.184959992770606485e-01
-3.012667049104509331e-01
-3.514116243667132489e-01
-3.636848996718999860e-01
-3.370555067462124299e-01
-2.750710698575228319e-01
-1.868760675857055187e-01
-8.071306823938861896e-02
3.112353582503279981e-02
1.359671329635590009e-01
2.233552347256133608e-01
2.847944926829275580e-01
3.139854420825114456e-01
3.081645342584315994e-01
2.713529290191607490e-01
2.070592012041125862e-01
1.225178232651868981e-01
2.723325388252750834e-02
-6.799957317430183057e-02
-1.536719892083149297e-01
-2.197841421201568446e-01
-2.595388971334159356e-01
-2.723543668083088232e-01
-2.570010932441946228e-01
-2.149987759651298402e-01
-1.514111047589071779e-01
-7.487228120329592063e-02
7.247005065014411329e-03
8.538350107114789367e-02
1.507765501983342471e-01
1.982545621069513597e-01
2.232902315085214529e-01
2.230570515746403970e-01
1.979685809167448518e-01
1.529987172408993068e-01
9.215432295301084764e-02
2.288158940950202336e-02
-4.632053080833065106e-02
-1.083954060920492291e-01
-1.574341459588910475e-01
-1.877834967190201709e-01
-1.964565805536627741e-01
-1.854703565013724464e-01
-1.558715196614621767e-01
-1.107335856074949110e-01
-5.568090438388095809e-02
2.271009021944658812e-03
5.752727301314242148e-02
1.032785395457787025e-01
1.347035406732493001e-01
1.516120045524314008e-01
1.523738292863521249e-01
1.363365677807746312e-01
1.060427259258756028e-01
6.621240378374082525e-02
2.032092114178296605e-02
-2.600643029406890516e-02
-6.712436421834533373e-02
-9.986807949602583001e-02
-1.213241964436836406e-01
-1.288239646970190666e-01
-1.221023796070832557e-01
-1.041471803108446892e-01
-7.638862720819572516e-02
-4.159613206641643579e-02
-4.231442168303067852e-03
3.174558453355369458e-02
6.305989159853586656e-02
8.558529346144827521e-02
9.722001329256269031e-02
9.929144568132186599e-02
9.146668444095906736e-02
7.392743199852414016e-02
4.926213042607319181e-02
2.090091471986488258e-02
-8.776208517916828100e-03
-3.602709972613482581e-02
-5.772147642509417587e-02
-7.326960595369413909e-02
-8.130064527605096458e-02
-8.005675140585311045e-02
-7.010934447760852617e-02
-5.413231398948026296e-02
-3.338128802957940344e-02
-1.020372257873125577e-02
1.226981419134554052e-02
3.217553109974624626e-02
4.774390033504150033e-02
5.640149457440202241e-02
5.739696446153108589e-02
5.239970470052157658e-02
4.165465636876963806e-02
2.617174019493417880e-02
8.536298350011017888e-03
-8.851222507210265711e-03
-2.459939243967423916e-02
-3.682383888151319340e-02
-4.422551567228483194e-02
-4.730949339785572860e-02
-4.569184023555794560e-02
-3.910221684002579412e-02
-2.895349772564914659e-02
-1.738202974445446358e-02
-5.224970207368673236e-03
6.294787498080323118e-03
1.578966166117146130e-02
2.310039593524315649e-02
2.754526841972881890e-02
2.822390123743634405e-02
2.550626094749208761e-02
2.059541076748838684e-02
1.382146214804147455e-02
5.816620213643375337e-03
-2.272521860336440547e-03
-9.704327854963668010e-03
-1.586362518603556815e-02
-1.996782204512326242e-02
-2.181250081456831413e-02
-2.196627244598603479e-02
-2.035631921654346144e-02
-1.692996034320581877e-02
-1.232438542948799398e-02
-7.263965306959385693e-03
-2.139494527471974550e-03
2.518719856808404600e-03
6.281162957383124024e-03
9.170899526196762963e-03
1.089972003147909874e-02
1.097576624554319480e-02
9.498569796010825073e-03
6.985969241626088788e-03
3.623904702628300001e-03
-1.829535614631394580e-04
-3.900218192797622052e-03
-7.263800186704583162e-03
-9.959023632861163655e-03
-1.147590996669067831e-02
-1.164744160783171001e-02
-1.071867806717874405e-02
-8.772094941653985067e-03
-6.182117563749089939e-03
-3.498399095621107513e-03
-1.142186271842371426e-03
6.921928309784330935e-04
1.850327885841052122e-03
2.235241359457518229e-03
2.013669828153208385e-03
1.204880714754885673e-03
-5.298448162471824929e-05
-1.393139311477442632e-03
-2.458651656777721684e-03
-3.177875640203997598e-03
-3.577444182981004417e-03
-3.664516342999579734e-03
-3.624403033898215831e-03
-3.441406570976357493e-03
-3.077712755588879467e-03
-2.685701784071126141e-03
-2.394828601815501834e-03
-2.224176872538397021e-03
-2.164576156276187824e-03
-2.191773601658231208e-03
-2.215516656023930331e-03
-2.248890312765428057e-03
-2.328056023945146435e-03
-2.410882513376511049e-03
-2.467499850438481523e-03
-2.494944577522417717e-03
-2.493659776282575180e-03
-2.476354966268634605e-03
-2.473172761291664301e-03
-2.478939535988544662e-03
-2.478660326676207504e-03
-2.478814920604421879e-03
-2.480506124063475148e-03
-2.483957457245500322e-03
-2.491498816330373067e-03
-2.499545176234962973e-03
-2.502445248509954645e-03
-2.501432755048105250e-03
-2.499533623421923423e-03
-2.497018962648756002e-03
-2.495449836705798674e-03
-2.494889297352420598e-03
-2.494534696544148389e-03
-2.494958458484020092e-03
-2.496274911798268548e-03
-2.498282439235555152e-03
-2.500657696570374178e-03
-2.502781519459040815e-03
-2.503992211285499536e-03
-2.504149697597268798e-03
-2.503270931025314283e-03
-2.501278994811229062e-03
-2.498296003424105294e-03
-2.494479813754169051e-03
-2.489868846291876103e-03
-2.484501521527460177e-03
-2.478416259951154998e-03
-2.471651482053527360e-03
-2.464245608324922010e-03
