1.249011171626426275e-01
-2.833683796942920718e-02
-1.439867414957314296e-01
-2.251508810748031886e-01
-2.749315443651839663e-01
-2.964310190254128008e-01
-2.927515927140292851e-01
-2.669955530895745666e-01
-2.204104054679165703e-01
-1.540005973697399222e-01
-7.279427806327709582e-02
1.315302244999205783e-02
9.470733948739806785e-02
1.651774818431344105e-01
2.175884637550784539e-01
2.469163087828341041e-01
2.504557498929771420e-01
2.300438926630794523e-01
1.878055020994255919e-01
1.282785096112797341e-01
5.758291084125888304e-02
-1.655508332051947029e-02
-8.726563556361011109e-02
-1.474557216524183811e-01
-1.915899979496403782e-01
-2.175764514454255893e-01
-2.232191542971286857e-01
-2.082885619747529837e-01
-1.748210867319103246e-01
-1.271969867899283013e-01
-6.944995593706071446e-02
-7.227381660252052420e-03
5.341061515292699902e-02
1.074468812669171491e-01
1.504989699009937620e-01
1.787002556513062057e-01
1.898348994149496871e-01
1.848709121427944968e-01
1.643881311236270459e-01
1.298452235937452848e-01
8.443535201128971046e-02
3.243090914940061076e-02
-2.199909452428994161e-02
-7.379979951358217605e-02
-1.187686237676579548e-01
-1.544502788541725069e-01
-1.778798227859905712e-01
-1.859709967721258073e-01
-1.779445523968994358e-01
-1.557809350392603820e-01
-1.208759148080302825e-01
-7.527417505754974147e-02
-2.268348883326587462e-02
3.250592988444434006e-02
8.612866362887361404e-02
1.330843252393210108e-01
1.692976952554694492e-01
1.923160318660654955e-01
1.996327509813935475e-01
1.890113346711999043e-01
1.607601096790456374e-01
1.180520697729805502e-01
6.345847397356307873e-02
5.004090550988493646e-04
-6.569202561867681922e-02
-1.290231891664171959e-01
-1.839315941285867284e-01
-2.239989083480274923e-01
-2.447526380261935142e-01
-2.443164973474537538e-01
-2.213552555296282032e-01
-1.763058373164492210e-01
-1.121900103644433155e-01
-3.499979786688123262e-02
4.941743949182120232e-02
1.327964460334187802e-01
2.068324680953017580e-01
2.637516036638061223e-01
2.973207584441530660e-01
3.021559165562421878e-01
2.759506307030126226e-01
2.214753322989355677e-01
1.421792757716293654e-01
4.483992721150498184e-02
-6.184786524361174376e-02
-1.666228929725611652e-01
-2.593218371644783193e-01
-3.290287994391026816e-01
-3.675579783169997672e-01
-3.707733023424483187e-01
-3.363178701157897299e-01
-2.661017401191315690e-01
-1.654911954948045105e-01
-4.513822208184681273e-02
8.466038939151965259e-02
2.102542737978583265e-01
3.184552726446021609e-01
3.973448753061761263e-01
4.377073343402659855e-01
4.334618368219629314e-01
3.826876926789108957e-01
2.908944389856800150e-01
1.650501424013748331e-01
1.751989915341400916e-02
-1.377250761941657409e-01
-2.836057071916426864e-01
-4.050997902870723255e-01
-4.877585684104194241e-01
-5.212686965201578371e-01
-5.021721161881367301e-01
-4.298141765410903314e-01
-3.105300998437093840e-01
-1.544688888544949457e-01
2.125930280412835494e-02
2.002050042860066270e-01
3.626312277271706019e-01
4.908049020691904740e-01
5.705007207935794966e-01
5.916820866478953445e-01
5.508805133420182631e-01
4.496133750820705544e-01
2.988649156487599434e-01
1.114386121760808646e-01
-9.209991607945211545e-02
-2.910024994617654848e-01
-4.634151420057801563e-01
-5.908655689959563251e-01
-6.583313215345106828e-01
-6.564508141898457438e-01
-5.861352610270169627e-01
-4.517310797636593378e-01
-2.670320850450115246e-01
-4.926358326792834585e-02
1.771919984611676213e-01
3.896296910796421820e-01
5.639459092647352012e-01
6.808003158861373194e-01
7.283310274711800592e-01
6.989132071466608309e-01
5.948566723096508913e-01
4.243757975622224343e-01
2.066499443539204783e-01
-3.816278192073463416e-02
-2.830527674140596028e-01
-5.023957013985242970e-01
-6.721240890736189799e-01
-7.732498152492650600e-01
-7.939786725797552958e-01
-7.292772609296968023e-01
-5.876691999701486591e-01
-3.809882835991320604e-01
-1.313478627909854257e-01
1.366602862851464817e-01
3.931563134623272671e-01
6.114265280671575820e-01
7.668075971187509055e-01
8.411316861535225176e-01
8.275563046005016687e-01
7.245585212778606898e-01
5.433179638201017791e-01
3.002989635525403767e-01
2.307342811530399551e-02
-2.611215139767275595e-01
-5.210310547181846719e-01
-7.284658197872252439e-01
-8.610171238213407685e-01
-9.031097251035427043e-01
-8.502558034985215896e-01
-7.051257055861661627e-01
-4.848226749528081747e-01
-2.095540745671381488e-01
8.993942307088720334e-02
3.825385166206178855e-01
6.363950874576520533e-01
8.243609828745095403e-01
9.256892538407577309e-01
9.276691520153761417e-01
8.320943152869528792e-01
6.461289701841679278e-01
3.904072726103564595e-01
9.000012560194070588e-02
-2.214044180246563798e-01
-5.117784320083469396e-01
-7.489885229929829080e-01
-9.071816870379074693e-01
-9.709603145892208298e-01
-9.314822682418153477e-01
-7.934978887650308010e-01
-5.691657562239351709e-01
-2.845899279421042483e-01
3.248585676702231417e-02
3.470670461995546408e-01
6.258019860698855741e-01
8.388649801586887111e-01
9.630689423344214184e-01
9.854531257887977347e-01
9.016759229645785467e-01
7.229543893269174681e-01
4.653468026152052239e-01
1.579178230492472856e-01
-1.679386498539100492e-01
-4.765164614955820221e-01
-7.355475879169255382e-01
-9.167890666790152743e-01
-1.000000000000000000e+00
-9.786192836648819338e-01
-8.528194878479831154e-01
-6.372840949711560121e-01
-3.528416644782212952e-01
-3.191590137723521181e-02
2.929427305017708871e-01
5.858397041148795115e-01
8.156168919659552152e-01
9.590581150258328247e-01
1.000000000000000000e+00
9.350488161949259691e-01
7.692480969905102217e-01
5.230991718820230396e-01
2.202946229919495735e-01
-1.051047804015875498e-01
-4.189352742393269713e-01
-6.875531030152959300e-01
-8.827305543081559458e-01
-9.839669827800758828e-01
-9.795245611087965987e-01
-8.731873403457324212e-01
-6.742046540099286833e-01
-4.055549735037501380e-01
-9.432721715067626800e-02
2.245213626466031620e-01
5.181486373281118940e-01
7.548135634758521562e-01
9.093950825345380462e-01
9.681181336340707322e-01
9.237517875141234569e-01
7.828093846915167298e-01
5.587972947125297019e-01
2.784792516335483636e-01
-3.034664156608035679e-02
-3.336748943696262737e-01
-5.996003955572567490e-01
-8.006135408324248637e-01
-9.156631390602566478e-01
-9.341898126505399080e-01
-8.534600907534515279e-01
-6.852819253320714399e-01
-4.454807056765580642e-01
-1.619011334963510462e-01
1.361811180850371894e-01
4.164738579422684328e-01
6.501360196281333881e-01
8.126500021888378722e-01
8.867079415519023566e-01
8.679869196666636366e-01
7.574868541097528052e-01
5.691657598639476845e-01
3.217445609428482012e-01
4.388123101546170801e-02
-2.362840851122071095e-01
-4.880568371669261607e-01
-6.852532662624135629e-01
-8.095636335561751107e-01
-8.477744410114520512e-01
-7.978155418877787008e-01
-6.644116759805649419e-01
-4.651915389720482352e-01
-2.194737222612945793e-01
4.494231349641997220e-02
3.006940403238698156e-01
5.210694316484856259e-01
6.836302354760130928e-01
7.724609553657910688e-01
7.780944522964345911e-01
7.041267503584316412e-01
5.576577236111264213e-01
3.562972008528257906e-01
1.205621841355775103e-01
-1.230194295889851519e-01
-3.499015268146146163e-01
-5.362622554055653801e-01
-6.630226819503264313e-01
-7.203104839013161342e-01
-7.021008095259934079e-01
-6.127130240634448555e-01
-4.614092909400527853e-01
-2.671608013847265317e-01
-4.900170308148044107e-02
1.693903786543529133e-01
3.655436197345580673e-01
5.202817224849098920e-01
6.182922824994236954e-01
6.514303694046466031e-01
6.164936344611839925e-01
5.206060712211162400e-01
3.731155874053875277e-01
1.913083293352368930e-01
-6.202884280929632510e-03
-1.984557541116130919e-01
-3.665143307056022426e-01
-4.935956573415247739e-01
-5.671371728729713846e-01
-5.832172958468930801e-01
-5.404273801996772875e-01
-4.450900060354194832e-01
-3.070898747279806607e-01
-1.427315408029560251e-01
3.186420919251276018e-02
1.981256333408063508e-01
3.395473532931598815e-01
4.439132271582209022e-01
5.012849367839617987e-01
5.074800344803156449e-01
4.624370325694417971e-01
3.735618181540698579e-01
2.493512212951145557e-01
1.039246223652225964e-01
-4.785060789235096035e-02
-1.909197144070495789e-01
-3.118264165012801792e-01
-3.991809608241315699e-01
-4.448751345301387161e-01
-4.475731482091920288e-01
-4.073602370855237131e-01
-3.294520156054168147e-01
-2.218719734717138348e-01
-9.671542656132892102e-02
3.422666891697478952e-02
1.576356608157765127e-01
2.620071670177654966e-01
3.395555190925947375e-01
3.832578330294380553e-01
3.896784462876738964e-01
3.588640616767024838e-01
2.959207874386686754e-01
2.064873830220714801e-01
9.973820655518972345e-02
-1.406973874416650450e-02
-1.242736258680603445e-01
-2.211241703281893178e-01
-2.955909573452646377e-01
-3.410329294437676184e-01
-3.554448603810727025e-01
-3.375534463787986938e-01
-2.891940394999870101e-01
-2.148946286489555879e-01
-1.224011954805650504e-01
-1.967037335753818450e-02
8.331400246924314246e-02
1.772861707879027637e-01
2.547104542934919280e-01
3.086078907146441175e-01
3.332831556558903952e-01
3.262245304545747793e-01
2.898292707035359239e-01
2.268501619339677866e-01
1.427179989515574565e-01
4.491436932426950968e-02
-5.722250482675850236e-02
-1.548337526305346712e-01
-2.382332959291002528e-01
-2.996057082050683773e-01
-3.342978272076050361e-01
-3.385967950540021976e-01
-3.115420443632628267e-01
-2.552749062050547746e-01
-1.757562185561484247e-01
-7.901867219377101126e-02
2.591824026911737633e-02
1.292845124529422574e-01
2.214324515131949056e-01
2.938342742911250749e-01
3.385898437328151989e-01
3.507660600794508809e-01
3.301868036921709049e-01
2.776602172712772099e-01
1.973763895506723820e-01
9.611495930478075600e-02
-1.590378530238334420e-02
-1.286218745518739048e-01
-2.300147106834448119e-01
-3.100574105979344575e-01
-3.615956090531531331e-01
-3.787139852365133397e-01
-3.586495486147960321e-01
-3.023284247955070336e-01
-2.158483096011803992e-01
-1.060249272399453879e-01
1.576520497482380989e-02
1.375167001284691715e-01
2.468151427340561366e-01
3.329034869196654256e-01
3.861697693276175958e-01
4.003540375205940638e-01
3.750388172098551021e-01
3.113406169916899113e-01
2.151489113259463792e-01
9.514516896000846380e-02
-3.566332901824076362e-02
-1.649206732681778309e-01
-2.784532466777411841e-01
-3.645797417988939637e-01
-4.155021924848012471e-01
-4.250270373446541905e-01
-3.915054124380867862e-01
-3.173208223116023019e-01
-2.109342285052666632e-01
-8.148773913298035243e-02
5.713806457754500023e-02
1.909048486780149378e-01
3.057769152380398481e-01
3.899775343389340065e-01
4.340728134084403944e-01
4.324917156746173053e-01
3.869371947105326726e-01
3.007028046108661812e-01
1.825745809036398715e-01
4.376528254469347345e-02
-1.004105754921463811e-01
-2.357185860211781225e-01
-3.471139060558576794e-01
-4.226989012975163051e-01
-4.558565385992936481e-01
-4.421405786820018502e-01
-3.829007492896930875e-01
-2.833162695040513102e-01
-1.551067130535224159e-01
-1.004856557777933368e-02
1.361410752354714759e-01
2.682054755273708402e-01
3.723677857007041681e-01
4.377192299696446298e-01
4.571708426597944630e-01
4.276764522098694954e-01
3.542767211415644990e-01
2.433701380268307179e-01
1.071555084048703144e-01
-4.062593886250709385e-02
-1.837189989217890007e-01
-3.076444166625680321e-01
-3.988690983324251205e-01
-4.474396411385045402e-01
-4.500553912900474574e-01
-4.055804539449934243e-01
-3.191865060163374679e-01
-1.993196019560306009e-01
-6.022836858227231804e-02
8.466941650814030496e-02
2.196154798482412573e-01
3.303219201668730065e-01
4.060535198348065311e-01
4.387042866833288368e-01
4.254044570626349664e-01
3.670160717479473700e-01
2.713097241132105264e-01
1.470662270091365187e-01
8.396273958621414124e-03
-1.302757678230938021e-01
-2.542380339283374369e-01
-3.508802931561278982e-01
-4.099465338805209358e-01
-4.248949906965232559e-01
-3.965736487451516634e-01
-3.272980590694694047e-01
-2.249365314842898256e-01
-9.977051292758498668e-02
3.383921612475071505e-02
1.624549237515673372e-01
2.718132770224961359e-01
3.504704747052036495e-01
3.920517131704877034e-01
3.919160291184526912e-01
3.507383260324683505e-01
2.726566451238991995e-01
1.677312382076521224e-01
4.596102931779433298e-02
-7.917488590271803961e-02
-1.944294982773047131e-01
-2.880484604892376010e-01
-3.505828513750892661e-01
-3.758152468824987880e-01
-3.608546952292237542e-01
-3.096762078944327312e-01
-2.271264214798484060e-01
-1.228158160282929456e-01
-7.715106614167077659e-03
1.054633032759559885e-01
2.053522981542303949e-01
2.813011031351539959e-01
3.254456361634521233e-01
3.354307507297029645e-01
3.101444306025837871e-01
2.530766400204729205e-01
1.703736650316818313e-01
7.242304414244804533e-02
-3.119456242127249812e-02
-1.291994436511357813e-01
-2.113001428539597049e-01
-2.702077009627246174e-01
-3.000907159192637286e-01
-2.986133995769664207e-01
-2.661976231450398078e-01
-2.079852960018450103e-01
-1.295001482579435370e-01
-3.988451592575203986e-02
5.127284332791326449e-02
1.345468029795258147e-01
2.017668858149967992e-01
2.460158720720562187e-01
2.628679013063366376e-01
2.530308570143053881e-01
2.175809273482600670e-01
1.606479494534018837e-01
8.828054620848502232e-02
8.961105922891121622e-03
-6.941288816661084216e-02
-1.381679419321114599e-01
-1.903944068827846392e-01
-2.226241819566937563e-01
-2.317814833565123855e-01
-2.174256638350113846e-01
-1.815186775418701215e-01
-1.293477463893661916e-01
-6.581290947188889184e-02
2.106692193919013079e-03
6.709346027276996693e-02
1.228778444523070945e-01
1.642784239039738470e-01
1.871744915107673712e-01
1.894223044268681377e-01
1.729252589754106673e-01
1.394557431446272755e-01
9.292106623709517343e-02
3.853421153864977633e-02
-1.767670832332501885e-02
-7.029096614999030823e-02
-1.136227871165335079e-01
-1.434600067929950873e-01
-1.586257193009789068e-01
-1.578670951855120075e-01
-1.415687957762903348e-01
-1.119986224970392907e-01
-7.340023008587615028e-02
-2.926374710985246708e-02
1.575066985237238981e-02
5.692398255594066647e-02
9.107324564594443395e-02
1.152413261615143902e-01
1.270585221333186965e-01
1.257923605841815284e-01
1.131434115599445622e-01
9.032725446528511171e-02
5.962596501415706740e-02
2.437955013468662280e-02
-1.184990236350480508e-02
-4.586284264181494930e-02
-7.402862932336606860e-02
-9.386371532958925901e-02
-1.051429543040633963e-01
-1.069978676908155402e-01
-9.896713017323588435e-02
-8.221166995577544601e-02
-5.910523130508515965e-02
-3.155959271396369115e-02
-2.382071049945921892e-03
2.552983759799443142e-02
5.025402466141115632e-02
6.975434798254043223e-02
8.160088893710448765e-02
8.480709431732247339e-02
8.043605885541560419e-02
6.881185227804409443e-02
5.077758770025009305e-02
2.838156662916846429e-02
3.869952461419856604e-03
-2.080427175157917308e-02
-4.294341876699769855e-02
-6.053421750078280539e-02
-7.304709717055313245e-02
-7.939874202050456464e-02
-7.833785961216654936e-02
-7.021850923608419226e-02
-5.684510260746133969e-02
-3.909747549968212166e-02
-1.820101080033920127e-02
3.861224999172296890e-03
2.541939036836549093e-02
4.468501270351366017e-02
5.907618731094821385e-02
6.726832867050380749e-02
6.964766326630855708e-02
6.585008249253365697e-02
5.542803081220126771e-02
3.941174751395171150e-02
1.979201028901966808e-02
-1.987414401564802091e-03
-2.370295881655726244e-02
-4.313039876224866731e-02
-5.893809410051309428e-02
-6.966338711309727483e-02
-7.335478117410076937e-02
-6.952913139869221215e-02
-5.951573354343253630e-02
-4.388602020650067548e-02
-2.383117700986292498e-02
-1.602901470580953003e-03
2.048055984052266076e-02
4.055909067525620415e-02
5.610567326861404247e-02
6.541940368124588012e-02
6.850126022541269677e-02
6.492192683772057826e-02
5.442963712884507643e-02
3.822107608487090857e-02
1.856232943155200488e-02
-3.084571617549380917e-03
-2.445129436182158500e-02
-4.318681908979127293e-02
-5.802280555956818020e-02
-6.755217355456677453e-02
-7.013609902214845704e-02
-6.553762825725617525e-02
-5.509652700591183283e-02
-3.947967811142061301e-02
-1.995999088933964050e-02
1.268847622592161883e-03
2.192849353112458211e-02
4.017477518705758754e-02
5.356971382467334841e-02
6.063775911367841331e-02
6.175352734837225022e-02
5.666708837020917322e-02
4.529684044735127202e-02
2.892084452388266058e-02
9.664711698099903714e-03
-1.091662429976603121e-02
-3.038713356059452586e-02
-4.649621314329299704e-02
-5.822990837153885213e-02
-6.447277968999420850e-02
-6.392694981013102851e-02
-5.663509524537524431e-02
-4.420806860577075614e-02
-2.754155924449375181e-02
-8.425081358997221770e-03
1.071550956568878554e-02
2.797977707647736345e-02
4.182363904431740664e-02
5.040068210907877599e-02
5.285614040355657295e-02
4.995322263848578359e-02
4.182805806106126845e-02
2.905706309297984014e-02
1.336212310611895049e-02
-3.138010019744230661e-03
-1.906677760081465500e-02
-3.246590498069046316e-02
-4.182547937765812573e-02
-4.722514699321966880e-02
-4.813152643737050873e-02
-4.391026641463735558e-02
-3.522296597846241717e-02
-2.360551122249110456e-02
-9.975456272428573357e-03
4.073082636317781891e-03
1.679782636574267407e-02
2.729591713383805462e-02
3.463867588406244202e-02
3.761645738290186891e-02
3.604624226840802415e-02
3.100072078735438552e-02
2.277899941460037603e-02
1.204570123051373898e-02
2.741539308588336610e-04
-1.122512505812922612e-02
-2.152259474067530487e-02
-2.923166437083213332e-02
-3.354193137698846527e-02
-3.484430707416907858e-02
-3.294124110017915275e-02
-2.768826264357948652e-02
-1.992933082283976365e-02
-1.092743867157153215e-02
-1.369727428512379497e-03
7.646960467163177455e-03
1.505257619566480187e-02
2.058027888745161960e-02
2.370696413934636482e-02
2.368213678475505901e-02
2.067544038049251576e-02
1.566385317221929974e-02
8.996295934665443639e-03
1.401738009466191315e-03
-6.030162263962801639e-03
-1.264071661268884039e-02
-1.785992382159562464e-02
-2.087732425175725659e-02
-2.143575837672329065e-02
-2.004681442785671841e-02
-1.678685551500480599e-02
-1.200698906956176870e-02
-6.569565186730241813e-03
-1.282887842677271628e-03
3.436195764226601668e-03
7.081037859245631338e-03
9.292043988066156501e-03
1.027343165389971169e-02
9.907686521569702975e-03
8.096345783540792596e-03
5.285996561122052739e-03
2.123396916401398826e-03
-1.157950021950737707e-03
-4.222630812684369239e-03
-6.697112052478026989e-03
-8.587685548562595805e-03
-9.709661717706596917e-03
-9.824438804256985236e-03
-9.067506511323930596e-03
-7.776185383459477407e-03
-6.044779008438028178e-03
-4.066048740887895363e-03
-2.150572973426800871e-03
-4.711953224081355529e-04
8.306909209800927840e-04
1.613116282655369105e-03
1.882000001884431839e-03
1.815624211453092940e-03
1.406364449823671592e-03
6.501098931741555731e-04
-2.909767421935827159e-04
-1.263819551099554239e-03
-2.196136255591896180e-03
-3.025536926240968150e-03
-3.715417223369987809e-03
-4.308929077783130168e-03
-4.743116431539684541e-03
-4.875653992901463063e-03
-4.707466250048697454e-03
-4.327596067587702322e-03
-3.765723961653200114e-03
-3.108678593166325221e-03
-2.447868210373016495e-03
-1.807862912290292279e-03
-1.250245242219061304e-03
-8.718749749907495072e-04
-7.126245029279720811e-04
-7.649056511012108928e-04
-1.016047741178471853e-03
-1.391252390487651702e-03
-1.793177853278815626e-03
-2.125992605787274670e-03
-2.364480967047111193e-03
-2.512921253222666351e-03
-2.564323758926012609e-03
-2.558292401164785623e-03
-2.492808089147646733e-03
-2.367420974845324544e-03
-2.231477391019476286e-03
-2.132449926366741799e-03
-2.076187407581309152e-03
-2.054780003682088463e-03
-2.061438694431316776e-03
-2.072076956079693666e-03
-2.089292105761142437e-03
-2.109525985063198661e-03
-2.129220435572953818e-03
-2.144817298878165523e-03
-2.152758416566147304e-03
-2.149485630223990640e-03
