1.170697454651954406e-01
1.893979953958664364e-01
2.123226441088523764e-01
1.946662602706246137e-01
1.452514125476533913e-01
7.290066960640961824e-02
-1.356339988663579632e-02
-1.053182272650120543e-01
-1.870445806927846233e-01
-2.549971696061343884e-01
-3.003596796161668303e-01
-3.116643991311234263e-01
-2.821696281821581831e-01
-2.141011830719778963e-01
-1.117090057313652185e-01
1.406113941280207058e-02
1.502931867054029258e-01
2.781594099583091229e-01
3.825834500372182756e-01
4.473489541016517634e-01
4.605192484216764637e-01
4.196203621642780046e-01
3.254785681028478095e-01
1.869911644829966857e-01
1.756218150908162023e-02
-1.604773388398051948e-01
-3.285109383375948156e-01
-4.645884366629793316e-01
-5.494870888219998140e-01
-5.718730192083656405e-01
-5.261725308572542392e-01
-4.161031482473220855e-01
-2.509083419882213173e-01
-5.183029656242099659e-02
1.615421432168075988e-01
3.625605118660584214e-01
5.263049921450617674e-01
6.328069288650046698e-01
6.681391708504724747e-01
6.269286550306225614e-01
5.107732466510797043e-01
3.352276454730973576e-01
1.163683127716561572e-01
-1.188167219355972248e-01
-3.431133363466358777e-01
-5.298069516489798403e-01
-6.574356705958277480e-01
-7.093706282049618839e-01
-6.771863260170667420e-01
-5.687639252642613386e-01
-3.933937918293557434e-01
-1.723956338893801732e-01
6.963474261918656261e-02
3.031688682325237583e-01
5.026740596474261746e-01
6.437209567430175472e-01
7.093300002166647023e-01
6.968775572286549647e-01
6.060773039761901959e-01
4.479494857308434774e-01
2.396932649190226527e-01
8.655416192068665637e-03
-2.214772666637870868e-01
-4.239989377813296878e-01
-5.756804870754800296e-01
-6.631062478486148271e-01
-6.765678909360157700e-01
-6.160443203629790698e-01
-4.880486717655847517e-01
-3.106768609488927968e-01
-1.012445387280326292e-01
1.155618671768849914e-01
3.153792503431074312e-01
4.776996393483010639e-01
5.861512442120884181e-01
6.303755918202837982e-01
6.060291385355571769e-01
5.209826481404120635e-01
3.833684594548913971e-01
2.094298843907538288e-01
1.822038584008534023e-02
-1.694314651598702870e-01
-3.350492373959389480e-01
-4.607780017403602102e-01
-5.341315918181039901e-01
-5.536056761167873486e-01
-5.175445232754929403e-01
-4.301024237443883402e-01
-3.009236576880790492e-01
-1.457136690268509005e-01
2.108136386608649993e-02
1.817403730612556778e-01
3.203003962983010933e-01
4.265433879836104669e-01
4.908768143814479235e-01
5.063507688789237182e-01
4.718906975364702827e-01
3.950262416553258493e-01
2.821438783738365874e-01
1.440024788124849575e-01
-5.496342411302590492e-03
-1.523650527544659905e-01
-2.839774725355392881e-01
-3.868964567988544268e-01
-4.515856298968946581e-01
-4.757573257437082148e-01
-4.566448040287610644e-01
-3.943176112438742109e-01
-2.946240908826310845e-01
-1.683071440200468727e-01
-2.494529454671379209e-02
1.218610406876785568e-01
2.584732265760436576e-01
3.739821812136276957e-01
4.574397262566740618e-01
4.973481025670127842e-01
4.886791118507773923e-01
4.349868084136239155e-01
3.392005422809443171e-01
2.076365259703865096e-01
5.171218720775216937e-02
-1.124443948318935016e-01
-2.699215985520962979e-01
-4.022720363588013770e-01
-4.953310826260852728e-01
-5.415264573030760253e-01
-5.340941348993848425e-01
-4.706002713574855001e-01
-3.556584387823035209e-01
-2.020658090778872928e-01
-2.180608381124904405e-02
1.663850794070267369e-01
3.424767329820417316e-01
4.873841624960666419e-01
5.858142684530460720e-01
6.238371143265166729e-01
5.945695014830985059e-01
5.040537796334965126e-01
3.586961496159588592e-01
1.721683122888983952e-01
-3.709455230186253782e-02
-2.452388783011218987e-01
-4.311901508975393149e-01
-5.722683930215515247e-01
-6.519644067718495251e-01
-6.641244998782864783e-01
-6.048869571585517857e-01
-4.790567867995039197e-01
-2.986103130917384663e-01
-8.585261266258203960e-02
1.396466657201336226e-01
3.527108821788531579e-01
5.291477457411633001e-01
6.503375736657699413e-01
7.025441276514532429e-01
6.794777422871294270e-01
5.818001089711473117e-01
4.221603509070588345e-01
2.142900388181310234e-01
-1.772286333959549598e-02
-2.487227943082774839e-01
-4.532718512357016838e-01
-6.098603201418837383e-01
-6.997708885974585069e-01
-7.119118458165858421e-01
-6.497739417975232357e-01
-5.179694466691122656e-01
-3.302826751982084197e-01
-1.058015630657835882e-01
1.290144974882734275e-01
3.501281329539438492e-01
5.314745678806500617e-01
6.532496613430653909e-01
7.067091901360540440e-01
6.850495761535557726e-01
5.906547221747671106e-01
4.331919684583247498e-01
2.331683800352593039e-01
9.445416243742288387e-03
-2.129357251435776144e-01
-4.093634073109240212e-01
-5.598932467786829070e-01
-6.492004084821760834e-01
-6.681988161870786591e-01
-6.142617170143438443e-01
-4.972381487468278127e-01
-3.276521789017632358e-01
-1.255017777894256170e-01
8.709370501277802212e-02
2.873971362948435360e-01
4.555059926839983842e-01
5.729230054250138426e-01
6.272747324307603733e-01
6.182605893837851418e-01
5.463229267370148801e-01
4.192465997028322899e-01
2.504883058298084109e-01
6.031846627494119595e-02
-1.330376476215928694e-01
-3.082584982895545389e-01
-4.474883071187719663e-01
-5.408190870180838994e-01
-5.788745099239738234e-01
-5.578047902810856495e-01
-4.804060631057213149e-01
-3.574866443466127031e-01
-1.994149014541036768e-01
-2.309234264265613845e-02
1.530983905882044027e-01
3.121729588664847732e-01
4.393715367908093139e-01
5.209977466351312092e-01
5.488162923712325281e-01
5.248607004620935435e-01
4.507169772527188645e-01
3.323829952457126868e-01
1.811725559615673387e-01
1.336157750256217192e-02
-1.556136727495973648e-01
-3.070087986572999084e-01
-4.259276810735475038e-01
-5.040785562951562992e-01
-5.330958756630065354e-01
-5.079722551726273405e-01
-4.306642422809734416e-01
-3.112581843797941339e-01
-1.590877450289851502e-01
1.015955256596745571e-02
1.788524459195304228e-01
3.302318384210483071e-01
4.499488473821235957e-01
5.241630182767778035e-01
5.445099243458086935e-01
5.123737151278269231e-01
4.293758712518895848e-01
3.022381826453286457e-01
1.431955224776020330e-01
-2.972355329144382718e-02
-2.005230722929096654e-01
-3.500058820612113042e-01
-4.625885427741186495e-01
-5.297442729454036048e-01
-5.434902535453178807e-01
-5.005893951285493859e-01
-4.047409791750962160e-01
-2.677090312553430662e-01
-1.007675409169392911e-01
7.795598732732145209e-02
2.493243978329890975e-01
3.954389765003771817e-01
5.015000307152670533e-01
5.544167854886503655e-01
5.473081403419706170e-01
4.849753377918732955e-01
3.721945193149851505e-01
2.195317283068225489e-01
4.223407712542459613e-02
-1.393182097063646596e-01
-3.069835854643013784e-01
-4.408397772011632965e-01
-5.261979435594130727e-01
-5.576903846258080000e-01
-5.308563391234256690e-01
-4.476654023772123070e-01
-3.164826229556292336e-01
-1.540403121479444470e-01
2.494281046237412092e-02
2.008178746673598969e-01
3.539359269878361580e-01
4.689068241626828115e-01
5.341736429439087885e-01
5.427289383467595041e-01
4.930910684144342859e-01
3.939202754109669691e-01
2.539041058660476136e-01
8.955428405658460989e-02
-8.075732925272449680e-02
-2.388712112631357076e-01
-3.691485533412557363e-01
-4.569700065471680173e-01
-4.931015096421623722e-01
-4.789230817892888847e-01
-4.156592396143999890e-01
-3.099944693246494687e-01
-1.735615235906760034e-01
-2.323470211407363539e-02
1.264153268439311972e-01
2.586715839273627804e-01
3.600793390370993219e-01
4.249007691008508392e-01
4.469490700051872434e-01
4.241596024925695652e-01
3.600763538275011388e-01
2.642878178558674129e-01
1.450595088511930086e-01
1.514512376311505371e-02
-1.115281002946826305e-01
-2.236405585196642454e-01
-3.115859058069311294e-01
-3.667066657803051966e-01
-3.843643879447750100e-01
-3.678003853623644792e-01
-3.187121590952229910e-01
-2.409920377416746584e-01
-1.425872479148173610e-01
-3.338071489284466509e-02
7.745958172733868885e-02
1.786633412825255895e-01
2.615278251814707744e-01
3.226280051456249520e-01
3.566559173964862772e-01
3.577872118363825127e-01
3.259214236756884375e-01
2.669449336083198343e-01
1.848237115825184240e-01
8.527935448019219322e-02
-2.287771549006689664e-02
-1.307185687890976000e-01
-2.296312055861080559e-01
-3.086882091057326916e-01
-3.603845537359352535e-01
-3.820766318281785257e-01
-3.702065247188097707e-01
-3.218978617095060724e-01
-2.403598965107780483e-01
-1.343083982714279312e-01
-1.081486653897101302e-02
1.195918238642568188e-01
2.447440771854059172e-01
3.527775455050838893e-01
4.326809777552855785e-01
4.719994964356430955e-01
4.644235503219218408e-01
4.117876488786695877e-01
3.159289811920942270e-01
1.828733050574253838e-01
2.400298979610249184e-02
-1.433556857816087327e-01
-3.038097158287972333e-01
-4.380180048765661693e-01
-5.301299438509302631e-01
-5.704881985226801788e-01
-5.520182114523772832e-01
-4.730885130713863296e-01
-3.389682697950165968e-01
-1.646153775949474873e-01
3.558543008388581619e-02
2.394965066758374395e-01
4.245098574739905040e-01
5.692960021095319068e-01
6.572247042215939583e-01
6.747876081786183811e-01
6.162497813701000027e-01
4.901335913058082472e-01
3.059996954578187989e-01
8.308941714930773159e-02
-1.555790774006817756e-01
-3.820045345509416324e-01
-5.720290236574214759e-01
-7.015435850591182909e-01
-7.539595129280151076e-01
-7.257382197975990046e-01
-6.163347264088483435e-01
-4.362304659681843777e-01
-2.029188436881464996e-01
5.487878461033002253e-02
3.119157795924798471e-01
5.384143912085581629e-01
7.079529371589923237e-01
8.027571764101739671e-01
8.105227084935802129e-01
7.294968263580066115e-01
5.658521163434413470e-01
3.399755183330785968e-01
7.265269069863311557e-02
-2.049505078856430629e-01
-4.620902899191198232e-01
-6.699887421291740308e-01
-8.056200455170543506e-01
-8.525593075215762706e-01
-8.031337607769635234e-01
-6.669371179704709496e-01
-4.554558042927979722e-01
-1.919687309801292319e-01
9.621005345826860733e-02
3.755866591181238334e-01
6.167229144797432561e-01
7.909932126994121404e-01
8.779784836718163010e-01
8.723466780427939771e-01
7.720842185423539838e-01
5.877658564063648061e-01
3.374570120454498667e-01
5.153998860944564164e-02
-2.419893761408244970e-01
-5.098121048175849879e-01
-7.219345249137716358e-01
-8.568180354288837952e-01
-8.989840879530459627e-01
-8.438127702816370368e-01
-6.950140322773252777e-01
-4.718711298166921031e-01
-1.946847587318782935e-01
1.043544276357384337e-01
3.926494348055373784e-01
6.388685663749791299e-01
8.169437615113415152e-01
9.063610205048566737e-01
8.955513138451269839e-01
7.904637783447845401e-01
5.995278312708598456e-01
3.430935739139349128e-01
4.716429834861735060e-02
-2.536284723116256634e-01
-5.284269477709611085e-01
-7.453292570361145231e-01
-8.800918170800822171e-01
-9.223235343816879039e-01
-8.648728428254605083e-01
-7.131017345799914864e-01
-4.813290192495798259e-01
-1.976152758631368744e-01
1.111689525354564445e-01
4.099820054960747751e-01
6.656865596733951840e-01
8.507971403032339452e-01
9.446631288708922103e-01
9.370602406612402735e-01
8.263925832511396230e-01
6.272712270741631624e-01
3.568909227625416403e-01
4.655835730756119339e-02
-2.706673566419839361e-01
-5.592568104879056534e-01
-7.885071142535908795e-01
-9.310784247424991333e-01
-9.693319924968268886e-01
-9.035962360356083467e-01
-7.376312447097133074e-01
-4.892662942585944696e-01
-1.832126914163155762e-01
1.440393262788124407e-01
4.584591279706828892e-01
7.221812374353955288e-01
9.053440374761332343e-01
9.910628132190379969e-01
9.672404706483537229e-01
8.360544577078190542e-01
6.094897572602140379e-01
3.165556173380794647e-01
-1.440564553602630138e-02
-3.445412855302680821e-01
-6.366339542282117847e-01
-8.580973521939965210e-01
-9.839108908496719819e-01
-1.000000000000000000e+00
-9.019621090365652627e-01
-7.044448819525039873e-01
-4.251954477143555788e-01
-9.883847755105990007e-02
2.384659442124794637e-01
5.477876236469487736e-01
7.955734605018343064e-01
9.526788732722799580e-01
1.000000000000000000e+00
9.379487478538039991e-01
7.708275947890219637e-01
5.187083594728010283e-01
2.082854329779935121e-01
-1.215504340868673872e-01
-4.356144670484232151e-01
-6.963054591474759913e-01
-8.741948012632871912e-01
-9.546621106122944456e-01
-9.270460832822216002e-01
-7.956704513673000800e-01
-5.742097486905383130e-01
-2.925064555571094127e-01
2.095812612540814968e-02
3.288042626054208384e-01
5.959168121371909432e-01
7.936667258202954045e-01
9.004380613959099833e-01
9.066409354888911309e-01
8.108970177369054788e-01
6.290484785211740704e-01
3.787752627328369037e-01
9.132137743445101208e-02
-2.010750129153414667e-01
-4.654820141463357208e-01
-6.738337333633410697e-01
-8.030971423223660643e-01
-8.388066611950443230e-01
-7.845193256904774426e-01
-6.455654471062381994e-01
-4.391333362766297599e-01
-1.877347245930680586e-01
7.787034980888507540e-02
3.297562599030274821e-01
5.389777394050441206e-01
6.831597731383511896e-01
7.528828512551184460e-01
7.408735678525295576e-01
6.505755971926503456e-01
4.925884199569749988e-01
2.888073187446904555e-01
5.924376137738973647e-02
-1.705479881180648194e-01
-3.753601166169872050e-01
-5.355866385537713104e-01
-6.359257932325550478e-01
-6.676584205524991322e-01
-6.280715435375658906e-01
-5.266038394540473178e-01
-3.729786581688361302e-01
-1.853168646241203366e-01
1.590064376773736576e-02
2.101918040798764764e-01
3.792595123396926837e-01
5.059475751160040780e-01
5.782530569255728281e-01
5.947877758769151146e-01
5.542523693334475698e-01
4.609191642982835013e-01
3.247829504859705008e-01
1.616233875779089502e-01
-1.408027318705640241e-02
-1.846019245704877410e-01
-3.340261509750086510e-01
-4.518593443334149029e-01
-5.271393299028661605e-01
-5.505653021396905711e-01
-5.198078265336130155e-01
-4.417131796206911210e-01
-3.221784552877409169e-01
-1.704477315936312465e-01
-2.342508440612567355e-04
1.717209808248918446e-01
3.301273681867733512e-01
4.575677929155341772e-01
5.409987513624630040e-01
5.747067116790851582e-01
5.535969002031921882e-01
4.766793708676038133e-01
3.498512417076089509e-01
1.864127730729716603e-01
-9.900755141341033294e-04
-1.935349311731201505e-01
-3.714371419174868905e-01
-5.162169847626969510e-01
-6.127411670097437923e-01
-6.469579754885960154e-01
-6.121698720805973659e-01
-5.142672179435899826e-01
-3.597322148854124046e-01
-1.623420665893771098e-01
5.903206299787955302e-02
2.796484717339118298e-01
4.774173337864568989e-01
6.280442774021965935e-01
7.136568679963712913e-01
7.265232386896895989e-01
6.618118079470396431e-01
5.239095700682763201e-01
3.250735523989221054e-01
8.911561405998336127e-02
-1.624983307200107419e-01
-4.014094726838481897e-01
-6.004601940278451178e-01
-7.375365146515027170e-01
-7.962457158076776675e-01
-7.684066640455874397e-01
-6.539104948966363295e-01
-4.665543086269186013e-01
-2.220619939466594861e-01
5.127380303357687019e-02
3.240254149569905540e-01
5.651805577054658247e-01
7.485126590057029627e-01
8.510699745511225434e-01
8.589953264739367267e-01
7.753060338553281472e-01
6.055508072505610961e-01
3.676096611781625167e-01
8.528599924241619945e-02
-2.077759668873426779e-01
-4.809184630019001094e-01
-7.010460451828829376e-01
-8.429138049920772424e-01
-8.944309700097410332e-01
-8.473754356257909848e-01
-7.065047124361402142e-01
-4.852342498024041495e-01
-2.116334015788599032e-01
8.779707075226017565e-02
3.784478594656299766e-01
6.275165957744948120e-01
8.080786532303507741e-01
9.000387495588508813e-01
8.936096854928601285e-01
7.874259160021528370e-01
5.967962141556577560e-01
3.390110720080996565e-01
4.525878499615521022e-02
-2.521434174660681649e-01
-5.201563122793231297e-01
-7.305045630161730585e-01
-8.592394172851249845e-01
-8.911917943990895763e-01
-8.285220700418034490e-01
-6.760105519418839748e-01
-4.509389557652232483e-01
-1.766527813517275725e-01
1.139448372450746483e-01
3.910946794446046315e-01
6.230007304232616505e-01
7.847056968141479238e-01
8.639759902765342670e-01
8.511209154632759510e-01
7.479338906280486032e-01
5.648734507038555286e-01
3.254726987067808608e-01
5.238453842571288988e-02
-2.237766694265566070e-01
-4.730699732929996015e-01
-6.697918495481619550e-01
-7.936082492909810604e-01
-8.317069032126016559e-01
-7.790528763078281571e-01
-6.460391504273517160e-01
-4.445393205391050540e-01
-1.968950072864843470e-01
7.110592747949340264e-02
3.297635392129907306e-01
5.527865378174054989e-01
7.148892866203921947e-01
7.981273623813800455e-01
7.984845409918199799e-01
7.143504655758821098e-01
5.545180843405694837e-01
3.348217072321115761e-01
8.156166444068135846e-02
-1.806906253139612950e-01
-4.223013793311642949e-01
-6.169502099952579588e-01
-7.460456091384402022e-01
-7.952806417164384190e-01
-7.590630811818503965e-01
-6.398541199924241418e-01
-4.536532331985740907e-01
-2.171001682255557785e-01
4.232719043262056502e-02
2.962088164521894385e-01
5.170753699298928918e-01
6.818959027732536260e-01
7.716974033494128360e-01
7.755146690876717486e-01
6.979229736877761159e-01
5.452500162740232525e-01
3.340740170508320617e-01
8.642602889978912017e-02
-1.677910632866347340e-01
-4.021587807957788252e-01
-5.889992285838219210e-01
-7.074380755832898604e-01
-7.491396747308477488e-01
-7.079041973327520054e-01
-5.881591703790389758e-01
-4.022552458228263461e-01
-1.744420399745769679e-01
7.285311185521714528e-02
3.105642282437270918e-01
5.113031075566039085e-01
6.536269097443250242e-01
7.218541664659037238e-01
7.095719292105771014e-01
6.172461479491433423e-01
4.590747607724801060e-01
2.501678118757968416e-01
1.652201814557696657e-02
-2.151164005428763959e-01
-4.182659382886446675e-01
-5.708862283039501939e-01
-6.551873089373243531e-01
-6.610345133257011785e-01
-5.940440714294663582e-01
-4.607113962096328619e-01
-2.774193191540519354e-01
-6.483953196310154876e-02
1.501012781034125609e-01
3.437950269268725823e-01
4.925494520404318788e-01
5.792735415494114637e-01
5.998300590765122120e-01
5.515821617197007587e-01
4.417230779210779001e-01
2.833848401703114028e-01
9.919750999967891225e-02
-9.137844445712484109e-02
-2.655125979286855342e-01
-4.021773558353572975e-01
-4.882526575195864638e-01
-5.149382409457297083e-01
-4.817330002714150794e-01
-3.930873930178991893e-01
-2.640793586128763470e-01
-1.084911066438405403e-01
5.356409099325531997e-02
2.020530323550107088e-01
3.209232281416305455e-01
3.977192937127111971e-01
4.251792577131674467e-01
4.009744004358573033e-01
3.328755348185896690e-01
2.282730916405135702e-01
1.029641121981499374e-01
-2.631573618384908109e-02
-1.443951641954545062e-01
-2.385492634308252757e-01
-2.983568653543231530e-01
-3.178477179526989493e-01
-3.002894655905902210e-01
-2.481199500472563990e-01
-1.696103103999385686e-01
-7.593444842099350556e-02
1.972422661137018807e-02
1.066563397996598272e-01
1.739234863742225023e-01
2.143520360374404632e-01
2.292226361795040024e-01
2.175292589401400800e-01
1.814208522231712806e-01
1.271017536134866344e-01
6.376696168635698214e-02
-1.570168199952148846e-03
-6.013256782061759953e-02
-1.044735014250425253e-01
-1.328025434850375053e-01
-1.430374019894723459e-01
-1.350476748888822520e-01
-1.115122732620628110e-01
-7.823781449758626660e-02
-3.878833074266152536e-02
1.259255779922696661e-03
3.570366112938194725e-02
6.188002220180699453e-02
7.775201060729575175e-02
8.209027563702919750e-02
7.569594345196994922e-02
6.227589693670521065e-02
4.319994565206664028e-02
2.107227906240183302e-02
1.212129657084393131e-04
-1.716684979300842073e-02
-2.925037297035382178e-02
-3.483613612270752835e-02
-3.417110644836351963e-02
-2.978914612796690342e-02
-2.193636662812559202e-02
-1.154508410045118616e-02
-1.245755550991600735e-03
8.400331509281322440e-03
1.671901816813625707e-02
2.284517386239048875e-02
2.591366802885963772e-02
2.505937010436043444e-02
1.941714952570938735e-02
8.121875729722782822e-03
