7.223255884696810902e-02
-1.290898090519764230e-01
-2.759133697954372355e-01
-3.726828749771800009e-01
-4.238430761909698363e-01
-4.338387250305724141e-01
-4.071145730897529624e-01
-3.481153719622802623e-01
-2.551832278890484584e-01
-1.313606570034725474e-01
1.540794686886060028e-02
1.660493276342074331e-01
3.028740982991815489e-01
4.124666984982516826e-01
4.808732195630560646e-01
4.946395958413676297e-01
4.484314336948267421e-01
3.494890387199220960e-01
2.048331183741050054e-01
3.032961797634148304e-02
-1.542147220211391723e-01
-3.253614030259169843e-01
-4.639776652560043679e-01
-5.498733615602617864e-01
-5.703552686697034302e-01
-5.267303710369910519e-01
-4.208702857714454737e-01
-2.632377057141636056e-01
-7.135588640253787140e-02
1.279413089435752493e-01
3.137037154954800400e-01
4.621248870614773629e-01
5.534292653267722795e-01
5.800164576456132703e-01
5.373038961959888393e-01
4.298350843281977252e-01
2.692091756251251411e-01
7.833295983336774349e-02
-1.234521744725849413e-01
-3.106292370037984085e-01
-4.591714908922145399e-01
-5.533020853700825192e-01
-5.825263887356451065e-01
-5.448207233792283777e-01
-4.442998527701746969e-01
-2.971275563011508414e-01
-1.175722152479435900e-01
7.167282026420940255e-02
2.474165881012484469e-01
3.911158301880048871e-01
4.881489076663134696e-01
5.285764391422707043e-01
5.087663071531673964e-01
4.370994609830163302e-01
3.201956702364427976e-01
1.718908232817071280e-01
9.522369499749050448e-03
-1.495116261250066803e-01
-2.899534794713317654e-01
-3.957771477267043592e-01
-4.566751715202405082e-01
-4.737826981397854631e-01
-4.453845793238687678e-01
-3.722720465599431705e-01
-2.621538427013410111e-01
-1.275540252959487253e-01
2.039802923608102780e-02
1.663835232189057045e-01
2.962825854669650649e-01
4.009042173933003994e-01
4.698931585463097527e-01
4.907007277934822831e-01
4.592481261137464355e-01
3.825104450779830412e-01
2.648645283365487213e-01
1.137444077867622028e-01
-5.667554616329650852e-02
-2.278920081169155676e-01
-3.836072481589027916e-01
-5.029759495138872438e-01
-5.709863562507653256e-01
-5.812108727884964798e-01
-5.282777388280984754e-01
-4.123757989194125617e-01
-2.432711284444215583e-01
-4.201708260755521174e-02
1.740009210096817860e-01
3.789114560014852362e-01
5.468451281628483596e-01
6.562795834005639151e-01
6.917214509499156616e-01
6.441193927883970272e-01
5.139741513291926633e-01
3.171512402483622761e-01
7.038089132061031705e-02
-1.947304636771174380e-01
-4.459284389956585937e-01
-6.501312674048917994e-01
-7.812652357008975645e-01
-8.182924233915567225e-01
-7.514798070599454372e-01
-5.916353057669788695e-01
-3.516123675129249060e-01
-6.148760079310222615e-02
2.447973375959249243e-01
5.256372545536858176e-01
7.464910491376299806e-01
8.745493670318322810e-01
8.895468337242300461e-01
7.947558217479431253e-01
5.964623200420977600e-01
3.191649993042893207e-01
-5.436596556952388859e-03
-3.311810619357118401e-01
-6.195268446552874009e-01
-8.307435322215235285e-01
-9.347071584860480176e-01
-9.222770383443212872e-01
-7.913361059187434821e-01
-5.601037052028876584e-01
-2.546743409545573211e-01
8.002216978123466440e-02
4.056916654807163347e-01
6.790491405433274341e-01
8.626834057075809525e-01
9.358077008951388720e-01
8.877243672082908432e-01
7.278628363940851109e-01
4.736787328762641636e-01
1.641657466070365334e-01
-1.656764042554161875e-01
-4.713709714410854179e-01
-7.126911956261992032e-01
-8.614435784935408069e-01
-8.989613785915754329e-01
-8.240861991783816620e-01
-6.446817647826255104e-01
-3.908633477907336173e-01
-9.082289275383581550e-02
2.140542720376366059e-01
4.844568662119470570e-01
6.880961504817313390e-01
8.008391854937382259e-01
8.115552426807457476e-01
7.184976143699899342e-01
5.411416791225545087e-01
2.986770472625719375e-01
2.646979575377805816e-02
-2.401961896309491307e-01
-4.691108533740245834e-01
-6.341685756556867393e-01
-7.175644748293209529e-01
-7.100933962466076110e-01
-6.208536321350803799e-01
-4.592601998673757624e-01
-2.489949603232511910e-01
-1.693328788200287871e-02
2.074487939452736018e-01
3.994389210537225843e-01
5.361622148425280177e-01
6.025906997859582503e-01
6.012200337605291267e-01
5.324688148851561831e-01
4.049404301267300887e-01
2.343307852167304528e-01
4.330576325157364792e-02
-1.482637734819625130e-01
-3.171966313066850729e-01
-4.448300256386592544e-01
-5.234116299872171307e-01
-5.450168716323091633e-01
-5.074519419040697255e-01
-4.157792220781816317e-01
-2.834359109048817382e-01
-1.216402543141392734e-01
5.227951924334983680e-02
2.187842580614782761e-01
3.613771177369344834e-01
4.662013878015578427e-01
5.195485247441051779e-01
5.145943532091876715e-01
4.569389968068424679e-01
3.503059540537856176e-01
2.023004769435030603e-01
2.745436301152714975e-02
-1.539667532379254133e-01
-3.238912957972485129e-01
-4.598628450824829850e-01
-5.455402627592031983e-01
-5.743855252917655640e-01
-5.401433000689137565e-01
-4.422615138575162197e-01
-2.893564750137138653e-01
-1.009130224787951891e-01
1.062504322255268807e-01
3.069325172858363704e-01
4.759246357462081356e-01
5.924150757406709822e-01
6.415376119309650349e-01
6.141165902123391085e-01
5.094601547829555876e-01
3.415225684956166852e-01
1.245468610642108676e-01
-1.132437017911851473e-01
-3.425321654606381383e-01
-5.346610181138991003e-01
-6.666064346281910247e-01
-7.190213796241193833e-01
-6.823411868057160934e-01
-5.649765378919103798e-01
-3.762419070901258378e-01
-1.385823454130495902e-01
1.205103483115890217e-01
3.663723475917983752e-01
5.705305028703351322e-01
7.047851699072742448e-01
7.508403569923991494e-01
7.093470264805474823e-01
5.815272067793879618e-01
3.813795426394381849e-01
1.311606071964210862e-01
-1.349927392056790021e-01
-3.881569942112692573e-01
-5.955875512926893656e-01
-7.301719471916601201e-01
-7.787316689247452128e-01
-7.337658967919373776e-01
-6.011867084919630955e-01
-3.946349543784946068e-01
-1.429775171106105747e-01
1.280439918483746720e-01
3.844349617670332897e-01
5.941817526956203466e-01
7.337203123987781073e-01
7.864683018812228532e-01
7.469585711285953167e-01
6.179628486082211491e-01
4.185433825196687163e-01
1.674322741992861907e-01
-1.040502380840854224e-01
-3.638285725788371616e-01
-5.819662463324231094e-01
-7.341009982505001252e-01
-8.009936641092585408e-01
-7.731220707119266233e-01
-6.599953615665512530e-01
-4.711629217798781744e-01
-2.275732538090178281e-01
4.418170059265968952e-02
3.108924703465378858e-01
5.435707445650672653e-01
7.123172635705516953e-01
7.964478457731267724e-01
7.919348599179063530e-01
6.962781642338349286e-01
5.186980737866602187e-01
2.774826180642144813e-01
3.860697775192045711e-03
-2.747081986261729059e-01
-5.243942177828880835e-01
-7.147113105245407327e-01
-8.251466673384693085e-01
-8.415872663221471983e-01
-7.610983744599426615e-01
-5.899490795555710765e-01
-3.512896958513732626e-01
-6.756699427680334935e-02
2.264344542277603178e-01
4.958211782088157715e-01
7.087688436436492267e-01
8.404521178806581005e-01
8.731634637126799436e-01
7.997703208092263871e-01
6.332659508666345083e-01
3.880910213496426842e-01
9.514668192241537703e-02
-2.114567793744764890e-01
-4.938479364886918521e-01
-7.199573141869326509e-01
-8.600046913123545744e-01
-8.951481220484005519e-01
-8.274422718964957735e-01
-6.612460457403872560e-01
-4.159553799764579285e-01
-1.188323324437177142e-01
1.901784918058397889e-01
4.771989354885937118e-01
7.058039568194187652e-01
8.475137767384266496e-01
8.909471674784208428e-01
8.286419706816845476e-01
6.680977617227723542e-01
4.264984966309721681e-01
1.375007178526976848e-01
-1.688925329907811079e-01
-4.544474704152806632e-01
-6.838022784689875566e-01
-8.313869299596143847e-01
-8.796312977424683988e-01
-8.243723931440479769e-01
-6.703165049326469394e-01
-4.408799791151610803e-01
-1.589811797042123276e-01
1.391711881037351883e-01
4.175376893541253853e-01
6.434135046931108715e-01
7.909024928876575711e-01
8.425780225325234518e-01
7.908904266140899253e-01
6.478917463620910144e-01
4.267485091464098268e-01
1.558954307591970956e-01
-1.328526908465910150e-01
-4.036251077028830681e-01
-6.258064471797679662e-01
-7.705992714733888027e-01
-8.194452050340707006e-01
-7.740248830644840261e-01
-6.372776658083250112e-01
-4.254507680638968115e-01
-1.623677619526975313e-01
1.165535223873488402e-01
3.804924008941277247e-01
5.953162945061487576e-01
7.341338168955742205e-01
7.853322262677004950e-01
7.412474348052069395e-01
6.076441847801883345e-01
3.991631710543390721e-01
1.460920758062389524e-01
-1.250542217429287950e-01
-3.797924864498455344e-01
-5.855750926290692604e-01
-7.187056174070605152e-01
-7.630332898857149493e-01
-7.142196200889150415e-01
-5.763422144269005898e-01
-3.713505102478287245e-01
-1.202436210427790808e-01
1.432442922180625633e-01
3.856357909120495808e-01
5.770975387738026541e-01
6.946481256081300515e-01
7.236422038760108588e-01
6.588246980308274381e-01
5.134866179684276499e-01
3.016864896897728521e-01
5.441402334803946417e-02
-1.962188264214466127e-01
-4.179932834688193655e-01
-5.843989359978527531e-01
-6.737639926227578790e-01
-6.739976446020006229e-01
-5.920429610303477030e-01
-4.356125218932094256e-01
-2.269613166766958345e-01
7.231187040416253708e-03
2.337923210078411973e-01
4.255350861587281486e-01
5.563397468407653701e-01
6.092909745603438676e-01
5.867595960878322359e-01
4.903022010090112293e-01
3.331681554228467235e-01
1.355545828634263650e-01
-7.277087718707453412e-02
-2.674793862103158615e-01
-4.225601960811641300e-01
-5.172930712066996506e-01
-5.455128247523333140e-01
-5.041011443417696691e-01
-4.010666373780636951e-01
-2.499989860576840028e-01
-7.542472433616931315e-02
1.029939113608597800e-01
2.621043331860710701e-01
3.802774786901277349e-01
4.462520376619811824e-01
4.533829125050223841e-01
4.038807328899927107e-01
3.047464591075295104e-01
1.736531076988319100e-01
2.498771101163033137e-02
-1.213892540952367094e-01
-2.457328197303260131e-01
-3.353027536459914915e-01
-3.809679031466720600e-01
-3.793400764519392343e-01
-3.317699459079901381e-01
-2.487544725954483615e-01
-1.385695870198281332e-01
-1.606479920571268760e-02
1.024434445822188788e-01
2.043571572687086224e-01
2.794363913590387494e-01
3.186935513345359183e-01
3.181739537672734208e-01
2.835800142014053282e-01
2.178334716374303870e-01
1.274434645092676899e-01
2.334991006816133918e-02
-8.245324102532347599e-02
-1.795974772452337831e-01
-2.549254334305395275e-01
-2.999461452031103592e-01
-3.148485224118597881e-01
-2.969233039327379142e-01
-2.444674504644516189e-01
-1.627589860379664577e-01
-6.215488363292653862e-02
4.911101595900402295e-02
1.575340186331186665e-01
2.499427596973822219e-01
3.171063929048218988e-01
3.505655748334861599e-01
3.411772675200059890e-01
2.873154684734493536e-01
1.974149646567473493e-01
7.785690569006886719e-02
-5.831986525311150249e-02
-1.944155582850202180e-01
-3.124266105349478018e-01
-3.980479347731090689e-01
-4.356332826577031803e-01
-4.169252968253426284e-01
-3.465053238677601177e-01
-2.285476840061714254e-01
-7.424204694627223322e-02
9.881018113681006021e-02
2.649456285246838405e-01
4.048204583532155620e-01
4.968650507055771826e-01
5.251002006716696258e-01
4.867833269925774253e-01
3.819608023935345820e-01
2.207564761866223080e-01
2.032103416822561570e-02
-1.902371631222571358e-01
-3.872411761740525149e-01
-5.420275197450167282e-01
-6.299872807767474825e-01
-6.380002735773313560e-01
-5.607493684772739684e-01
-4.063211648064899428e-01
-1.896980116740017985e-01
5.762309158473755133e-02
3.081966816860572944e-01
5.261189333426394832e-01
6.795312341664463407e-01
7.466252129666488546e-01
7.147432947431018313e-01
5.862027009465526906e-01
3.721324368392660009e-01
1.040700241270371418e-01
-1.889683993791737571e-01
-4.652433725245680440e-01
-6.865906777426833418e-01
-8.223003757910652967e-01
-8.516447568176508387e-01
-7.691661064147705673e-01
-5.799825215510333587e-01
-3.126880430115692722e-01
4.716662893000211909e-03
3.269802971455104679e-01
6.113611527567899273e-01
8.189450921730025978e-01
9.209867148623482880e-01
9.028442579092579301e-01
7.618556240259917178e-01
5.206020062997798181e-01
2.031579711284192680e-01
-1.448830335335786756e-01
-4.787904300688091697e-01
-7.532756394947919265e-01
-9.326141759352049032e-01
-9.925176571859349872e-01
-9.214895809566235885e-01
-7.333231383148464122e-01
-4.451986388535432715e-01
-9.874546651784521512e-02
2.628727710073355261e-01
5.907497012109712564e-01
8.440949160357249514e-01
9.876163120735412804e-01
1.000000000000000000e+00
8.882974941155767912e-01
6.621235158571596724e-01
3.517491422443772553e-01
-6.241846320849231411e-03
-3.617707481939970160e-01
-6.718813540509616100e-01
-8.944458800100741902e-01
-1.000000000000000000e+00
-9.835425539815494389e-01
-8.440649001065170243e-01
-6.013321391408942285e-01
-2.837853509601565571e-01
6.261343216391690447e-02
3.989567990296329913e-01
6.828378791617220056e-01
8.772295278709612010e-01
9.622438248308775588e-01
9.272429874655951920e-01
7.806006591881895496e-01
5.384418833300428364e-01
2.367445010989686072e-01
-9.174610428659824013e-02
-4.052720196109124151e-01
-6.649115114394856807e-01
-8.421063746105644787e-01
-9.165420928371753595e-01
-8.823582804454909168e-01
-7.426189475699538356e-01
-5.202407036773635252e-01
-2.377549608848519291e-01
6.879431446820949425e-02
3.628708989975759636e-01
6.108625588864184941e-01
7.854224367827342679e-01
8.658221783572601638e-01
8.414282148166212227e-01
7.227611275511540700e-01
5.208082636514017594e-01
2.602583763276313800e-01
-2.923356871305349269e-02
-3.129181937456403384e-01
-5.603645632158349432e-01
-7.413770009124402982e-01
-8.346188954966367035e-01
-8.357906086260910028e-01
-7.425044868869681292e-01
-5.644577839067028702e-01
-3.205863002826619956e-01
-4.278456225018001380e-02
2.412949467673015658e-01
4.979373096680912436e-01
6.967935399151246045e-01
8.177080259226137127e-01
8.453155236435940800e-01
7.746005152651171954e-01
6.108337272329311674e-01
3.756814886611912208e-01
9.078247587415089193e-02
-2.088969109428530091e-01
-4.880625938348051029e-01
-7.130767058910176814e-01
-8.572359822874375812e-01
-9.003549470437572921e-01
-8.333992968131296308e-01
-6.684026837793464182e-01
-4.192663948154666809e-01
-1.159156035027185672e-01
2.071968510874202529e-01
5.080993550321917240e-01
7.513271512579975386e-01
9.027093581548599754e-01
9.402533510535571182e-01
8.645667914042471924e-01
6.797387904578076068e-01
4.078133507963788151e-01
7.904688160959061349e-02
-2.607675722835403054e-01
-5.726364323038168891e-01
-8.144708657545924879e-01
-9.529332853918470736e-01
-9.737513434491970044e-01
-8.707470300880069125e-01
-6.580487457878378965e-01
-3.587330412084125397e-01
-1.668862577039620376e-02
3.295535247377365806e-01
6.334985753952067089e-01
8.541638073134483200e-01
9.649770937875543630e-01
9.501999638042235574e-01
8.143077479697811150e-01
5.712132752290188797e-01
2.588419578076739391e-01
-8.769409981443121449e-02
-4.203923188634670627e-01
-6.953102262186283689e-01
-8.783196673642287289e-01
-9.457093569887659035e-01
-8.917093750720821443e-01
-7.209660575728353837e-01
-4.631821431182365778e-01
-1.471238564634698154e-01
1.818073025057984626e-01
4.803960879874751289e-01
7.105787092311830477e-01
8.435909395256151466e-01
8.647307405204571751e-01
7.700517330221803292e-01
5.799722507977005392e-01
3.153684347129741550e-01
1.649972150228840029e-02
-2.768784125634424775e-01
-5.265974258710515166e-01
-7.021073523581986553e-01
-7.830505477196754160e-01
-7.591054899158649061e-01
-6.410810047975357140e-01
-4.412885855731086826e-01
-1.916795197970180276e-01
7.427304673404688806e-02
3.209050418903800495e-01
5.187005270592925932e-01
6.428778173814699848e-01
6.782525163039447857e-01
6.304101106037398594e-01
5.043992929661591518e-01
3.189719629761695874e-01
9.821597273274007556e-02
-1.267107489146295229e-01
-3.291838004891470826e-01
-4.823304051063898035e-01
-5.676923660663082405e-01
-5.839743929226801633e-01
-5.290152519699999889e-01
-4.108776873691248888e-01
-2.448765829864921750e-01
-5.583851548261320463e-02
1.356944106881154966e-01
3.055595455879871469e-01
4.321989549483118420e-01
5.045305428340038922e-01
5.146385694942148259e-01
4.624994794905290529e-01
3.542273954791983481e-01
2.063353471493751812e-01
3.308122110443156849e-02
-1.442373927922431243e-01
-3.035201481879520324e-01
-4.271740481979195980e-01
-5.015133099554698326e-01
-5.163678927337483904e-01
-4.685151061470972378e-01
-3.675063135018939997e-01
-2.216813297440750619e-01
-4.690589926347032979e-02
1.367666625497150346e-01
3.065984073465888304e-01
4.434222553362687780e-01
5.269077214714004143e-01
5.446839871821753665e-01
4.984140037343249841e-01
3.896264972706815488e-01
2.278097530664229264e-01
3.000641285901117783e-02
-1.771232382735081767e-01
-3.711503990418407728e-01
-5.249029776024485283e-01
-6.163967992582688460e-01
-6.347945872913638432e-01
-5.738546580602588154e-01
-4.378499300243390291e-01
-2.394135632070313324e-01
-6.023034485272527050e-03
2.382302103771976043e-01
4.602126430624664533e-01
6.292270280020328954e-01
7.220571211878608064e-01
7.239076626537612746e-01
6.318150467212968469e-01
4.520045921237791919e-01
2.099268252779125099e-01
-6.997596503446246174e-02
-3.490203486638953079e-01
-5.902418269377511795e-01
-7.604831967180387675e-01
-8.357558497687538335e-01
-8.035891921399339610e-01
-6.625991910104676030e-01
-4.338648970910303770e-01
-1.395360638576141898e-01
1.789739128270240176e-01
4.806626343408786362e-01
7.240621449747728366e-01
8.769013769520783708e-01
9.164412626841460519e-01
8.325918198993378372e-01
6.398330479059832765e-01
3.556743599825651359e-01
2.185019995379611224e-02
-3.189869170340126070e-01
-6.199978353885824411e-01
-8.428056719102576810e-01
-9.557505350018447032e-01
-9.406681765109279336e-01
-8.060630363778323870e-01
-5.637972763563725564e-01
-2.483044433884890045e-01
1.013101750174483229e-01
4.344523533640429758e-01
7.094125728487148397e-01
8.876205915179553596e-01
9.438517252248863620e-01
8.800668792139529906e-01
7.007483764753632549e-01
4.316351767179589238e-01
1.059622305088532279e-01
-2.276272225586943865e-01
-5.286675082151323091e-01
-7.564638721426859558e-01
-8.794169855305186134e-01
-8.882436137502475182e-01
-7.807613993803800279e-01
-5.761516300601295937e-01
-2.999679750811360401e-01
4.468986794162743692e-03
3.007360751309449132e-01
5.492871903213338847e-01
7.161490683264442048e-01
7.850732534129505336e-01
7.481317514910403865e-01
6.165169544615867192e-01
4.075182880552912223e-01
1.565209816899235662e-01
-1.061295089649625378e-01
-3.441276965670634347e-01
-5.250143237429657495e-01
-6.299728599211028568e-01
-6.473328050754503238e-01
-5.810390329743447824e-01
-4.411327354726781724e-01
-2.543678494033730919e-01
-4.366510873580375929e-02
1.603823404295623423e-01
3.293604430518044524e-01
4.449261513081652630e-01
4.943935170048967542e-01
4.767444258936706092e-01
3.965479593438452355e-01
2.725040070002389125e-01
1.201111959494574055e-01
-3.713694376738685410e-02
-1.764514374963285226e-01
-2.823417155300801396e-01
-3.433905854655737722e-01
-3.559249374585027326e-01
-3.211116236353142028e-01
-2.511019912249693453e-01
-1.549463488317389670e-01
-4.893290617776968610e-02
5.021056654627820137e-02
1.312543947007935863e-01
1.855568894005954483e-01
2.087812857456248228e-01
2.006178084014540453e-01
1.685162504453172616e-01
1.167088188658222947e-01
5.531393829593311828e-02
-4.349373550334600935e-03
-5.544784039332806280e-02
-9.259487236384711384e-02
-1.116984040266834066e-01
-1.121996169040880842e-01
-9.955221548853554481e-02
-7.531983173618916894e-02
-4.442263901537657489e-02
-1.385080259423787652e-02
1.595271905016337755e-02
4.144785425593910944e-02
5.974006080758953452e-02
6.793479648961331385e-02
6.313751908651066280e-02
4.245368638278024243e-02
2.988756162922046045e-03
