4.726935992456757774e-01
4.197601918928730580e-01
3.323292002824036473e-01
2.196775859035811074e-01
9.108231024571855627e-02
-4.417966520187055490e-02
-1.768313789498729971e-01
-2.975958695089773176e-01
-3.872995380953562217e-01
-4.385636070191853975e-01
-4.456725179161175054e-01
-4.066013116133965211e-01
-3.234986104902366488e-01
-2.056109130078377367e-01
-6.232631929399423676e-02
9.130624096640871379e-02
2.394920410736218752e-01
3.665685953568571520e-01
4.594300081192261853e-01
5.064160108511512881e-01
5.008588477159083840e-01
4.450622691450594193e-01
3.424423871641311123e-01
2.021182843056348322e-01
3.702724907441323765e-02
-1.346839258927956529e-01
-2.962863919662368506e-01
-4.289835399886252620e-01
-5.181375241060698356e-01
-5.557835408315954240e-01
-5.360257058690993670e-01
-4.592419700279767314e-01
-3.315268201221319710e-01
-1.673564116061305729e-01
1.910204205330012783e-02
2.079609190651681150e-01
3.792950296542756394e-01
5.147320206545498156e-01
5.997231951683252849e-01
6.232536437520879158e-01
5.804018166846316440e-01
4.779452916307880272e-01
3.239376141551169042e-01
1.337842995096349963e-01
-7.390279699375335021e-02
-2.761047219795279561e-01
-4.524079863015384451e-01
-5.824704397805700040e-01
-6.513408178355608591e-01
-6.533791742308163730e-01
-5.859592570182527993e-01
-4.551989693820392979e-01
-2.729826478396256695e-01
-6.043061365223922898e-02
1.629129983706976148e-01
3.728877831244394869e-01
5.467192990825717747e-01
6.661414118060362544e-01
7.175721806877435327e-01
6.947823562374291217e-01
5.978573649094196529e-01
4.380251120365945550e-01
2.285935531761014161e-01
-7.398665826941930312e-03
-2.458750008177343904e-01
-4.610940581686481243e-01
-6.307667065675655049e-01
-7.351799466732535926e-01
-7.614837993582852516e-01
-7.092270490759726709e-01
-5.809720067497166074e-01
-3.894523416430625273e-01
-1.525125534818704276e-01
1.033254274798867112e-01
3.528046886137001792e-01
5.674451299754037503e-01
7.241488192114300393e-01
8.081043264469842669e-01
8.083314378121040367e-01
7.238656076814729001e-01
5.612679180996267281e-01
3.396526525805916297e-01
7.891372743182945015e-02
-1.923556961311280178e-01
-4.458065001716378095e-01
-6.541203523230918471e-01
-7.950436204848498889e-01
-8.520161438662073872e-01
-8.163874671573906339e-01
-6.950163897805152757e-01
-4.976744947547170339e-01
-2.453897121211017218e-01
3.696110636137661665e-02
3.177527530215094043e-01
5.683868583373337113e-01
7.604740854902292124e-01
8.724315338969379496e-01
8.945647497042628071e-01
8.219371910837072193e-01
6.621929929818515248e-01
4.300162001538310186e-01
1.527168789390085379e-01
-1.435559376043021862e-01
-4.263817620977174982e-01
-6.654199468459794931e-01
-8.356500885303267401e-01
-9.181669851638778468e-01
-9.042540881178688927e-01
-7.930261304354842000e-01
-5.982862755453646209e-01
-3.368921208710127235e-01
-3.819029192630074565e-02
2.672982001069883484e-01
5.464454532837357270e-01
7.703623736123472732e-01
9.139712246996967160e-01
9.604190324375834198e-01
9.081053850146998396e-01
7.596784914803806910e-01
5.310635446348637156e-01
2.440343904263435615e-01
-6.880169232481292418e-02
-3.761904178864984294e-01
-6.433078495214765713e-01
-8.415777152241966652e-01
-9.522846870402298380e-01
-9.617550459966506260e-01
-8.690350460088337448e-01
-6.816874898851350562e-01
-4.224529226497698575e-01
-1.152689565584316123e-01
2.057640816817367657e-01
5.070498066027093742e-01
7.562355282969679404e-01
9.268904992270814436e-01
1.000000000000000000e+00
9.654229756403269747e-01
8.309033364353761719e-01
6.077897887226071383e-01
3.206700050325459461e-01
-1.815198253233507586e-03
-3.234492877908488051e-01
-6.114095957953209481e-01
-8.336949639236369558e-01
-9.658136792357300271e-01
-9.967823318319759540e-01
-9.210997220241100569e-01
-7.477365439542941195e-01
-4.931445619794168067e-01
-1.877711748953653226e-01
1.390859850162922129e-01
4.515837770475152890e-01
7.163178733838708734e-01
9.059754053770485704e-01
9.998975486127414936e-01
9.890068977428694286e-01
8.725047847497917619e-01
6.656448919608231041e-01
3.869568219483716653e-01
6.822586193916979624e-02
-2.577090127118427665e-01
-5.555465007753253026e-01
-7.945297950527832054e-01
-9.485463468408762422e-01
-1.000000000000000000e+00
-9.475553728089938232e-01
-7.943397213681900881e-01
-5.575336178032730405e-01
-2.601509689534809988e-01
6.380259549694944354e-02
3.818219280858135001e-01
6.582481987093582454e-01
8.638078592417721691e-01
9.797276119202154021e-01
9.923090321688854409e-01
9.010785955167277539e-01
7.140310029822227733e-01
4.544651577507354823e-01
1.467684754318321350e-01
-1.747755767030541030e-01
-4.764788703522394586e-01
-7.263528807497117157e-01
-8.982383438848604573e-01
-9.736865454341705473e-01
-9.429233793111603257e-01
-8.139949085186157784e-01
-5.983106341274000428e-01
-3.201036477638620203e-01
-7.481287177382389686e-03
3.044326034979574214e-01
5.838490330888259638e-01
8.001263857977625182e-01
9.298247410995892359e-01
9.628706124733403815e-01
8.942143204192745110e-01
7.326245137852767098e-01
4.939469834871665910e-01
2.071134003742454155e-01
-1.002296679240796129e-01
-3.945663317069154630e-01
-6.445706656609064833e-01
-8.250713516520533641e-01
-9.169691416946841311e-01
-9.120364143738391993e-01
-8.096498875087525526e-01
-6.239818777359121826e-01
-3.719918123918666275e-01
-8.264249364565667832e-02
2.140656781090766181e-01
4.862968079164871060e-01
7.062523249976135897e-01
8.503894143973189657e-01
9.028452090362450999e-01
8.626827553718887653e-01
7.325672696849210297e-01
5.274405913246951183e-01
2.676147677710840611e-01
-1.703351422652710223e-02
-2.979574268113120983e-01
-5.438335542397167988e-01
-7.289568464335313136e-01
-8.371849547585075157e-01
-8.563599398631739357e-01
-7.855757440688860838e-01
-6.314566007209746479e-01
-4.137830998785078096e-01
-1.530449197156447116e-01
1.217822727840853769e-01
3.819207542722342641e-01
6.002944002063801410e-01
7.545975645322804404e-01
8.286614854070752934e-01
8.137124101962132094e-01
7.162928254163951625e-01
5.453333376364934981e-01
3.201777038048425617e-01
6.383034564065170891e-02
-1.949524436316556475e-01
-4.300949460288128190e-01
-6.161647326245680567e-01
-7.335788789494898099e-01
-7.738901763213078544e-01
-7.322252924156051890e-01
-6.144972544992599595e-01
-4.327870379828410163e-01
-2.097513675289357504e-01
3.326285001105921957e-02
2.699964092353894785e-01
4.753778029968933616e-01
6.293017777827103476e-01
7.161410175940190470e-01
7.282329696183582612e-01
6.640219690290254384e-01
5.334441975571340144e-01
3.484127636758169722e-01
1.303311601579359991e-01
-9.806309568938686994e-02
-3.125827773813307786e-01
-4.918276419877869454e-01
-6.168175376662730081e-01
-6.744559850809764834e-01
-6.631495357852619232e-01
-5.834226103244579686e-01
-4.444829068942441896e-01
-2.603055459073464473e-01
-5.226686502866939588e-02
1.590654753038238667e-01
3.501996508495468508e-01
5.016200230025673612e-01
6.008483845169088067e-01
6.375486917955723865e-01
6.086116558629321993e-01
5.170815708503040398e-01
3.757097619612506101e-01
1.975943169850895575e-01
2.938314408781783627e-03
-1.875794116303609593e-01
-3.546257480009280538e-01
-4.818127994027106009e-01
-5.562576856322212215e-01
-5.702925946350452246e-01
-5.268195345708852617e-01
-4.299289555612070268e-01
-2.903240814399247194e-01
-1.224003223807361707e-01
5.465356981804769809e-02
2.234736880823013916e-01
3.658930397091240128e-01
4.676335822767021533e-01
5.221077764765122975e-01
5.237151391283103585e-01
4.729305551438345301e-01
3.753944765766894509e-01
2.437080758626886112e-01
8.998535821786624034e-02
-6.922576882664577269e-02
-2.172847589075578290e-01
-3.399596677107181719e-01
-4.256425666659067186e-01
-4.660794187678704015e-01
-4.573467750691957434e-01
-4.041972066354456716e-01
-3.116715167016220756e-01
-1.895378564693084300e-01
-5.030320154772616181e-02
9.104256835018431637e-02
2.209567154107834330e-01
3.256623731370746899e-01
3.948875803382019267e-01
4.252070356399983986e-01
4.137012526482719554e-01
3.618405710464491776e-01
2.752762642206889598e-01
1.648037946977429780e-01
4.038475901801619194e-02
-8.501896104934303366e-02
-1.985685749097855224e-01
-2.902409999794111073e-01
-3.516461626556925957e-01
-3.764636794107052431e-01
-3.623074411222882985e-01
-3.137870232637749446e-01
-2.352488699043464582e-01
-1.348935681772462924e-01
-2.316171964028745922e-02
8.859033804712068694e-02
1.901376532022640564e-01
2.708456033974695476e-01
3.230247001664663387e-01
3.447138339561715004e-01
3.339465554475977704e-01
2.917999414248850787e-01
2.230780156844001105e-01
1.363058992880386011e-01
3.884804118865492484e-02
-5.954583808209867879e-02
-1.492608189343513914e-01
-2.234640326037228286e-01
-2.756078703991801104e-01
-3.000138509675235321e-01
-2.947224615180672469e-01
-2.631261929422638035e-01
-2.078003578167796350e-01
-1.332805353882534627e-01
-4.669629802729780010e-02
4.343117675011431977e-02
1.292841901305332719e-01
2.018428349755403417e-01
2.544542463595049764e-01
2.847982694857198460e-01
2.899171298874645419e-01
2.680725812603155234e-01
2.213424824476850628e-01
1.554531810185277863e-01
7.540250129899983556e-02
-1.096612183388390172e-02
-9.510326813896730069e-02
-1.699239840264796797e-01
-2.289939209493830896e-01
-2.657346089810673773e-01
-2.765955688416900093e-01
-2.629004660395206638e-01
-2.253244132860547921e-01
-1.660631846907999476e-01
-9.057384988754724198e-02
-6.694982760961143420e-03
7.870721393560686785e-02
1.569223336548046799e-01
2.207407708939124191e-01
2.662303579458855651e-01
2.887835954302240271e-01
2.843431170105470418e-01
2.529944362379477063e-01
1.992353819522116876e-01
1.267643293837972251e-01
4.147091214763731770e-02
-4.869211724446709244e-02
-1.349702844392099976e-01
-2.096890848429519005e-01
-2.641992019616296039e-01
-2.926894534909848522e-01
-2.941835594653389174e-01
-2.675198297125236380e-01
-2.135494215287631059e-01
-1.368229794868420779e-01
-4.541035149824035333e-02
5.334592262656179251e-02
1.492981535271447058e-01
2.327444427183948950e-01
2.961578219568763437e-01
3.330297497950858165e-01
3.375825637266587353e-01
3.081832816779856987e-01
2.494521155240663202e-01
1.655119821314683382e-01
6.370791050802382394e-02
-4.614131221033135333e-02
-1.526828033852360988e-01
-2.459351561498434036e-01
-3.150436167070256310e-01
-3.523961382558662425e-01
-3.558145099583989168e-01
-3.236414790657068385e-01
-2.576269346405289928e-01
-1.636616674932120929e-01
-5.232341103930027160e-02
6.708366966430578948e-02
1.821698195762389005e-01
2.809087109311572128e-01
3.539108149895457966e-01
3.933887796747430610e-01
3.936149547279348404e-01
3.533228774663716987e-01
2.780438260167219511e-01
1.734287187899308247e-01
4.936504746485725903e-02
-8.209616046254863964e-02
-2.070210910075254152e-01
-3.132058340701954213e-01
-3.881197636139256391e-01
-4.231835834326924672e-01
-4.166060604106139875e-01
-3.674258194775581465e-01
-2.791851773480199528e-01
-1.597164022768706726e-01
-2.229422248435841691e-02
1.207775958546908335e-01
2.539128717363172694e-01
3.629220872727589864e-01
4.372032211448799721e-01
4.684606546290714935e-01
4.521182775459233749e-01
3.884164019592464268e-01
2.851170193480092596e-01
1.504682854684695759e-01
-1.019421461023850561e-03
-1.536224599519352418e-01
-2.912697258060291672e-01
-4.001355756268923924e-01
-4.674332848185193123e-01
-4.850643130295110295e-01
-4.533100019526220548e-01
-3.736739892370614102e-01
-2.534516378703293160e-01
-1.040496937879580308e-01
5.756713169726590529e-02
2.159038495641543154e-01
3.530227703302324382e-01
4.543265463198573606e-01
5.111620885751775312e-01
5.163557237734410776e-01
4.682088019425605374e-01
3.705785128381815507e-01
2.349669992158598397e-01
7.300456277563349694e-02
-9.772511055285559856e-02
-2.593312076223300844e-01
-3.948152492728767005e-01
-4.901832908176175785e-01
-5.341767412842218787e-01
-5.208210191022755176e-01
-4.541951639175596522e-01
-3.393927980664104282e-01
-1.876436970094209622e-01
-1.365636132220526822e-02
1.631455657264861969e-01
3.251643833814490403e-01
4.538231477296068572e-01
5.350512754647893665e-01
5.625599899251607638e-01
5.320293941567166840e-01
4.459617990124267184e-01
3.121969136609461515e-01
1.466085819893605535e-01
-3.574435367597694757e-02
-2.150729069134185156e-01
-3.720743628086856658e-01
-4.903781295715905486e-01
-5.574414791842252637e-01
-5.655204531278954505e-01
-5.122452501758276711e-01
-4.054494481298119846e-01
-2.541424086521258952e-01
-7.502164515739362383e-02
1.133572246227707581e-01
2.905181238419369816e-01
4.385202691802319031e-01
5.406027811768017166e-01
5.852097466039796192e-01
5.703722130453414696e-01
4.961320710945267276e-01
3.701329281519711856e-01
2.047145789662734305e-01
1.936441082428630445e-02
-1.680089923080999581e-01
-3.365436103824579472e-01
-4.682640558036520462e-01
-5.512179294718779765e-01
-5.759674614287602079e-01
-5.396919136420978980e-01
-4.453352969280881535e-01
-3.048885847425523155e-01
-1.308950595935499672e-01
5.717173342052506158e-02
2.394311398791031387e-01
3.965476780678935942e-01
5.123351818957944115e-01
5.737198756043397907e-01
5.732074949520173934e-01
5.142216747484160688e-01
4.015082199938821983e-01
2.468511156326769207e-01
6.566234683101290770e-02
-1.214033530235314462e-01
-2.955091311466064852e-01
-4.368243300185137290e-01
-5.300805350454718123e-01
-5.681561796859503355e-01
-5.460255954415709212e-01
-4.660119196212333392e-01
-3.358243768236465199e-01
-1.715754873966588434e-01
1.144148485469753673e-02
1.931273736889580483e-01
3.538499269980646122e-01
4.770658362618427351e-01
5.499919849911178993e-01
5.649024651516323381e-01
5.192902170417019736e-01
4.207549838806199372e-01
2.780026791150511656e-01
1.074393886798188369e-01
-7.281644309438162210e-02
-2.430623136374562288e-01
-3.860104974172776648e-01
-4.857005435254174719e-01
-5.311469672582137536e-01
-5.208349376996218583e-01
-4.549092946235770984e-01
-3.406753990512408903e-01
-1.898284912735296315e-01
-2.061531907533853403e-02
1.502942851179742689e-01
3.036610920127735813e-01
4.231216336131455868e-01
4.984471128701766229e-01
5.213304582741986604e-01
4.895775744937622687e-01
4.062862611069812946e-01
2.826576452072930845e-01
1.300395981965876135e-01
-3.421727249585337916e-02
-1.924267025113334251e-01
-3.279940685477040763e-01
-4.271312855853430790e-01
-4.789718072699262752e-01
-4.775626647810293779e-01
-4.268866498603357540e-01
-3.315192669454606333e-01
-2.016743078846914283e-01
-5.076067313777532508e-02
1.037795798470462216e-01
2.462661053472530170e-01
3.604680981949364149e-01
4.341751863220393304e-01
4.627300103574378820e-01
4.426774591918876123e-01
3.764160918409282797e-01
2.709173648691509673e-01
1.397855637505291959e-01
-4.592937995940182816e-03
-1.462874433541614394e-01
-2.696596882755409874e-01
-3.624065428238649744e-01
-4.152073990730569264e-01
-4.228738460829469803e-01
-3.843062582322730458e-01
-3.061613418749062898e-01
-1.955177057987645961e-01
-6.559698922265921883e-02
6.918904594219155157e-02
1.943767988905726884e-01
2.974089649475704089e-01
3.668380095645673578e-01
3.952548527652206545e-01
3.831948871566961401e-01
3.316252446615093330e-01
2.463008935823867152e-01
1.365056017826649093e-01
1.585812542185771612e-02
-1.035530428586989293e-01
-2.079915519286547054e-01
-2.864408870531959250e-01
-3.335807691701196953e-01
-3.443762923000532883e-01
-3.177909479343860033e-01
-2.570999259007122895e-01
-1.710155099574581783e-01
-6.752464782063838378e-02
4.148246609764494330e-02
1.437809796394158290e-01
2.290159768674520091e-01
2.887839770555236107e-01
3.167776084615763210e-01
3.101139001178601085e-01
2.725543136165378133e-01
2.075918852465714615e-01
1.224408163607364486e-01
2.648313384010503313e-02
-6.936532113034765690e-02
-1.555001214056058734e-01
-2.218927462101571990e-01
-2.615784727167121959e-01
-2.735801063527122379e-01
-2.566242518235322123e-01
-2.124198485232230427e-01
-1.460743428484496675e-01
-6.643334813314971665e-02
1.887100762549787092e-02
1.000347234867748902e-01
1.680012534458443785e-01
2.171345536142927912e-01
2.427158763591095170e-01
2.420668115237738505e-01
2.156072697326156806e-01
1.683126691986469581e-01
1.044437423646995544e-01
3.187538307976867102e-02
-4.061264179443069278e-02
-1.055403863229910089e-01
-1.566400312415500151e-01
-1.881520111649760407e-01
-1.969555722211340232e-01
-1.850007411198683061e-01
-1.534598807769789186e-01
-1.056503065487545134e-01
-4.734666408251253511e-02
1.405319763197532268e-02
7.248054844556595100e-02
1.208336285727360515e-01
1.540715922925905979e-01
1.716644753451084249e-01
1.718480878125965283e-01
1.541252548890823526e-01
1.211003921500872771e-01
7.778348647706878616e-02
2.805424041272153168e-02
-2.212385550210571594e-02
-6.674947462075198068e-02
-1.021157777109369391e-01
-1.250402327294375393e-01
-1.329239694872691446e-01
-1.253974317231613123e-01
-1.053970405963700063e-01
-7.465407488213238185e-02
-3.652640287583874823e-02
4.154645891525587942e-03
4.298335334272063157e-02
7.631067321418982807e-02
9.988674298839783638e-02
1.114201964742906892e-01
1.121463754223335219e-01
1.019253358074678761e-01
8.141151653318989823e-02
5.348426693330998738e-02
2.192846296233907921e-02
-1.044554591470137073e-02
-3.951605504689192916e-02
-6.196051549302883377e-02
-7.722080042506040964e-02
-8.398454172409108853e-02
-8.083374332173887122e-02
-6.858984926596911613e-02
-5.007773998094344758e-02
-2.680445346195248213e-02
-1.361892437985678939e-03
2.297191822705868525e-02
4.427835529117718494e-02
6.072141462344604612e-02
6.958215521724731012e-02
7.006992164372216614e-02
6.405332940313579471e-02
5.192212632574166875e-02
3.501435426076171531e-02
1.615983096897477544e-02
-2.278760189598272312e-03
-1.876922895462651564e-02
-3.125049446482563997e-02
-3.841045731342607183e-02
-4.077646301882764668e-02
-3.803728617986457117e-02
-3.014548821291385128e-02
-1.878035059418126096e-02
-6.371158665511189589e-03
6.176499937071699975e-03
1.763170011298575979e-02
2.661403967903219758e-02
3.318884090101126283e-02
3.669551057500197722e-02
3.623198482435707746e-02
3.233284321600327083e-02
2.631263732701638602e-02
1.859324474563717189e-02
9.990514882252998774e-03
1.731474568209101506e-03
-5.504716178376556357e-03
-1.110841943177698354e-02
-1.434641721078455667e-02
-1.515111712949190892e-02
-1.424412499309923863e-02
-1.164726862232456917e-02
-7.482386952244124423e-03
-2.518882340165395917e-03
2.532789478956187779e-03
7.271484601633515510e-03
1.118792047147842972e-02
1.397412556856014731e-02
1.583030663370577074e-02
1.656443247140026997e-02
1.591416957589197878e-02
1.415971060143639271e-02
1.179532287097773136e-02
8.992781867488197634e-03
5.990470058034214063e-03
3.119484548226525433e-03
5.033795347120229025e-04
-1.611367304765298769e-03
-2.778077614637775028e-03
-2.910509048339560145e-03
-2.276077760269834549e-03
-9.285172664662555420e-04
8.775697879657151645e-04
2.768872767033858651e-03
4.538945928585169654e-03
6.024992818081775781e-03
7.047997020474650043e-03
7.518640152177624714e-03
7.492071834851232737e-03
6.984196086806671033e-03
6.137265659497570525e-03
5.226057404901007786e-03
4.547646232070157168e-03
4.148090372098955925e-03
3.973262248396558505e-03
4.011880681899171464e-03
4.111462565787205037e-03
4.284312907741893994e-03
4.574836813422189508e-03
4.873721120748131241e-03
5.091719972702524188e-03
5.215638302510594571e-03
5.244201411395810197e-03
5.194885548053029822e-03
5.135889798767001579e-03
5.059748162660415716e-03
4.945589230724412033e-03
4.826380772335436831e-03
4.722441114758835212e-03
4.639424588557705675e-03
4.584126676591582239e-03
4.551122096858595256e-03
4.521461448343089273e-03
4.498046375095876570e-03
4.478818550324836778e-03
4.461719647236961350e-03
4.444691339039241740e-03
4.425675298939557578e-03
4.402613200144900318e-03
