-7.955925841845739033e-01
-4.037553927051371616e-01
-5.725010160334809139e-02
2.404054700585658289e-01
4.856935032183766765e-01
6.750961788138567510e-01
8.050956777827784627e-01
8.721741810629191072e-01
8.560885103091375736e-01
7.492115315965774958e-01
5.599323342782411839e-01
3.093119174621623557e-01
2.313246480400987792e-02
-2.676617144211823618e-01
-5.319876434957736544e-01
-7.400211406530385894e-01
-8.683784283217551581e-01
-9.042010942589450151e-01
-8.412468741574086195e-01
-6.866758682652044365e-01
-4.544126553388537770e-01
-1.713385548699033478e-01
1.344573467040062198e-01
4.289325185911025962e-01
6.801891199400251775e-01
8.609248463744783031e-01
9.507558567699092578e-01
9.401889694564391498e-01
8.280834812925019772e-01
6.281900170569914010e-01
3.589407214417554837e-01
5.080579412900210201e-02
-2.641173167112023101e-01
-5.511347791847069910e-01
-7.795688274178506072e-01
-9.240426909358121499e-01
-9.676246714937398741e-01
-9.076253189769302177e-01
-7.479232377225941697e-01
-5.066560451428512302e-01
-2.076029065276506769e-01
1.153951546612597134e-01
4.287683444628349605e-01
6.974043825557447729e-01
8.921665341537612370e-01
9.932228501417486033e-01
9.881829157606905056e-01
8.783252671953547530e-01
6.731504902118468081e-01
3.971688676371376570e-01
7.758036137473256488e-02
-2.500107295795656048e-01
-5.506294871253718526e-01
-7.916905210905913481e-01
-9.471065578221717907e-01
-1.000000000000000000e+00
-9.429739784586463891e-01
-7.851391777373097902e-01
-5.410235570814253547e-01
-2.384257153728196466e-01
9.147955873862168019e-02
4.118653993332570540e-01
6.887869138092004295e-01
8.919371444616457367e-01
9.988087556224638508e-01
1.000000000000000000e+00
8.937315414827748938e-01
6.930370055746897240e-01
4.177897118418205658e-01
1.001871296998253502e-01
-2.273857372856789016e-01
-5.289190577999756115e-01
-7.718272098330274389e-01
-9.307238643913030574e-01
-9.880897024026964459e-01
-9.391428628950306834e-01
-7.875996005140165623e-01
-5.524653896365083749e-01
-2.568086674658267565e-01
6.578114916203992024e-02
3.811831069554767470e-01
6.551383234062184702e-01
8.586593432836480133e-01
9.700692947525462184e-01
9.766802647435584017e-01
8.811072615890827020e-01
6.918230387875274889e-01
4.310679975911781980e-01
1.254883665972077456e-01
-1.903074590017004297e-01
-4.832353943175722311e-01
-7.211500202602696419e-01
-8.785260586696905794e-01
-9.407885083688046768e-01
-9.004622389244775205e-01
-7.638253901594321826e-01
-5.441701657951893978e-01
-2.681906038611537868e-01
3.621167080750109513e-02
3.351069143723137689e-01
5.964891920599193487e-01
7.928974571601015153e-01
9.034673922453411166e-01
9.177935509547674453e-01
8.335525549898530340e-01
6.629902696471388079e-01
4.226256148033027404e-01
1.408577674093316467e-01
-1.525522885442579524e-01
-4.253897328107189013e-01
-6.490878694422297368e-01
-7.999382685894950162e-01
-8.616399116483930420e-01
-8.309560994881936002e-01
-7.102572792792308798e-01
-5.148644251251677240e-01
-2.648277324336377747e-01
1.048766328233674550e-02
2.825327614204082849e-01
5.211489129178219493e-01
7.010807325028383108e-01
8.055514769772869066e-01
8.231695038485236093e-01
7.540927686430680676e-01
6.051660528366755720e-01
3.957975020560449142e-01
1.469552952706816296e-01
-1.128515016402827920e-01
-3.560859758075829440e-01
-5.569622592391019200e-01
-6.945041943246433869e-01
-7.552626112577345285e-01
-7.325381058550470836e-01
-6.328650560051776175e-01
-4.660955582480948989e-01
-2.521887229491031057e-01
-1.336026705610027232e-02
2.232509676660097142e-01
4.330590817962607364e-01
5.936618403311690884e-01
6.881083048621099429e-01
7.096414393991887781e-01
6.557007401299312921e-01
5.345121405215291777e-01
3.586787395534354328e-01
1.500052402573655019e-01
-7.033969132055850615e-02
-2.779590957072703983e-01
-4.506685017233391655e-01
-5.713654707344404393e-01
-6.275984666584056848e-01
-6.155928977679885339e-01
-5.364664674747460227e-01
-4.020458721397827118e-01
-2.258249927812613356e-01
-2.890108751984987734e-02
1.676660866534094296e-01
3.427580916556058899e-01
4.783223699957084296e-01
5.609105816689838875e-01
5.818574081529284125e-01
5.427468616748472030e-01
4.476046451764332801e-01
3.086854461031447450e-01
1.407582085056005017e-01
-3.629083851163983354e-02
-2.041496478123452363e-01
-3.446479309774327371e-01
-4.431941728365775823e-01
-4.923403407042027391e-01
-4.870440372581805732e-01
-4.298904485234487094e-01
-3.273169280086586364e-01
-1.930769343164248086e-01
-4.085080963866138948e-02
1.120273607871165034e-01
2.491623979215358275e-01
3.568291132449021852e-01
4.242016333661364769e-01
4.459280395159339605e-01
4.201349430852099331e-01
3.524308876690571690e-01
2.497478554506429305e-01
1.249780536435403100e-01
-8.287080235736432599e-03
-1.354341765119486674e-01
-2.434835669261097291e-01
-3.212983375754491222e-01
-3.609808618115210033e-01
-3.614874383165508354e-01
-3.230748507806564529e-01
-2.513505122368977496e-01
-1.542760202533537406e-01
-4.390668484678250660e-02
6.825319406733187932e-02
1.695451897846549372e-01
2.494851981443122479e-01
3.018049961557933702e-01
3.213922027018978334e-01
3.075109437379757171e-01
2.623241614019395929e-01
1.930098792106007544e-01
1.066717077227341548e-01
1.344778095894083592e-02
-7.641461856019227117e-02
-1.537672684894131336e-01
-2.110162452669057664e-01
-2.427769626979423556e-01
-2.460946739691370899e-01
-2.233479837634639864e-01
-1.772340006607174834e-01
-1.138231082637799485e-01
-4.041236383060731185e-02
3.448501557781091797e-02
1.032234922823371814e-01
1.584667841312807912e-01
1.947119985387153474e-01
2.104182774955922763e-01
2.044085162722251159e-01
1.782668824530240226e-01
1.355123776883142561e-01
8.233522898951362023e-02
2.412779118336971784e-02
-3.263249618895314175e-02
-8.181940851306046536e-02
-1.194643104477192130e-01
-1.421655368651467688e-01
-1.482942437339757058e-01
-1.378919625846651842e-01
-1.136179786903949163e-01
-7.799273212769608499e-02
-3.554283135557168016e-02
8.740096868666169527e-03
5.033942919202716304e-02
8.530920163270927503e-02
1.100490155794646707e-01
1.223389520885194148e-01
1.228995384463458240e-01
1.120236934740810320e-01
9.111070550016897585e-02
6.284947569055043815e-02
3.086598718564936839e-02
-1.585204907906478944e-03
-3.062945317595222594e-02
-5.336612431146914304e-02
-6.898351902107091593e-02
-7.615875275817685086e-02
-7.414687126782681936e-02
-6.370954302399489677e-02
-4.701191290517592325e-02
-2.557236435798815322e-02
-1.874669862853783897e-03
2.120243724466597257e-02
4.170192555809282275e-02
5.790122142244413794e-02
6.797947033546059004e-02
7.114629866889976562e-02
6.835576428603951094e-02
5.992125818564120188e-02
4.672062686856115477e-02
3.058934962805270885e-02
1.338044286161221841e-02
-3.412976961051139568e-03
-1.774545698566709628e-02
-2.825916365662528573e-02
-3.509950936437566948e-02
-3.766921138731504914e-02
-3.526542055527637221e-02
-2.850279056663829191e-02
-1.886216897164494366e-02
-7.094412766947333360e-03
5.675451103664741481e-03
1.804463374393194819e-02
2.927341738964828188e-02
3.836906722884347865e-02
4.382001983680572366e-02
4.519094477107632457e-02
4.323367415029855110e-02
3.794652940125220475e-02
2.934207296500890294e-02
1.841133861464538946e-02
6.454423980848167375e-03
-5.588573618256154063e-03
-1.616447759723738109e-02
-2.405272640452993382e-02
-2.905641692560723133e-02
-3.057680167869392118e-02
-2.757743825829961359e-02
-2.024165360619856191e-02
-9.874636196898878282e-03
2.803522566358962465e-03
1.641936270935939746e-02
2.925546084615837650e-02
4.005474553699261975e-02
4.770949149159098290e-02
5.064644357889713788e-02
4.825665324904537812e-02
4.135490183297996225e-02
3.027854359592230260e-02
1.581667456484026069e-02
-2.780569977597346920e-04
-1.587131663862484388e-02
-2.952564403337343268e-02
-3.921120807440092726e-02
-4.343075536634377620e-02
-4.220840967311245695e-02
-3.530346162006647859e-02
-2.267663123265228897e-02
-5.541257529976140184e-03
1.388512300696542745e-02
3.401191525047808639e-02
5.229789927911188130e-02
6.629995377060571293e-02
7.458629535370464581e-02
7.596484168386274938e-02
6.942228825327312336e-02
5.523968969431702902e-02
3.528119211470870376e-02
1.095269255887876270e-02
-1.518957293029210565e-02
-4.003487919890991176e-02
-6.057311238229801109e-02
-7.444290005107179198e-02
-7.904539025946155650e-02
-7.318360991839845120e-02
-5.807277077054961989e-02
-3.458187416282176851e-02
-4.531745105502360538e-03
2.901914679166761601e-02
6.190873510501027077e-02
9.072175208851884776e-02
1.113377312883285786e-01
1.207799228486940990e-01
1.182779750648890182e-01
1.032977130131296217e-01
7.653251305956243478e-02
4.030851303889670945e-02
-9.938215339712064278e-04
-4.368967281008107051e-02
-8.270791065699101274e-02
-1.131675619408547551e-01
-1.314636632407111261e-01
-1.350926060214754365e-01
-1.227289818032246682e-01
-9.479365224373426102e-02
-5.448882172899249809e-02
-4.967934906339954715e-03
4.805424918465983630e-02
9.853203909801133697e-02
1.406556864164556497e-01
1.696923449433120901e-01
1.813467130359869284e-01
1.734057696469974985e-01
1.473691887610115714e-01
1.049150935508378346e-01
4.992126376660732667e-02
-1.217112138134313071e-02
-7.391286858049594954e-02
-1.288929055204870444e-01
-1.700975574739311824e-01
-1.924529801921507355e-01
-1.941501229553511676e-01
-1.738363189004789033e-01
-1.327091373549591502e-01
-7.436584833416381990e-02
-5.647047969387752886e-03
6.716423385775693866e-02
1.357095445178786441e-01
1.920793413021977258e-01
2.298347281771313533e-01
2.443404735245944259e-01
2.333761228841373381e-01
1.970195150639946213e-01
1.394424712731858751e-01
6.533067476326337442e-02
-1.699127828326041367e-02
-9.876032057781114482e-02
-1.707310489243876184e-01
-2.250804979314572352e-01
-2.547709498548257345e-01
-2.555379856030500774e-01
-2.281257046898236274e-01
-1.741050401749902887e-01
-9.871637285981427201e-02
-9.171517292995923221e-03
8.414798389859945438e-02
1.716906014901302679e-01
2.428277051804075271e-01
2.893276817365386666e-01
3.067516550537146003e-01
2.920168967014049599e-01
2.460013333796815527e-01
1.725604226339545466e-01
8.041500201657036939e-02
-2.195988438955620570e-02
-1.230119205612516531e-01
-2.115960510848704512e-01
-2.778311155613001349e-01
-3.141514994760035151e-01
-3.159282598157980848e-01
-2.816764100128897885e-01
-2.159187570341033480e-01
-1.241306805870046048e-01
-1.666776079114140607e-02
9.525378816091523149e-02
1.989881245516151864e-01
2.835398624537925905e-01
3.388429205786798182e-01
3.580456341133229081e-01
3.401129692499076373e-01
2.856030941819802660e-01
2.002113969554735196e-01
9.218300780567578734e-02
-2.569877659238384293e-02
-1.416355702138200057e-01
-2.422308213044167546e-01
-3.162505575038897510e-01
-3.563778825420963470e-01
-3.573207470372972150e-01
-3.186801100782533647e-01
-2.435155177023931028e-01
-1.409292839062790126e-01
-2.039560440279464260e-02
1.043595452352705788e-01
2.199283573364614330e-01
3.135695887318732389e-01
3.750143505673373401e-01
3.970729404436885712e-01
3.762349923417711572e-01
3.163820756948145796e-01
2.225830984316117256e-01
1.050017977448221007e-01
-2.453153274569674913e-02
-1.511232275583341833e-01
-2.615343849665386911e-01
-3.430065281104652808e-01
-3.861442626915215781e-01
-3.876309126472899935e-01
-3.461478890806406472e-01
-2.662778341211766708e-01
-1.556623797902343398e-01
-2.759389690264546502e-02
1.053919793197763966e-01
2.283562693195075877e-01
3.276347298164379307e-01
3.926825165983462984e-01
4.160578345678913603e-01
3.954583353079854646e-01
3.320065050164329179e-01
2.338738818646892703e-01
1.101345251819292326e-01
-2.477011993511135657e-02
-1.563518050948426996e-01
-2.701188129511696845e-01
-3.539292449315846190e-01
-3.984100206540207578e-01
-3.979750127426511241e-01
-3.545602859530615492e-01
-2.716969186182957019e-01
-1.587476274108351459e-01
-2.719031777593061694e-02
1.075387097403004422e-01
2.314993631630806181e-01
3.305713090238524554e-01
3.938141145352771488e-01
4.160758663581067829e-01
3.941003926815045411e-01
3.306076586020765262e-01
2.317537597356023049e-01
1.097674036011799803e-01
-2.341609700168800767e-02
-1.526196325896134187e-01
-2.636883240993452837e-01
-3.448744171515920609e-01
-3.873020357774805689e-01
-3.869479985148274181e-01
-3.431873900858595228e-01
-2.622618771655123027e-01
-1.516040579489024154e-01
-2.429461978923985743e-02
1.061101643649309256e-01
2.251533451862217650e-01
3.203161085904344674e-01
3.810005867034942373e-01
4.002070200493712537e-01
3.779715087979564903e-01
3.158631403972675944e-01
2.211361992940625854e-01
1.034057203643561351e-01
-2.338283434363241930e-02
-1.461422299301732286e-01
-2.507362017728481662e-01
-3.258284528247811229e-01
-3.649108721333327310e-01
-3.632893175972606858e-01
-3.216791239523467683e-01
-2.441639200029115386e-01
-1.408759400673594842e-01
-2.189873759140592568e-02
9.910108347778079363e-02
2.089146213606469793e-01
2.958447287601795317e-01
3.506416436591486274e-01
3.677032293735384982e-01
3.447099205691879220e-01
2.860705303450057357e-01
1.972505745561849988e-01
8.901853919447644259e-02
-2.694355920337287991e-02
-1.375189181551175199e-01
-2.311393440318758596e-01
-2.973614385671722316e-01
-3.288108086017964560e-01
-3.241280697054871318e-01
-2.833557521252811906e-01
-2.116367253555276884e-01
-1.165342470822278154e-01
-9.868264526895265121e-03
9.745040100318425047e-02
1.931279671539263276e-01
2.667475103595393637e-01
3.117767433203622041e-01
3.232118947614437410e-01
3.004567236049537904e-01
2.459003277321205605e-01
1.671383784895832392e-01
7.187922046088979222e-02
-2.865035137670879362e-02
-1.233801175345822232e-01
-2.021942830255742951e-01
-2.568349760628323430e-01
-2.816659189496739657e-01
-2.738706288669843225e-01
-2.364664931751909727e-01
-1.730594237054013940e-01
-9.116654973398852224e-02
3.999178873177466897e-04
9.098917372093096034e-02
1.711205468114664896e-01
2.317240301287666338e-01
2.662162015292619532e-01
2.728506760253226471e-01
2.507214088940294960e-01
2.027699410455836571e-01
1.341888195029199427e-01
5.380760615280499870e-02
-3.025260876410929001e-02
-1.083825345981190846e-01
-1.718940553487077194e-01
-2.147858791468169048e-01
-2.325989432938335710e-01
-2.239906649282878970e-01
-1.898868997743662357e-01
-1.355454345401351235e-01
-6.629514396182900615e-02
9.412859355466318689e-03
8.297646810291525732e-02
1.464937524959382120e-01
1.934080886376523534e-01
2.187334747643434607e-01
2.197245630027719887e-01
1.983195286405705637e-01
1.566939300607110841e-01
9.988608981685498378e-02
3.428384596012068464e-02
-3.211729230724424955e-02
-9.236583967812062035e-02
-1.395571422929804406e-01
-1.686292785780212355e-01
-1.783082078907182177e-01
-1.675168044221219121e-01
-1.377558588929206351e-01
-9.253686616979128754e-02
-3.805246277059903814e-02
2.023938062307206742e-02
7.559419192523830766e-02
1.216909121360614243e-01
1.542256805298856115e-01
1.699432405547123270e-01
1.676463424077778708e-01
1.477853209899879783e-01
1.137741886679968228e-01
6.891919941293456198e-02
1.876701778696565626e-02
-3.082535333264657673e-02
-7.452791984310436213e-02
-1.078893784283686541e-01
-1.272200798940438249e-01
-1.305008727617319453e-01
-1.190997278295996553e-01
-9.419184965436877555e-02
-5.872880409304748195e-02
-1.683582724989951540e-02
2.633171092306207939e-02
6.624152156330298524e-02
9.802259853383676891e-02
1.182203826528109847e-01
1.261910134099251124e-01
1.211064013076568191e-01
1.035678407949376378e-01
7.578818135480114293e-02
4.180840495036886040e-02
4.969589606110824676e-03
-3.036776712716027227e-02
-6.001451315212735782e-02
-8.136008193772670261e-02
-9.234118465619689520e-02
-9.184912382375343132e-02
-8.010372059360282293e-02
-5.940343025771810392e-02
-3.166808492701611577e-02
-5.478513204597579289e-04
2.997003127007613621e-02
5.670036301433434289e-02
7.701347901343047475e-02
8.860454030170394901e-02
9.035464976374107948e-02
8.335683978316299481e-02
6.829680664844395288e-02
4.696642302942066749e-02
2.214310447111489388e-02
-2.954808129921659976e-03
-2.575057165786442948e-02
-4.328978206819200647e-02
-5.369772010247497729e-02
-5.737640896239548649e-02
-5.393289372324672204e-02
-4.344941373779187543e-02
-2.742978914550531222e-02
-8.298082974854015248e-03
1.211540083237028220e-02
3.115992076388418575e-02
4.645778938477551634e-02
5.703383920144555752e-02
6.191727746843045388e-02
6.048073610371451636e-02
5.314781948923141819e-02
4.155989074165811203e-02
2.669244556306193950e-02
1.030195522593468915e-02
-5.374597786495738383e-03
-1.876356728661587869e-02
-2.864991499690427990e-02
-3.374924524785771762e-02
-3.364872503884597243e-02
-2.935809189336391345e-02
-2.120107281362537677e-02
-1.000469988601493387e-02
2.609748953638302282e-03
1.510837240830076311e-02
2.634037584020254563e-02
3.474635801501380072e-02
3.941165541979896325e-02
4.073578201897753992e-02
3.853941822534956430e-02
3.284984900807641495e-02
2.461775794727727451e-02
1.515674025529833990e-02
5.265099234187609056e-03
-3.780968797762795930e-03
-1.083421331692768774e-02
-1.568089052152554785e-02
-1.785788248344155615e-02
-1.682125394823497100e-02
-1.288628342977848895e-02
-7.093380783816938262e-03
1.264946726351467987e-04
7.997212218224802882e-03
1.542092971044839445e-02
2.176827619253285384e-02
2.645927786250790170e-02
2.859746897280723843e-02
2.798309949569133259e-02
2.533100288415068846e-02
2.080940928741314977e-02
1.499757256317524323e-02
8.926918890911794691e-03
3.337523218298166228e-03
-1.303560930679292795e-03
-4.431990960613640951e-03
-5.742331771670272644e-03
-5.493143585424964392e-03
-3.676401033409049113e-03
-4.424043253047349467e-04
3.538260273481474982e-03
7.439682625822507944e-03
1.097420990650954664e-02
1.381495089194118009e-02
1.564540887441756567e-02
1.668130120555821883e-02
1.678382914989096086e-02
1.574811344158710824e-02
1.386005053302619139e-02
1.154649813929209401e-02
8.987026204450687672e-03
6.517090615867138226e-03
4.486255023848029211e-03
2.986979376067067093e-03
2.164274882708205894e-03
2.165086773291413635e-03
2.891010339891142422e-03
4.045838394540091087e-03
5.550476257919489953e-03
7.248777816345475244e-03
8.860062613263330888e-03
1.022382824241541144e-02
1.122677584221354330e-02
1.175590124034453510e-02
1.182115969508568121e-02
1.158694166148399596e-02
1.105889086684452849e-02
1.025775092710312641e-02
9.342248617347115314e-03
8.449457459835940654e-03
7.645340656333710072e-03
6.989303452449080467e-03
6.507680247783698135e-03
6.144729855214636771e-03
5.940506323366845365e-03
5.979587220288795635e-03
6.230219806383940906e-03
6.610948914610226268e-03
7.093696576324193259e-03
7.623307684284874597e-03
8.141708302210837189e-03
8.640014210135049666e-03
9.070466294373913385e-03
9.348729239655018119e-03
9.449665021754150018e-03
9.393885876778806931e-03
9.191157206442701622e-03
8.896732894464687291e-03
8.580396566997494645e-03
8.297598517985838029e-03
8.072177067432129149e-03
7.914989250867199289e-03
7.836137834888345921e-03
7.817408674287040782e-03
7.859345587416299850e-03
7.952502367153391205e-03
8.056027229659035171e-03
8.125960034938151111e-03
8.157960693698784738e-03
8.163564492962960273e-03
8.148341312451012897e-03
8.137333334930163531e-03
8.127196367561095869e-03
8.105824175534959153e-03
8.084863120605190190e-03
8.073002133402340519e-03
8.070598244570570401e-03
8.077492054953117062e-03
8.089960872854407015e-03
8.098967586416705444e-03
8.105753146976146795e-03
8.114370758231848058e-03
8.122999293867394499e-03
8.131814499353406944e-03
8.140412652518413950e-03
8.147138126258557378e-03
8.152549717030277421e-03
8.158274398891718349e-03
8.163679884405583564e-03
8.168811398381548017e-03
8.173714165630174833e-03
8.178433410961805095e-03
8.183014359186335795e-03
8.187502235114330063e-03
