1.251845161776528048e-01
3.620336443809830662e-01
4.938925185022604580e-01
5.364314722360266074e-01
5.053208392768242518e-01
4.162309533191945743e-01
2.848321480576807563e-01
1.267947571868239809e-01
-3.372519078373903412e-02
-1.886265242342894943e-01
-3.202908589563886466e-01
-4.095251827471161343e-01
-4.438773641543625192e-01
-4.201734325919006530e-01
-3.393989184161114725e-01
-2.134364902058123459e-01
-5.634956342842611932e-02
1.095030162663299667e-01
2.642665112270965455e-01
3.869889277946692019e-01
4.605297037761280077e-01
4.756142134711376368e-01
4.280893008823591916e-01
3.247644207192765808e-01
1.760039720993795687e-01
2.753374432329369625e-03
-1.751542880673052638e-01
-3.335686257976556712e-01
-4.515643767462271807e-01
-5.134964617075530313e-01
-5.093107910901837343e-01
-4.394041617779571585e-01
-3.091256915440431241e-01
-1.362783944625363119e-01
6.060486911655260656e-02
2.552828677762828402e-01
4.236132992165893008e-01
5.433489465706493604e-01
5.978908090247754270e-01
5.794641220045937402e-01
4.866465370425145931e-01
3.317441374746612492e-01
1.297535966914225014e-01
-9.306229463204174213e-02
-3.105454982214491677e-01
-4.947115244911138854e-01
-6.224289679338252945e-01
-6.763825715575219055e-01
-6.467583766520307309e-01
-5.382506568050862139e-01
-3.596832180878318797e-01
-1.328657231729895027e-01
1.174764426756869096e-01
3.593546334807764531e-01
5.643810962359576688e-01
7.060553125693069809e-01
7.652026576208983411e-01
7.354869735169347056e-01
6.164610377844845779e-01
4.220410272714110178e-01
1.719098900188549273e-01
-1.026030518240657052e-01
-3.712673582392630456e-01
-6.009047310947364107e-01
-7.631235851677590221e-01
-8.382248230908064812e-01
-8.146481328904202623e-01
-6.952060772354340390e-01
-4.899371614935424946e-01
-2.244299477890655536e-01
7.361287647586589600e-02
3.679767411464445193e-01
6.245029726849460339e-01
8.125328641441273980e-01
9.088642724888926772e-01
9.019986483494191187e-01
7.896326009525713729e-01
5.861784220382333377e-01
3.112512121366053375e-01
-1.840315561651317822e-03
-3.184442262346349750e-01
-6.010052829921375128e-01
-8.171042204180485324e-01
-9.408929574292425047e-01
-9.561213458592808800e-01
-8.632394177401333524e-01
-6.695756380495950788e-01
-3.983352454080903993e-01
-7.804454198507260188e-02
2.529157680935461006e-01
5.579254350201541257e-01
8.008857913286020480e-01
9.534754600408463787e-01
1.000000000000000000e+00
9.331196792532976403e-01
7.616121969339970654e-01
5.024035047861421521e-01
1.876419138941818332e-01
-1.494623946059522313e-01
-4.695404290603876207e-01
-7.363575504164994179e-01
-9.202567569226419719e-01
-1.000000000000000000e+00
-9.679207245042223962e-01
-8.258023893681372130e-01
-5.926997083506262420e-01
-2.922942424998629107e-01
3.931339402492706192e-02
3.655658403015555891e-01
6.494551461383661906e-01
8.598051517932372434e-01
9.736536370192838685e-01
9.776670593645453433e-01
8.753854116302421939e-01
6.765407771868177100e-01
4.058095080242034580e-01
9.213549614999361204e-02
-2.273501191831491797e-01
-5.181558749812164022e-01
-7.477884298711612310e-01
-8.911006327089127099e-01
-9.357252385712587772e-01
-8.763040334288559885e-01
-7.222224408887236713e-01
-4.896592415310645485e-01
-2.079526922277851186e-01
9.339990009586651709e-02
3.800429178251436557e-01
6.207010853734757916e-01
7.905729254081714785e-01
8.717773925325837947e-01
8.584361547428567274e-01
7.520256688467321649e-01
5.685332688636612897e-01
3.268636592967610888e-01
5.619862639359318734e-02
-2.143659673057494164e-01
-4.553494961396651330e-01
-6.416128240740662791e-01
-7.546700229795557657e-01
-7.829816249735281897e-01
-7.286398179745809944e-01
-5.976108651222100665e-01
-4.072707758101096198e-01
-1.779256869403297303e-01
6.343817210952851227e-02
2.917563152991269337e-01
4.826981871264282020e-01
6.167186114792861940e-01
6.837757197065805759e-01
6.776127361070036770e-01
6.023660529702716815e-01
4.668126820819862299e-01
2.892071668919034000e-01
8.772672233727951685e-02
-1.153237260903064998e-01
-2.987871445293586170e-01
-4.452390973649962280e-01
-5.407582908595571780e-01
-5.784491095987260856e-01
-5.555788564090764492e-01
-4.787514081670829480e-01
-3.562247560750597675e-01
-2.033749912683785466e-01
-3.651399207942396252e-02
1.272126527133110585e-01
2.721617978737356225e-01
3.849060680470413054e-01
4.553038287755166724e-01
4.806329912164735152e-01
4.596137478090533968e-01
3.967174646998403720e-01
2.992903883664523867e-01
1.790061421517141760e-01
4.743246759110841815e-02
-8.230260368660802239e-02
-1.984716708420860565e-01
-2.928884336949425515e-01
-3.576687978645654020e-01
-3.878674897670509880e-01
-3.818982371102840334e-01
-3.434711965716391591e-01
-2.764542581424787038e-01
-1.869815630627075231e-01
-8.312423046196737442e-02
2.589630941947129728e-02
1.311661597874944629e-01
2.236783929640882018e-01
2.959326976829772526e-01
3.435417951620118870e-01
3.625210381150349992e-01
3.503826514987895546e-01
3.078520117494534247e-01
2.396656732168855886e-01
1.507656972558637509e-01
4.799992861067603478e-02
-6.014094394103730590e-02
-1.642508273277247799e-01
-2.556497084350966009e-01
-3.253084752010052538e-01
-3.664698092158068521e-01
-3.756948006071708646e-01
-3.508411425814882412e-01
-2.926318833282519627e-01
-2.051493175932790347e-01
-9.654897998024003503e-02
2.489344972288853874e-02
1.477562071939368948e-01
2.605209683239069207e-01
3.520565703448812478e-01
4.129916130468862523e-01
4.353808377010925934e-01
4.152275063779962139e-01
3.546787892000999864e-01
2.574482134247093601e-01
1.319862381340708435e-01
-1.077889205713167264e-02
-1.558681100387573348e-01
-2.893677922479290787e-01
-3.961128189631069052e-01
-4.642539032867571969e-01
-4.868221464465912751e-01
-4.594520453235455548e-01
-3.836207437900218675e-01
-2.650537054216567379e-01
-1.165955702545069528e-01
4.866379231405382200e-02
2.129527663537016391e-01
3.591263771061270482e-01
4.711310484342425831e-01
5.364749097856735816e-01
5.468968247770702451e-01
4.990603326959610619e-01
3.991568914750758257e-01
2.552929916783013287e-01
8.271621444282306612e-02
-1.015765540107647080e-01
-2.769844544886118642e-01
-4.253272565388015458e-01
-5.296051539465033153e-01
-5.775164461969114482e-01
-5.649988980949978146e-01
-4.913302033500552835e-01
-3.644411364948531018e-01
-1.961999657788827678e-01
-6.282667646129835859e-03
1.867573133642601579e-01
3.614057780068704595e-01
4.985202145517866335e-01
5.836864018267806653e-01
6.067873337997127248e-01
5.656655347346803975e-01
4.630666460768526616e-01
3.116343739977049943e-01
1.254697280616869914e-01
-7.407102418866262639e-02
-2.659775415910377028e-01
-4.291440637811398950e-01
-5.460473838610055974e-01
-6.038561238045554447e-01
-5.951647460376665588e-01
-5.234730525960422653e-01
-3.948574457790470227e-01
-2.241106802431791500e-01
-2.848225676331905820e-02
1.693974653490846194e-01
3.489134525951749222e-01
4.898540288483252958e-01
5.766504548174284928e-01
6.021191899910400824e-01
5.624754048294571263e-01
4.632054634087470202e-01
3.140930803180654873e-01
1.336779694150935782e-01
-5.997544723546655021e-02
-2.448984221890739832e-01
-4.009237353115944202e-01
-5.117684209283950292e-01
-5.653792168030412624e-01
-5.572260830743449578e-01
-4.874379651369780131e-01
-3.662278114107390126e-01
-2.054026199785506934e-01
-2.443066969082641204e-02
1.571247349488715805e-01
3.192001949322076371e-01
4.446869463179405901e-01
5.203729178871470129e-01
5.377904034657126076e-01
4.983580086430969835e-01
4.057754363626020488e-01
2.717640947923916084e-01
1.105708775490248374e-01
-5.835527939504747685e-02
-2.172770565131392217e-01
-3.484213274664244020e-01
-4.377265573921227393e-01
-4.783325521145317394e-01
-4.657018444881854125e-01
-4.028995863070008454e-01
-2.968412107680432621e-01
-1.617723088437060808e-01
-1.158246756207814698e-02
1.362933435426187945e-01
2.655808566232287227e-01
3.630648682114179238e-01
4.186232667138254371e-01
4.279515272174525542e-01
3.902692232508950809e-01
3.125158242173131651e-01
2.026892196986231909e-01
7.465328995908149246e-02
-5.734817747589182613e-02
-1.786105035372249628e-01
-2.764309568991586419e-01
-3.405867500004712278e-01
-3.643415884633418589e-01
-3.484960192321371331e-01
-2.949650904676548446e-01
-2.110923336125484218e-01
-1.063064285471726489e-01
6.298623655478507999e-03
1.146805218280586569e-01
2.064506799800174264e-01
2.718246314465155855e-01
3.062528512534996583e-01
3.063607508065906426e-01
2.736249159539665410e-01
2.122816985493445330e-01
1.314814560220705086e-01
3.974452489948765432e-02
-5.207616260930991725e-02
-1.335208512510968060e-01
-1.964647763385939383e-01
-2.346594787160183326e-01
-2.452008157861180759e-01
-2.274695470934345876e-01
-1.858034310284768509e-01
-1.247617615956888582e-01
-5.267452841978659261e-02
2.176346673433937617e-02
9.026296965665636662e-02
1.457079473296138961e-01
1.823288111698269098e-01
1.965098356505716737e-01
1.894357139335147711e-01
1.623215690665500421e-01
1.190938114077100263e-01
6.519646100142151290e-02
7.864239121028182566e-03
-4.665003564863889896e-02
-9.193394860356185472e-02
-1.232031984248432854e-01
-1.393236463080773646e-01
-1.388987767558247377e-01
-1.226371803131437455e-01
-9.314392632510060110e-02
-5.527523223679631226e-02
-1.307059368509411179e-02
2.827725868920216712e-02
6.368477881229694937e-02
8.995297343270336476e-02
1.046804278674100530e-01
1.069857547012389443e-01
9.718228427892250387e-02
7.779998217253103476e-02
5.093808967580049085e-02
2.034313053848069153e-02
-9.885981329130322237e-03
-3.652558664843219560e-02
-5.691038235310985627e-02
-6.884267592010306913e-02
-7.131327722118974144e-02
-6.559125755624617415e-02
-5.234339526318065872e-02
-3.335974374730055203e-02
-1.130969182994145950e-02
1.104819590442240873e-02
3.136630741923362997e-02
4.695927763782625775e-02
5.621687072545311636e-02
5.959004794803890448e-02
5.676884449541952371e-02
4.794844943516274327e-02
3.455414746195617504e-02
1.866924396350677640e-02
1.804161019240524411e-03
-1.382321614144488287e-02
-2.628091175396929380e-02
-3.507636210479780914e-02
-3.942323532733549296e-02
-3.841802350838807723e-02
-3.233297644651333957e-02
-2.267944555371381732e-02
-1.024915669138781738e-02
3.506546064121263129e-03
1.671159132971888894e-02
2.823893975442559601e-02
3.706130506398963576e-02
4.177349802012386704e-02
4.190682537968815069e-02
3.832420088005838998e-02
3.114119668501991178e-02
2.067003591806138019e-02
8.275713791886518678e-03
-4.466759485152849152e-03
-1.660003771129947570e-02
-2.674619513177212138e-02
-3.384069479407847414e-02
-3.796206063957929810e-02
-3.857481985360378118e-02
-3.474711479665004710e-02
-2.684973028302550802e-02
-1.618695943797821002e-02
-3.407246493507321006e-03
1.050487894316542992e-02
2.416562643514197362e-02
3.653768262658996235e-02
4.650986258079448099e-02
5.223150447588831291e-02
5.286425729439203636e-02
4.897621963160125880e-02
4.056490393399392325e-02
2.756875582884155129e-02
1.108876500510325158e-02
-7.100854870844441891e-03
-2.563310959116038568e-02
-4.221327901513005632e-02
-5.482703684849721260e-02
-6.248617453545635136e-02
-6.410868292562654780e-02
-5.827216356345510384e-02
-4.506614408770059921e-02
-2.628189813936121499e-02
-3.096260409507500810e-03
2.229105902778516501e-02
4.700315550062050818e-02
6.834446855594089598e-02
8.412496830219673427e-02
9.168828097427716983e-02
8.969608857803779145e-02
7.898852835342307088e-02
6.001088017099975858e-02
3.382587170571782487e-02
2.993965268759168907e-03
-2.870148255379767477e-02
-5.839937844195330907e-02
-8.240608433747864670e-02
-9.770662822529996294e-02
-1.031278032816884682e-01
-9.754493936705055379e-02
-8.057384692035907126e-02
-5.355351675477904028e-02
-1.958109318158807177e-02
1.871679536581738468e-02
5.710493904286728650e-02
9.112156708449226095e-02
1.169955894245000572e-01
1.318386382067484597e-01
1.331382962920131252e-01
1.200560753612205378e-01
9.459229297428706218e-02
5.850231225605284635e-02
1.507282667480902560e-02
-3.128721276142865104e-02
-7.532270320578882128e-02
-1.125429779087127047e-01
-1.379937627801757216e-01
-1.484511251181971359e-01
-1.436364043347778674e-01
-1.232716893995254859e-01
-8.865440430468496391e-02
-4.298715010464060349e-02
8.341581405126863302e-03
6.064682901161644324e-02
1.078791003824655093e-01
1.445744607241210566e-01
1.670683013509561832e-01
1.726085720532972712e-01
1.599096288779904285e-01
1.296808610908914972e-01
8.561274869900303841e-02
3.127052528354989924e-02
-2.718596833951647529e-02
-8.324896690786875997e-02
-1.308925426786808899e-01
-1.651507833193168739e-01
-1.816118493887600716e-01
-1.779488611638379014e-01
-1.556902017187010712e-01
-1.164088369151103919e-01
-6.371043708228363300e-02
-2.852483212655743117e-03
5.906601324070148706e-02
1.158975747052892746e-01
1.608837562890306216e-01
1.890506518343908482e-01
1.986429699963987439e-01
1.880336543043297226e-01
1.577276154678122211e-01
1.105896931147405393e-01
5.229429257029116762e-02
-1.201074631533094461e-02
-7.525556938978861243e-02
-1.304516052979868279e-01
-1.718962101939638387e-01
-1.952383205178424008e-01
-1.976890032701392741e-01
-1.785051849263914470e-01
-1.406591781328969670e-01
-8.722215507475317153e-02
-2.376501674282882615e-02
4.316754050079030236e-02
1.063268623029787197e-01
1.594033909592575959e-01
1.961508935032829637e-01
2.124051422771264797e-01
2.077923024177066313e-01
1.821952125962646996e-01
1.378146493815870510e-01
7.890624354623798631e-02
1.228094883888886102e-02
-5.581997345781031239e-02
-1.177636760702389651e-01
-1.669128119678163769e-01
-1.989118524719108994e-01
-2.102390010241897977e-01
-1.993288833213886502e-01
-1.669464385127512607e-01
-1.172705519605449220e-01
-5.446001295536306852e-02
1.447067490568376691e-02
8.209432245933756533e-02
1.414408530747455206e-01
1.866125868932249077e-01
2.124057834212720319e-01
2.157996740897867305e-01
1.978639073004513360e-01
1.598727503595891442e-01
1.054031710212945949e-01
3.985937896013758142e-02
-2.925833278250011826e-02
-9.525117171827424123e-02
-1.506015337968550361e-01
-1.895150184873534149e-01
-2.093255637836092253e-01
-2.075498675808511440e-01
-1.839035222005885872e-01
-1.406258067900577613e-01
-8.297895332652893696e-02
-1.593449023183657332e-02
5.328404085457960626e-02
1.173040295007752309e-01
1.696184013854344919e-01
2.049743144956237551e-01
2.192552158589393674e-01
2.105633044377923646e-01
1.812234775313883439e-01
1.336243494060642689e-01
7.236454470420383700e-02
3.536415626856692640e-03
-6.523974866205395351e-02
-1.271807956268740103e-01
-1.751439810997975632e-01
-2.039337671351840742e-01
-2.118388034368399175e-01
-1.975562419472211007e-01
-1.621909258828602152e-01
-1.091394305686426147e-01
-4.478406804032464272e-02
2.506881338796618230e-02
9.283724309160712451e-02
1.511456104693427172e-01
1.941759986491831125e-01
2.174547289420829532e-01
2.181936648899640563e-01
1.958381431351776669e-01
1.537620206051462102e-01
9.548948692085934553e-02
2.750328351693398510e-02
-4.293183820623192037e-02
-1.082556892261803405e-01
-1.619235131525356142e-01
-1.977318438012187762e-01
-2.116371655880122660e-01
-2.036116336558956297e-01
-1.739943202848046599e-01
-1.257067590363739606e-01
-6.367354117280088488e-02
4.631738891191838903e-03
7.258105198092645871e-02
1.324477191304471724e-01
1.777999081894003908e-01
2.050015465366754608e-01
2.109447769273757878e-01
1.947932803724912176e-01
1.581310187035511738e-01
1.058239407767060936e-01
4.255063697636307651e-02
-2.451665221401788664e-02
-8.800909869397988139e-02
-1.412477440425606856e-01
-1.787738710375639251e-01
-1.962459381161731908e-01
-1.915059448629672367e-01
-1.666411408425160223e-01
-1.237962100496767803e-01
-6.747837731254047178e-02
-3.594115981535694893e-03
6.046347751425962258e-02
1.181651335084259458e-01
1.627039231983566925e-01
1.891801084260318344e-01
1.962614365630090951e-01
1.829038246502323606e-01
1.504383218405134226e-01
1.022925755771963985e-01
4.467335764463808978e-02
-1.694323629720229096e-02
-7.560086045127067944e-02
-1.246850480266673555e-01
-1.594691441188746950e-01
-1.763889315245079636e-01
-1.737187700897310227e-01
-1.516479927762374169e-01
-1.136697494945038134e-01
-6.321984947335113070e-02
-6.462394456238529372e-03
5.004746816253557995e-02
1.002625198100073334e-01
1.390837263357289633e-01
1.620463327317112068e-01
1.666093001885984304e-01
1.540583757774576235e-01
1.255663757989500251e-01
8.420098580344981265e-02
3.457115290944523522e-02
-1.712179528541535323e-02
-6.556776905628236563e-02
-1.049880606491581103e-01
-1.311554963936875096e-01
-1.429585680262770442e-01
-1.390479765684151658e-01
-1.197811351389437284e-01
-8.751812242281520327e-02
-4.680696015869489912e-02
-1.491810795635650777e-03
4.317618495970831916e-02
8.195896056228413329e-02
1.111114562742356870e-01
1.278193086708354631e-01
1.305583743107929795e-01
1.192184138533121107e-01
9.620263668399720025e-02
6.363642576717487565e-02
2.547605375257977478e-02
-1.373774218068291031e-02
-4.975493380345719086e-02
-7.897549200646825085e-02
-9.794620803649567442e-02
-1.047084745599077271e-01
-1.002031718828060303e-01
-8.488177359307313985e-02
-6.034211438343706213e-02
-2.951297806076080832e-02
3.686884845871318817e-03
3.589513340258454477e-02
6.310880206166236128e-02
8.236889807288005905e-02
9.299093199450281233e-02
9.395855609430392441e-02
8.506917367955546538e-02
6.763737212889808781e-02
4.448196096614931427e-02
1.772720365167401724e-02
-9.462239766341640212e-03
-3.375059811921554687e-02
-5.299759291165040409e-02
-6.545851704863903109e-02
-6.962726599154067664e-02
-6.520896228674621931e-02
-5.385083961105807671e-02
-3.659662056867518665e-02
-1.566955964681926439e-02
6.059917979136297816e-03
2.623089234454312191e-02
4.291499342431603914e-02
5.403600501797689581e-02
5.851473733161483004e-02
5.708714367004597001e-02
4.987986370582309092e-02
3.767015157836106631e-02
2.232287600707860697e-02
6.054391337310782717e-03
-9.644848755959056774e-03
-2.277713913197343398e-02
-3.185849722861333611e-02
-3.707047746945835165e-02
-3.793332542061123025e-02
-3.408156518587135420e-02
-2.634356143296789909e-02
-1.621943411158655035e-02
-4.582007091503914609e-03
7.092325585195347060e-03
1.726886021706763863e-02
2.535008499958646411e-02
3.064154526158335834e-02
3.236538123457144422e-02
3.064826330553938050e-02
2.657014148514513785e-02
2.042619106581988753e-02
1.280257893678626857e-02
4.888461693703050059e-03
-2.458195138167806881e-03
-8.619440389051713503e-03
-1.278842052711770538e-02
-1.467815736501032475e-02
-1.482908546410177664e-02
-1.316786319821172668e-02
-9.703208606482549570e-03
-5.142583794521593532e-03
-2.690923007667711531e-04
4.534219598610667035e-03
8.734844246246264987e-03
1.189307724932442412e-02
1.408106502755646083e-02
1.507979559899674804e-02
1.462254487989689267e-02
1.297133504717984387e-02
1.066092227016124383e-02
7.855810223287296168e-03
4.804485603294494922e-03
1.904892941984703825e-03
-6.606691550106180699e-04
-2.651594123934675196e-03
-3.666539129805301833e-03
-3.644942030533449007e-03
-2.888924957975769203e-03
-1.453144453595123231e-03
4.296570135096100529e-04
2.373328827278253783e-03
4.151783081789428564e-03
5.602795407601002253e-03
6.541525649349733129e-03
6.886493561215178971e-03
6.728061651260830445e-03
6.084587680621922345e-03
5.096541727929171373e-03
4.046244704891455157e-03
3.217972268546809289e-03
2.668553771687731668e-03
2.369723642772658678e-03
2.319309982674155890e-03
2.374945608745404613e-03
2.547585627895587734e-03
2.865496208976470172e-03
3.207523491123742687e-03
3.469637691704940963e-03
3.636590313949694675e-03
3.715653668224350170e-03
3.725279506020306997e-03
3.726428054357633357e-03
3.711519944750163447e-03
3.688948847870188175e-03
3.667108434389776406e-03
3.654392374981441094e-03
3.659194340317251104e-03
3.689908001069719390e-03
