1.925014806659086641e-01
-1.357293880978142075e-01
-3.743888958542274104e-01
-5.318028835431354295e-01
-6.162971921043425283e-01
-6.361976624776537470e-01
-5.998301356028734599e-01
-5.155204524198095939e-01
-3.873849208218361762e-01
-2.193149277806534236e-01
-2.352808884439516746e-02
1.745690822602377068e-01
3.522528972385385870e-01
4.936926097437430716e-01
5.823401513328243517e-01
6.068503924361265955e-01
5.627590411215448452e-01
4.580028095432033819e-01
3.014304392149729228e-01
1.108834731794203776e-01
-9.305926271182229925e-02
-2.871215042201562540e-01
-4.511934020100003551e-01
-5.656303687180399553e-01
-6.170107916591424102e-01
-6.036952039586243046e-01
-5.254079237859732299e-01
-3.900197469796383709e-01
-2.115695559637810197e-01
-1.249274539879730028e-02
1.876881294047683113e-01
3.658265480876803366e-01
5.017644190527912329e-01
5.831880786187333410e-01
6.004563895573908905e-01
5.511101133253577533e-01
4.395636282641737225e-01
2.806098260614904305e-01
8.867865979818922995e-02
-1.138718603026815934e-01
-3.042956355366399634e-01
-4.617975930880148239e-01
-5.695449066293101215e-01
-6.144819093253954811e-01
-5.903366363909107184e-01
-5.039939603277467928e-01
-3.627297715773878384e-01
-1.816971132718642190e-01
1.997354753074520595e-02
2.185751138274736327e-01
3.933304209540602336e-01
5.229556535988966193e-01
5.924406418133587593e-01
5.983182429213234066e-01
5.383910329329639755e-01
4.186250748646762609e-01
2.513465383618391780e-01
5.783665874542642804e-02
-1.430017202255530195e-01
-3.278361855616067633e-01
-4.752559471088725340e-01
-5.704072514818101514e-01
-6.025552407161585133e-01
-5.681763115967838340e-01
-4.699462492048980256e-01
-3.215495624270128250e-01
-1.365110833986071803e-01
6.343708601097475253e-02
2.556427957470746026e-01
4.186598362515110416e-01
5.349669337799944913e-01
5.898274658527085101e-01
5.755506583533052112e-01
4.984116071295250361e-01
3.650025840753163830e-01
1.902978909837929056e-01
-6.644817676683345553e-03
-2.021579339960540844e-01
-3.755058504773217676e-01
-5.053510391140459967e-01
-5.764406753897890479e-01
-5.847967128747938448e-01
-5.280201211086890112e-01
-4.121975727791712396e-01
-2.497893469850757109e-01
-6.241008659714519791e-02
1.315435496966474993e-01
3.094856823360006004e-01
4.503799371714503064e-01
5.400817602812932883e-01
5.682537589370477704e-01
5.317708790318542711e-01
4.337167835450383979e-01
2.877261381862779022e-01
1.073039991255255732e-01
-8.571001551283996545e-02
-2.690612510489892584e-01
-4.221713548786698578e-01
-5.283104041006767559e-01
-5.743990342796274629e-01
-5.540708001865710663e-01
-4.739539395879737160e-01
-3.408722169991534878e-01
-1.695794939308187255e-01
2.132876358000701522e-02
2.087974296129944118e-01
3.726900835067492590e-01
4.924268116622354530e-01
5.537613127953935344e-01
5.540016397773708245e-01
4.914604690025272671e-01
3.725007537793956214e-01
2.096064021537094035e-01
2.393117664654642596e-02
-1.659264917611121826e-01
-3.372835756142122943e-01
-4.696858688924830938e-01
-5.496358268551575499e-01
-5.676417763114536275e-01
-5.215541345699371556e-01
-4.152376803055569665e-01
-2.634267012295588017e-01
-8.033192217069806684e-02
1.120495546029258715e-01
2.913091238630247659e-01
4.370975458017227755e-01
5.332403144041466536e-01
5.673669282360176425e-01
5.338898056758665245e-01
4.404129779623471297e-01
2.949896412096866261e-01
1.148860563845617300e-01
-7.959298818160454037e-02
-2.650885817975652259e-01
-4.214820682167144117e-01
-5.290511966367976715e-01
-5.745043772047937480e-01
-5.566448993946606638e-01
-4.755913845021180197e-01
-3.400012725273804381e-01
-1.644294246580515484e-01
2.809272139968932436e-02
2.178919242251322608e-01
3.820932115415223151e-01
5.010722398044213932e-01
5.637235422277482311e-01
5.618670775130010231e-01
4.951514955931883843e-01
3.698196410612970553e-01
2.026803028395010031e-01
9.633281464367815516e-03
-1.859484760378186108e-01
-3.610799630961579743e-01
-4.960167940326569713e-01
-5.754951442675044770e-01
-5.898531313316726088e-01
-5.359255320341248519e-01
-4.228101958525586346e-01
-2.602632443135880491e-01
-6.751073373023097624e-02
1.339031607433007753e-01
3.202144932293136126e-01
4.710918917292552521e-01
5.672820282481245702e-01
5.965361962279316366e-01
5.597668570157021684e-01
4.588577810160534565e-01
3.043243828848394283e-01
1.122617905371512403e-01
-9.325050710593996151e-02
-2.907488749328761557e-01
-4.557914031997101212e-01
-5.687680641561927430e-01
-6.195750937869577424e-01
-6.009515402254294036e-01
-5.142499185415068119e-01
-3.676811929802312751e-01
-1.806303665164370464e-01
2.900086292191472737e-02
2.363176306244800795e-01
4.169937052668755140e-01
5.508016849329095965e-01
6.225091083925167190e-01
6.232506813676947921e-01
5.509765548475340502e-01
4.164376768816671071e-01
2.313594223583999021e-01
1.858685422178596447e-02
-1.975744467386219005e-01
-3.921662451360820034e-01
-5.439895561970501392e-01
-6.340119272936052264e-01
-6.505614835656884365e-01
-5.960262841525131305e-01
-4.741220412507670678e-01
-2.979796726064481982e-01
-8.621509365928115010e-02
1.345898118346708916e-01
3.411262510284791549e-01
5.079473310474076353e-01
6.156477954211194703e-01
6.560102258801217001e-01
6.225319082184566089e-01
5.179794282149010609e-01
3.527464501679271613e-01
1.483576884466444312e-01
-7.541345981790426034e-02
-2.920398386773959132e-01
-4.762112003698665275e-01
-6.076232265736933869e-01
-6.712759367783636133e-01
-6.600313316592776314e-01
-5.734696996304958772e-01
-4.238956490826661927e-01
-2.246243779344831992e-01
2.901970727346991907e-04
2.255556411403989436e-01
4.252888012378890359e-01
5.776642936912192994e-01
6.635608075915602200e-01
6.716252525021786379e-01
6.055817414099418095e-01
4.703560955213195172e-01
2.804976839975452663e-01
5.581363188465693348e-02
-1.761352994528446736e-01
-3.906268393637927216e-01
-5.609706246855657996e-01
-6.671686564716839962e-01
-7.009994774945027540e-01
-6.566441697263299959e-01
-5.383951561823119292e-01
-3.580155604172599038e-01
-1.390179531194096763e-01
9.726959343400110036e-02
3.231386612987039442e-01
5.121310313137867887e-01
6.434785626977534978e-01
7.021461143474896360e-01
6.813369351097997573e-01
5.813720316288468748e-01
4.163852835998853585e-01
2.013911009454423251e-01
-3.716384566376529364e-02
-2.720160960971462760e-01
-4.763571806416143639e-01
-6.278145339916416656e-01
-7.077931371619776701e-01
-7.056443200595011733e-01
-6.263366936265100104e-01
-4.762868343936131899e-01
-2.720947892086378328e-01
-3.551414943158115456e-02
2.040626997643519847e-01
4.210221706892656179e-01
5.887220039877310018e-01
6.875000904222650089e-01
7.106433713048896372e-01
6.533526915489853426e-01
5.214061648143306638e-01
3.282466932449057406e-01
9.874121869301655252e-02
-1.444655632920746058e-01
-3.725548191972222201e-01
-5.586821230203069533e-01
-6.825757225956334828e-01
-7.298604558434922396e-01
-6.956717626097179696e-01
-5.820780718499898310e-01
-4.047222483839094664e-01
-1.799723038498802774e-01
6.511625551284216940e-02
3.028696091962790327e-01
5.061815638425066766e-01
6.526429239198638932e-01
7.241576872298502998e-01
7.109100993110104572e-01
6.194495087534075406e-01
4.574309258853337390e-01
2.426218422617500980e-01
-2.339729486390274005e-03
-2.476410181026281743e-01
-4.668743461175399734e-01
-6.329526632461595081e-01
-7.261893407774924203e-01
-7.401636658006196523e-01
-6.710724248663268998e-01
-5.262936051318409802e-01
-3.205120228012586781e-01
-8.020782434299633668e-02
1.707734686026491921e-01
4.030559669297864023e-01
5.892495237246708761e-01
7.090467822962254196e-01
7.483997273573466114e-01
7.031471140529192976e-01
5.762255268766911520e-01
3.848465746689126998e-01
1.468426636829898158e-01
-1.094165041771140157e-01
-3.550360381017183542e-01
-5.619341686997179064e-01
-7.071768975206390584e-01
-7.723433775485955000e-01
-7.476854209207748347e-01
-6.409705006647061776e-01
-4.613486188246519459e-01
-2.292396216429817279e-01
3.044910916887388908e-02
2.862931405472808333e-01
5.107200949859200811e-01
6.762913454333749907e-01
7.631404387273394985e-01
7.653510681556787709e-01
6.802501137527521280e-01
5.172874860564733446e-01
2.932898285796510240e-01
3.728366856157516729e-02
-2.252453800389365712e-01
-4.638678477322580873e-01
-6.505272843388938409e-01
-7.654375746766526323e-01
-7.947457439012316494e-01
-7.352344089320990150e-01
-5.913446313371650831e-01
-3.820110711488143851e-01
-1.268518266784516291e-01
1.436759600507435675e-01
3.991717330225090787e-01
6.106347997004748507e-01
7.545299620662964113e-01
8.132198605253839752e-01
7.778256506419554128e-01
6.569992392864969499e-01
4.610313524665621276e-01
2.115958421674668521e-01
-6.514663084570326834e-02
-3.361106182567937806e-01
-5.722186068144734516e-01
-7.446950253694071264e-01
-8.328998362202627570e-01
-8.310606022044375596e-01
-7.366700819460384464e-01
-5.598564057237189751e-01
-3.182849835749201883e-01
-4.221048595191556618e-02
2.408721529858466326e-01
4.980474288326568466e-01
6.993870425612498387e-01
8.233275225396392560e-01
8.550279840648531415e-01
7.911315553868834005e-01
6.361953078471702661e-01
4.104817664997670867e-01
1.349942295990991248e-01
-1.580235788846460210e-01
-4.360578593358724886e-01
-6.676845215394827671e-01
-8.273410625515833505e-01
-8.951296255324372453e-01
-8.606872167276098384e-01
-7.329739803092708561e-01
-5.228910262133852349e-01
-2.538955001866751715e-01
4.577962198746465816e-02
3.405759888970720795e-01
5.991204870108353120e-01
7.904564720322737603e-01
8.919568512826858697e-01
8.962359291311869924e-01
8.000545157033320809e-01
6.140700214830465686e-01
3.569920299156033039e-01
6.124238364143774760e-02
-2.441354945331567494e-01
-5.243627343411302322e-01
-7.472530990893104796e-01
-8.892442632283809045e-01
-9.336612544094589072e-01
-8.758852231230649377e-01
-7.198133680155665015e-01
-4.856124137652322315e-01
-1.948710884887143724e-01
1.183145617614376199e-01
4.196780622079203660e-01
6.755935819860021674e-01
8.582316477697580215e-01
9.459363371057412095e-01
9.267722161697471428e-01
8.080210711042019600e-01
5.993964462740390964e-01
3.235632044840672794e-01
8.649899529544313737e-03
-3.083448236118165875e-01
-5.941759156674412123e-01
-8.150373310630578683e-01
-9.456694345167904192e-01
-9.759543558198831015e-01
-8.999220404414776109e-01
-7.256745780263813561e-01
-4.700389257569613788e-01
-1.646314409566184134e-01
1.609047651629107456e-01
4.695460725384810186e-01
7.266120118642460657e-01
9.046076605657085157e-01
9.834943216615925632e-01
9.547925714047149626e-01
8.189913583795955798e-01
5.943001380555716917e-01
3.010537421132299940e-01
-2.599155006688347314e-02
-3.511873828002541886e-01
-6.384724278777280659e-01
-8.572692580090387482e-01
-9.822981867599256400e-01
-9.980270087609997010e-01
-9.079051486545204330e-01
-7.187076132839893550e-01
-4.513027473077159124e-01
-1.329505971487155991e-01
1.984975262813510888e-01
5.088860321272157261e-01
7.622014240299768151e-01
9.304380315324747297e-01
1.000000000000000000e+00
9.610640427004928377e-01
8.177210170165754022e-01
5.837179399672689506e-01
2.882662010535799180e-01
-4.037242807765784036e-02
-3.648172484392862014e-01
-6.494085738653864182e-01
-8.638660295838239689e-01
-9.849127234243669760e-01
-1.000000000000000000e+00
-9.056183116772179575e-01
-7.158651667877797831e-01
-4.475326435765231148e-01
-1.318441577035915913e-01
1.976755862806798270e-01
5.042769020289679105e-01
7.558799284736870128e-01
9.235049161407360430e-01
9.875908013686458542e-01
9.465467710568014059e-01
8.022904254681448855e-01
5.707713094937867382e-01
2.751359235257697655e-01
-4.948073366697725017e-02
-3.701169462282001277e-01
-6.495249792967252578e-01
-8.571548719642311243e-01
-9.742890426755941302e-01
-9.868200396343623781e-01
-8.937011405092569749e-01
-7.034237957496558558e-01
-4.406574527897626492e-01
-1.300181188630552542e-01
1.933068960767239108e-01
4.942696699713289288e-01
7.405879368794825446e-01
9.062281252072164062e-01
9.725439447158286121e-01
9.304568859819024595e-01
7.903329972561388139e-01
5.647003163342323440e-01
2.791731898197669093e-01
-3.628631992072406387e-02
-3.456131203881306346e-01
-6.168155847261715952e-01
-8.191220565090219230e-01
-9.300112735731026481e-01
-9.425423660243025248e-01
-8.536423756164435162e-01
-6.737845424143369399e-01
-4.213990803762950321e-01
-1.279847360907180320e-01
1.778298736790466794e-01
4.620224738895497563e-01
6.933790048356838209e-01
8.493506501085001936e-01
9.129979447011142835e-01
8.784906440070154865e-01
7.484381279209226800e-01
5.406348086027050748e-01
2.742325479714418091e-01
-1.989618941825788134e-02
-3.100997385734008960e-01
-5.651197560247080975e-01
-7.585519691835329592e-01
-8.688729680456309667e-01
-8.832448133244060751e-01
-8.062171054081286314e-01
-6.443027020994643861e-01
-4.152945666317013895e-01
-1.426921393170627050e-01
1.416437076223424629e-01
4.086249688115199952e-01
6.275645149086828134e-01
7.747808835743028588e-01
8.393660049425779590e-01
8.133512973609879904e-01
7.000729546917268120e-01
5.110466188997635495e-01
2.706145881094277339e-01
1.665353678246495051e-03
-2.657120631798675081e-01
-5.021259044547260464e-01
-6.832501503493316752e-01
-7.903297618328631868e-01
-8.123929984055598963e-01
-7.460969875657832429e-01
-6.029650612378811836e-01
-3.959256216227517999e-01
-1.495382070064744662e-01
1.093615292505905057e-01
3.524368979712781957e-01
5.549197606239213432e-01
6.942006414955093074e-01
7.550416004113182922e-01
7.365489120875214901e-01
6.396868402809110510e-01
4.754964063393452012e-01
2.613449070065645419e-01
2.356856767541692932e-02
-2.140400741256316408e-01
-4.244041785010495005e-01
-5.850891787230122487e-01
-6.833908278483487031e-01
-7.085316288455529854e-01
-6.582628126987961625e-01
-5.380894047443347539e-01
-3.646942047450572044e-01
-1.542695602121846310e-01
6.902438910436048403e-02
2.806366409427663022e-01
4.585462267528905844e-01
5.846968327913364405e-01
6.454513953074767496e-01
6.339487903303437921e-01
5.568997740982679634e-01
4.213977547620884057e-01
2.423236935580235230e-01
3.869557743934648464e-02
-1.660811922542184682e-01
-3.512141600258031904e-01
-4.954568296325301269e-01
-5.833718094674416044e-01
-6.107038636370850648e-01
-5.741109060849620693e-01
-4.777028708791775102e-01
-3.319196157389591173e-01
-1.556275026853286558e-01
3.432319298668917718e-02
2.166459531782045644e-01
3.711333522289244069e-01
4.833320383002508436e-01
5.420554931194214721e-01
5.416137966195935238e-01
4.820940553861023936e-01
3.733973495956770527e-01
2.253457986143596603e-01
5.592804045256860590e-02
-1.154717005960134157e-01
-2.707790457641775506e-01
-3.945259702680024017e-01
-4.727867000199585945e-01
-4.972343748482050962e-01
-4.706498491064504686e-01
-3.954964836012458962e-01
-2.796868741573803607e-01
-1.360078031604486926e-01
1.774238728076604765e-02
1.660702465394128247e-01
2.915146726453652359e-01
3.809374105120504339e-01
4.298064697834076409e-01
4.328008973985510988e-01
3.892560078460367556e-01
3.046562384159370307e-01
1.910466146378773100e-01
5.876660818089241012e-02
-7.712643347209624523e-02
-2.010745133745199809e-01
-3.009440528817947103e-01
-3.671762840158079300e-01
-3.929101261054253058e-01
-3.757469555256074401e-01
-3.215295344215123308e-01
-2.351772582486655327e-01
-1.262913765027204871e-01
-7.260441303026610171e-03
1.086704172765038390e-01
2.100325094167463380e-01
2.846815957546504627e-01
3.247979093064070621e-01
3.309651925350891588e-01
3.024757524035108780e-01
2.416404450425213568e-01
1.555241341539363997e-01
5.546002579253594966e-02
-4.901924327170870122e-02
-1.455935682177482704e-01
-2.235032808546606464e-01
-2.773190119243832408e-01
-3.018697509857023453e-01
-2.939344535542720571e-01
-2.548807634913250464e-01
-1.917660796038936910e-01
-1.099852654089777948e-01
-1.936862144109174899e-02
6.887236747143155036e-02
1.459901179513267699e-01
2.048237794573972703e-01
2.385883031793516462e-01
2.440760404423119034e-01
2.245408396747954338e-01
1.817247147047709177e-01
1.200680812767220829e-01
4.735622548304441182e-02
-2.731608975000010542e-02
-9.679477945313363918e-02
-1.523884547326090910e-01
-1.882954568480875723e-01
-2.051605704012465781e-01
-2.012915958196047628e-01
-1.759329276792984675e-01
-1.328143315256240520e-01
-7.844408747186315534e-02
-1.754500680424797565e-02
4.235182276902782483e-02
9.402058369695187601e-02
1.339638019437703331e-01
1.586174653939358414e-01
1.645571381093964280e-01
1.518275943201501388e-01
1.247227297649418087e-01
8.531876495737567012e-02
3.755161654622463097e-02
-1.239300020299904936e-02
-5.930671303384726922e-02
-9.901831867294719203e-02
-1.262320817868600731e-01
-1.384053537531928502e-01
-1.376583793127504896e-01
-1.238070025649347095e-01
-9.748324385567064265e-02
-6.256022129538796328e-02
-2.376161719351133073e-02
1.568843857492208116e-02
5.077350010580294892e-02
7.748264651988567842e-02
9.541823813627936524e-02
1.029509667079311352e-01
9.814454818716966678e-02
8.224773755513314910e-02
5.902292540729159320e-02
3.025020752508233990e-02
-1.028537089093894963e-03
-3.080703003302531773e-02
-5.680474434412452478e-02
-7.668764008476824934e-02
-8.683775780858482563e-02
-8.636022740576010381e-02
-7.780287154099407854e-02
-6.165287818656262075e-02
-3.966549849850864451e-02
-1.548367620583157578e-02
7.975593150310711366e-03
2.878431960087124430e-02
4.436505797237599857e-02
5.310265286298943010e-02
5.563449941475107074e-02
5.162104656861954410e-02
4.109107849674242807e-02
2.622278095762031747e-02
1.016903092425369692e-02
-5.908670497223544871e-03
-2.047728525698988555e-02
-3.182270520488983401e-02
-4.012268025536391836e-02
-4.453417830699069047e-02
-4.385118353758032939e-02
-3.874763312856621678e-02
-3.086814383042280063e-02
-2.077484521583194965e-02
-9.572201731079088560e-03
1.156945211025162124e-03
1.052948536787767786e-02
1.774672260124954271e-02
2.185049436165753534e-02
2.273516973754174941e-02
2.131794563183175839e-02
1.762661668640919110e-02
1.179792250858735514e-02
4.824039457615336701e-03
-2.339076927704519804e-03
-9.144052094296362121e-03
-1.489458166987767118e-02
-1.914261682845952439e-02
-2.210328020822860395e-02
-2.347583108830819665e-02
-2.277344826549676515e-02
-2.028328730215234188e-02
-1.668830924254427472e-02
-1.224939685336035033e-02
-7.411937617451624938e-03
-2.741636794743040895e-03
1.523047619073736314e-03
4.991663574043014862e-03
6.979344280308774628e-03
7.304666682019345103e-03
6.318750651985505229e-03
4.119905695727954509e-03
1.157206908434904591e-03
-1.934790394237495548e-03
-4.738669941629303217e-03
-7.000477851496822446e-03
-8.473007547797895000e-03
-9.018489008294050535e-03
-8.776032320570781309e-03
-7.773990873796821077e-03
-6.224307358503100573e-03
-4.581901290977241636e-03
-3.315785246313818213e-03
-2.510168275437485441e-03
-2.107118104675009818e-03
-2.096425356481135260e-03
-2.237174501729555232e-03
-2.547269170354526935e-03
-3.081141280217747358e-03
-3.648916250541311967e-03
-4.093221950995706848e-03
-4.388693716049107962e-03
-4.538930460749934781e-03
-4.571722741795514189e-03
-4.597564018757549498e-03
-4.600735444155734655e-03
-4.540653855770404590e-03
-4.471615984312782288e-03
-4.431626990372916630e-03
-4.425518548210716219e-03
-4.453369352317326779e-03
-4.500181773567368815e-03
-4.528958388006154578e-03
-4.545780340166394318e-03
-4.567843990124331732e-03
-4.584838598986284985e-03
-4.592304531906288290e-03
-4.589672957260426678e-03
-4.573912479782449303e-03
-4.549282594535575264e-03
-4.525202351163937209e-03
-4.500811659579384560e-03
-4.473419320842331182e-03
-4.444960266936415216e-03
-4.414624290086766045e-03
-4.383564075845725050e-03
-4.355137910883599695e-03
-4.329699840250778031e-03
-4.306019411674966157e-03
-4.283312347654666397e-03
-4.261377452676295974e-03
-4.240013531226050070e-03
-4.219019387790234887e-03
-4.198193826855045607e-03
-4.177335652906677410e-03
