4.591916163439391241e-02
-4.346813843633168251e-01
-7.571774065917011853e-01
-9.396049351156364748e-01
-1.000000000000000000e+00
-9.563986313096688452e-01
-8.268368591095203168e-01
-6.293507134644367174e-01
-3.815621212981629151e-01
-9.182243736976414272e-02
2.136445468975385342e-01
4.983463537640817620e-01
7.315791153592514640e-01
8.897406750713061641e-01
9.541785410672369849e-01
9.180278831963035735e-01
7.823765210867714703e-01
5.640311652883485127e-01
2.827938883666158976e-01
-2.880255020209010475e-02
-3.380506917223284891e-01
-6.109572338169048100e-01
-8.186295076382298364e-01
-9.379562075541515442e-01
-9.542286010711602540e-01
-8.691439023405416187e-01
-6.888771482395338319e-01
-4.335730043062159256e-01
-1.284501467996107538e-01
1.911940751996208387e-01
4.927564911487094523e-01
7.421521227889109618e-01
9.121609841674365171e-01
9.874383743563082128e-01
9.577245193912105048e-01
8.266913532719164515e-01
6.061563080679901461e-01
3.227734637438499643e-01
3.654405790621595429e-03
-3.152739644264136443e-01
-5.999805479510231798e-01
-8.200190268784567360e-01
-9.514829211503270656e-01
-9.807057777814696120e-01
-9.024414724508432739e-01
-7.284844149918230372e-01
-4.742249373723828043e-01
-1.685423929970240042e-01
1.573685955034129780e-01
4.672476389293709342e-01
7.289578488555279456e-01
9.134917775884294766e-01
1.000000000000000000e+00
9.829210722699179836e-01
8.617217419666516331e-01
6.504426373607092859e-01
3.695085224361389642e-01
5.181380072113705992e-02
-2.709814651506927685e-01
-5.626900441866341529e-01
-7.919952866684457637e-01
-9.363036237516467741e-01
-9.791193953535877181e-01
-9.168059014188700839e-01
-7.540360360076673318e-01
-5.116227771273387237e-01
-2.123111504537829042e-01
1.095887643716042525e-01
4.200757766616265432e-01
6.857592471342970342e-01
8.787480638835363234e-01
9.785353775147367372e-01
9.730617335761557740e-01
8.673365000494415167e-01
6.703561673888402961e-01
4.044923150655543864e-01
9.650484406023962514e-02
-2.183007753569580212e-01
-5.078141752847895596e-01
-7.401159583914829199e-01
-8.902333987165517160e-01
-9.460233476453294710e-01
-9.000192974054848083e-01
-7.584309447060354481e-01
-5.349040369755113655e-01
-2.566017685474198951e-01
4.949131084683400239e-02
3.492647327744471397e-01
6.107804204414910565e-01
8.070316177501644095e-01
9.172316158600286595e-01
9.312617525228377158e-01
8.464761945859613501e-01
6.752832510590276449e-01
4.332444738072753765e-01
1.485112559179706526e-01
-1.493663212843960864e-01
-4.280574880392989945e-01
-6.590208693236820903e-01
-8.173908907640771160e-01
-8.858238170155687818e-01
-8.614982810124522938e-01
-7.454912116757969054e-01
-5.515087439946173564e-01
-2.987554670403751444e-01
-1.659314487626772916e-02
2.666286058810811710e-01
5.191975438358478190e-01
7.147325445017660428e-01
8.357586678940391867e-01
8.688779127399091085e-01
8.119009834527657343e-01
6.701306152731372201e-01
4.622049757382502566e-01
2.078008058149776183e-01
-6.450431482864471544e-02
-3.261698645350443737e-01
-5.497186915076022196e-01
-7.122652290655219209e-01
-7.968089131506481682e-01
-7.935837249492694312e-01
-7.078123484197555992e-01
-5.473336152306558233e-01
-3.306184253475205059e-01
-7.984210144661318953e-02
1.766754519649462729e-01
4.130184221540362799e-01
6.035229390864280674e-01
7.281565824275644250e-01
7.775427981255980114e-01
7.459441063754355117e-01
6.383642287669972770e-01
4.658642527891865281e-01
2.501197272462698518e-01
1.182270005309660199e-02
-2.231668545176077600e-01
-4.300598855174947444e-01
-5.885258533696788863e-01
-6.825650989334204333e-01
-7.038053073158936357e-01
-6.498685741398888549e-01
-5.299101261888532477e-01
-3.550291534279705896e-01
-1.454557333030781496e-01
7.702250554004974603e-02
2.886802263074315089e-01
4.684128598099353002e-01
5.973005226064573847e-01
6.620004563850918622e-01
6.601124184206532686e-01
5.913907521027759184e-01
4.640959449624151301e-01
2.911506171943507582e-01
9.284306562349575742e-02
-1.112748261824644258e-01
-2.986716355492033959e-01
-4.501746146281684346e-01
-5.529678574068943586e-01
-5.965612319393720497e-01
-5.773261805087102072e-01
-4.973581482763994588e-01
-3.681153290577688919e-01
-2.015872964110768661e-01
-1.673173299461294672e-02
1.668924693057411979e-01
3.307079306710136724e-01
4.587845967329462482e-01
5.382762296679437508e-01
5.611999814721553292e-01
5.294436338136969677e-01
4.460793316227156247e-01
3.205036886455436829e-01
1.657292463230743973e-01
-5.054024667776602087e-04
-1.620024059371512060e-01
-3.015364403896216849e-01
-4.053374633531632298e-01
-4.665297233582785807e-01
-4.790734874241412422e-01
-4.424290210780154053e-01
-3.609545591331817516e-01
-2.455561352083510673e-01
-1.068259489039822263e-01
4.031922328993542415e-02
1.806057581339772788e-01
3.005856112247815570e-01
3.890313402029494938e-01
4.372738371999700391e-01
4.406744539590121690e-01
4.028325228077105358e-01
3.274999839334467033e-01
2.223846550691377377e-01
9.813302399585888125e-02
-3.175508516948810644e-02
-1.549638664060615234e-01
-2.585422578473431932e-01
-3.324942078639405718e-01
-3.726832292881714359e-01
-3.753888501496658314e-01
-3.406791837896173680e-01
-2.725776976317624278e-01
-1.799043802893300903e-01
-7.069291325793403136e-02
4.407823588306336582e-02
1.527184214338321855e-01
2.453759514251350193e-01
3.138626172896838984e-01
3.511445373274586501e-01
3.536197754642649294e-01
3.244107044312176669e-01
2.662674881607545174e-01
1.848254335610579613e-01
8.838010039361021697e-02
-1.308703439625025222e-02
-1.104251012290120570e-01
-1.934912982414405125e-01
-2.545051509625387842e-01
-2.902894310379856568e-01
-2.976089424262563510e-01
-2.756584394652455972e-01
-2.272450469850434418e-01
-1.588039884374966570e-01
-7.567428859333513724e-02
1.431176626077146352e-02
1.023267046259681567e-01
1.810467674039282215e-01
2.437576599568973545e-01
2.837470699585564748e-01
2.973956241755943974e-01
2.861021308866049662e-01
2.506037910687375359e-01
1.931632872863620065e-01
1.190033556816474380e-01
3.553015742196574678e-02
-5.021839027853947091e-02
-1.293513288371276326e-01
-1.947282430754234683e-01
-2.423845253674690170e-01
-2.677802979839000175e-01
-2.669111577575217220e-01
-2.396900535848184299e-01
-1.905063873625532089e-01
-1.228729365177201327e-01
-4.258725649465355811e-02
4.261950122147917241e-02
1.247709417827214118e-01
1.968233259908525046e-01
2.510178515635401730e-01
2.820578079446509623e-01
2.888962390535052549e-01
2.702769047408470904e-01
2.266939946667061445e-01
1.620839874518680279e-01
8.342596129467771959e-02
-3.230356879087681321e-03
-8.950023823978292548e-02
-1.671475502211905440e-01
-2.299142494042778484e-01
-2.717830418063998943e-01
-2.868525808196517035e-01
-2.730097136739829677e-01
-2.334232265288124220e-01
-1.707066522754252524e-01
-8.936953864701169259e-02
3.364266271075333492e-03
9.809825914853131934e-02
1.863776892178372613e-01
2.582912073747114512e-01
3.064620962087034606e-01
3.277922363129577299e-01
3.193172056273232418e-01
2.803320748119464412e-01
2.140015611762957626e-01
1.275786425285818648e-01
2.762390396971192708e-02
-7.610061639735865580e-02
-1.730431460612182892e-01
-2.536669199471223157e-01
-3.101759712594089891e-01
-3.351375699310429335e-01
-3.248549914669770500e-01
-2.823046459975284694e-01
-2.103124717600837190e-01
-1.148484246113976592e-01
-4.853305370720373269e-03
1.080938477142283638e-01
2.134958308365364488e-01
2.993826507455796815e-01
3.566822072206430327e-01
3.811123207105540089e-01
3.691235215848585050e-01
3.206377652700755920e-01
2.398447612775602700e-01
1.360077614364676446e-01
1.740079258744398061e-02
-1.041299684503259604e-01
-2.161085410943807128e-01
-3.074915140575030792e-01
-3.691249142614578815e-01
-3.931757609295027933e-01
-3.760338591127766472e-01
-3.213707936110594687e-01
-2.331027536103456033e-01
-1.188527346692282993e-01
1.080814954310782561e-02
1.420460496571167575e-01
2.623638185659555866e-01
3.581005238101999666e-01
4.190239836055527078e-01
4.406706464593757033e-01
4.195844644320496641e-01
3.566216620308089169e-01
2.571433258064408367e-01
1.323558798567170403e-01
-7.206087160113394674e-03
-1.471245397338053484e-01
-2.727841962642970630e-01
-3.713380375991519600e-01
-4.326932370441640696e-01
-4.490794386661737247e-01
-4.172817407278855972e-01
-3.426354435197468407e-01
-2.309661608828894597e-01
-9.310895188280876589e-02
5.747922091738555395e-02
2.046510608825971023e-01
3.340735423972045481e-01
4.311654181261364016e-01
4.852835993320472330e-01
4.926661601379924704e-01
4.511188731161757115e-01
3.639982373535435300e-01
2.392548243654391005e-01
9.120029450063138476e-02
-6.710087642320261558e-02
-2.191246332643301820e-01
-3.489779706614274390e-01
-4.439269134926012716e-01
-4.939129760135093639e-01
-4.928231663748076086e-01
-4.394632917323518795e-01
-3.408744337625851939e-01
-2.050098255569268169e-01
-4.578822006099148023e-02
1.210522729839638156e-01
2.778513489859426588e-01
4.090908485625888158e-01
4.998411485000371357e-01
5.398005016272455769e-01
5.269695328189740735e-01
4.609923197928984528e-01
3.477341742681205883e-01
1.975117484890629438e-01
2.705105485189673864e-02
-1.477791437236135597e-01
-3.077987369101821136e-01
-4.361704416594474054e-01
-5.207095432526933632e-01
-5.518943021676971927e-01
-5.255779603686803192e-01
-4.430467911492178557e-01
-3.141849058058973077e-01
-1.496874734351215652e-01
3.255072708661921332e-02
2.137538242422030166e-01
3.750887318744990928e-01
5.003937882788018765e-01
5.755895750435098268e-01
5.918252300885400441e-01
5.498164243173651045e-01
4.520604903441056699e-01
3.080523605236011875e-01
1.314482160493088969e-01
-5.803578613906956729e-02
-2.421129870286272689e-01
-4.003285224611853321e-01
-5.162019580293757404e-01
-5.799522549709388297e-01
-5.836698131872224415e-01
-5.260756851829635483e-01
-4.118962634005404189e-01
-2.544978583931521987e-01
-6.760696841629021403e-02
1.287196764613980360e-01
3.142631250911913643e-01
4.697119816700237038e-01
5.791262625896418381e-01
6.300662591144960967e-01
6.157786097504485134e-01
5.404407510844957407e-01
4.098734019113692284e-01
2.370495483094476885e-01
3.852039094797876650e-02
-1.638680997862185240e-01
-3.501531255261036701e-01
-4.994954594485605526e-01
-5.957943017303312105e-01
-6.311921242337696913e-01
-6.005116396683565227e-01
-5.064702904329265731e-01
-3.574517726950546814e-01
-1.708377583477441730e-01
3.645275129049485585e-02
2.422196913168335186e-01
4.247899678421513947e-01
5.651995563815088719e-01
6.487050270273446717e-01
6.658431655329859478e-01
6.131014885310110962e-01
4.985378198836478703e-01
3.318045946475500774e-01
1.307569478188557177e-01
-8.437710135673293088e-02
-2.902423024213468539e-01
-4.661395962181914543e-01
-5.924603800352824523e-01
-6.551095218665800024e-01
-6.499898329925035689e-01
-5.758593880671537546e-01
-4.403456987093391506e-01
-2.562976013548068366e-01
-4.501765349662789628e-02
1.735114628944178783e-01
3.754759839461827564e-01
5.394972528978563275e-01
6.497071605646635994e-01
6.938966755401416719e-01
6.673547669130233118e-01
5.715314203038976970e-01
4.182634986963043033e-01
2.208687389917149968e-01
1.136267896797438226e-03
-2.183941822864249316e-01
-4.145106933366344837e-01
-5.672468718018954803e-01
-6.596637468410984084e-01
-6.810132166637644646e-01
-6.321705926837981604e-01
-5.163456811048948714e-01
-3.455511560496288270e-01
-1.361972735460075246e-01
8.820565164164007044e-02
3.054386301597393771e-01
4.910560214405352841e-01
6.254043469072370076e-01
6.967239012892394445e-01
6.962763416077111245e-01
6.239881103076774238e-01
4.861476067323351469e-01
2.994913962246106287e-01
8.104567585448840816e-02
-1.453107957724337762e-01
-3.558590893802033861e-01
-5.284443561693665803e-01
-6.451027322179362367e-01
-6.927360503043912265e-01
-6.647407163325207424e-01
-5.675742245915158524e-01
-4.095619547119453419e-01
-2.077024368469959636e-01
1.777319696369628055e-02
2.417139781548518496e-01
4.415059170540844846e-01
5.949762508870111155e-01
6.853920458811788574e-01
7.059411588747133148e-01
6.530780560076685504e-01
5.328298409900527055e-01
3.568732547798230126e-01
1.464462828231964941e-01
-7.856115643168470886e-02
-2.937353360146507386e-01
-4.760006423129961028e-01
-6.069421359312621167e-01
-6.726043209478809182e-01
-6.666108827387512425e-01
-5.884851877637475859e-01
-4.486637651766491874e-01
-2.594927851332403668e-01
-4.249264297731414342e-02
1.798089771657080949e-01
3.835659690512267517e-01
5.479842693753105287e-01
6.549303865078317521e-01
6.923553795648718090e-01
6.597630787141497422e-01
5.590552036076890108e-01
4.011769237133806509e-01
2.015919703412674124e-01
-1.678702187623570818e-02
-2.321554615994581017e-01
-4.201347612111370200e-01
-5.609060904099927303e-01
-6.422268664876309430e-01
-6.546581157811768303e-01
-5.971963756089870845e-01
-4.750888470054515089e-01
-3.039097870684532854e-01
-9.954232804112028710e-02
1.152599902974396073e-01
3.177547485722287401e-01
4.865848483920198753e-01
6.042691999219529375e-01
6.578292433138410722e-01
6.404438482195247140e-01
5.578695827273580932e-01
4.174740059940877934e-01
2.348361223828301370e-01
2.867312727700110919e-02
-1.776542312987763328e-01
-3.631437841504023822e-01
-5.071383193721366034e-01
-5.940237835317512261e-01
-6.176204534587761419e-01
-5.745148151488110866e-01
-4.700751063763441984e-01
-3.149042193543469814e-01
-1.283254231381467658e-01
7.181756968124952678e-02
2.636537693335319066e-01
4.264211878094288366e-01
5.439345194826918917e-01
6.039182274655987559e-01
6.009363242401348781e-01
5.347848608742180598e-01
4.149855390582042336e-01
2.524345680674162651e-01
6.603029639144963880e-02
-1.244485235092918085e-01
-2.985439152343942748e-01
-4.384921703120558956e-01
-5.289543231059377071e-01
-5.599620470019710528e-01
-5.320050227419866884e-01
-4.471298604795517218e-01
-3.148402206662089808e-01
-1.485781078025749657e-01
3.219316278498896011e-02
2.091822141081705055e-01
3.621587709732680960e-01
4.749538675717992486e-01
5.384855654756006693e-01
5.455669811199572727e-01
4.959192703736849950e-01
3.945775128839075219e-01
2.549897376321519360e-01
9.031755732944102277e-02
-8.093441798355571759e-02
-2.402628819836793994e-01
-3.711343530387303247e-01
-4.601955240468657005e-01
-4.979520253386938711e-01
-4.798603237937856258e-01
-4.114319499194876162e-01
-2.990363916858713722e-01
-1.557113314060134535e-01
3.197194376931333792e-03
1.597315337703677507e-01
2.979545943087626991e-01
4.024809884959055228e-01
4.621170377602730195e-01
4.738291514765953227e-01
4.360251252853504234e-01
3.534829044256171393e-01
2.351664462616542828e-01
9.626477872273375702e-02
-4.962883355020430987e-02
-1.862435726678381975e-01
-2.986903733863529586e-01
-3.767750526450537318e-01
-4.124372784033480954e-01
-4.025981752912310974e-01
-3.484231479106951745e-01
-2.580585130474408739e-01
-1.399130039188521968e-01
-7.885014092491537951e-03
1.235243183295586800e-01
2.404339841824194579e-01
3.310474048352012311e-01
3.854449386991569693e-01
3.977851565503183195e-01
3.704588083441291424e-01
3.060376937710236334e-01
2.115755906573886236e-01
9.711552411243951077e-02
-2.377857979922326503e-02
-1.388051832670976760e-01
-2.346804025952846651e-01
-3.013254674080055873e-01
-3.346902733795926732e-01
-3.312056961921929776e-01
-2.915694863204039144e-01
-2.203955196757183543e-01
-1.275592523438292547e-01
-2.186125945977146490e-02
8.482616005028287276e-02
1.805029354199669811e-01
2.556683840800144658e-01
3.029455815696979748e-01
3.175259925196805000e-01
2.978639483377971686e-01
2.486535090848323026e-01
1.744972640370858752e-01
8.441347265902510166e-02
-1.124168158804572659e-02
-1.019876439486642195e-01
-1.787237343050676053e-01
-2.326821178847491289e-01
-2.581657320715108339e-01
-2.556060297276714355e-01
-2.252611438744646088e-01
-1.705180933975136703e-01
-9.774548879276334645e-02
-1.646139567852111796e-02
6.526995602824836595e-02
1.379170688361923691e-01
1.936211793538535897e-01
2.289175646774883610e-01
2.402763964456777757e-01
2.265919018593469669e-01
1.899921487214282223e-01
1.362671967560038500e-01
7.032487320545066645e-02
-5.836600960551496797e-05
-6.660752126571256593e-02
-1.227333771323357858e-01
-1.630746166500555150e-01
-1.832922376180909918e-01
-1.815504271814646353e-01
-1.606161081830286275e-01
-1.224377072374167597e-01
-7.119301563783908549e-02
-1.289023322758342527e-02
4.579179698362412232e-02
9.903231730307049396e-02
1.402819486759785406e-01
1.652991947379267579e-01
1.742700558910279529e-01
1.663529150993670047e-01
1.419694925346297598e-01
1.042595987214671727e-01
5.859396975773600857e-02
9.252201465735465646e-03
-3.786642369961312760e-02
-7.732953107567730466e-02
-1.063847008694779328e-01
-1.223783715933540739e-01
-1.231727630047126931e-01
-1.090395861249192633e-01
-8.335523942768396921e-02
-4.835062249342192420e-02
-8.349578360948184397e-03
3.134001061063296234e-02
6.669003759128355746e-02
9.444867243456966932e-02
1.112657595214809891e-01
1.155851180438198789e-01
1.090177975368284979e-01
9.211937879538845131e-02
6.662643032627868500e-02
3.614092734931650952e-02
4.722647765618814830e-03
-2.476291663779972563e-02
-4.856684246325559950e-02
-6.412609987444006787e-02
-7.201265525692668312e-02
-7.145167272740471365e-02
-6.188072685152901098e-02
-4.499879541471862865e-02
-2.367377122662150946e-02
2.817976084572570983e-04
2.383092146091514429e-02
4.401318027432399305e-02
5.975634947092434146e-02
6.971536523096943938e-02
7.232192026456596423e-02
6.779425340767253338e-02
5.823411360457098063e-02
4.434063363396489876e-02
2.744379121170381630e-02
9.973972365501460047e-03
-6.298060870275734580e-03
-2.000900854425746722e-02
-2.929096604463221620e-02
-3.341597504504956184e-02
-3.345367098972851228e-02
-2.925507577516328617e-02
-2.083043119805594312e-02
-9.687669853735036973e-03
2.399574096960011005e-03
1.448953380489403919e-02
2.518559307310797024e-02
3.331124786328154563e-02
3.888926846968199236e-02
4.136088849225605379e-02
4.000128464762653380e-02
3.533685683012910417e-02
2.868159453751051302e-02
2.050372904022323972e-02
1.158230078894995074e-02
3.080261231762637664e-03
-4.381103736590397091e-03
-1.011846384879888650e-02
-1.298177361324592827e-02
-1.270735349569951378e-02
-1.010295421952900341e-02
-5.354429835838558915e-03
7.821942133929837837e-04
7.124060600980808289e-03
1.293729418767797235e-02
1.773103783900542574e-02
2.101324881578525705e-02
2.252999408909350798e-02
2.249696790500355092e-02
2.092369935558258121e-02
1.803686758842126814e-02
1.458246031550780586e-02
1.148513746377943789e-02
8.954457451727293460e-03
7.068317206890162296e-03
5.963706010090108478e-03
5.241366937195790499e-03
5.015616570772651883e-03
5.509159033302735153e-03
6.445481247356665833e-03
7.557422877704667030e-03
8.749034345430839466e-03
9.837426552378847333e-03
1.068064270519086811e-02
1.129699521655180838e-02
1.162312416176414231e-02
1.165582448412383343e-02
1.152192254653794379e-02
1.137811978256575429e-02
1.122657049462261192e-02
1.100829818574777796e-02
1.075251131381871339e-02
1.047564061952410697e-02
1.020285243965246558e-02
9.973763466319063298e-03
9.764471935655327783e-03
9.506068313897886313e-03
9.229760329588332368e-03
9.018170383389145783e-03
8.902074123521730442e-03
8.914733416061082494e-03
9.043288462399878824e-03
9.223642678685806118e-03
9.420335069536101003e-03
9.598536365536425308e-03
9.742569097484610197e-03
9.849941505575499079e-03
9.908731960222905144e-03
9.922584671814727031e-03
9.892955675112169445e-03
9.830119862351160975e-03
9.761257948958323993e-03
9.717613757106224881e-03
9.702014578356621399e-03
9.705322214694112049e-03
9.724560963874084862e-03
9.746989215949408702e-03
9.773782581028678251e-03
9.802895693693525203e-03
9.832283188525359208e-03
9.859899700106034004e-03
9.883699863016959242e-03
9.901638311839766615e-03
