5.424445793152803397e-01
-1.868453886489718219e-02
-4.424598866199486169e-01
-7.399151332164390915e-01
-9.220839479209347322e-01
-1.000000000000000000e+00
-9.846969587202010210e-01
-8.872084933481088065e-01
-7.096002563203823721e-01
-4.526656928518435485e-01
-1.404608503053922375e-01
1.883706055774674315e-01
4.977155554070791244e-01
7.539550593179116245e-01
9.278788548558405402e-01
1.000000000000000000e+00
9.600220973440201089e-01
8.165452656750622484e-01
5.826018908923729089e-01
2.862640771298312625e-01
-4.140741120076218973e-02
-3.613231412691683131e-01
-6.390098627607396775e-01
-8.427603210979507375e-01
-9.489928419888238320e-01
-9.498165633058711643e-01
-8.429352353468068104e-01
-6.423812368745429602e-01
-3.685984497731187304e-01
-5.586351716749726748e-02
2.634462843438205581e-01
5.524275431576850526e-01
7.784757673578721615e-01
9.178562285224109996e-01
9.543789150003052502e-01
8.865588557349093346e-01
7.202488577242649459e-01
4.781864515922873426e-01
1.847938846093735155e-01
-1.244953015578730282e-01
-4.155664474444524803e-01
-6.557925603429168859e-01
-8.186868928281307856e-01
-8.872809475960411474e-01
-8.528162975433555282e-01
-7.242301951087709577e-01
-5.139884083818265781e-01
-2.483730342795972268e-01
4.394662880852129305e-02
3.281638172037062429e-01
5.734602740187157988e-01
7.520822897747225788e-01
8.437303491939394107e-01
8.429183131288038311e-01
7.487297059907707109e-01
5.746458421863693822e-01
3.393785522419743295e-01
7.319857938608231862e-02
-1.955849857314512219e-01
-4.355947200106083939e-01
-6.196936984560127426e-01
-7.297440263744832123e-01
-7.533928056626943981e-01
-6.910301058069496793e-01
-5.491881284899891025e-01
-3.484632694152276500e-01
-1.099501587640614453e-01
1.369857049117177983e-01
3.643149950629449574e-01
5.468361233128042898e-01
6.645318417477126260e-01
7.061456930366303286e-01
6.667949937577379860e-01
5.555331980769189215e-01
3.838170226306021338e-01
1.749347823555444936e-01
-4.699531921309707538e-02
-2.555954519623788723e-01
-4.279008926570011528e-01
-5.446192423567874918e-01
-5.925443698605833420e-01
-5.713214649516380472e-01
-4.831920251452593851e-01
-3.410705490835335141e-01
-1.614345012161345627e-01
3.174143079540581169e-02
2.167823193693694250e-01
3.712583442357795249e-01
4.775513089181746551e-01
5.274753616147414004e-01
5.152331185649301482e-01
4.446375863407299178e-01
3.243401313149907317e-01
1.723818182654484055e-01
5.616464013345812134e-03
-1.547978374302814153e-01
-2.894544441596281770e-01
-3.837106591331104211e-01
-4.269484542025364648e-01
-4.163773860253294767e-01
-3.533967106404319880e-01
-2.493261205128820546e-01
-1.157690138684372982e-01
2.882809559530752352e-02
1.664883554789817754e-01
2.805569243734387097e-01
3.576787399643521770e-01
3.896866452433964678e-01
3.727171524539116820e-01
3.120948001519776582e-01
2.142118255633189694e-01
9.361436979781001533e-02
-3.444309046613003300e-02
-1.531272739584477183e-01
-2.480992636469272483e-01
-3.069442606384243932e-01
-3.218229192175593445e-01
-2.944111301592980956e-01
-2.272001908103691292e-01
-1.294942253970694512e-01
-1.306829242168350280e-02
1.055085156751427444e-01
2.117741095254304096e-01
2.909258550938831345e-01
3.323056979439360514e-01
3.330360718791947061e-01
2.917103604337920597e-01
2.138551280257210419e-01
1.083669749334204013e-01
-9.271975076866834087e-03
-1.257136283579909364e-01
-2.254025605566485346e-01
-2.946332408899566824e-01
-3.249116242957037493e-01
-3.113664087572217687e-01
-2.558349974491785916e-01
-1.634655206943400607e-01
-4.740523653541128812e-02
7.996770097735428351e-02
2.016985800504020876e-01
3.020444983398959948e-01
3.681368449157051970e-01
3.908417892216788925e-01
3.667217904659965111e-01
2.965366117542607149e-01
1.899502456528732175e-01
5.712877745616973257e-02
-8.481624553010924661e-02
-2.188769520019920867e-01
-3.280341539946755036e-01
-3.987047811762366445e-01
-4.206643606748227127e-01
-3.888850298549260120e-01
-3.087051552586822512e-01
-1.867875336069839687e-01
-3.790495079504696552e-02
1.214155475045228805e-01
2.710044731229943604e-01
3.935577923962281233e-01
4.727839657600325651e-01
4.975945186903136808e-01
4.664131491610208347e-01
3.801512014578869447e-01
2.484197572948514399e-01
8.467746236458717490e-02
-8.999717616202751458e-02
-2.570377841923331408e-01
-3.958277461739829750e-01
-4.890630315539409301e-01
-5.263757433919094009e-01
-5.014028388771640810e-01
-4.164872415389441196e-01
-2.789265972480750033e-01
-1.061020136109177558e-01
8.485779980942576017e-02
2.706991003591803224e-01
4.297811148614418819e-01
5.433451196859455656e-01
5.974025711136767836e-01
5.853192253893009234e-01
5.061040822666866834e-01
3.701766321114943192e-01
1.897921863797500386e-01
-1.310705129026357163e-02
-2.161490066171051216e-01
-3.952328473038001500e-01
-5.300518102916094154e-01
-6.037738594662366287e-01
-6.060226755986184433e-01
-5.389553466353935729e-01
-4.074316087178116996e-01
-2.265528729425627663e-01
-1.489331035702268213e-02
2.016224537868140931e-01
3.995040547784389773e-01
5.544524100862360250e-01
6.479132506456817264e-01
6.711969958125172386e-01
6.194337321340910307e-01
4.986663568653613154e-01
3.205037752721062727e-01
1.076348773511430768e-01
-1.183554247641791513e-01
-3.305930933257453797e-01
-5.045342410068838213e-01
-6.205887049549518864e-01
-6.647716548241833223e-01
-6.325074684443596773e-01
-5.253094769788718699e-01
-3.578120144023377858e-01
-1.461690378722294570e-01
8.350156204078040822e-02
3.054256405948070352e-01
4.938364038977807180e-01
6.275016245527389458e-01
6.908548617711407491e-01
6.751376851358386055e-01
5.856546736046115420e-01
4.303695317153644062e-01
2.280132024520862277e-01
2.431749012274941890e-04
-2.248534673414637197e-01
-4.226410858495216472e-01
-5.696577510066065386e-01
-6.485613727850472188e-01
-6.537092887417457199e-01
-5.828387248301891699e-01
-4.451767804343940149e-01
-2.550825700656660366e-01
-3.711000604459857577e-02
1.859373648593611872e-01
3.876216993444330239e-01
5.444735476092912307e-01
6.397311133123706473e-01
6.621394671168308044e-01
6.109335917259328674e-01
4.907149809214779168e-01
3.184563983757562333e-01
1.117783823927662734e-01
-1.037092233965196675e-01
-3.033974858518621032e-01
-4.644870733159016662e-01
-5.688104268683574771e-01
-6.054669924869805486e-01
-5.695034059041457208e-01
-4.684528488004230384e-01
-3.120709225106741425e-01
-1.207478263358313653e-01
8.392659108283018199e-02
2.772865321777731040e-01
4.378569107131162763e-01
5.467604873072253735e-01
5.910353272836934568e-01
5.696817504229720885e-01
4.841968298461245546e-01
3.461335091644401896e-01
1.707237381791388842e-01
-1.917622057540535607e-02
-2.026270949789313880e-01
-3.572012793798156061e-01
-4.649667222028192048e-01
-5.165217543311612092e-01
-5.055327549101389373e-01
-4.350668884995844143e-01
-3.129887365118656506e-01
-1.569500235932119736e-01
1.637596426372778247e-02
1.854996621556412872e-01
3.303721490107587311e-01
4.350749953730284059e-01
4.878413560164129859e-01
4.842066946913978764e-01
4.243002532619191136e-01
3.186346352253237590e-01
1.783672905075552872e-01
2.237887080162881404e-02
-1.305799188925658161e-01
-2.625039992637528963e-01
-3.585629151276708004e-01
-4.083281109484808713e-01
-4.059884579370023339e-01
-3.557078335136301117e-01
-2.627780505227588215e-01
-1.400955934144132442e-01
-2.339174863536186422e-03
1.326383924786618262e-01
2.495624471220516671e-01
3.344096823748046177e-01
3.773439640265836559e-01
3.774453484836146622e-01
3.345594619158016592e-01
2.551587313249892297e-01
1.489123938954948212e-01
3.082828115489921750e-02
-8.584792072772484683e-02
-1.865645856493928223e-01
-2.591625377395490037e-01
-2.974180450206479476e-01
-2.971874566418463148e-01
-2.602785310402231378e-01
-1.914849702597815062e-01
-1.018896171921745974e-01
-1.456141633860985607e-03
9.677902336699339969e-02
1.804832362581556549e-01
2.406684092582860313e-01
2.707860606022549632e-01
2.687793791219244000e-01
2.353391906381157028e-01
1.773195648824856807e-01
1.012037080446226422e-01
1.779087351173025411e-02
-6.209849467024763925e-02
-1.290865432327480411e-01
-1.756816778367086274e-01
-1.971825454925731913e-01
-1.915290301147767327e-01
-1.621184620915679941e-01
-1.122221294678791281e-01
-4.969875083515529202e-02
1.692789732514188294e-02
7.914913156708869302e-02
1.298135342103836631e-01
1.627667926587226255e-01
1.744036565130753225e-01
1.663561085887328428e-01
1.397421488027250636e-01
9.908952730672182518e-02
5.034847887139104472e-02
7.145720318102455337e-04
-4.380299000817378108e-02
-7.709597434224924051e-02
-9.518454545789090115e-02
-9.859239804002595253e-02
-8.722827964466006723e-02
-6.355263534115407342e-02
-3.166247462209104135e-02
2.640804307135535822e-03
3.505364771723695760e-02
6.088281300480136160e-02
7.633052538215201466e-02
8.100585826824091562e-02
7.470705125029275528e-02
5.937819508797348433e-02
3.804094649120925986e-02
1.534555324133046739e-02
-5.584342074202663930e-03
-2.124483739943594518e-02
-2.852265854532864964e-02
-2.706045940517920467e-02
-1.706808174235330267e-02
-7.887716556169710458e-04
1.883098948675931972e-02
3.745897518633212187e-02
5.229413305123475908e-02
6.020913735013166956e-02
5.859497245885991745e-02
4.758648227150441556e-02
2.798202442685182589e-02
2.679527122390723548e-03
-2.472607960410955208e-02
-4.919567630913335154e-02
-6.726610221485262997e-02
-7.502883057652920407e-02
-6.958604981347016327e-02
-5.139749804228455066e-02
-2.159290413372150219e-02
1.655105825551439480e-02
5.861263034943098305e-02
9.803004899532230532e-02
1.299323995888612693e-01
1.487094536115554089e-01
1.500987278094165767e-01
1.336368072113134353e-01
9.990074471696130942e-02
5.203527615263103812e-02
-5.077651271540140065e-03
-6.332625863339902406e-02
-1.163117244064179046e-01
-1.562963728118910156e-01
-1.766604159109157468e-01
-1.742930125374420047e-01
-1.480192941991530509e-01
-9.989932006858837088e-02
-3.422397677823418860e-02
4.024898198362647506e-02
1.160181851380679419e-01
1.830408555225191414e-01
2.319978670582112379e-01
2.562057270620752281e-01
2.515591112778079452e-01
2.173799664097080253e-01
1.558769053530455473e-01
7.495692930518083053e-02
-1.785980628391836689e-02
-1.107756250675744347e-01
-1.922159718799782979e-01
-2.517689351994493174e-01
-2.816645705405742550e-01
-2.768915376424438968e-01
-2.361022265120911179e-01
-1.646165736396549839e-01
-6.834895860436973614e-02
4.048081898549127366e-02
1.490832273388806861e-01
2.439701893928036824e-01
3.139529307500665833e-01
3.490658214463473463e-01
3.435786732674577237e-01
2.996988679048697701e-01
2.205083599655868198e-01
1.147460652886835852e-01
-6.243712747990848300e-03
-1.266940946537297163e-01
-2.331255858666644309e-01
-3.114856404286041602e-01
-3.516482961412497055e-01
-3.505873797798760849e-01
-3.065950486822816012e-01
-2.241549546193828402e-01
-1.116354141035894587e-01
1.615629145479635653e-02
1.460428104924287318e-01
2.619583766178645856e-01
3.494796037347756013e-01
3.984918103427426139e-01
4.024793736276437439e-01
3.610715511203317352e-01
2.776139905823937770e-01
1.634811429588034493e-01
2.995165417297140920e-02
-1.062497838340138445e-01
-2.289881404299621837e-01
-3.237558567126281872e-01
-3.793538504903167796e-01
-3.892598205813591061e-01
-3.512252246555702673e-01
-2.713823574555234153e-01
-1.569645875541940683e-01
-2.271821868516654686e-02
1.158839993538862689e-01
2.419899597708785599e-01
3.412773858960229667e-01
4.011584137257417915e-01
4.137423707819070096e-01
3.804375464189451161e-01
3.038025195544318269e-01
1.931593949288334944e-01
6.062883419364095694e-02
-7.660242313019405280e-02
-2.032063221561606348e-01
-3.030587685476917592e-01
-3.641065497082239810e-01
-3.817052280656505481e-01
-3.529130338231403208e-01
-2.816731208319860347e-01
-1.757887561407416310e-01
-5.007771528892113189e-02
8.222424126042437997e-02
2.048742905700982053e-01
3.029179217306057215e-01
3.656651130151906681e-01
3.858369908244625446e-01
3.621439781571169636e-01
2.968362329584852688e-01
2.000923501355786893e-01
8.195216681246586532e-02
-4.228743985404492811e-02
-1.576207534148104106e-01
-2.506086289653407517e-01
-3.106740139079552376e-01
-3.312357196710249418e-01
-3.095453227303031074e-01
-2.506915501545354807e-01
-1.604616922566123316e-01
-5.159081427661038610e-02
6.253840945625754877e-02
1.679295349312086572e-01
2.526589501510265734e-01
3.063719869539347496e-01
3.225682488243066803e-01
3.027976743913129987e-01
2.490673442828121864e-01
1.686727961359917316e-01
7.133238611191128342e-02
-2.942850143250019812e-02
-1.220683289523645243e-01
-1.947655239673951044e-01
-2.389044665705087889e-01
-2.524766017942636775e-01
-2.337562810240990663e-01
-1.858238914100495132e-01
-1.148824720518186737e-01
-3.184960097656930333e-02
5.409113250376340609e-02
1.319622619478189041e-01
1.916887218016345429e-01
2.272482265473945162e-01
2.348142934645236490e-01
2.148255851007905282e-01
1.699673392593503696e-01
1.080671258224996656e-01
3.605081114644170803e-02
-3.615561750591778090e-02
-9.894792384915696015e-02
-1.452116705235737548e-01
-1.697261545276105288e-01
-1.704116662393222459e-01
-1.475109682053312721e-01
-1.061444591250680913e-01
-5.088019777787178288e-02
9.988008964172401249e-03
6.802118081583907738e-02
1.160560302576083558e-01
1.484656315927932457e-01
1.616174344538829910e-01
1.541742332256412773e-01
1.292097681338610915e-01
8.935402254203350658e-02
4.108270660129020868e-02
-8.573294562984168365e-03
-5.293688818090014347e-02
-8.655973336307309918e-02
-1.048370713227794182e-01
-1.054958039708356887e-01
-9.062063487838634135e-02
-6.166244104681639637e-02
-2.324025144898722584e-02
1.895853611624898072e-02
5.867402874351590469e-02
9.083366125222713805e-02
1.104611034019673532e-01
1.147676418743661664e-01
1.051234950977213423e-01
8.229700929826511135e-02
4.969902019912830760e-02
1.212540950346663315e-02
-2.437918264448557526e-02
-5.521511694572300843e-02
-7.548889344846676508e-02
-8.184094193349678026e-02
-7.476757178715587315e-02
-5.475712398383136836e-02
-2.456277086988756242e-02
1.167731340420896657e-02
4.797438584814228690e-02
7.987801603818400764e-02
1.022989381646783880e-01
1.112724079125499976e-01
1.065334898920580198e-01
8.826642838198095475e-02
5.863308277334633445e-02
2.129919236568578178e-02
-1.761486439835913131e-02
-5.359258464473926065e-02
-8.119784611795133333e-02
-9.570166790482093067e-02
-9.562524108285541669e-02
-8.051788948835647552e-02
-5.202490095197853659e-02
-1.335770281067671927e-02
2.934590760082378402e-02
7.146654181492761992e-02
1.070153826133450892e-01
1.302958056059531078e-01
1.383328016172058472e-01
1.297021978271253317e-01
1.051313678950822617e-01
6.704014645407041506e-02
2.127340273834277262e-02
-2.747915554138113947e-02
-7.245276195461625157e-02
-1.070365556178286548e-01
-1.267520483526928254e-01
-1.287903583681129227e-01
-1.123472878374062178e-01
-7.865958811203666023e-02
-3.285404570234373711e-02
2.069814457234775418e-02
7.470352436426908049e-02
1.217534451601052226e-01
1.557728413043537596e-01
1.723648914165032409e-01
1.686637974717735133e-01
1.442198598909507634e-01
1.028802864975990605e-01
4.819977125484165015e-02
-1.226138767641549165e-02
-7.052382385183808555e-02
-1.191554549690254650e-01
-1.522507763010444437e-01
-1.647311454994840885e-01
-1.542403575695072693e-01
-1.233874505158317758e-01
-7.459255346424176203e-02
-1.380206842100006881e-02
5.157674305702286688e-02
1.127301619895126894e-01
1.625408321317205473e-01
1.937585944406332583e-01
2.019515277248669083e-01
1.881307241505048022e-01
1.528986371207696759e-01
9.977446342253237788e-02
3.480696621940371216e-02
-3.298437051272229414e-02
-9.624737109241632282e-02
-1.465374144454707483e-01
-1.770730535104075853e-01
-1.852491807053058270e-01
-1.694894938343869395e-01
-1.313957829893610540e-01
-7.499524481000918730e-02
-8.301144599207832542e-03
6.195719334865401606e-02
1.268950246476285848e-01
1.780353121556572660e-01
2.095621832501610715e-01
2.176167639084956029e-01
2.012007471453634011e-01
1.616793231573374623e-01
1.049760916921926857e-01
3.649593424267760788e-02
-3.498003309987562925e-02
-1.005207393618184897e-01
-1.524190325941163771e-01
-1.847143179950013758e-01
-1.932817380856424183e-01
-1.766571369861991148e-01
-1.383261017027447304e-01
-8.163710419190650658e-02
-1.375430272785338470e-02
5.714038615793692877e-02
1.223114555191699981e-01
1.744529279315323311e-01
2.064689941785891047e-01
2.141413035859671687e-01
1.989428221934534946e-01
1.620278529185339433e-01
1.073888452060041132e-01
4.126946558652910824e-02
-2.744910214752349642e-02
-9.130524114917382139e-02
-1.419872679053925113e-01
-1.732016259459738805e-01
-1.831253557310920099e-01
-1.703338399352950505e-01
-1.362522747221346364e-01
-8.483010659731993197e-02
-2.358308069310555144e-02
4.141492883642072798e-02
1.023218010037121317e-01
1.514025094002124927e-01
1.835852497378323012e-01
1.954724049689133825e-01
1.860042378568518284e-01
1.561960228915495463e-01
1.110015348024386839e-01
5.474272037404803726e-02
-5.459423268881380409e-03
-6.205836764442429487e-02
-1.087487018084020152e-01
-1.405690214281530848e-01
-1.535344570562562350e-01
-1.460082264366446836e-01
-1.207968289289085284e-01
-8.020332729895784940e-02
-2.959748015681384903e-02
2.455111218555794395e-02
7.574481332979798864e-02
1.185319651192320300e-01
1.474405309399475783e-01
1.591669271044171552e-01
1.546938759925180484e-01
1.344109459524804873e-01
1.006272414098539070e-01
5.772882770020371090e-02
1.190168832769167295e-02
-3.214478014237798220e-02
-6.893409895007363009e-02
-9.413006747321261969e-02
-1.069235759298574617e-01
-1.060569847529567733e-01
-9.151587585537479530e-02
-6.547112614285321985e-02
-3.222909605233226227e-02
5.015229229843320979e-03
4.156380283367977491e-02
7.263624068878282714e-02
9.548412130366967787e-02
1.079990350435346969e-01
1.088829587527826437e-01
9.840915115007708991e-02
7.925499342815478521e-02
5.315574698629932371e-02
2.344100428263273805e-02
-5.778948773665693039e-03
-3.138973157575308814e-02
-5.093951471664670549e-02
-6.194643702096169768e-02
-6.342005778568704510e-02
-5.696249959155363918e-02
-4.311652066094695535e-02
-2.349594695011070211e-02
-1.013538445651218645e-03
2.148894411312163299e-02
4.185485930631083207e-02
5.731368413567627940e-02
6.619757056674102635e-02
6.915271549266188700e-02
6.587060375396691647e-02
5.656949630588337108e-02
4.296496607149036251e-02
2.731696390705384836e-02
1.100100950074733852e-02
-3.854173064095633983e-03
-1.535667476932556230e-02
-2.323097726940226426e-02
-2.676955467407249323e-02
-2.529655812353470701e-02
-1.947239116087928767e-02
-1.099688179088254003e-02
-5.458303091271377028e-04
1.072552976085261456e-02
2.118436663502842876e-02
3.000196569935531521e-02
3.636308586117276143e-02
3.911655328434759937e-02
3.818168614962202945e-02
3.472428388963200163e-02
2.897252853220866342e-02
2.168312231523561451e-02
1.427380797597521678e-02
7.661387935721464260e-03
2.419563723544460032e-03
-8.054201856755316413e-04
-1.777769203787693542e-03
-9.939758348969096602e-04
1.499886646846304572e-03
5.354615403543094843e-03
9.612597539706113636e-03
1.332745554540104571e-02
1.621560976050107072e-02
1.809234850392305027e-02
1.881758128586086265e-02
1.883546223034926470e-02
1.809391918247404973e-02
1.655957714310063444e-02
1.471919483856631850e-02
1.302562805298523863e-02
1.161462780829158881e-02
1.064199267648824332e-02
1.021267180483564907e-02
1.014820924722337203e-02
1.048091936579087502e-02
1.117454213220447912e-02
1.196892976108698825e-02
1.263534536850530188e-02
1.313244864947571422e-02
1.347790936240755855e-02
1.365871468223511798e-02
1.365273791230570133e-02
1.359180238883861414e-02
1.350733735422604553e-02
1.343077205086018466e-02
1.339353572113322066e-02
1.342705760743778676e-02
1.356276695216562800e-02
