-2.069926471783967159e-02
-1.716300262274261801e-02
6.766352534633313098e-03
4.458530227672219404e-02
8.979034812595698689e-02
1.358779916047723191e-01
1.763447342356017078e-01
2.046870775408795584e-01
1.939357012517379797e-01
1.499547930536286877e-01
7.388671031761462338e-02
-2.641706560727963282e-02
-1.405526444863680613e-01
-2.493934476395537336e-01
-3.360280994268562971e-01
-3.794243801184739029e-01
-3.659518128810734794e-01
-2.939163485398624820e-01
-1.682148973922465984e-01
-1.066458405265158227e-02
1.559273009202279958e-01
3.010817506901866114e-01
4.043975848090772818e-01
4.498868606441572826e-01
4.252548046671149606e-01
3.325588107607269084e-01
1.812045846460841325e-01
1.578892724646729917e-03
-1.788596506634663186e-01
-3.313236059105744147e-01
-4.348245230635485736e-01
-4.753919850051931961e-01
-4.454997697148052049e-01
-3.538374739613185938e-01
-2.105778221810825634e-01
-4.279368824461837750e-02
1.237978286569207942e-01
2.651192133487800806e-01
3.622756228944321588e-01
4.013804143644885691e-01
3.775729178940454567e-01
3.020275041766218305e-01
1.823745320788414670e-01
4.050444603834102431e-02
-1.007613746487988626e-01
-2.225162186245233098e-01
-3.093444656506105783e-01
-3.485676212903973115e-01
-3.352962163235447823e-01
-2.781278738897462466e-01
-1.825437767374442632e-01
-6.463184427216983607e-02
5.663025895973716750e-02
1.627523288020364944e-01
2.399531029236352531e-01
2.760116530721172801e-01
2.658521659428958461e-01
2.176115913276761571e-01
1.354319143465965158e-01
3.366051716810103400e-02
-6.973461292552951551e-02
-1.569316547120740424e-01
-2.155085868945655347e-01
-2.364272912573459617e-01
-2.158575922082425214e-01
-1.607154367115152249e-01
-7.705549571954728449e-02
1.686080704915005057e-02
1.024651230164945748e-01
1.628966428784979215e-01
1.875986578782473657e-01
1.713872976691044325e-01
1.147755259151488350e-01
3.306832735924913891e-02
-6.181460887271617022e-02
-1.468377781249389225e-01
-2.020646242320697228e-01
-2.163873443876450642e-01
-1.838216238791768875e-01
-1.084887359636084181e-01
-9.374067821229514763e-04
1.128043773804494609e-01
2.140112018189768150e-01
2.782980869776721100e-01
2.862704835463907305e-01
2.329455184960205205e-01
1.216720470467174131e-01
-2.536526703718988696e-02
-1.848240985532673131e-01
-3.212859305732064241e-01
-4.110453698861080696e-01
-4.350101981276223162e-01
-3.796450306037203459e-01
-2.503953010886550423e-01
-6.117309292588568592e-02
1.481544549697682012e-01
3.424426034182876943e-01
4.832567465171686560e-01
5.448648635823283293e-01
5.140251482241793290e-01
3.864152605174158150e-01
1.841684368179508091e-01
-6.768172212875489535e-02
-3.198187140460519995e-01
-5.299702519803151102e-01
-6.602797046561839078e-01
-6.853685008947749679e-01
-5.985678161188535684e-01
-4.061921571192479430e-01
-1.457350977654776614e-01
1.499393868514058425e-01
4.275994388279260594e-01
6.407377652502834753e-01
7.539791937964857027e-01
7.457407048023994012e-01
6.177924784688531012e-01
3.833043753429006273e-01
8.690165955294637534e-02
-2.331968356714381185e-01
-5.219480426354234925e-01
-7.319486547653540898e-01
-8.310677623075252152e-01
-8.006976388865701955e-01
-6.476218603575525368e-01
-3.890231059401507707e-01
-7.282546617755603080e-02
2.601975334078479030e-01
5.545829952963268195e-01
7.626777710035435032e-01
8.540244432152179765e-01
8.114935232356361716e-01
6.442353068848123421e-01
3.715287493135064345e-01
4.330117520610632376e-02
-2.979249587291228352e-01
-5.956865816981554707e-01
-8.016511151865974849e-01
-8.859224487563859274e-01
-8.322435727625099311e-01
-6.520537735330603768e-01
-3.668753827997150996e-01
-2.965019646687938604e-02
3.147720224568502090e-01
6.084157037417374791e-01
8.024020186991067671e-01
8.686346475699828762e-01
7.931243723924221722e-01
5.919917328222030761e-01
2.907689062641809485e-01
-5.319162713164604650e-02
-3.922537561901796588e-01
-6.682322356814947018e-01
-8.334347947146719671e-01
-8.650389672653413520e-01
-7.542228453385870779e-01
-5.247226650091920686e-01
-2.078484406457241640e-01
1.348331651304486289e-01
4.538303043111178159e-01
6.940728809293290613e-01
8.120821374879432231e-01
7.942193140980393640e-01
6.396190429607586658e-01
3.811078006900392445e-01
5.615460850792075576e-02
-2.719774811992193841e-01
-5.544145193572318497e-01
-7.442986397994180159e-01
-8.058072152798794185e-01
-7.339813600956786033e-01
-5.358174829638814307e-01
-2.542961396912311045e-01
6.758407027490420660e-02
3.695128953681356965e-01
6.062382752498975957e-01
7.416991482737553820e-01
7.493660742816801168e-01
6.318586977222371281e-01
4.024423630081963577e-01
1.107673492929359682e-01
-1.976314895880765254e-01
-4.690224373445852635e-01
-6.623758423452693611e-01
-7.490366776064372178e-01
-7.119944592590707888e-01
-5.640912697173257051e-01
-3.226080747290991368e-01
-3.546414772417927352e-02
2.528271921555547141e-01
4.947961288333464491e-01
6.536017594210248305e-01
7.055411506093587359e-01
6.409605218578731112e-01
4.797084275041134660e-01
2.402361283545881854e-01
-3.390765763283032364e-02
-3.004722489164556309e-01
-5.173085246175015417e-01
-6.522775212710584247e-01
-6.854715608940971094e-01
-6.099547897021465603e-01
-4.467256757239996823e-01
-2.148143192770045617e-01
4.410928304067107675e-02
2.900428119579119279e-01
4.855188163290160563e-01
6.019745837821268708e-01
6.227407484653564307e-01
5.427940292463548921e-01
3.824708257098954345e-01
1.607092503425098240e-01
-8.267356916233536968e-02
-3.095262266031850729e-01
-4.847157340787482394e-01
-5.826596433799704489e-01
-5.897883320290836506e-01
-5.030433806913666706e-01
-3.437459184608064877e-01
-1.307944465122214961e-01
9.787989114846218364e-02
3.056893398493418790e-01
4.601348460159297993e-01
5.380043697190628471e-01
5.280613063857229061e-01
4.293935073320400697e-01
2.648475155602039166e-01
5.431372578160309494e-02
-1.643254531590756518e-01
-3.550877585695597638e-01
-4.873341026926081287e-01
-5.399924997753936529e-01
-5.049720839895692759e-01
-3.843077861577705034e-01
-2.040282179226564629e-01
1.352735694276363532e-02
2.289287304007803225e-01
4.056315346159571344e-01
5.143347101289037493e-01
5.360094048260726218e-01
4.666860825880476682e-01
3.124301543623844157e-01
1.043478082266819928e-01
-1.311423852417751279e-01
-3.514409381569677526e-01
-5.182735266526218298e-01
-6.033535068323567785e-01
-5.897139544170796333e-01
-4.786503824040596600e-01
-2.814152404153357212e-01
-3.598513286725335547e-02
2.256584648291692918e-01
4.565402896539654254e-01
6.158432465605050421e-01
6.764555357029173877e-01
6.238056842257577728e-01
4.657347916541152433e-01
2.197709767526374591e-01
-6.797603370559568425e-02
-3.590707089866017609e-01
-6.019828202576643639e-01
-7.533782127017853991e-01
-7.883125896455263071e-01
-6.954138808100686076e-01
-4.902180651627113805e-01
-1.972282010099096761e-01
1.292510501518762123e-01
4.445926255858319021e-01
6.941003340416616041e-01
8.331512270570884393e-01
8.407802965151480734e-01
7.099825473647980445e-01
4.644859125881557471e-01
1.356255497719298653e-01
-2.158066439917752932e-01
-5.407742299916921125e-01
-7.843973410432548699e-01
-9.030867263209534368e-01
-8.818677381511378366e-01
-7.191410693080585448e-01
-4.460265993522585237e-01
-9.933935042912722668e-02
2.570505700307053054e-01
5.727557492838217801e-01
7.963694513208763315e-01
8.879643516212263332e-01
8.397971937796913089e-01
6.559356945445933285e-01
3.728155539554245390e-01
3.037488227615181557e-02
-3.087921053264561788e-01
-5.964930506448710146e-01
-7.890229016735332834e-01
-8.525485473834247818e-01
-7.835306339108443208e-01
-5.896145973405626517e-01
-3.116595569080978789e-01
9.216492824398070383e-03
3.162107219375871470e-01
5.660710008824467732e-01
7.231261609262087386e-01
7.598991932043019926e-01
6.764431505582699788e-01
4.825295408358327709e-01
2.190662776830094582e-01
-7.455727946726542488e-02
-3.486848464448371043e-01
-5.642326350265705059e-01
-6.894753517668597009e-01
-7.030620596197783012e-01
-6.098802166821839510e-01
-4.198040865129035737e-01
-1.701300355092827399e-01
1.017503840653590785e-01
3.508229008615157962e-01
5.412618538594111683e-01
6.432766993964873503e-01
6.388372217135283027e-01
5.354004402651355576e-01
3.428903343906439805e-01
9.621657057280064151e-02
-1.680904113407147848e-01
-4.061408916368275390e-01
-5.832786033887602528e-01
-6.702999645160665487e-01
-6.502086463875091926e-01
-5.312515799611163825e-01
-3.242879509722093045e-01
-6.576460632997793709e-02
2.062101306372330356e-01
4.459725142348685001e-01
6.180435175343372833e-01
6.938180619042533248e-01
6.569430862815355265e-01
5.162588662527884953e-01
2.847477782943153013e-01
4.445183058028989720e-03
-2.827453830924600009e-01
-5.287843932498448307e-01
-6.966130357869935175e-01
-7.583489865703034738e-01
-6.995024222721859530e-01
-5.339030230871866234e-01
-2.786917355353868420e-01
1.921120679048393676e-02
3.145429361611828956e-01
5.584246176482114965e-01
7.133448795016117394e-01
7.543574817994453952e-01
6.717211718964370970e-01
4.872428269900552777e-01
2.224298398754664952e-01
-7.343415956070864503e-02
-3.536791514191012231e-01
-5.728214236564035389e-01
-6.974767786216167220e-01
-7.107622205508596913e-01
-6.092381136489157800e-01
-4.208567502901582325e-01
-1.704952768020057130e-01
9.433071050543606617e-02
3.302427955080500244e-01
5.011813538875409257e-01
5.821735956943845380e-01
5.669073765702121737e-01
4.590153523817162018e-01
2.893020462264590531e-01
8.258418963603619822e-02
-1.215795863447040048e-01
-2.881698882710100884e-01
-3.951535752877893826e-01
-4.288595887602569823e-01
-3.932912246252322497e-01
-2.980085184886871463e-01
-1.717137671032086255e-01
-3.477871609990257351e-02
8.779413400084656871e-02
1.736228355538873558e-01
2.131281866840915029e-01
2.029384722936005137e-01
1.568672088438989309e-01
8.862236760985542361e-02
1.918824940376495647e-02
-3.900794649705419115e-02
-7.750267131569799073e-02
-8.758394809434144612e-02
-6.988860601799684602e-02
-2.873827966384656651e-02
1.863474695944167259e-02
5.860382670273334149e-02
7.958001899301336834e-02
7.568390094439592097e-02
4.613612042520864875e-02
-7.281203081718423675e-03
-7.209033466083658581e-02
-1.391311194838954490e-01
-1.918878601060909350e-01
-2.168532975320810463e-01
-2.093736974917518312e-01
-1.673987287999449958e-01
-9.389816381258542233e-02
3.042797330505164766e-03
1.062037217801392597e-01
2.039202708318395008e-01
2.794109275836309525e-01
3.172255673682240484e-01
3.113381844805171994e-01
2.604780347315716060e-01
1.689543986298229772e-01
4.578330978715627886e-02
-9.034494430613193572e-02
-2.260539934588513544e-01
-3.421887244016269536e-01
-4.195634628354928397e-01
-4.468012264732440508e-01
-4.178927815596078510e-01
-3.319348797751563440e-01
-1.951095833667411128e-01
-2.600243054706152801e-02
1.600296216110261849e-01
3.370725117307864505e-01
4.788179206218452499e-01
5.633825138959056567e-01
5.761578153639346223e-01
5.086945979693531239e-01
3.627334976427258884e-01
1.579721152916457871e-01
-8.696405544213137162e-02
-3.362751579495727450e-01
-5.541147132533081887e-01
-7.060021638174635017e-01
-7.673552044063218780e-01
-7.225902315116448094e-01
-5.694228253544628693e-01
-3.305027715655942666e-01
-2.888157231348009724e-02
2.888176890646365624e-01
5.769597330085654008e-01
7.897172926037210328e-01
8.937572946738094881e-01
8.687741422808155090e-01
7.100201116765927356e-01
4.442098365090647594e-01
9.894452693004573973e-02
-2.700873699337269507e-01
-6.094844856022014756e-01
-8.658162566699314500e-01
-1.000000000000000000e+00
-9.899791428038003938e-01
-8.302510582346249723e-01
-5.513071754559800697e-01
-1.841566197683079942e-01
2.101590385450695653e-01
5.739849114064454749e-01
8.510047141201100285e-01
1.000000000000000000e+00
9.996671496673072976e-01
8.450368705258421986e-01
5.689964138218517320e-01
2.040698275843495502e-01
-1.875986048523263783e-01
-5.479009509973190584e-01
-8.219353800635986751e-01
-9.696423302532579669e-01
-9.722527816814106050e-01
-8.262375331737292772e-01
-5.654044270351493706e-01
-2.220618620491222606e-01
1.439933107365232168e-01
4.772830179673510642e-01
7.275921567179888250e-01
8.586500367309790605e-01
8.556982410851023957e-01
7.176036633953890576e-01
4.784220385531736675e-01
1.693533776116478151e-01
-1.542911495089900331e-01
-4.417323228314808947e-01
-6.499226359757498406e-01
-7.485713205999056097e-01
-7.286544346916776771e-01
-5.927684158582606777e-01
-3.754825435368635000e-01
-1.068000405763809280e-01
1.637556802808042278e-01
3.915398273725765321e-01
5.428919621460064349e-01
5.955126981144416298e-01
5.479983286764287254e-01
4.081037553813136043e-01
2.112896565166779705e-01
-1.364115306746038758e-02
-2.242805984787824558e-01
-3.834522492915758418e-01
-4.688914664630080553e-01
-4.679260196748449285e-01
-3.879608081929226682e-01
-2.426328785738893767e-01
-6.769848035937442443e-02
1.099063816259953086e-01
2.566162758864027893e-01
3.440061416359339042e-01
3.619360686040227204e-01
3.077766489162658825e-01
1.977305897041978788e-01
5.083187334186978212e-02
-9.905842518717611345e-02
-2.284115673384656819e-01
-3.155220620609259230e-01
-3.419542492458347294e-01
-3.045556281387654662e-01
-2.075177734644930716e-01
-7.628166262316260493e-02
6.577555676183988176e-02
1.905203637080439272e-01
2.791341069329025260e-01
3.188795340613859164e-01
2.996851544007688162e-01
2.261238147075603777e-01
1.073106507488281736e-01
-2.987710939300181057e-02
-1.621108387160434816e-01
-2.673314441023787458e-01
-3.291714586577658697e-01
-3.374285737293196696e-01
-2.892785183968753504e-01
-1.972512578546737894e-01
-7.137811389250536820e-02
6.472711597650060433e-02
1.880413183694424895e-01
2.794651026239591829e-01
3.252137283594138673e-01
3.171099743695484641e-01
2.548025524085817395e-01
1.525581982365404876e-01
2.095212443196481367e-02
-1.171595837719047184e-01
-2.386279239275136410e-01
-3.244694410196378165e-01
-3.613220193276139858e-01
-3.413567989955669235e-01
-2.647825315210208252e-01
-1.469963141819485841e-01
-2.453770434350799334e-04
1.499266833552306277e-01
2.780489870236284577e-01
3.626411943155340989e-01
3.890977271823552464e-01
3.501346223124315316e-01
2.474434105538605433e-01
1.007649375188550689e-01
-7.335147497900296187e-02
-2.434068930713765289e-01
-3.795177047392432890e-01
-4.573214688134624728e-01
-4.613898881098306148e-01
-3.879675246882451356e-01
-2.430419749811633112e-01
-5.469763299962693281e-02
1.534643585763442175e-01
3.426077917688881147e-01
4.781216390744880140e-01
5.352210455376151810e-01
5.000674221943315345e-01
3.765509896058099049e-01
1.780525613256205286e-01
-5.674279965937556458e-02
-2.960927692218937590e-01
-4.953900505450095082e-01
-6.171120450658684753e-01
-6.400028521350290545e-01
-5.548525861530972936e-01
-3.759520441575323613e-01
-1.256003769807965131e-01
1.478327047424774499e-01
4.058178161135996831e-01
6.017468151425815481e-01
6.981876524044046128e-01
6.806218955028444650e-01
5.463712079711908753e-01
3.198201662299882120e-01
3.119507207893046363e-02
-2.651132369904911634e-01
-5.268891506198017938e-01
-7.093662286095185898e-01
-7.777180128768065304e-01
-7.248588691211292900e-01
-5.543512216306980545e-01
-2.975915334781902288e-01
1.020570947295751374e-02
3.131889045434628205e-01
5.687626873514413095e-01
7.366783342715925720e-01
7.858103319678209076e-01
7.130557815105713626e-01
5.253368482977807119e-01
2.578322034296405274e-01
-5.229195510853823503e-02
-3.514057234950361819e-01
-5.985856929589841169e-01
-7.570448802470057803e-01
-7.982584801870720170e-01
-7.211440880684962806e-01
-5.336273465573621033e-01
-2.699476648685861235e-01
3.378050065890469966e-02
3.267455693697531860e-01
5.691609300736730770e-01
7.244959073910566261e-01
7.657484161995617988e-01
6.933607432527708614e-01
5.144425310263582851e-01
2.602211048356573020e-01
-3.454660992992819590e-02
-3.202598865342765055e-01
-5.581773254776649651e-01
-7.121016465060728828e-01
-7.552487699541177157e-01
-6.876676557660232891e-01
-5.160164013053951670e-01
-2.709633304297793810e-01
1.321359705788505146e-02
2.874959399338012922e-01
5.142458692529996434e-01
6.594009848978390487e-01
6.972505637106813925e-01
6.274515528108994822e-01
4.573980524949032844e-01
2.205014199425801014e-01
-4.830542944723237309e-02
-3.019434863800662949e-01
-5.047705158476400999e-01
-6.275576850060748946e-01
-6.486036344526775466e-01
-5.692021662581523422e-01
-3.983960998210562821e-01
-1.733838428958687228e-01
7.022349558940432779e-02
2.902725350553478911e-01
4.548398083438698336e-01
5.410718663725970767e-01
5.343255269414874942e-01
4.425065662260334598e-01
2.772667153560135489e-01
7.439759097510023622e-02
-1.326301515260407404e-01
-3.086579663195841983e-01
-4.269936677278544090e-01
-4.706678239814412468e-01
-4.329960358860822645e-01
-3.304333478968549676e-01
-1.766985136360835762e-01
-3.916774881712492551e-03
1.576701539571934152e-01
2.821962452562456480e-01
3.506143962312304740e-01
3.540713196465155033e-01
2.925193701935726587e-01
1.857495839238423319e-01
4.885176695128623514e-02
-9.002461663673289038e-02
-2.051089999703479272e-01
-2.792254033015104664e-01
-3.014866345090356781e-01
-2.714438353072463617e-01
-1.944054185564508819e-01
-9.109894938235207906e-02
2.393935290733351096e-02
1.286299047784047467e-01
2.026040329551361818e-01
2.364837164496456090e-01
2.258952031937677685e-01
1.752918475916585006e-01
9.304240845560673989e-02
-1.385381675712005212e-03
-9.547072746889262440e-02
-1.732984925795517661e-01
-2.193548938064698861e-01
-2.283876108375815228e-01
-1.993815010639732321e-01
-1.391544229729754223e-01
-5.721921185507239382e-02
2.960159580077714736e-02
1.108520054941739552e-01
1.738231717051799130e-01
2.056082329785573481e-01
2.029353993546223478e-01
1.660853903092387451e-01
1.013179227137850358e-01
1.777711332236342479e-02
-6.904525694161889326e-02
-1.489062796220251839e-01
-2.084357349883683153e-01
-2.354785514723306550e-01
-2.281142130387845413e-01
-1.865435746022361396e-01
-1.157975916548007467e-01
-2.532360951676249083e-02
6.803283668411674867e-02
1.530890145965377869e-01
2.150241620990749336e-01
2.406309271053947985e-01
2.276472579114423578e-01
1.766492101485608313e-01
9.424574008128550062e-02
-8.380683665790811254e-03
-1.114687930400236615e-01
-2.020328454513832250e-01
-2.645283182155212520e-01
-2.848424685107009413e-01
-2.603177759892758569e-01
-1.929361468020232007e-01
-9.411793819936453698e-02
2.173054213849368033e-02
1.322181910445412445e-01
2.225994735729155405e-01
2.782270374991306916e-01
2.860163897614460549e-01
2.444834584478556838e-01
1.577801386798223238e-01
4.355933395895905669e-02
-8.011021484810598725e-02
-1.903962739002685867e-01
-2.719406309018559398e-01
-3.127109273630295228e-01
-3.032084373341427108e-01
-2.451796524205546168e-01
-1.448357822549724006e-01
-2.439021881993208574e-02
9.570465960307417141e-02
1.952849247381369668e-01
2.602058629362109521e-01
2.811151940098295388e-01
2.534864548907940218e-01
1.857047268960165809e-01
8.600267994047938735e-02
-2.445431284711807596e-02
-1.259325532983737173e-01
-2.028760706623193855e-01
-2.441160904684783750e-01
-2.437898229160276875e-01
-2.026729577566079854e-01
-1.341496394607694098e-01
-4.665646443949422739e-02
4.259731918047138244e-02
1.164494325938618680e-01
1.651011960504047416e-01
1.825955683382884942e-01
1.681816812676553141e-01
1.256828903561357791e-01
6.817739723920812622e-02
2.860497835720954285e-03
-5.889618301848309478e-02
-1.048123278429861083e-01
-1.292704157381385777e-01
-1.300780471924108950e-01
-1.111089005328661505e-01
-7.807524760071837822e-02
-4.052401123441995434e-02
-2.530130524363016775e-03
3.071507896145231342e-02
5.190170548615258284e-02
5.985663865894896851e-02
5.902924654207608590e-02
4.890327569583563516e-02
2.896247268052931645e-02
-1.309415943540281901e-03
-4.242864361607157075e-02
-9.491146377676229484e-02
