-2.208145728006859487e-01
3.408165782453718151e-01
7.167861595290865306e-01
9.291590178480866324e-01
1.000000000000000000e+00
9.513739527824547348e-01
8.053457229930782724e-01
5.839801574295038211e-01
3.112727049897565657e-01
-3.074436189074880588e-03
-3.279913236595828341e-01
-6.200547665153576249e-01
-8.440797371077515265e-01
-9.766528611948002148e-01
-1.000000000000000000e+00
-9.130335350039568976e-01
-7.231581783414323672e-01
-4.571533465216839343e-01
-1.426747150564483535e-01
1.798939924869302764e-01
4.724448805406344931e-01
7.001962336007470089e-01
8.362213410209822229e-01
8.656242481557621105e-01
7.828950522506255005e-01
6.028788042755872656e-01
3.434017419641484103e-01
3.977461331661902300e-02
-2.721270382519421771e-01
-5.537932677623216282e-01
-7.727228043244526168e-01
-9.027259016552316995e-01
-9.273432418975652292e-01
-8.506461539204307476e-01
-6.800504950228831724e-01
-4.390578177939513660e-01
-1.556687751220702243e-01
1.320140079061122851e-01
3.908857872618602958e-01
5.889898134652478134e-01
7.027218067799363421e-01
7.254609256203670142e-01
6.538873942821104013e-01
5.001285097286276571e-01
2.827394791157897824e-01
3.324984960695820391e-02
-2.203890224181773716e-01
-4.468161636921152979e-01
-6.184087002989577808e-01
-7.183629832649527369e-01
-7.360286501734449871e-01
-6.742314183738201683e-01
-5.411077636786082445e-01
-3.586998866238551020e-01
-1.477389486308926525e-01
6.413498179371024399e-02
2.509624598795396899e-01
3.927838021165117599e-01
4.744647179035701434e-01
4.904238263922602314e-01
4.403308669948522436e-01
3.362879735605266429e-01
1.902711675157353621e-01
2.289755063020981751e-02
-1.449540967799843871e-01
-2.942713572496263863e-01
-4.091390311055818074e-01
-4.782344256841812857e-01
-4.951062609254021085e-01
-4.642749292539544159e-01
-3.898990734570606520e-01
-2.829937377545422850e-01
-1.571158918756404566e-01
-2.783875267879631910e-02
9.099425196160160212e-02
1.856648758613173023e-01
2.464415440905878274e-01
2.722865291159697332e-01
2.612586272050172465e-01
2.154997683431643107e-01
1.413539556115792628e-01
4.967646717561891023e-02
-5.011653064064225394e-02
-1.460460922558308727e-01
-2.271804174736223869e-01
-2.871542426873061604e-01
-3.201021911722918833e-01
-3.221822813601417090e-01
-2.936446983135817534e-01
-2.405506949721146759e-01
-1.678057244618856858e-01
-8.459691295575322290e-02
-1.527843816134577537e-03
7.211635370372748710e-02
1.286592724529318499e-01
1.607862620662801056e-01
1.647079814807799192e-01
1.431839423316267901e-01
9.809447452251518484e-02
3.461937670146975066e-02
-3.902117797818260847e-02
-1.122472200661639441e-01
-1.769046641331561975e-01
-2.238600072679980402e-01
-2.469358088059698808e-01
-2.467364361745013612e-01
-2.228812916178092296e-01
-1.778226816475557692e-01
-1.176725308988079144e-01
-5.230910383145181974e-02
1.084969508343314182e-02
6.256742681491989089e-02
9.490380583734681075e-02
1.051842270342411290e-01
9.207226000755097672e-02
5.761444781962610229e-02
6.450672495544873541e-03
-5.221791436707634571e-02
-1.116831915994028757e-01
-1.631434311959655270e-01
-1.981527447883625337e-01
-2.127903142340553666e-01
-2.052078932821219670e-01
-1.768455262159102093e-01
-1.314085025841905674e-01
-7.733790087944891756e-02
-2.079988615133510077e-02
2.965779068911622574e-02
6.571162409179387431e-02
8.312861297110041292e-02
7.966564422809696566e-02
5.601450099018778772e-02
1.516081031406879553e-02
-3.527938913297723467e-02
-8.980539997097980454e-02
-1.403269790322788646e-01
-1.787485047117070014e-01
-2.005790198474877162e-01
-2.031509922229726151e-01
-1.861750334293212905e-01
-1.516827655517895002e-01
-1.060300061747366795e-01
-5.375226927993514980e-02
-2.242976764456505734e-03
4.074353534139896205e-02
7.037255199240832759e-02
8.336720816213682994e-02
7.796667740551788128e-02
5.478287560989136828e-02
1.842329326288960623e-02
-2.801407421646184837e-02
-7.852719183683065651e-02
-1.260889690905649951e-01
-1.654177660303420838e-01
-1.924416858783082329e-01
-2.030332499960224579e-01
-1.957200492777178003e-01
-1.736688061072848566e-01
-1.383444188498678118e-01
-9.281375222277543635e-02
-4.256626001239127710e-02
6.429344261942748773e-03
4.933491623977515061e-02
7.964363980723465630e-02
9.336786006993569309e-02
9.128705982697260524e-02
7.271352934291130943e-02
3.755392788687617056e-02
-1.061558590139555225e-02
-6.546448514197356072e-02
-1.221818196696738967e-01
-1.731962965751288053e-01
-2.116497173308775626e-01
-2.337433220810701817e-01
-2.362282109372927374e-01
-2.167830948097969612e-01
-1.767208304985463663e-01
-1.216476351047285354e-01
-5.591560111637783326e-02
1.200031402777601564e-02
7.278662777568811748e-02
1.184514072537958818e-01
1.431344254980126962e-01
1.416471224594657574e-01
1.125921960223223994e-01
6.075583884783775090e-02
-9.718783499552019478e-03
-8.895932047237220530e-02
-1.660433828730621952e-01
-2.303810165659349041e-01
-2.737588070477303681e-01
-2.889174396264219125e-01
-2.726587956714474625e-01
-2.287257714406308873e-01
-1.606010862683145968e-01
-7.771682729372864085e-02
8.675110524679396917e-03
8.567012344200120033e-02
1.436323366092155940e-01
1.736786325783599150e-01
1.707709199916012111e-01
1.379071191376926020e-01
7.764311237439169844e-02
-1.803443681052674386e-03
-8.984306263539931781e-02
-1.732130596285536006e-01
-2.415238723173382951e-01
-2.843402865629831577e-01
-2.947766540619319864e-01
-2.739527926189182505e-01
-2.235184675936867649e-01
-1.506634461488330912e-01
-6.492345337353999657e-02
2.028121403199789619e-02
9.456536626443079463e-02
1.470287197495647735e-01
1.694045852123975404e-01
1.611135991993140060e-01
1.227321284040701066e-01
5.979900772372759299e-02
-1.963642124004694178e-02
-1.028316918919076617e-01
-1.800413471839095170e-01
-2.404958887971861969e-01
-2.749782824911667367e-01
-2.807682255902331780e-01
-2.570070806418659481e-01
-2.073760043286505539e-01
-1.380472041468796540e-01
-6.021414853257200939e-02
1.754830948713248517e-02
8.483400083324821317e-02
1.317658974825755003e-01
1.534884430209451089e-01
1.474295985869615855e-01
1.147505239903456875e-01
5.919249126755321555e-02
-1.034001552972740878e-02
-8.677091009854165371e-02
-1.599942069003356115e-01
-2.198490542716328155e-01
-2.596162566697338692e-01
-2.746692493133323643e-01
-2.629941283593723034e-01
-2.255150827077246900e-01
-1.682240147312863421e-01
-9.610176226578881487e-02
-1.837578162286090944e-02
5.486636793344445984e-02
1.149966951039971264e-01
1.551731337014821133e-01
1.690994677825305992e-01
1.541562064490433759e-01
1.143233454126550974e-01
5.252445213563161630e-02
-2.495698491752296189e-02
-1.091761533076645030e-01
-1.893409296718876478e-01
-2.564223637246015874e-01
-3.000998691237263261e-01
-3.140090295152098143e-01
-2.987164260790320380e-01
-2.542203770515538697e-01
-1.838901483195037878e-01
-9.521759350327796412e-02
-3.956559496571809831e-04
9.073444376582129323e-02
1.657321444016945922e-01
2.139758287417350413e-01
2.300576249719703537e-01
2.106857527473862124e-01
1.568157979897375487e-01
7.342806973194937470e-02
-2.773888566646920406e-02
-1.366950472038236386e-01
-2.390382617569000168e-01
-3.208548750429277563e-01
-3.716355040277359301e-01
-3.843842414308834554e-01
-3.564513244877119957e-01
-2.894653947660544846e-01
-1.933135039363216290e-01
-7.719640771023539294e-02
4.318219030252046231e-02
1.520806091632431745e-01
2.354071313386765230e-01
2.825774686027358040e-01
2.864913143975889032e-01
2.449917965134300601e-01
1.651041625667590829e-01
5.399474312152241495e-02
-7.247587021741841440e-02
-1.978641075811016226e-01
-3.059593055562610520e-01
-3.836609386861821180e-01
-4.202051045697797749e-01
-4.100028179009462814e-01
-3.573006491420821495e-01
-2.665977931834838666e-01
-1.499678736484838515e-01
-2.189358921928430401e-02
9.997290469666419988e-02
2.012833444031578711e-01
2.681117529297722957e-01
2.916501948825871438e-01
2.735058073824858660e-01
2.147129025763658827e-01
1.223244939189980229e-01
7.499638861174995341e-03
-1.133254731979487229e-01
-2.265491537716349812e-01
-3.171856472132559279e-01
-3.733219511501238985e-01
-3.907996845109797945e-01
-3.671931757231342575e-01
-3.060566569198821529e-01
-2.146364402171733188e-01
-1.067694799294351959e-01
6.069472514185880740e-03
1.093978735134206737e-01
1.895164176696986225e-01
2.378149076308246901e-01
2.487239762089545891e-01
2.216844315566601775e-01
1.596303180778420039e-01
7.260926329781258737e-02
-3.050294739579328951e-02
-1.358821512375842921e-01
-2.297023371250191959e-01
-3.009407748163804852e-01
-3.413090789466233232e-01
-3.460418749685909567e-01
-3.142377493178138970e-01
-2.520958555476946472e-01
-1.653950381079213328e-01
-6.624888076737278642e-02
3.233170650114192135e-02
1.178459930565447511e-01
1.801250751903074043e-01
2.103356392125572683e-01
2.040940322609317015e-01
1.653148473547965125e-01
9.731752792890935311e-02
8.944178762408494521e-03
-8.853864427666757742e-02
-1.813910997065193431e-01
-2.582149757203475726e-01
-3.071911912304834402e-01
-3.211420713151389439e-01
-3.017459343391316606e-01
-2.502282579201403623e-01
-1.728349683408499926e-01
-7.934582972488779529e-02
1.559781904764112603e-02
1.005130110066343452e-01
1.627893303344900566e-01
1.926287342724424256e-01
1.878793195826866658e-01
1.481897967019774054e-01
7.900503699979544159e-02
-1.115395729792367785e-02
-1.075239806953084409e-01
-1.985879869082800564e-01
-2.709487425338031885e-01
-3.127822049280749583e-01
-3.188883691727448788e-01
-2.875013222805621327e-01
-2.231734395150183348e-01
-1.332969255969355116e-01
-3.261126013169646232e-02
6.689889372335411366e-02
1.502981075687108703e-01
2.042612422612040124e-01
2.214750334623243333e-01
1.984146457532740548e-01
1.381385384269351313e-01
4.705240353132866815e-02
-6.009664019897376086e-02
-1.709175832773993653e-01
-2.688651244679548524e-01
-3.389394763594760773e-01
-3.713815831478231022e-01
-3.605512672817341446e-01
-3.074969432741486708e-01
-2.172151711005793073e-01
-1.040267951796781665e-01
1.952488683932629421e-02
1.353320052876674229e-01
2.265925065365874680e-01
2.806267036697260853e-01
2.891269973520702585e-01
2.502656233535831554e-01
1.668397834938797342e-01
5.189494368191471807e-02
-8.252003938516361270e-02
-2.171359271573001237e-01
-3.334956823681726190e-01
-4.156910200480591344e-01
-4.522498277847196713e-01
-4.374492263304222694e-01
-3.708818270204756740e-01
-2.631043228517970789e-01
-1.246322670754980155e-01
2.498116027435504094e-02
1.662057183132745752e-01
2.800155354030831045e-01
3.516095628961570796e-01
3.703691645029976165e-01
3.316925581116401123e-01
2.425850385649246377e-01
1.109285388011227447e-01
-4.449389519459057141e-02
-2.039490393901305376e-01
-3.460737622421421467e-01
-4.532439262129812629e-01
-5.099516059966515691e-01
-5.071954519632827507e-01
-4.488403581505897577e-01
-3.396302159368763673e-01
-1.933931424371749808e-01
-2.745114504899248686e-02
1.346566722799764637e-01
2.735138566840047414e-01
3.698296776357015148e-01
4.102650627386814630e-01
3.934392251976173149e-01
3.192379870766346439e-01
1.968227088808773839e-01
4.024354502121396671e-02
-1.280223222500129765e-01
-2.891059047691415529e-01
-4.218632217951505670e-01
-5.081810591674040811e-01
-5.386002608612847631e-01
-5.083567422015191628e-01
-4.222498012040305504e-01
-2.894050568210617680e-01
-1.294130024901624099e-01
4.021012164560300306e-02
1.969574827865123723e-01
3.202434815063719409e-01
3.953597777847073225e-01
4.125084337459081762e-01
3.703422518624237547e-01
2.726311077007459449e-01
1.346509845560990293e-01
-2.903382472822368943e-02
-1.961046455906684249e-01
-3.451055172012842398e-01
-4.574612192315756776e-01
-5.191661822362424461e-01
-5.228404298969473452e-01
-4.667655236426070386e-01
-3.608509674831478220e-01
-2.155275347039156131e-01
-5.114893802655329225e-02
1.115343701846291946e-01
2.514809904287795828e-01
3.515859794472044886e-01
3.984036485616839762e-01
3.847777636295020010e-01
3.161601672322886802e-01
1.987619859911917697e-01
4.836850851414520314e-02
-1.167407100917458029e-01
-2.739232858405153959e-01
-4.040284185260656358e-01
-4.886233133335140533e-01
-5.157104098701108530e-01
-4.857250579125758083e-01
-4.003104904999078562e-01
-2.704120226606728794e-01
-1.112936077391676326e-01
5.387718870080449030e-02
2.056403705318838870e-01
3.230042960021057841e-01
3.892970813489982085e-01
3.978860290085792784e-01
3.459202285055407167e-01
2.405524550547715190e-01
9.349443779801780430e-02
-7.311748534379169939e-02
-2.401632005273948156e-01
-3.844512467130313249e-01
-4.855348229132917526e-01
-5.305382221711076873e-01
-5.121622678670341156e-01
-4.332839386245862512e-01
-3.017467970428768798e-01
-1.378752129868761056e-01
3.976632406898228389e-02
2.057312408780138657e-01
3.369169864061156705e-01
4.156191690350419243e-01
4.301050586115759966e-01
3.784876985887051237e-01
2.648120534241564794e-01
1.072158231244140225e-01
-7.690165563152551176e-02
-2.606381025720490019e-01
-4.188887104240206494e-01
-5.297308373546901761e-01
-5.774065092387191678e-01
-5.552859764537405596e-01
-4.634958850076599246e-01
-3.174200738155276147e-01
-1.326894901539099614e-01
6.324457301192376590e-02
2.440531771452381093e-01
3.843678252805440287e-01
4.649308497775450633e-01
4.743835561376983367e-01
4.088043682770747811e-01
2.802561243124503942e-01
1.019565191727087594e-01
-9.882387769748079975e-02
-2.953068258592884687e-01
-4.598772907168506840e-01
-5.706675472249091996e-01
-6.125630917269431208e-01
-5.780397931467848860e-01
-4.750643752157683863e-01
-3.136142148893494852e-01
-1.188669516254380332e-01
8.351940062034413081e-02
2.648474945429548644e-01
4.017953147878301490e-01
4.757033308361580115e-01
4.756302209497904609e-01
4.066054545021831057e-01
2.750569061617533784e-01
1.008991155509002535e-01
-9.356988501668150882e-02
-2.802947937966202563e-01
-4.357405956183215689e-01
-5.383468650658329580e-01
-5.741174217742222030e-01
-5.444944316284098251e-01
-4.519957199796139635e-01
-3.106958219285131939e-01
-1.384909330038406328e-01
3.886997199064046171e-02
1.999237101036077657e-01
3.233998217236002670e-01
3.929055983610243441e-01
4.042349857329119445e-01
3.560020954895843914e-01
2.572786025661568665e-01
1.207209944727067885e-01
-3.244483973660128306e-02
-1.845328326668589369e-01
-3.162900710751542777e-01
-4.105441189569880578e-01
-4.587061137201944305e-01
-4.559215256328056354e-01
-4.056419728897717736e-01
-3.145895114422878613e-01
-1.978374583696306255e-01
-6.841922684550361122e-02
5.708693976287460004e-02
1.627967857239005500e-01
2.381176271813882916e-01
2.753408693098464699e-01
2.721722652187166247e-01
2.297456803807922388e-01
1.564478862651490498e-01
5.977433076828586600e-02
-4.781936007259401933e-02
-1.530581959869641295e-01
-2.445985634896330474e-01
-3.129751546584121913e-01
-3.501130849361655528e-01
-3.518317118310776426e-01
-3.219241949394896496e-01
-2.630961950486869760e-01
-1.812903972054336066e-01
-8.574230460342102678e-02
1.180831534585125020e-02
1.010546595753607502e-01
1.700658778828121331e-01
2.105139759744567574e-01
2.205488474361065876e-01
1.979431307250862915e-01
1.438013106943061281e-01
6.392406315772114489e-02
-3.047717840396468869e-02
-1.300838927663630074e-01
-2.218379721040792951e-01
-2.933915602632310993e-01
-3.360934357019257357e-01
-3.440176944058769282e-01
-3.150832861651768901e-01
-2.514844254127019951e-01
-1.629556805480918413e-01
-5.828991202659372650e-02
4.768253087627449815e-02
1.402074379578852614e-01
2.063694646699758550e-01
2.369166819297601201e-01
2.265910495740299790e-01
1.748902199637003552e-01
9.048461338110369567e-02
-1.820619869152462211e-02
-1.346656238717994780e-01
-2.423850574968529070e-01
-3.253804987180565211e-01
-3.717302035873926158e-01
-3.736088913129863576e-01
-3.285850768248798071e-01
-2.447515691958579431e-01
-1.304204514256396275e-01
-3.690594333212837697e-03
1.173229885382907067e-01
2.140240390356213940e-01
2.722659319683387036e-01
2.821176091229196103e-01
2.396413727874011634e-01
1.526276581396892595e-01
2.951583670085344835e-02
-1.099984494942878310e-01
-2.461427131190281337e-01
-3.577991413594833192e-01
-4.286339726160073305e-01
-4.464045256729683997e-01
-4.055634776797495400e-01
-3.135329556537004292e-01
-1.788736863295712354e-01
-2.331772297306289321e-02
1.313907497217428055e-01
2.617863330671166278e-01
3.493367424978310876e-01
3.800383429948319680e-01
3.468520236089676079e-01
2.558982426459408543e-01
1.151154859470389091e-01
-5.383338086342726037e-02
-2.284408933674028086e-01
-3.824431574719329152e-01
-4.949495475346729068e-01
-5.484490078965745807e-01
-5.330915866925952651e-01
-4.542555255771401068e-01
-3.183425161180711838e-01
-1.442759781969811250e-01
4.632021892915139105e-02
2.256065010690082584e-01
3.703563574298802674e-01
4.586840727428302955e-01
4.766104597195188752e-01
4.252769090833565802e-01
3.079474683453236050e-01
1.403007430789597887e-01
-5.800518114224184618e-02
-2.581611727788535315e-01
-4.361019597988543550e-01
-5.673460125288946054e-01
-6.329483032944206444e-01
-6.266465966721450620e-01
-5.468294938534581373e-01
-4.045618526931400449e-01
-2.154158562584760350e-01
-6.397195177309966674e-03
1.989788279808628602e-01
3.738084291098200396e-01
4.946963511130306745e-01
5.475050489816923882e-01
5.241946341013827837e-01
4.285371420566712608e-01
2.697278324509229108e-01
7.025704585556002968e-02
-1.487178378965422487e-01
-3.587032622865522491e-01
-5.333124467843923799e-01
-6.513033724491744669e-01
-6.974043305567927398e-01
-6.660370222252225414e-01
-5.583622761124886758e-01
-3.898466761544139292e-01
-1.768271039532620659e-01
5.307682994909868057e-02
2.723915468169730847e-01
4.537244561079294414e-01
5.749976797330491607e-01
6.198170096976729493e-01
5.799289665340501276e-01
4.634059898075013617e-01
2.803142974736787529e-01
5.316188637579122300e-02
-1.924856946724955442e-01
-4.245221162076877608e-01
-6.154771587979019909e-01
-7.393155909379425239e-01
-7.785508600076678221e-01
-7.315232542020279061e-01
-6.001408203051699086e-01
-4.005261701403066699e-01
-1.544543537874280004e-01
1.042050676152552757e-01
3.459544953939126533e-01
5.387281099949325913e-01
6.564456662359934302e-01
6.857083775180190521e-01
6.201312713030755486e-01
4.690453628854491797e-01
2.481439910358897993e-01
-1.068373457065419085e-02
-2.782687311273226438e-01
-5.185576763135135714e-01
-6.999082515986201347e-01
-7.999032213239392064e-01
-8.044018288740488742e-01
-7.148181096635553011e-01
-5.398023977657364636e-01
-3.067200562237701877e-01
-4.192454960257985253e-02
2.175275449787579252e-01
4.378977000693298205e-01
5.912778522068289355e-01
6.577329850507371845e-01
6.313399314096803661e-01
5.139937631784134986e-01
3.270537524701344623e-01
9.202482113940813058e-02
-1.563992325430710872e-01
-3.856117837700984152e-01
-5.657885764386700878e-01
-6.742016861950369533e-01
-6.996760333384675068e-01
-6.386928107608857985e-01
-5.063233021125677080e-01
-3.183512445717877615e-01
-1.046145738201033071e-01
1.060214724119954433e-01
2.852865089740952431e-01
4.107628247381311937e-01
4.685693697182318207e-01
4.518259637948076612e-01
3.702713256636018802e-01
2.343331462117610453e-01
6.834744619650612307e-02
-1.037790847175426023e-01
-2.582436465972367534e-01
-3.757238497604203920e-01
-4.434661831635151596e-01
-4.542348177204259541e-01
-4.136825369840602118e-01
-3.278237247641431207e-01
-2.142329409981883481e-01
-9.074981999617115491e-02
2.432240352352610380e-02
1.164155080963840128e-01
1.754133746347088518e-01
1.954047591613528034e-01
1.804448677349952401e-01
1.333969399382088916e-01
6.557883470733294473e-02
-1.092767359473489908e-02
-8.457429623756751447e-02
-1.457240567987696522e-01
-1.869047266325116752e-01
-2.040806186290039514e-01
-2.008221065959682194e-01
-1.840324580222544304e-01
-1.548975379433129573e-01
-1.146032113945948394e-01
-6.433534341155178193e-02
-5.279799029635046104e-03
6.137755671570421789e-02
