2.473281407102811968e-01
-4.655049342301841309e-01
-8.643179120477085808e-01
-1.000000000000000000e+00
-9.234404053447662353e-01
-6.855283353397156887e-01
-3.371529972425564292e-01
7.079640168900369623e-02
4.325441857592495776e-01
7.366866560211253745e-01
9.393994736050730321e-01
1.000000000000000000e+00
9.020145574414266676e-01
6.749418366449471129e-01
3.499884561448418641e-01
1.487039331626860417e-04
-3.139539196598221116e-01
-5.352856556915368547e-01
-6.240410259498995194e-01
-5.700251587285608545e-01
-3.787835930535699003e-01
-1.005085720695697571e-01
2.222457149708396695e-01
5.219449798141135854e-01
7.425912887569430243e-01
8.478573583065394104e-01
8.178672004021496633e-01
6.683809640621141135e-01
4.235330258379967905e-01
1.429626222402167190e-01
-1.275094532129414926e-01
-3.363217365280430915e-01
-4.429163059012881654e-01
-4.334027890037717157e-01
-3.075333081654557654e-01
-1.047299577123911307e-01
1.373286399184747708e-01
3.643818154020215250e-01
5.383839703573383151e-01
6.326576984000045201e-01
6.281809419614341472e-01
5.345265771490332884e-01
3.678326466321180099e-01
1.736986940118836475e-01
-1.025721473309904042e-02
-1.475392398640117397e-01
-2.139617736366533629e-01
-2.026936307790965230e-01
-1.155229977213544368e-01
1.803106109992813622e-02
1.752585211188404379e-01
3.191111006020819207e-01
4.198544272641493436e-01
4.632694556245338102e-01
4.419421218708667887e-01
3.663974811657004782e-01
2.514136039718617432e-01
1.281391137061211882e-01
1.734031773244515406e-02
-5.999979752877704353e-02
-8.641817563392739654e-02
-5.764589839158773543e-02
2.277798949788167882e-02
1.290133116897462795e-01
2.392047182738581412e-01
3.285790800059926742e-01
3.822491856875800398e-01
3.919951790187594654e-01
3.513052524727668935e-01
2.689714436174042156e-01
1.569037511876893998e-01
4.390819263588063848e-02
-4.677704963978202013e-02
-9.686397302993221547e-02
-9.453938480426882229e-02
-3.824813883195166131e-02
6.555979158626046299e-02
1.910524940844504638e-01
3.197102430787774896e-01
4.219279210854844919e-01
4.723674610998183088e-01
4.600404452269117872e-01
3.824047302980277951e-01
2.546889387372881508e-01
9.689973830480091976e-02
-5.272072623062795671e-02
-1.680161099269802394e-01
-2.250830212824322940e-01
-2.054487262209889753e-01
-1.092914362539678663e-01
5.286401612888425028e-02
2.411739688078511357e-01
4.200944388616101310e-01
5.482428443280291663e-01
6.001095623986978378e-01
5.658053290127138535e-01
4.423421301809151718e-01
2.574421397028843206e-01
4.112568636503488584e-02
-1.530988835601164721e-01
-2.845368793695831622e-01
-3.273532710681629210e-01
-2.678151049739343481e-01
-1.201453150012720128e-01
9.251483519848635595e-02
3.173923136985394855e-01
5.149372321119709550e-01
6.433113037520739041e-01
6.720495724424562223e-01
5.964918085860324570e-01
4.255742279876102430e-01
2.073606669096013100e-01
-1.599107423550816254e-02
-1.938750824132379202e-01
-2.939534827652909854e-01
-3.022703080041873047e-01
-2.124331626672913975e-01
-5.109697608713148487e-02
1.527440941512914208e-01
3.459726187088556504e-01
4.887058160135888674e-01
5.555086219761677935e-01
5.330558713998891918e-01
4.346154473827192888e-01
2.795570381871519405e-01
1.121631601992889582e-01
-3.743165413728111179e-02
-1.405675138784467926e-01
-1.752980719611989535e-01
-1.395114637416123848e-01
-3.994856098034893499e-02
8.925148618255152044e-02
2.198251821283330187e-01
3.210992625406601242e-01
3.760913667190954879e-01
3.814382536148936964e-01
3.352147800789755383e-01
2.549885806650709075e-01
1.576116598106886979e-01
7.038381074560695616e-02
1.258840642988112712e-02
-5.481774086278257130e-03
2.058534590639560236e-02
7.706415413098821610e-02
1.499462445908414931e-01
2.188108885287372019e-01
2.720165058678698511e-01
3.003335045388939584e-01
2.958775912346855996e-01
2.605693101066772766e-01
2.003469672637181453e-01
1.349691309274982931e-01
7.923828511642061478e-02
4.352183722990998760e-02
3.340489319715955752e-02
4.965825438448945306e-02
9.010056535717247961e-02
1.440089553442969184e-01
2.049858266271438190e-01
2.600682068977706596e-01
2.971234671910629732e-01
3.113736231611565763e-01
3.003988556140293475e-01
2.641627391723000429e-01
2.071540968789331583e-01
1.411716238911602250e-01
7.215923340574481593e-02
1.238919834833285272e-02
-2.467701460851134954e-02
-3.243716257570472550e-02
-7.641625171804444783e-03
4.985476914898390177e-02
1.341523300026399301e-01
2.284242841217509756e-01
3.213755718525261873e-01
3.935526250816263616e-01
4.266763919260072591e-01
4.125921639825449461e-01
3.491649652773247681e-01
2.444903425091184967e-01
1.127122664080555392e-01
-1.734815019727187213e-02
-1.257838193291465068e-01
-1.905860561345465998e-01
-1.932430278989220040e-01
-1.292830640635165285e-01
-3.754924405046877744e-03
1.565112044637626543e-01
3.245115459917564671e-01
4.635240181909556778e-01
5.496443669217934147e-01
5.667840396065535469e-01
5.044685966315871628e-01
3.745274464115020407e-01
1.949789551008194177e-01
7.903473265286065086e-03
-1.518775850826822316e-01
-2.533433011128739532e-01
-2.767079900494650024e-01
-2.188596903556164763e-01
-8.544540852286908184e-02
9.175154230800752764e-02
2.851668245561747028e-01
4.521625832398550315e-01
5.591277336978321966e-01
5.891932557016605898e-01
5.355394787651173161e-01
4.132926969918826465e-01
2.425511492665441970e-01
6.400041193349559343e-02
-9.375965642396755229e-02
-2.025675502988230070e-01
-2.396935427206966507e-01
-1.999054139203438885e-01
-8.773704394216319535e-02
6.432698876725684300e-02
2.275741717165098432e-01
3.679111225201801005e-01
4.632781448777332223e-01
5.009546406398031060e-01
4.714083670766648915e-01
3.850779482868882386e-01
2.562605304557901142e-01
1.191206869267038559e-01
8.928365174261099213e-04
-7.732403320214298326e-02
-1.014338206523414110e-01
-7.059321807541341087e-02
8.659983593394482426e-03
1.103838605616265234e-01
2.173651284592699184e-01
3.059470855667401068e-01
3.553823325802023536e-01
3.566593651286689148e-01
3.086457868072205457e-01
2.299502359348397640e-01
1.388757688761126374e-01
6.165198982839892317e-02
1.340359672809832148e-02
2.625144697592451948e-03
3.590110480418751138e-02
1.039843538350198049e-01
1.941761563691934978e-01
2.772935579061253097e-01
3.312888422635709151e-01
3.419874727532037362e-01
3.037451293730355495e-01
2.256751604282121182e-01
1.201894760276682739e-01
1.653883607228645580e-02
-6.458218679495919545e-02
-1.020199973047358766e-01
-8.122388332979724179e-02
-3.864308949751760203e-03
1.209980787975839522e-01
2.594219862629507656e-01
3.821897452897995429e-01
4.592476337760127425e-01
4.739703700485393689e-01
4.240270365354543713e-01
3.110302131133135806e-01
1.594086239103651437e-01
-5.101714323073824886e-03
-1.405993372753245874e-01
-2.168594872875492241e-01
-2.193371586975416676e-01
-1.431522335555364123e-01
-5.764160053894795688e-03
1.702799924280844479e-01
3.423708069023689848e-01
4.815352205975236277e-01
5.621804618251782237e-01
5.649099854112424879e-01
4.897457135717087073e-01
3.461937057082384861e-01
1.712071071673617606e-01
-3.002558361522966734e-03
-1.401235949189892915e-01
-2.178816433040781098e-01
-2.266364751262405219e-01
-1.607578522093588980e-01
-3.769227182067713677e-02
1.230445003640348034e-01
2.834562838308438693e-01
4.140343837392401749e-01
4.947751258631163385e-01
5.120097328833033146e-01
4.661224500941185678e-01
3.649872743468982605e-01
2.355244949555053147e-01
9.704908834012293539e-02
-2.305434822143559437e-02
-1.012595160376467129e-01
-1.274580034946749540e-01
-9.839298381208827493e-02
-2.571847951632832974e-02
7.689570711647264467e-02
1.846145718958127624e-01
2.816948282358882061e-01
3.526899994433017049e-01
3.828492098904836549e-01
3.689614827145422105e-01
3.133040039156402834e-01
2.332386336808081051e-01
1.448005250965653801e-01
6.648980251771097194e-02
9.639962883367880764e-03
-1.828606142037469962e-02
-1.073126591798778673e-02
2.894834341823449009e-02
9.509289199983061991e-02
1.689683124728542651e-01
2.344745172944950884e-01
2.797717476195089592e-01
2.976170906948647499e-01
2.858766689261218463e-01
2.462889037578912532e-01
1.911755442646663194e-01
1.287081415512059124e-01
7.433289367746698240e-02
4.214184388588693153e-02
3.791887234398139128e-02
6.332629894851216079e-02
1.118391728553616016e-01
1.736870205546519053e-01
2.312728279426081723e-01
2.754353387376771156e-01
2.982947235985513590e-01
2.913159669839036070e-01
2.528441643285852525e-01
1.869669375510567555e-01
1.115095992933425872e-01
4.236280784407253641e-02
-3.823570247315277726e-03
-1.849356220834286191e-02
2.061967238442763417e-03
5.960950832058520277e-02
1.428875693369160427e-01
2.399093469730992911e-01
3.262680283519237001e-01
3.826887973412089750e-01
3.984951684183255516e-01
3.675630506692644239e-01
2.930202081376418466e-01
1.847073442562929824e-01
6.774020047503515052e-02
-3.993269283317335550e-02
-1.146736438239303046e-01
-1.370253339021662020e-01
-1.009531606210779531e-01
-8.960552831171586519e-03
1.172542891654129171e-01
2.555878683724908118e-01
3.740279952730147794e-01
4.522005635582064809e-01
4.754265390975636052e-01
4.326788122266560510e-01
3.314489275845231564e-01
1.859584328599253045e-01
3.317937730302311650e-02
-9.633229567146228689e-02
-1.748728483778264620e-01
-1.862581581541504772e-01
-1.298924306790865124e-01
-1.101603319538257963e-02
1.416426283637175487e-01
3.028808242478617796e-01
4.344479539514576327e-01
5.068705357750620255e-01
5.075041095591448226e-01
4.332768852645736413e-01
3.039801600198877018e-01
1.429529990820470609e-01
-8.433901064780813250e-03
-1.227087596447300477e-01
-1.782579519683235025e-01
-1.591777908890189552e-01
-7.070575280960222919e-02
7.389709897373575309e-02
2.348462326822224888e-01
3.790104893925054785e-01
4.734017991715575580e-01
4.997492813072588191e-01
4.574987968068457977e-01
3.497338884089560285e-01
2.045627694460605550e-01
4.823421421515505791e-02
-8.031723590215777975e-02
-1.530791965905174967e-01
-1.577077665191687350e-01
-9.029547174050389646e-02
2.828284924864887806e-02
1.750298761357051980e-01
3.127458314852809007e-01
4.165757590981788994e-01
4.664906179924570573e-01
4.484793478042201631e-01
3.688053290518436000e-01
2.403021199798605068e-01
9.979879926246981725e-02
-2.344886325075745681e-02
-1.034876111907917506e-01
-1.256368457904517566e-01
-9.023569386945817783e-02
-1.675639780267856871e-03
1.158058241792594423e-01
2.420626662299274479e-01
3.475058902353140855e-01
4.093459632664253611e-01
4.171093202621130036e-01
3.679525446974334368e-01
2.778437779170848110e-01
1.640695227482411589e-01
5.431091762441631055e-02
-3.428602807896141691e-02
-8.771957105215677508e-02
-9.366192909677217848e-02
-5.134070355613595815e-02
3.407968365358726714e-02
1.397860210290022831e-01
2.462299353189836282e-01
3.332970863549433727e-01
3.880441011016584341e-01
4.023464624731309947e-01
3.717505286853970414e-01
3.047641996784766771e-01
2.093601305182966055e-01
1.063009085432862211e-01
1.432031003961165005e-02
-5.223724602212032053e-02
-8.236143808864793137e-02
-6.886349090693000274e-02
-1.222373544140875623e-02
7.363968160481570990e-02
1.791788483509926255e-01
2.834049111892720241e-01
3.656786475310307427e-01
4.117162591812955075e-01
4.129475009378793526e-01
3.675292214966776605e-01
2.804002493244970307e-01
1.715438774795330357e-01
5.518430988512457169e-02
-4.484277924569923801e-02
-1.065162273250176428e-01
-1.188414643845473462e-01
-7.775792952791282797e-02
9.272988622958999727e-03
1.294182013060871661e-01
2.547458160006850214e-01
3.662159130414417429e-01
4.423067308425836508e-01
4.643207931651502918e-01
4.269872598118658047e-01
3.334652268034457023e-01
2.070995027644555453e-01
7.074860742081146014e-02
-4.566005488464741635e-02
-1.231659824126259961e-01
-1.492845408227343462e-01
-1.145286618536738299e-01
-2.653351632813161221e-02
1.016124361974226620e-01
2.370183205156948247e-01
3.528179352360580889e-01
4.265417304229512929e-01
4.445852882547489671e-01
4.061057183290364136e-01
3.161486184508128794e-01
1.988352847225185460e-01
7.315293412625578640e-02
-3.236586640288230399e-02
-9.450189553663534969e-02
-1.029128287029049682e-01
-5.477492337099354458e-02
3.534353754900254607e-02
1.504060558693320893e-01
2.614704478800125020e-01
3.503843006830404949e-01
4.024440583521664561e-01
4.049948822626361356e-01
3.579998426080239771e-01
2.679006572059212665e-01
1.598709011124208601e-01
5.536610434995981045e-02
-2.357055006658015373e-02
-6.403794748741042930e-02
-6.074743700427653881e-02
-1.140292813095133972e-02
7.066685176886733366e-02
1.727922217252217951e-01
2.697706310343999103e-01
3.414916894143384951e-01
3.769375661407297073e-01
3.689649382695816549e-01
3.190094954577784581e-01
2.346967808418602974e-01
1.372315279961549006e-01
4.078382613161446457e-02
-3.475605711254758923e-02
-7.184823273783103037e-02
-6.431099543002771757e-02
-1.218671643846269692e-02
7.171342755155651894e-02
1.730241233837499504e-01
2.687295180205810929e-01
3.447451958938316796e-01
3.886972440340143997e-01
3.888267602538189038e-01
3.439675131338439940e-01
2.593292759357030963e-01
1.572433249481501871e-01
5.735388588921308539e-02
-2.019506173937735127e-02
-6.291462915905987607e-02
-6.411419621080105546e-02
-2.007813085039011902e-02
5.908677113941451786e-02
1.621187379793198602e-01
2.637974027238021435e-01
3.429282367765491557e-01
3.851572313500324363e-01
3.820384246744432666e-01
3.347146449342364161e-01
2.505063706447043792e-01
1.517830136213931258e-01
5.351802995929499929e-02
-2.378996777573383348e-02
-6.192802143159403805e-02
-5.378787686213648556e-02
6.809885848895191884e-04
8.551409217950300956e-02
1.838895348909932448e-01
2.713921775785219648e-01
3.335517478831695470e-01
3.608292830772048543e-01
3.447249686043560857e-01
2.886592217433063823e-01
2.012172489331303105e-01
1.070464666195607428e-01
2.633603125062733419e-02
-2.349997782504997801e-02
-3.312245572329552967e-02
-2.405316063193607690e-03
6.533594315502311289e-02
1.515515320364773100e-01
2.417270635612922547e-01
3.139340091034565905e-01
3.509771408767334844e-01
3.465164513754852571e-01
2.991916727807517606e-01
2.222378593983804773e-01
1.308328321678355888e-01
4.797406503385426291e-02
-1.220717583314845367e-02
-3.822517589243390468e-02
-2.077911013735733725e-02
3.721319490897445625e-02
1.271744098960787550e-01
2.231029590900710513e-01
3.042002479722161201e-01
3.529739134796856526e-01
3.600914569801687559e-01
3.258124140889875342e-01
2.533817678779055615e-01
1.606996767734845122e-01
6.288242156365386748e-02
-1.614680288615544246e-02
-5.755388439324493621e-02
-5.361780184956843609e-02
-2.787601025123653820e-03
8.227712727908276236e-02
1.862346282605589209e-01
2.832236554590501498e-01
3.575260137831917095e-01
3.963914852268761724e-01
3.885479489044945112e-01
3.339590337189792812e-01
2.392395450511739519e-01
1.291225540965716956e-01
2.503899304950341076e-02
-5.065638242567394034e-02
-8.500102511365681401e-02
-7.266117560066931436e-02
-1.154369405995869791e-02
8.403680811485747526e-02
1.997184336337773924e-01
3.074454232005687793e-01
3.848777077945559899e-01
4.189901160973563687e-01
4.017216263070031435e-01
3.357761709978623887e-01
2.307782647131932929e-01
1.123164041376527589e-01
-1.593682397732054667e-03
-8.712142226623387220e-02
-1.241878800639875102e-01
-1.057810014122909648e-01
-3.273467083656156351e-02
7.677352768281142659e-02
2.037106796781338325e-01
3.194312792716322846e-01
4.056842262404816157e-01
4.479409746989730934e-01
4.339866176003850384e-01
3.659147907714366266e-01
2.524666617257040890e-01
1.225623741764965136e-01
8.659348090060969838e-04
-8.848797476613290414e-02
-1.302776355795335350e-01
-1.181962317855904665e-01
-5.069806758184258744e-02
5.623438764181409866e-02
1.871481027214727533e-01
3.119206411461228345e-01
4.054410517719733154e-01
4.512977814591636605e-01
4.400764787500506259e-01
3.745735400973082552e-01
2.644343869847591844e-01
1.368933076724687670e-01
1.079875502300708945e-02
-8.817195834159197165e-02
-1.379025956546281462e-01
-1.307074190050091511e-01
-6.604384020997178251e-02
4.051248133766804926e-02
1.708542800350416613e-01
2.948912844724211890e-01
3.931483452742663420e-01
4.495604814963600759e-01
4.501976262134865792e-01
3.942054751827306358e-01
2.881839766976330708e-01
1.594334131157342238e-01
3.212296579062856594e-02
-6.691472181064805902e-02
-1.209843902907656865e-01
-1.214713575243638877e-01
-6.374617150942840649e-02
3.787150604935751730e-02
1.679399954541800355e-01
2.943663875710182953e-01
3.913621120072374726e-01
4.418856653388507638e-01
4.348942055322322364e-01
3.721860290228204970e-01
2.633200514927072078e-01
1.368193846536505109e-01
1.324403620945613369e-02
-8.064102070272616274e-02
-1.226505502296100225e-01
-1.041274716171759485e-01
-2.593262234195148341e-02
8.854911871430792836e-02
2.167799124241647224e-01
3.272277015708622283e-01
4.001975185002337732e-01
4.227063806716029326e-01
3.851605564387654557e-01
2.967805807524404038e-01
1.719800536513682587e-01
4.585650168661326020e-02
-5.389329524596930820e-02
-1.053579815132367203e-01
-9.664797355527954270e-02
-3.166927468752123165e-02
8.048626565626082474e-02
2.103459929152913244e-01
3.352105075290996439e-01
4.256722368171290682e-01
4.590627328474981006e-01
4.270172068592574810e-01
3.308981334033274102e-01
1.972674099440898665e-01
5.181276935495726654e-02
-6.988500697793031957e-02
-1.453921864886943416e-01
-1.605930640437323031e-01
-1.060696168639375658e-01
7.409569721020581312e-03
1.634781160644076525e-01
3.231920929971539014e-01
4.548921026363506037e-01
5.299046709024950452e-01
5.311809531837841103e-01
4.575376430678104178e-01
3.162322993747228583e-01
1.407182955182277873e-01
-4.205004639030418545e-02
-1.910492557495964139e-01
-2.740594186816512901e-01
-2.765371339479100188e-01
-1.929120604334859657e-01
-3.936923323159202681e-02
1.615134189839422252e-01
3.646228396429185281e-01
5.367839298935386250e-01
6.428416386673336813e-01
6.562387179667188430e-01
5.723577238954913327e-01
3.985223683448979592e-01
1.746460698438787595e-01
-6.177625117679863553e-02
-2.605294384982601574e-01
-3.871265147803386597e-01
-4.175540952597815991e-01
-3.363333483972175131e-01
-1.580289701188429818e-01
9.434761294802962439e-02
3.640798134376339590e-01
6.031222449720012868e-01
7.628902478240440210e-01
8.106937365383055649e-01
7.360685370231430102e-01
5.426354293565145426e-01
2.735061741187869711e-01
-3.202364766969723053e-02
-3.079237516223228832e-01
-4.999546568090880161e-01
-5.699519554844532099e-01
-4.977955928114615736e-01
-2.992705583573367356e-01
-1.356815019808332856e-03
3.283731242549317031e-01
6.363486042129646858e-01
8.587243174413794478e-01
9.472442735815325143e-01
8.869969254138656556e-01
6.803774587394095796e-01
3.771145569788656449e-01
2.768493426146068082e-02
-2.903737069857852404e-01
-5.211991521989014498e-01
-6.234398182764930851e-01
-5.706727186327216206e-01
-3.796212446856709333e-01
-7.800083841239258131e-02
2.611063030122158235e-01
5.759399461329683945e-01
8.024370830999854043e-01
8.990571585215572092e-01
8.561644444594840309e-01
6.765882726208882758e-01
4.099457406738216125e-01
1.013932157489596531e-01
-1.788033387118802553e-01
-3.770002533026856062e-01
-4.634397592029718682e-01
-4.226599486256951144e-01
-2.763648467435291245e-01
-5.244759912253749157e-02
1.906088796059874912e-01
4.101912925877004845e-01
5.657864618405075152e-01
6.274843066598498886e-01
5.925670968027814123e-01
4.687819134209538774e-01
2.998300471727082250e-01
1.215367489774259457e-01
-6.422788500827680824e-02
-2.139980741894718097e-01
-3.035373936787512106e-01
-3.086094185887109376e-01
-2.049777240319444749e-01
3.159411487895313897e-02
4.253425230313898631e-01
