3.111882461569215330e-02
7.664500334394763748e-02
1.067906087253862601e-01
1.232077267413385080e-01
1.275484433731337575e-01
1.214648446021024952e-01
1.066090164095736537e-01
8.463304477687838556e-02
5.668255848048553425e-02
2.410569814764573771e-02
-1.126488641674128210e-02
-4.545843475711031090e-02
-7.485740824094533341e-02
-9.813921060445396360e-02
-1.131199376593364780e-01
-1.169999412360966939e-01
-1.089955907174708916e-01
-9.102402067193293700e-02
-6.418519069145489642e-02
-3.054523909781847735e-02
6.409592967727917312e-03
4.321157045736545577e-02
7.695422131578832925e-02
1.035913267192265508e-01
1.203912911312350342e-01
1.272138960901263438e-01
1.230722099966101712e-01
1.067949221513819769e-01
7.990313275347893374e-02
4.605912237780573903e-02
7.520818376724136556e-03
-3.242257098874168353e-02
-6.987515446942982322e-02
-1.020047976390273670e-01
-1.257279472834714751e-01
-1.368587313412612527e-01
-1.338416445027910129e-01
-1.183731299308423690e-01
-9.105532956984907500e-02
-5.301351298845458082e-02
-7.715581743892641065e-03
3.998732243321545532e-02
8.614554495206006024e-02
1.251939885030191046e-01
1.526804139879291977e-01
1.668081677545603103e-01
1.655878232482699275e-01
1.473018856527361642e-01
1.131316356849279003e-01
6.723897030232017791e-02
1.280265131303992554e-02
-4.480601912750648008e-02
-9.930564782772555166e-02
-1.451889320276922302e-01
-1.778997674504817494e-01
-1.923403364300353413e-01
-1.861473963403416088e-01
-1.614999568892355741e-01
-1.197947941595153276e-01
-6.391947705550604653e-02
6.327075227015033221e-04
6.646092387670954338e-02
1.274923808651786672e-01
1.762871969548887030e-01
2.071965379669096219e-01
2.181967107808071571e-01
2.072374923866411311e-01
1.739448049025482668e-01
1.212236848354062424e-01
5.529460174422351493e-02
-1.868248001734984509e-02
-9.285050251247106701e-02
-1.589001145719851626e-01
-2.099320721417839986e-01
-2.404730552774908547e-01
-2.457586158976379220e-01
-2.241501009699505831e-01
-1.791727525960294942e-01
-1.139995182546134078e-01
-3.450516638375589196e-02
5.137729211692620979e-02
1.340618731849083645e-01
2.052619477966302064e-01
2.558472368946096420e-01
2.796935275697882695e-01
2.757934411282709775e-01
2.432638171972869578e-01
1.840882011285895903e-01
1.037002088180869475e-01
1.155861212560194140e-02
-8.402134764719904059e-02
-1.721376324370998967e-01
-2.427172392586294247e-01
-2.885799933597583689e-01
-3.043011924503974397e-01
-2.870121444826096990e-01
-2.373954283986714486e-01
-1.615362758446401426e-01
-6.550730584716857319e-02
3.975967613944497714e-02
1.426004313911324317e-01
2.318207597177397439e-01
2.980676314148791306e-01
3.327940589797531157e-01
3.312080831067851783e-01
2.953518727209702988e-01
2.275632493474328832e-01
1.341241970483790791e-01
2.435387709656522404e-02
-8.874570239857049181e-02
-1.937905860008030112e-01
-2.780371231329513693e-01
-3.319691112140424893e-01
-3.517138726084451106e-01
-3.338844199147832370e-01
-2.792335711309880120e-01
-1.928349401234367155e-01
-8.525360360226685863e-02
3.378452374150819892e-02
1.507438956156654797e-01
2.523982277425169674e-01
3.277449282447668644e-01
3.684524533987261208e-01
3.694680522352549179e-01
3.295714743749815767e-01
2.545246569783672363e-01
1.505354230755109324e-01
2.912600735720061174e-02
-9.676324801373348272e-02
-2.129501772169843932e-01
-3.072383525990236564e-01
-3.680056894409150514e-01
-3.877776118630461566e-01
-3.666623605768949412e-01
-3.055281084269280134e-01
-2.103321264893511788e-01
-9.052434567984102287e-02
3.954668046636000689e-02
1.668503032018924248e-01
2.762627085121316384e-01
3.553825925084772575e-01
3.970351421116704582e-01
3.958576334478074443e-01
3.515002273277667566e-01
2.679072453395123787e-01
1.558573008301333829e-01
2.567200799590985127e-02
-1.076836386209759633e-01
-2.292349877171552253e-01
-3.256401111792606162e-01
-3.864005000200638751e-01
-4.040348661475104963e-01
-3.754430919831951430e-01
-3.059832702369880142e-01
-2.016220856714822096e-01
-7.443814467422948944e-02
6.172454800577575895e-02
1.911155972058700137e-01
3.000579435522752192e-01
3.754304603876725821e-01
4.082786563705040894e-01
3.974497328148030029e-01
3.429943640589114828e-01
2.508299774879112487e-01
1.305961457550655069e-01
-2.462027219117257637e-03
-1.349528409058814438e-01
-2.514071187684382425e-01
-3.385363527055477162e-01
-3.883461829464418535e-01
-3.948334935522310740e-01
-3.572696592018365092e-01
-2.792121489949569435e-01
-1.712349882362899089e-01
-4.361723447261789399e-02
8.845720167406434520e-02
2.099366562318034646e-01
3.074033591812463939e-01
3.702231725331841528e-01
3.912025248442732028e-01
3.673105263441966972e-01
3.036541139304260728e-01
2.059267824507169387e-01
8.571920344811623238e-02
-4.366814475722002875e-02
-1.668950714087713560e-01
-2.706752105212663073e-01
-3.422630148616490064e-01
-3.730655957026716152e-01
-3.624805425923240954e-01
-3.107809149019036266e-01
-2.238389966341399751e-01
-1.109774737625094376e-01
1.323532795801218853e-02
1.358260594804185928e-01
2.418786509553958464e-01
3.188898561614583738e-01
3.598005630974738800e-01
3.596055590503024479e-01
3.186015603648240102e-01
2.409667670705366582e-01
1.377245260282844441e-01
1.910237635489009378e-02
-1.004101639388667033e-01
-2.065703388122052120e-01
-2.874746741653024795e-01
-3.340733521069111367e-01
-3.411253800750920773e-01
-3.072019387728476270e-01
-2.382381548350090972e-01
-1.406253123293916829e-01
-2.724871638882098157e-02
8.828717152189935469e-02
1.922490380305184043e-01
2.730413918180099042e-01
3.204756211811250477e-01
3.284571251669599068e-01
2.990364556961961906e-01
2.346726794437972163e-01
1.429526299394130451e-01
3.428138559239801708e-02
-7.689440360546140329e-02
-1.781861627331521314e-01
-2.565170414821087430e-01
-3.023950044394839720e-01
-3.131558954460520461e-01
-2.866269890443221557e-01
-2.257423662103671402e-01
-1.373069489071028215e-01
-3.374018995742633642e-02
7.418239957631644899e-02
1.729441603720711651e-01
2.500340793534188144e-01
2.967909992465855851e-01
3.074694640995441208e-01
2.811217462440809278e-01
2.200512252489079668e-01
1.333054820459931289e-01
2.957033872997461010e-02
-7.767823033861098736e-02
-1.751157886092319371e-01
-2.509371196101201074e-01
-2.960144270352003115e-01
-3.045586408247503707e-01
-2.745457098331768320e-01
-2.111533815314099449e-01
-1.200125383249198707e-01
-1.285740305715876719e-02
9.756663188282543864e-02
1.973404799213915872e-01
2.747746681899196908e-01
3.190994510237226134e-01
3.238176787923741085e-01
2.906793470938857649e-01
2.219596953339959544e-01
1.253404423368886800e-01
1.137987622461311688e-02
-1.048289812356709705e-01
-2.101652885152834882e-01
-2.904168812537381017e-01
-3.349957930436663345e-01
-3.400477185139006986e-01
-3.033396233049291402e-01
-2.285738733741129458e-01
-1.232974837311888727e-01
-1.712915666686964933e-03
1.236590421401939643e-01
2.370669634031923323e-01
3.239897008387360167e-01
3.738851999357577505e-01
3.798500949908070190e-01
3.405832795952461467e-01
2.587365284376026420e-01
1.451462131070493378e-01
1.062177131954999965e-02
-1.281105329087245392e-01
-2.545339929178083160e-01
-3.532029288585654125e-01
-4.120829945794743931e-01
-4.227738474489182163e-01
-3.818480147932978852e-01
-2.954910688110796713e-01
-1.709510822583673040e-01
-2.332543933160291516e-02
1.308377489239636038e-01
2.725752264424876614e-01
3.857163187315253428e-01
4.552584543705910924e-01
4.714058372931655416e-01
4.339255679613840400e-01
3.445427688137845390e-01
2.129049225685135660e-01
5.250597421711455937e-02
-1.162419389279774062e-01
-2.753850199097682694e-01
-4.050821957284168606e-01
-4.892771134818357792e-01
-5.192208002903571096e-01
-4.892856899904024504e-01
-4.019229847699417046e-01
-2.648136585971233581e-01
-9.514969679999896179e-02
9.045423983055767003e-02
2.695568058704123082e-01
4.211970735238013130e-01
5.275175097893571863e-01
5.753271526156347182e-01
5.584238839429567225e-01
4.762202049065045184e-01
3.391651226955847420e-01
1.593574022815040792e-01
-4.164732927835523846e-02
-2.417368375510311473e-01
-4.172526249367324302e-01
-5.482948441239487991e-01
-6.180784807819961202e-01
-6.164018088130566175e-01
-5.455833814350743438e-01
-4.104801591281604933e-01
-2.259178331638124204e-01
-1.051945483005445325e-02
2.096091798234764880e-01
4.107814774025209115e-01
5.680671150992921969e-01
6.624547735353842892e-01
6.847890980491091462e-01
6.297528841400377164e-01
5.028510122932507986e-01
3.157010090054639395e-01
9.146344407217332773e-02
-1.477088198944985775e-01
-3.736414506950711534e-01
-5.603432771588454653e-01
-6.864134005649389358e-01
-7.363846935213754774e-01
-7.040776946092390798e-01
-5.901023672766116945e-01
-4.089550868898879088e-01
-1.771550708804940921e-01
7.750124857565143799e-02
3.271094991546827924e-01
5.427824527791671461e-01
7.003639730704849242e-01
7.807476500434822331e-01
7.725216312734610735e-01
6.792294990928697818e-01
5.079245314371614306e-01
2.779852949565393416e-01
1.284119451086107588e-02
-2.555527386317915095e-01
-4.985212973493683419e-01
-6.869379589172901479e-01
-7.985567002269096104e-01
-8.231536656077651504e-01
-7.549997207976439917e-01
-6.015235534575735787e-01
-3.770856886945048725e-01
-1.091928131529814605e-01
1.754930827087934908e-01
4.436071264867760267e-01
6.647725735463190233e-01
8.142133407360907515e-01
8.739695358917993762e-01
8.376561880512087832e-01
7.064255200741329510e-01
4.971030218783603072e-01
2.290214102652585737e-01
-6.613486704359616830e-02
-3.565860434074544782e-01
-6.090964555599543973e-01
-7.957349048595281360e-01
-8.945723123586512004e-01
-8.923124321733313380e-01
-7.925705542469343445e-01
-6.030196274536039347e-01
-3.453340063688401518e-01
-4.556574034719385047e-02
2.606962252333528962e-01
5.408928710644427262e-01
7.618874369848231964e-01
8.980837586929053540e-01
9.368099934050309052e-01
8.709855106776156486e-01
7.084323286525497920e-01
4.643688898239641816e-01
1.689358599177686049e-01
-1.484179395995977035e-01
-4.508575727980487224e-01
-7.045384071929620129e-01
-8.813497314169608243e-01
-9.606057010622820469e-01
-9.339818314392827059e-01
-8.014823191930007251e-01
-5.806396814700265363e-01
-2.920026956405606944e-01
2.989141290632479908e-02
3.503226515924764417e-01
6.328457161452984980e-01
8.465668922625644299e-01
9.670648517836080149e-01
9.789440905443407281e-01
8.846347456387801955e-01
6.913733115668072582e-01
4.218204189849930064e-01
1.034410426357068591e-01
-2.256834997507921603e-01
-5.308000625352121693e-01
-7.764428374467234883e-01
-9.347649965369755343e-01
-9.913553768451468517e-01
-9.374488240705877162e-01
-7.799369026006011119e-01
-5.337125861774181246e-01
-2.294022262160404502e-01
1.026321844313367038e-01
4.238010777108522920e-01
6.985372205813435986e-01
8.967305323728986810e-01
9.957435796627842617e-01
9.857820352664543595e-01
8.655343985829406783e-01
6.515175520520810615e-01
3.636820067760615505e-01
3.639101194196636690e-02
-2.953931038764610051e-01
-5.939721423215390539e-01
-8.270096739815013809e-01
-9.681146912582863084e-01
-1.000000000000000000e+00
-9.233643170886733920e-01
-7.438165815993114105e-01
-4.826901471060842663e-01
-1.664496334585949811e-01
1.672095060410307976e-01
4.831762287855816407e-01
7.447105524552883882e-01
9.225008992130139251e-01
1.000000000000000000e+00
9.666411381465154218e-01
8.274831184026940623e-01
5.956423121376819285e-01
3.004784640955631136e-01
-2.863820474041922637e-02
-3.535311120394457607e-01
-6.384371591502397969e-01
-8.522439082369906993e-01
-9.710533096885891613e-01
-9.828782815438392717e-01
-8.843024091764576378e-01
-6.898039381986569296e-01
-4.174692306761734750e-01
-1.004052672228118448e-01
2.273244486759022909e-01
5.285699234122920309e-01
7.710440253503640928e-01
9.276222203660215992e-01
9.798646059137230413e-01
9.263935253053350305e-01
7.707716487958546914e-01
5.320278792815642532e-01
2.346111788556111133e-01
-8.553766088860159655e-02
-3.949278343958660953e-01
-6.578388362013598556e-01
-8.453258092454427608e-01
-9.402779632688000877e-01
-9.307398757076034146e-01
-8.192735828051990188e-01
-6.165636041962880842e-01
-3.488128552935245708e-01
-4.265070705256879258e-02
2.661195119273909171e-01
5.436623067222359218e-01
7.598229490946031284e-01
8.908808330485853411e-01
9.238736220399426102e-01
8.538110991273839545e-01
6.922018409096466485e-01
4.540528715209193322e-01
1.683347394100978001e-01
-1.344440714435992668e-01
-4.198055781897868100e-01
-6.573892782436715487e-01
-8.205971485651282205e-01
-8.907543938716461218e-01
-8.646462313622843565e-01
-7.433805985964621055e-01
-5.420852455197786579e-01
-2.813162615607074368e-01
7.317940280767487593e-03
2.937630864276354892e-01
5.448255338611107668e-01
7.330582514242831582e-01
8.409127455010905194e-01
8.556883885138735213e-01
7.774417573356005029e-01
6.136612029792689604e-01
3.862549727963442425e-01
1.177329571505252304e-01
-1.605081619854600294e-01
-4.180799417315550492e-01
-6.269806620861581026e-01
-7.646986541390660141e-01
-8.169040088755802342e-01
-7.767479176256977258e-01
-6.531716823705624453e-01
-4.578813677525300774e-01
-2.146877060402473392e-01
5.031837936620653373e-02
3.065501880781800192e-01
5.268876045673531738e-01
6.866954848074087181e-01
7.680625425780067683e-01
7.662702185258156717e-01
6.804218193319173658e-01
5.218768289016961770e-01
3.072948474997307944e-01
6.357794165961427879e-02
-1.842833682249589433e-01
-4.080307649206397214e-01
-5.830448996777095605e-01
-6.927025165713610599e-01
-7.248129921117907326e-01
-6.776870447135041609e-01
-5.559691632223012769e-01
-3.765787406582389307e-01
-1.572413785497841499e-01
7.603894055199988955e-02
2.977227860319731079e-01
4.837909588958964058e-01
6.145028845539390883e-01
6.762285243265517831e-01
6.617599288686624170e-01
5.774825335043636265e-01
4.315663619289478170e-01
2.413270944851408917e-01
2.698485163216002292e-02
-1.863169373872048951e-01
-3.761049987618378942e-01
-5.210096340179727337e-01
-6.051678248554624995e-01
-6.234168069357506337e-01
-5.732130551812115726e-01
-4.615096587604998746e-01
-3.001808806478296621e-01
-1.098816946644087800e-01
9.017939522894935500e-02
2.773581044357471548e-01
4.308473809452117997e-01
5.354454722270896028e-01
5.801637036237670131e-01
5.617006389673444566e-01
4.817336572258887895e-01
3.522905890226497583e-01
1.861161426611925851e-01
3.453219282173014548e-03
-1.752899181992333411e-01
-3.307595000171640320e-01
-4.467643192084895798e-01
-5.111033021219767436e-01
-5.167115857617083918e-01
-4.674014931058176892e-01
-3.681296522653533243e-01
-2.308330832527365484e-01
-7.050765250552371022e-02
9.334822851870372418e-02
2.435775584475392552e-01
3.632223976218116324e-01
4.394590265633331327e-01
4.678768690997230362e-01
4.452151153119734417e-01
3.749136076196208922e-01
2.649069127420065062e-01
1.298884791246941450e-01
-1.664689240874983600e-02
-1.579289859565672360e-01
-2.780660470449569655e-01
-3.651552697710652717e-01
-4.103654332297370644e-01
-4.102157638061129097e-01
-3.649202673930765917e-01
-2.821272368292330190e-01
-1.698907280572368172e-01
-4.194455991409307138e-02
8.728905909345163749e-02
2.037754560975684193e-01
2.955640835837229918e-01
3.525840553069148342e-01
3.687375716672063319e-01
3.462214319030088028e-01
2.873961499306754153e-01
1.991734660357733500e-01
9.132656729832633324e-02
-2.288159244742560272e-02
-1.315087530102443392e-01
-2.217671433394522440e-01
-2.839687090322078333e-01
-3.144842007785761950e-01
-3.101020834260485026e-01
-2.718222830422423186e-01
-2.043221510364107152e-01
-1.173161098839426986e-01
-1.927279546509241825e-02
7.859368942168587502e-02
1.650057147804955271e-01
2.314391247252374217e-01
2.714030167117673642e-01
2.811152323687367005e-01
2.597350989512494657e-01
2.120264889096965533e-01
1.425571979762740860e-01
6.018904385598466966e-02
-2.524011068955878123e-02
-1.044454891829879051e-01
-1.694629855340122893e-01
-2.129081698136666700e-01
-2.302807256863790286e-01
-2.229885345794820894e-01
-1.919548277326100783e-01
-1.407038756355883935e-01
-7.541293172673957379e-02
-4.763840965100962777e-03
6.399109502338973243e-02
1.226011474007866475e-01
1.647693173917574860e-01
1.887336048876053773e-01
1.920872427638991020e-01
1.744295592268418904e-01
1.384187761294661811e-01
8.974495407990268347e-02
3.292779859662342545e-02
-2.532794569492691217e-02
-7.794655053641175169e-02
-1.199114270452488196e-01
-1.473349817130089612e-01
-1.574489722389282864e-01
-1.495559239324396605e-01
-1.266366095546597181e-01
-9.081820314870869826e-02
-4.628291676674756161e-02
1.457935720683423142e-03
4.712643905471458616e-02
8.626908389498266772e-02
1.140659359736813094e-01
1.277417074818270049e-01
1.284064713972503657e-01
1.160331269358698680e-01
9.170167041352961235e-02
5.867923142025088801e-02
2.148331998344343852e-02
-1.631860614421865030e-02
-4.992433443074095756e-02
-7.549099397240632836e-02
-9.213829343085810919e-02
-9.840876946764898214e-02
-9.322683102700701774e-02
-7.769711938509105131e-02
-5.496643101476661464e-02
-2.698716156961311619e-02
2.944086024943226576e-03
3.093884214374309494e-02
5.460076797233992529e-02
7.184336562679916049e-02
8.009142203048935649e-02
7.861163926502223731e-02
6.943506030296964227e-02
5.327679503335724931e-02
3.206301521845666969e-02
9.062557287152550600e-03
-1.310957108911314783e-02
-3.250964839938352835e-02
-4.654321137007755294e-02
-5.376585663359678691e-02
-5.498669766871633335e-02
-5.001552404337872293e-02
-3.912332099400928076e-02
-2.433280360427503286e-02
-8.304982728895238253e-03
7.676256998117914065e-03
2.177599619212200466e-02
3.231576182965678612e-02
3.943465019629122104e-02
4.239820145965200737e-02
4.029654268681626128e-02
3.392621795558747877e-02
2.501997571676528587e-02
1.423893950700660938e-02
2.797119270599779384e-03
-7.689274237169252402e-03
-1.644173386268688031e-02
-2.268900826647346491e-02
-2.549843996169387506e-02
-2.489726952215609579e-02
-2.195751735926065873e-02
-1.683034158351714993e-02
-9.881365633870764498e-03
-2.255313535133529612e-03
5.104321256435451204e-03
1.160791210459999334e-02
1.648564351451176080e-02
1.936364462599771130e-02
2.064789363174135417e-02
2.017174794762044421e-02
1.775656510425371870e-02
1.395925553594445923e-02
9.537985805402104944e-03
4.824931460615911050e-03
2.878751198203133299e-04
-3.589378170965940029e-03
-6.738097468268477996e-03
-8.857607626026609005e-03
-9.459911610604665455e-03
-8.601765129670257970e-03
-6.765750127337377684e-03
-4.090987690446135083e-03
-9.245714452337239209e-04
2.219418554813223921e-03
5.066690967211240348e-03
7.348338439648660625e-03
8.669604304291533836e-03
8.901782725689866282e-03
8.257230767527046211e-03
6.790316126208839620e-03
4.779990568702485731e-03
2.688134122268870385e-03
8.918208850428044343e-04
-4.647016704339979043e-04
-1.296132373688640982e-03
-1.546354480625233840e-03
-1.379521754461210392e-03
-8.016014908296398289e-04
1.164377260216564736e-04
1.098235344903830679e-03
1.879493375702701030e-03
2.410736053124251654e-03
2.714898728073844580e-03
2.805961263118383897e-03
2.828265759786008360e-03
2.766122463267794984e-03
2.579530507610394707e-03
2.372444410012164440e-03
2.231077355337118817e-03
2.166135117369183405e-03
2.169567898777868820e-03
2.220351405435971870e-03
2.253501628063592221e-03
2.279012884305098297e-03
2.326034999300397033e-03
2.369586819039870562e-03
2.393549648163295629e-03
2.396722523968941587e-03
2.377390044445260031e-03
2.344306707079857333e-03
2.317718461145590325e-03
2.294950762956826651e-03
2.267591644182109789e-03
2.239597186991959532e-03
2.210175914218792670e-03
2.180512403538337196e-03
2.154972008955091667e-03
2.132669019920596654e-03
2.110175222981292009e-03
2.088338404858225417e-03
2.066997523167524164e-03
2.045991535526425764e-03
2.025159399551945683e-03
2.004340072860433253e-03
1.983372513069125986e-03
