2.301096475164547961e-01
6.126845270479819305e-01
8.425512669370933683e-01
9.398209319676333884e-01
9.246045869234458259e-01
8.170132965883756260e-01
6.371581257462650694e-01
4.051501391809608776e-01
1.455636957084323058e-01
-1.304980758169798083e-01
-3.971051368167419771e-01
-6.228091292392385903e-01
-7.831396871137672466e-01
-8.615615635220468249e-01
-8.475758749288639926e-01
-7.430649109423306253e-01
-5.562318075443843934e-01
-3.087959548833283385e-01
-2.410460671855119141e-02
2.659939421396222414e-01
5.310451666762945333e-01
7.420842757657717392e-01
8.759860919302451254e-01
9.177986232459429683e-01
8.603664804756221418e-01
7.125750131529888787e-01
4.870907892276803430e-01
2.088845655127575807e-01
-9.418812635314166570e-02
-3.881236575971954705e-01
-6.423816578803094313e-01
-8.286297108557929558e-01
-9.256692556193248933e-01
-9.250341486430589955e-01
-8.241136258858869912e-01
-6.346288736172533973e-01
-3.743208709853290683e-01
-7.349605966999894768e-02
2.382449485459008365e-01
5.266038990369052986e-01
7.605025175724331454e-01
9.153030297204443055e-01
9.733386775696846183e-01
9.290908428798028140e-01
7.847575792995862276e-01
5.580395947736491724e-01
2.698089427494501091e-01
-4.740715245588478233e-02
-3.608199970950531910e-01
-6.363460149512520925e-01
-8.448095199419675128e-01
-9.635283479713289134e-01
-9.782002510391620831e-01
-8.901553344765348319e-01
-7.060078017280893015e-01
-4.465576602870695577e-01
-1.371923380497777067e-01
1.871649031057349699e-01
4.933570081483515946e-01
7.474072304068102301e-01
9.218006954773130257e-01
1.000000000000000000e+00
9.718527596863664186e-01
8.414002937873801269e-01
6.202480863807289246e-01
3.347273307636169370e-01
1.250029301419752770e-02
-3.106784408843680234e-01
-6.007950051972851258e-01
-8.269314820957266443e-01
-9.647594416594577060e-01
-1.000000000000000000e+00
-9.269270922287760062e-01
-7.565800520257055517e-01
-5.043078612210059042e-01
-1.988646439663029897e-01
1.286143394894685432e-01
4.419739188172699951e-01
7.087809182700752775e-01
9.001178095447324168e-01
9.948642857090572722e-01
9.857980469320233308e-01
8.718961703730281343e-01
6.670861623454047429e-01
3.911888517444190860e-01
7.637557666765237840e-02
-2.459150621410844950e-01
-5.402870189238855314e-01
-7.754920680202251893e-01
-9.280793340635706823e-01
-9.811344990900738861e-01
-9.304359826027468472e-01
-7.797141163609456749e-01
-5.481146276744156554e-01
-2.575271518093558143e-01
5.913632523450607081e-02
3.690953849572460310e-01
6.391689131924385148e-01
8.411504400874598719e-01
9.540086099272593323e-01
9.648020054450598959e-01
8.761605358978128422e-01
6.955411616856124191e-01
4.438557971657239865e-01
1.460725296869085366e-01
-1.641780981181739651e-01
-4.554053160922989507e-01
-6.958915748772560583e-01
-8.601592750362727635e-01
-9.337307017278596577e-01
-9.077721354287487943e-01
-7.868614903649057135e-01
-5.824076721147346536e-01
-3.192790942542643728e-01
-2.306332218970685854e-02
2.734920776591569513e-01
5.394129358103512129e-01
7.471493086478833145e-01
8.749887280858281713e-01
9.107549781180050985e-01
8.495513565314871673e-01
7.015412727135863502e-01
4.804129509941770237e-01
2.119080221693665500e-01
-7.651730549412794069e-02
-3.533637816064216786e-01
-5.904300842803169580e-01
-7.627501236054128331e-01
-8.519222461709750061e-01
-8.521367887862640877e-01
-7.623076184563359892e-01
-5.940228050270619509e-01
-3.639727809073175502e-01
-9.921930074985685355e-02
1.739766835349532137e-01
4.258093106987406173e-01
6.301769254005111787e-01
7.678873098952605503e-01
8.243322868015787730e-01
7.954672968353866391e-01
6.837745583944647709e-01
5.042867000060462512e-01
2.740689017183108867e-01
1.923757286548544165e-02
-2.339964311894776605e-01
-4.590850627372438097e-01
-6.332523960577078892e-01
-7.390394746006639926e-01
-7.651776775113101614e-01
-7.130180885064287821e-01
-5.871639076405201774e-01
-4.024944642509895587e-01
-1.774689353938312397e-01
6.255935057872008542e-02
2.936098294974673895e-01
4.909593523633515311e-01
6.344328103181928746e-01
7.121577155918248359e-01
7.158603431669463557e-01
6.469601179889141740e-01
5.123091963092984980e-01
3.288915722915088935e-01
1.142842092735223414e-01
-1.081294259562655125e-01
-3.155338592794048047e-01
-4.871124727610877114e-01
-6.058207527772747625e-01
-6.603287751205747513e-01
-6.447409029474155950e-01
-5.647044797259729298e-01
-4.279302432160919656e-01
-2.499916514707168913e-01
-4.888493869934507075e-02
1.534909848269985222e-01
3.371694312431476881e-01
4.832867013865282946e-01
5.771540100294501041e-01
6.123309172424129532e-01
5.852083595565387153e-01
5.002891375231071081e-01
3.663868591478642855e-01
1.998708383441114567e-01
1.654003308011020579e-02
-1.644488199880390633e-01
-3.246990642493022827e-01
-4.491535393478427451e-01
-5.258267244566330323e-01
-5.482402792541383185e-01
-5.142575612485807968e-01
-4.302355810652338519e-01
-3.040282065305021098e-01
-1.496379685381667990e-01
1.747257702755167230e-02
1.800721030320830973e-01
3.225779679281541856e-01
4.307591668593198087e-01
4.940613563471578651e-01
5.091993591253667351e-01
4.746317485117255153e-01
3.947574278035690387e-01
2.775113872419512351e-01
1.362633453048789356e-01
-1.576294393231125746e-02
-1.627834050074211669e-01
-2.904665791438751921e-01
-3.878161705920751823e-01
-4.456094624539533866e-01
-4.586280878755395474e-01
-4.256923697387675620e-01
-3.525402723745275635e-01
-2.457106987782232688e-01
-1.165587896478982310e-01
2.213981785755581022e-02
1.566182795719694987e-01
2.744172058300802242e-01
3.639531517246945569e-01
4.166769655273747652e-01
4.298743280053825000e-01
4.021246635558635152e-01
3.365289409521903252e-01
2.394585597668419386e-01
1.217295249565151227e-01
-6.146914771675171529e-03
-1.313600440835275274e-01
-2.420404526979295090e-01
-3.289067064532218421e-01
-3.837563645559366465e-01
-4.009448439431759770e-01
-3.786523264186006932e-01
-3.211834511511069135e-01
-2.333530847726122959e-01
-1.233643434748554757e-01
-1.394342412490479077e-03
1.204056932950468006e-01
2.309372533340614542e-01
3.190111030507054579e-01
3.760667778273527606e-01
3.983457376522867577e-01
3.832305580494153041e-01
3.318650316589297766e-01
2.487733470010580206e-01
1.429512844400393501e-01
2.328883668050685252e-02
-9.847084999991551069e-02
-2.104984694817781943e-01
-3.022340149121596209e-01
-3.649537728016498672e-01
-3.917175242442637595e-01
-3.791140922188409590e-01
-3.301323659529297183e-01
-2.484739394547819114e-01
-1.416485974805058445e-01
-1.951376261937487477e-02
1.054489139905883111e-01
2.216875554758079847e-01
3.169328750366087188e-01
3.815633168595236047e-01
4.104178459656788736e-01
3.998059874226977950e-01
3.502105500346417433e-01
2.658234750270416225e-01
1.560060574459698479e-01
2.990832684843569567e-02
-9.987186626937827327e-02
-2.204837452164292166e-01
-3.200693769980504921e-01
-3.887533889304591872e-01
-4.187217419900755022e-01
-4.059862260456820193e-01
-3.533116593673847339e-01
-2.645640282533425758e-01
-1.480377750446545404e-01
-1.444616598659220763e-02
1.221000649626624579e-01
2.485660438187824450e-01
3.511311717307583624e-01
4.190344993385510808e-01
4.465832712575779073e-01
4.298549763696979387e-01
3.698819685689185288e-01
2.716388571539234409e-01
1.460825348744725360e-01
4.161050502046625965e-03
-1.393234568244597904e-01
-2.697039425483910291e-01
-3.735306326504934660e-01
-4.400630887501715272e-01
-4.614713791676248178e-01
-4.341560994579278798e-01
-3.626744283979991268e-01
-2.527781861256934715e-01
-1.155607072538862301e-01
3.572511159501345901e-02
1.847053849776458812e-01
3.166584561414516052e-01
4.170190726167259943e-01
4.748354600606805587e-01
4.854664064949696378e-01
4.465355011296132659e-01
3.618636994890653824e-01
2.391879724460859169e-01
9.268782218916360449e-02
-6.422241347021484525e-02
-2.149022154877726631e-01
-3.435200441754732159e-01
-4.369769150027271731e-01
-4.852592426929811520e-01
-4.831955538912526826e-01
-4.298613475117294414e-01
-3.320446866371268291e-01
-1.980428023885353328e-01
-4.255146619968974697e-02
1.187444819521488171e-01
2.685504526271973447e-01
3.916638986665630373e-01
4.743414301340684869e-01
5.071317460358126805e-01
4.884750817789844657e-01
4.189248825241880247e-01
3.057460774801690206e-01
1.596282576302183731e-01
-2.847265423395084483e-03
-1.657557760682387693e-01
-3.108234492067362131e-01
-4.227001119590196865e-01
-4.908791542616591785e-01
-5.073982662498488505e-01
-4.704549848967545245e-01
-3.828999357726130537e-01
-2.555872936094414349e-01
-1.000371174133202201e-01
6.645698716430192832e-02
2.264996368573424235e-01
3.630904373019863129e-01
4.620765059313196588e-01
5.125740499555959673e-01
5.083217709919967131e-01
4.521988010253086276e-01
3.488343115944070316e-01
2.095802668116182321e-01
4.836360003857520518e-02
-1.165239352681194385e-01
-2.684209085935672645e-01
-3.904529198436769155e-01
-4.694882007732311680e-01
-4.991463064261010274e-01
-4.754097113165975941e-01
-4.012194138680222899e-01
-2.837209068184424199e-01
-1.373053282243594797e-01
2.408655636081058482e-02
1.826633401671500234e-01
3.214961815711927517e-01
4.263204086869736287e-01
4.860689792291339462e-01
4.949316539585861818e-01
4.512977179629773516e-01
3.616711012910724943e-01
2.340804691422728734e-01
8.326516787430304767e-02
-7.507491469066862599e-02
-2.236696570721609101e-01
-3.473118811634430259e-01
-4.324346506885691221e-01
-4.696313373784819500e-01
-4.575070868295247895e-01
-3.965355414407698564e-01
-2.938020095682518651e-01
-1.595886962384159835e-01
-9.724567844678233541e-03
1.406945445109615278e-01
2.745983102184932356e-01
3.777756563007019786e-01
4.410328649216426200e-01
4.573081148069928492e-01
4.254654576384639952e-01
3.485443038550610773e-01
2.368494745121394462e-01
1.009654714218028992e-01
-4.369707925639565449e-02
-1.816832062294859718e-01
-2.983882773870949467e-01
-3.817793069185843047e-01
-4.229088295191375524e-01
-4.169045819321947066e-01
-3.674069563129851446e-01
-2.790836149543293176e-01
-1.621470193298534257e-01
-2.886881143681097051e-02
1.054247752534938076e-01
2.269669599340238264e-01
3.223356407426389847e-01
3.813512599351562837e-01
4.001123555952692534e-01
3.763913099929812045e-01
3.136677697032008716e-01
2.187279336507710337e-01
1.039168312501492775e-01
-1.952007787127318927e-02
-1.379919566478436943e-01
-2.385702560784083159e-01
-3.114683954514967379e-01
-3.492709961635821481e-01
-3.489195604133216166e-01
-3.105057605514923713e-01
-2.401582351102794499e-01
-1.446349326313595141e-01
-3.539865251957829972e-02
7.562335813771947635e-02
1.764824824784281265e-01
2.568974310298817176e-01
3.082530188153267403e-01
3.250978265386565980e-01
3.085076441044984907e-01
2.601446856378768491e-01
1.857952843033674473e-01
9.346716831081636201e-02
-5.695084423399388029e-03
-1.014605543966392576e-01
-1.828617120553739372e-01
-2.413276830453324751e-01
-2.729049675096028027e-01
-2.743641871809788801e-01
-2.462584370881071294e-01
-1.920266170820206231e-01
-1.194892019350832779e-01
-3.580875418294426904e-02
4.940647440523737721e-02
1.265790228524257266e-01
1.880216003406312009e-01
2.277297791689918416e-01
2.421265359232942505e-01
2.299835946573105527e-01
1.947766048779140391e-01
1.400860227303677430e-01
7.307425960024782619e-02
1.683142296518669312e-03
-6.614403789533451761e-02
-1.235091520032960410e-01
-1.641354168399151714e-01
-1.839176396933019930e-01
-1.833302605863270651e-01
-1.627472335636523937e-01
-1.249640370412412604e-01
-7.470139899581695886e-02
-1.883548003917123737e-02
3.675643190857202924e-02
8.547939904136581113e-02
1.221218024263264201e-01
1.448333703792412663e-01
1.515274277404818903e-01
1.419616866431336888e-01
1.179918359564742225e-01
8.391116340003046403e-02
4.322627362454611877e-02
1.046036245532677711e-03
-3.736536551556768337e-02
-6.835223520318134405e-02
-8.909379965438368743e-02
-9.796221163922114172e-02
-9.464251898943010222e-02
-8.127842790858874622e-02
-5.945353746455306343e-02
-3.250674054057001161e-02
-4.360339690816950053e-03
2.173618125578768989e-02
4.310252380359802515e-02
5.731619618324645948e-02
6.320077024484604955e-02
6.191524788408031554e-02
5.383506424680417624e-02
4.059603697350167018e-02
2.473008220091887921e-02
8.732795264493997678e-03
-5.479100189908936436e-03
-1.579052924933677104e-02
-2.101939544551223449e-02
-2.187627129216129784e-02
-1.835979785304164835e-02
-1.142550336014735990e-02
-2.879644694118943526e-03
5.325122459762798854e-03
1.200553979922158732e-02
1.568634537997293243e-02
1.537199722095761167e-02
1.158976666134714506e-02
4.589131118552636224e-03
-4.503795212423722383e-03
-1.394710980492874786e-02
-2.176984549504568101e-02
-2.680285192729325860e-02
-2.748991761149599533e-02
-2.280162055705337032e-02
-1.333902313383694693e-02
3.732282516792917448e-04
1.695994881920936947e-02
3.432064807872348133e-02
4.979498792401026996e-02
6.157106649420396316e-02
6.719196660567527957e-02
6.494192447399704804e-02
5.520205489750273919e-02
3.838577351580352293e-02
1.562495847912526159e-02
-1.078947548569486603e-02
-3.729038260278150219e-02
-6.123352207434762384e-02
-7.903789455589482760e-02
-8.773121997026400720e-02
-8.635674478307575619e-02
-7.439778323315648922e-02
-5.222277896507876438e-02
-2.170963195026121006e-02
1.329611018310972170e-02
4.979692280876957255e-02
8.335964154769848200e-02
1.095275683355469987e-01
1.251816907639440313e-01
1.282053556712308140e-01
1.172923998254438160e-01
9.284199443878216051e-02
5.786588642983736541e-02
1.498260712916743564e-02
-3.097385296999888293e-02
-7.462002025251257553e-02
-1.109614959534408474e-01
-1.360116281247591985e-01
-1.458308681425647402e-01
-1.385380744267555864e-01
-1.159303422428914487e-01
-7.951345773431761632e-02
-3.263537814284045435e-02
1.978608348955201990e-02
7.143024564325028969e-02
1.170082093281779034e-01
1.505995084140563378e-01
1.680624142361444306e-01
1.685190524636479559e-01
1.511421565954638169e-01
1.169906460199234832e-01
6.939940514087639123e-02
1.434306314421518458e-02
-4.319214436572837990e-02
-9.659064393342464694e-02
-1.395414691653975581e-01
-1.676231257907194738e-01
-1.775587936158652402e-01
-1.677902371792675540e-01
-1.388310876651180914e-01
-9.436773478662285886e-02
-3.801768009630956957e-02
2.380560597870795547e-02
8.421681803939518041e-02
1.365959014365647484e-01
1.754469120729456044e-01
1.956739631533961354e-01
1.945223811693230775e-01
1.736401220084340391e-01
1.345225307321873398e-01
8.077362528096099226e-02
1.783658575274738034e-02
-4.684300135197183579e-02
-1.066738406643332748e-01
-1.542411476713233531e-01
-1.841401402211781946e-01
-1.944899191335301980e-01
-1.836284886504294667e-01
-1.521962331983192085e-01
-1.033135246237760763e-01
-4.326195097775764609e-02
2.251270904535651596e-02
8.662951124328532870e-02
1.416998191815066477e-01
1.819610997946472519e-01
2.031531009010176803e-01
2.026766702796991559e-01
1.801089577305869938e-01
1.389550311110980818e-01
8.270002264973097539e-02
1.793300459783586653e-02
-4.805083927193865012e-02
-1.080298106182644435e-01
-1.558664931480958638e-01
-1.857958878003619363e-01
-1.943150565468988455e-01
-1.822352325446086052e-01
-1.503839536693577505e-01
-1.019251566373841067e-01
-4.202492361158982614e-02
2.188814278123341062e-02
8.343997335725905629e-02
1.353753363336074322e-01
1.720081483018576218e-01
1.909703940776452669e-01
1.899949412126042958e-01
1.689206373495284463e-01
1.300522104926959965e-01
7.867108001930955830e-02
1.945824179338973003e-02
-4.078640847591163965e-02
-9.516323687508188023e-02
-1.380927530979298989e-01
-1.652179925198922206e-01
-1.735302617031027062e-01
-1.620143079575320222e-01
-1.333348683806282464e-01
-8.998530843704577453e-02
-3.681669608902815582e-02
2.026506658658577820e-02
7.485567164866568923e-02
1.214286169355254241e-01
1.543750754953738813e-01
1.700663505506851969e-01
1.686764397547610983e-01
1.501417069238224489e-01
1.162072826588795849e-01
7.058833110267337396e-02
1.907849540985662173e-02
-3.330320256061547468e-02
-8.040712602504329620e-02
-1.169971981514391635e-01
-1.403255554087792234e-01
-1.480091220000016028e-01
-1.391941760683860219e-01
-1.150016369828456009e-01
-7.917566002502640643e-02
-3.490111843900767230e-02
1.272762254929649117e-02
5.814693792135061656e-02
9.669158352950391055e-02
1.245894923588752867e-01
1.384578728813992132e-01
1.367191300213796978e-01
1.212044817788007212e-01
9.330029366374481548e-02
5.622917402835536649e-02
1.440596899607382575e-02
-2.732487565676910979e-02
-6.477761222958955400e-02
-9.332465897379382813e-02
-1.098827991321641440e-01
-1.143818484911369726e-01
-1.063345087383315013e-01
-8.643971617022605525e-02
-5.725192742629259257e-02
-2.300664021612186527e-02
1.310629068735513769e-02
4.688276623059195458e-02
7.442407460413247300e-02
9.387284783813165667e-02
1.033801199396888748e-01
1.017843925329904309e-01
8.960000128577383371e-02
6.924287938762163641e-02
4.246421701922575842e-02
1.240553384640086243e-02
-1.720820649094734200e-02
-4.337091562873529593e-02
-6.362702559726307605e-02
-7.552904710348162798e-02
-7.796307841262561933e-02
-7.216900874414766687e-02
-5.862009650096422497e-02
-3.861118283829212405e-02
-1.467720678268769063e-02
1.028532506823043313e-02
3.390089353575098663e-02
5.309935775644070155e-02
6.582288307883166212e-02
7.219579281711308028e-02
7.163056215746621547e-02
6.380422271312391480e-02
4.991255915389891662e-02
3.218874405150207174e-02
1.215331070097036559e-02
-7.715156358474417608e-03
-2.496033082147686155e-02
-3.850175291239665842e-02
-4.716648755258079362e-02
-4.950156202474864653e-02
-4.542021440461474491e-02
-3.652905794837191245e-02
-2.353784727449259595e-02
-8.034145097194134166e-03
7.672007455585605484e-03
2.199033959344509626e-02
3.366856354069436286e-02
4.109623027440623133e-02
4.360848318405974311e-02
4.205751837506133128e-02
3.648672171729461233e-02
2.731202068766425128e-02
1.611549434766179623e-02
4.689593754613863297e-03
-6.057066918246256648e-03
-1.486591368749001774e-02
-2.076189333530487069e-02
-2.409504674486706577e-02
-2.448435499661716364e-02
-2.149235886442424359e-02
-1.585869626339053706e-02
-8.805153816318966875e-03
-8.673507052872064804e-04
7.032276135480630685e-03
1.385339921137496155e-02
1.924112641534425627e-02
2.271649089489202744e-02
2.373031571139883056e-02
2.245821395170888302e-02
1.971903054285029100e-02
1.568884412225357572e-02
1.071246224117516910e-02
5.578052519013665389e-03
8.287486347153816268e-04
-3.143287130099925442e-03
-5.844621801103011549e-03
-7.131054006026538161e-03
-7.373360257369010462e-03
-6.514092747749056223e-03
-4.521367120015939989e-03
-1.821596208018250174e-03
1.113152592406185803e-03
4.054309101197750564e-03
6.702324008783566711e-03
8.809832687739493906e-03
1.041805278735630225e-02
1.136764421379665713e-02
1.141389877034382216e-02
1.065995945714770521e-02
9.414381986219355625e-03
7.769047305806076054e-03
5.901497424026347360e-03
4.073250794381477746e-03
2.403085081654543487e-03
1.049542071299258694e-03
2.693291987974077983e-04
1.274252604344106032e-04
4.816472216688794106e-04
1.300475021663416442e-03
2.422602956311914468e-03
3.593574625597284466e-03
4.630880713438756402e-03
5.443515601076143184e-03
5.956269571370409466e-03
6.127417502097332047e-03
6.029077314340103300e-03
5.668341389625020099e-03
5.107442131095929483e-03
4.513459111995299367e-03
4.054437844551062042e-03
3.760440941637632761e-03
3.613030016779594789e-03
3.606104185093661485e-03
3.649941928428157567e-03
3.752008028889086688e-03
3.934023084704030282e-03
4.128887354907906371e-03
4.282095796065199522e-03
4.384822383380448940e-03
4.437866350868846510e-03
4.451683939312500726e-03
4.460436193526318149e-03
4.459853062752427988e-03
4.454514354690797262e-03
4.448999877041837081e-03
4.447889437505958554e-03
4.455762843782906657e-03
4.477199903573536588e-03
