-5.441261396144632112e-01
-1.624366775077840108e-01
1.514708990185298365e-01
3.992291784241148722e-01
5.824707491686080818e-01
7.028281997116461177e-01
7.619341185128654104e-01
7.614210940319086074e-01
6.909451325584772263e-01
5.478889753936297957e-01
3.430208833880488140e-01
9.947351502667212131e-02
-1.578331057493315148e-01
-4.021120792355904472e-01
-6.073448703816870520e-01
-7.501141543973938175e-01
-8.137221477199363395e-01
-7.933084512613353123e-01
-6.880895543053671126e-01
-5.088581040467328176e-01
-2.720643708650027914e-01
-4.591257687967975620e-03
2.676739826792886578e-01
5.143495690277244403e-01
7.087273195205106013e-01
8.305920075513557599e-01
8.654069254883871576e-01
8.093075969758392052e-01
6.656124476119180677e-01
4.513228720038684472e-01
1.855797611034804007e-01
-1.020167379891552262e-01
-3.817784932170948942e-01
-6.232738876548300500e-01
-8.008842334895462933e-01
-8.945480887019143790e-01
-8.921359712065992653e-01
-7.966412914205196483e-01
-6.150407972466973572e-01
-3.668557440229397448e-01
-7.603785469916057860e-02
2.246015590819401275e-01
5.045428895891586052e-01
7.321223166350405709e-01
8.823066891406092793e-01
9.410664929831140668e-01
8.996817156376459845e-01
7.626547663345790706e-01
5.419272723085659660e-01
2.635108248264586006e-01
-4.622537541276239281e-02
-3.528700110257536604e-01
-6.238760181098375046e-01
-8.301445161196190359e-01
-9.490525362226491790e-01
-9.677582904563646338e-01
-8.816601946714217597e-01
-7.026754509409560701e-01
-4.464260087242005737e-01
-1.420960466259906241e-01
1.792258309525776028e-01
4.819227409987500987e-01
7.345159710389241869e-01
9.088936491574872711e-01
9.849698983364867377e-01
9.575225915128082743e-01
8.267394068209921176e-01
6.075785090263798871e-01
3.211252861648101753e-01
8.181949719594516779e-04
-3.214063048958243352e-01
-6.093939778827002218e-01
-8.321746391390859587e-01
-9.677372453887307380e-01
-1.000000000000000000e+00
-9.262157152524168602e-01
-7.520335938366868866e-01
-4.990152846488625782e-01
-1.908297382715580248e-01
1.375546384563577362e-01
4.517871904658683491e-01
7.178201878246963652e-01
9.073710327571804513e-01
1.000000000000000000e+00
9.839728210853910806e-01
8.650524795189087346e-01
6.532557309329118933e-01
3.725174540553473079e-01
5.083773350503140165e-02
-2.751421887313534320e-01
-5.718461474438414349e-01
-8.061762938657335287e-01
-9.524259683820417433e-01
-9.980570301534962274e-01
-9.362165779273968758e-01
-7.749060360654047575e-01
-5.293779119301310621e-01
-2.292943269279928975e-01
9.597419690546371562e-02
4.100660984741564263e-01
6.792646572810567829e-01
8.752703451920234023e-01
9.767143207532575921e-01
9.739772896053944251e-01
8.654636187026811811e-01
6.662118143530262326e-01
3.946338222045786548e-01
8.266195413719734653e-02
-2.369689145668890662e-01
-5.291497891202063819e-01
-7.633611669332706073e-01
-9.143163825228518560e-01
-9.648520038403882726e-01
-9.137351132075216542e-01
-7.645079063201858371e-01
-5.350687229510607823e-01
-2.485048932792082166e-01
6.143142575783633319e-02
3.630236851677397514e-01
6.224109378620328314e-01
8.118575234007670005e-01
9.143368096645589915e-01
9.176992294212964474e-01
8.231510058763509274e-01
6.396309852265611440e-01
3.905803111031818098e-01
1.003011930753003877e-01
-1.980577491364750031e-01
-4.726876713473705527e-01
-6.943462883289315268e-01
-8.395128789695405214e-01
-8.936287187185665282e-01
-8.497911822070783883e-01
-7.172422308509018851e-01
-5.084104963805822219e-01
-2.477714952452340080e-01
3.763501779190159269e-02
3.153874957220588193e-01
5.565717949490931460e-01
7.347665565608645366e-01
8.304235184140307258e-01
8.373894298016588689e-01
7.538441687859653850e-01
5.908374130618514464e-01
3.649899528250861724e-01
1.039838594940845073e-01
-1.657786018239134629e-01
-4.139997175152473341e-01
-6.137463789759598498e-01
-7.453644265985648332e-01
-7.946102812224391521e-01
-7.581116955615415653e-01
-6.390254837089113238e-01
-4.540630331512350848e-01
-2.213434319510826365e-01
3.152973255681268405e-02
2.771540328395725172e-01
4.889895721667318895e-01
6.448489620118678101e-01
7.286637529934762991e-01
7.310006595238167648e-01
6.564161676525293032e-01
5.120863052085959932e-01
3.154771953658181971e-01
8.739723571166124749e-02
-1.451397101415914381e-01
-3.578939841147095180e-01
-5.273272787130822703e-01
-6.352890485753937000e-01
-6.742598666368336824e-01
-6.396364948777722992e-01
-5.370597686209234167e-01
-3.775621262728395822e-01
-1.818347817486732909e-01
3.031462558415998210e-02
2.346820106782006032e-01
4.087866993485791411e-01
5.350072030211763252e-01
6.001735082736487925e-01
5.993060130651211015e-01
5.324756958928493766e-01
4.104936172467363864e-01
2.454823432547716955e-01
5.762971970212360517e-02
-1.323804596414090984e-01
-3.035885559703631609e-01
-4.380632740813504844e-01
-5.214496307592868529e-01
-5.446554852407469172e-01
-5.096554920912562681e-01
-4.199829905302360222e-01
-2.869189008577588407e-01
-1.249215861965660146e-01
4.621026531230953971e-02
2.083638191226113712e-01
3.428620631974874655e-01
4.351439161254668786e-01
4.785977475675811110e-01
4.685118530208791654e-01
4.075253187090872586e-01
3.026871116145135598e-01
1.687016015077211772e-01
1.929183930355238275e-02
-1.280388848910837263e-01
-2.565280849894590043e-01
-3.529850926350631690e-01
-4.074401527107107679e-01
-4.153126993878224482e-01
-3.759272016927674986e-01
-2.967917712670420372e-01
-1.859737685031087606e-01
-5.796605439092161749e-02
7.220097878837283822e-02
1.898242356552832799e-01
2.823994562037586142e-01
3.397242374799414044e-01
3.555344322470765928e-01
3.319480450454996845e-01
2.715812229299312541e-01
1.822321049185686714e-01
7.431770581548802213e-02
-3.808125011652829794e-02
-1.426951657709083499e-01
-2.269276870004238722e-01
-2.813802199554061856e-01
-3.032155898328833254e-01
-2.899523008944289160e-01
-2.438684931310293180e-01
-1.707288580406989276e-01
-8.124510910494242566e-02
1.519679224165004783e-02
1.067561965331991214e-01
1.822475219670025570e-01
2.339401203222830627e-01
2.563672008937969427e-01
2.480457597978016349e-01
2.101516046693330253e-01
1.493021601653166108e-01
7.178502819555387937e-02
-1.212638611483030093e-02
-9.195444100248084673e-02
-1.585062308723780289e-01
-2.043802567884894783e-01
-2.243065450008945305e-01
-2.159402979267368572e-01
-1.826614283702694408e-01
-1.276665042904675529e-01
-5.814624825115777274e-02
1.737140741457565696e-02
8.934111912695952284e-02
1.496003561398857595e-01
1.901201512965124962e-01
2.058525340378418722e-01
1.975485230588911456e-01
1.656786466569382110e-01
1.138369535542116395e-01
4.810378286925653946e-02
-2.238159657326954655e-02
-8.988559773463389302e-02
-1.455016040456040827e-01
-1.820912290796851130e-01
-1.967483482053267174e-01
-1.873609711937986866e-01
-1.548473240278938068e-01
-1.027410529458481214e-01
-3.863213822037125933e-02
3.107130642429223322e-02
9.759850898443467315e-02
1.523221512192289850e-01
1.889605058899901380e-01
2.031231811677869370e-01
1.928473029395922911e-01
1.586268750439490116e-01
1.055136669035334762e-01
3.824289911106282247e-02
-3.480180265784738047e-02
-1.047159282400512703e-01
-1.632478450795001867e-01
-2.037589470605642994e-01
-2.203828650909021025e-01
-2.102678889549142172e-01
-1.763017767691792415e-01
-1.211471511242243615e-01
-5.096732673301251904e-02
2.629754438923503912e-02
1.011379353420327476e-01
1.654476565069675775e-01
2.107086483782081299e-01
2.311814114047416879e-01
2.262348283843591545e-01
1.954054035758225893e-01
1.413844709099834063e-01
6.982908790873798566e-02
-9.908708590967707508e-03
-9.010776577054036007e-02
-1.613061024207199656e-01
-2.149558081827140921e-01
-2.458649954291343143e-01
-2.501251175385068581e-01
-2.266011841898353252e-01
-1.771559037393678482e-01
-1.081305355480705055e-01
-2.551116669965114436e-02
6.122166213946034219e-02
1.422482344564433010e-01
2.086683054427216355e-01
2.533333487597480005e-01
2.703595003718692880e-01
2.570120302400316081e-01
2.165032746053097146e-01
1.519804972815212984e-01
6.986550027818161368e-02
-2.136010385004283307e-02
-1.111272701639065552e-01
-1.902085732318596900e-01
-2.487656471358687948e-01
-2.798857193252551889e-01
-2.819539845854814875e-01
-2.537635310411867628e-01
-1.974751377037733402e-01
-1.185105778086968931e-01
-2.647832382380632676e-02
7.013186243232016892e-02
1.604346297707892610e-01
2.341954182205432389e-01
2.840192342947598370e-01
3.043587706263770620e-01
2.923906771709463559e-01
2.485389160169679812e-01
1.785024475653755882e-01
8.800712790916986883e-02
-1.271552658709607098e-02
-1.126663429979506414e-01
-2.012810614321458580e-01
-2.695982208200506935e-01
-3.094380622549870452e-01
-3.159648688629058677e-01
-2.905359988550010319e-01
-2.347715389144200415e-01
-1.538128444227266911e-01
-5.568425288139500218e-02
4.823893433104942119e-02
1.478385762934066872e-01
2.316152789288399294e-01
2.906740405664200999e-01
3.208212826317164978e-01
3.181312024753923939e-01
2.819734638047175501e-01
2.156516323027450888e-01
1.271974455826065942e-01
2.417527785859907574e-02
-8.234109390314947596e-02
-1.809920220927125900e-01
-2.616406182329028551e-01
-3.160957514421208758e-01
-3.377827862738240761e-01
-3.236067127559447698e-01
-2.771124148993687752e-01
-2.019622641910101546e-01
-1.052034902421257190e-01
3.704680544171612411e-03
1.127712849533997197e-01
2.113211637787142383e-01
2.879945124129337231e-01
3.344383534283827952e-01
3.476962593928907275e-01
3.255397004946287698e-01
2.695045156564530586e-01
1.847921488647046306e-01
8.136884050768422583e-02
-3.166663104762146297e-02
-1.423239345342769413e-01
-2.387362729743639500e-01
-3.112337254529460306e-01
-3.523430941251711745e-01
-3.569765738611151429e-01
-3.236968201674704781e-01
-2.576287354461230805e-01
-1.641199548231189187e-01
-5.290067531799202971e-02
6.462588586453721362e-02
1.759503479927537750e-01
2.701123197198607162e-01
3.362996719710564797e-01
3.670971551275137301e-01
3.612009429682394579e-01
3.181467435641920360e-01
2.417023598488587943e-01
1.391680607560350502e-01
2.236722764945620057e-02
-9.800623706118882783e-02
-2.088318771581387789e-01
-2.984298818266580833e-01
-3.587786217336501604e-01
-3.832361381848526927e-01
-3.686195376692156245e-01
-3.157806062150875226e-01
-2.312207798807912607e-01
-1.217886794586385824e-01
8.555801982916833026e-04
1.241508667935438126e-01
2.353712418526465733e-01
3.235186570175263565e-01
3.784394505271320153e-01
3.938064583572562505e-01
3.702108427641448429e-01
3.088706991310155026e-01
2.152970948840966514e-01
9.828797744516859503e-02
-2.919126611490319156e-02
-1.549124691292649292e-01
-2.645639135489813443e-01
-3.466548992118897443e-01
-3.943378676150939288e-01
-4.018959010934987086e-01
-3.677617548343112830e-01
-2.947192566791806412e-01
-1.915936345976438915e-01
-6.714058933809596841e-02
6.535660990415981253e-02
1.920507013061254487e-01
2.997543134308227053e-01
3.775563925490625916e-01
4.161536399542073994e-01
4.104369094979201105e-01
3.633199409906775479e-01
2.783638531886580836e-01
1.639655264191046680e-01
3.136559721637022236e-02
-1.047461039307944208e-01
-2.310130584936107567e-01
-3.331227477800997594e-01
-4.001005044395580246e-01
-4.267719049620397609e-01
-4.094119132790432491e-01
-3.493883061023933534e-01
-2.523515867596470841e-01
-1.300774282092457268e-01
6.569362484652563339e-03
1.430395458634174943e-01
2.648221194116602284e-01
3.595707886976216017e-01
4.174374969174994288e-01
4.317293851883368117e-01
4.000157870788683123e-01
3.275920847987252582e-01
2.204751826938786685e-01
8.978115554355370342e-02
-5.139993845812462769e-02
-1.876687110658953328e-01
-3.054029936095279396e-01
-3.912230629064485932e-01
-4.356287824615147075e-01
-4.361576932111931315e-01
-3.916387312551375954e-01
-3.062571250023536917e-01
-1.881042126356592403e-01
-5.092515732573044129e-02
9.242379163398406483e-02
2.261768965880079918e-01
3.360178122103947285e-01
4.113481307327535585e-01
4.440317724095226293e-01
4.303644032218054694e-01
3.709196980226068252e-01
2.734647149774365182e-01
1.463814757884565054e-01
4.065404102669978315e-03
-1.383626147135349482e-01
-2.658809786679487974e-01
-3.656058663366149597e-01
-4.263241697511828132e-01
-4.410408138143000478e-01
-4.107231453007780253e-01
-3.374374159206366963e-01
-2.286909700113166632e-01
-9.529990922898967654e-02
4.730066317726278058e-02
1.850240372657956378e-01
3.022398874785807710e-01
3.865882160672753365e-01
4.315390811758770262e-01
4.316276647482422124e-01
3.865107475447051577e-01
3.004668302853927830e-01
1.842099534510914793e-01
4.824552471200860282e-02
-9.241186424299274726e-02
-2.227621967812242199e-01
-3.293250120146180571e-01
-4.012070952728853390e-01
-4.304917506625279833e-01
-4.134411228858985154e-01
-3.545579722442001591e-01
-2.589439839353905315e-01
-1.366122811185982444e-01
3.714427185363966544e-05
1.357071173726198676e-01
2.567634459013603543e-01
3.495236216718027311e-01
4.039673917978952034e-01
4.168468933936413379e-01
3.861097565987665625e-01
3.149347835808360418e-01
2.103930036308083729e-01
8.522660884453170382e-02
-4.879455366217377854e-02
-1.769655487326444732e-01
-2.853774518385865377e-01
-3.633953133848873973e-01
-4.029479894079825986e-01
-4.000067739021415658e-01
-3.543594657518683855e-01
-2.726008881711058374e-01
-1.618904138640667734e-01
-3.512162006705010775e-02
9.399023459489908028e-02
2.118224311125467274e-01
3.065783107665323026e-01
3.677489141003038586e-01
3.886322613740662568e-01
3.698500061108476178e-01
3.127494887802004797e-01
2.234167949168943679e-01
1.110816739054889535e-01
-1.090582153514807473e-02
-1.304314377804770553e-01
-2.338889961837354869e-01
-3.105127077450862139e-01
-3.548209284564304289e-01
-3.618372999294132697e-01
-3.307479353635860431e-01
-2.649075009483861098e-01
-1.731298716366694856e-01
-6.381001801590069356e-02
5.079216788248230863e-02
1.582221386075806091e-01
2.475050281006838659e-01
3.097002025094859334e-01
3.381031144259185606e-01
3.294868029356388117e-01
2.874713204055427962e-01
2.158355991056435386e-01
1.222484655228144312e-01
1.651796268071015206e-02
-8.942399544867307704e-02
-1.849748132225317310e-01
-2.592623472233400728e-01
-3.044135232173716954e-01
-3.182798247266727110e-01
-2.991417083863415760e-01
-2.490025088298182254e-01
-1.731935228808157978e-01
-8.134517949710429185e-02
1.790682670139420729e-02
1.135809781875307678e-01
1.952343222970440717e-01
2.553200546557636841e-01
2.878969415513268348e-01
2.896563866156616207e-01
2.603939626681999187e-01
2.051165557348015867e-01
1.287516575122074070e-01
4.033599368586382461e-02
-5.018465849831110770e-02
-1.333070773256445074e-01
-2.008490853937460185e-01
-2.452503388557136788e-01
-2.618424677788258048e-01
-2.516299160041864935e-01
-2.155026834171896999e-01
-1.571865948993859119e-01
-8.307220516978985891e-02
-2.317589444806089638e-03
7.711345239405242857e-02
1.460481128111299487e-01
1.972972141854321126e-01
2.278978163854241679e-01
2.346351702234144021e-01
2.166287964809094913e-01
1.762046651592712454e-01
1.191864841372545225e-01
5.065231261457525669e-02
-2.165590044557175187e-02
-8.957956983787573879e-02
-1.464451788041865044e-01
-1.868474135635339595e-01
-2.064433907845848459e-01
-2.033144757233530386e-01
-1.800962915858066449e-01
-1.388949731038043867e-01
-8.405809129888741627e-02
-2.169899709461131643e-02
4.114080793064323061e-02
9.829240776410053115e-02
1.429501939032902236e-01
1.704862680989303048e-01
1.804664120745729239e-01
1.718447575822941165e-01
1.451566328133857553e-01
1.035674337767269471e-01
5.270035773154835290e-02
-2.779836812774161281e-03
-5.653356947269372323e-02
-1.025531841622371321e-01
-1.371756369252914443e-01
-1.571526683043907857e-01
-1.599923003988226178e-01
-1.455821733335104229e-01
-1.171906915299740781e-01
-7.724995248410715387e-02
-3.040837503133930753e-02
1.764663557885848277e-02
6.197183439131337401e-02
9.842747228706105744e-02
1.227438800368565452e-01
1.325356663013399494e-01
1.289580398354246427e-01
1.123521133542879635e-01
8.422192707974618386e-02
4.814334945513798480e-02
8.919448235213511822e-03
-2.980844709587959773e-02
-6.341549820387015757e-02
-8.830369687164307813e-02
-1.038844983512703379e-01
-1.086820898687421710e-01
-1.016122230607755528e-01
-8.391832492178397107e-02
-5.866399825139445579e-02
-2.794661992906133374e-02
4.692880459342463340e-03
3.530009337712236572e-02
6.126767184430659263e-02
8.030061419451017812e-02
8.994578313985623907e-02
8.944826358753088513e-02
8.058217958207514187e-02
6.399341667031244185e-02
4.113576865493673296e-02
1.494621324280820396e-02
-1.161408760191084966e-02
-3.620524748554077021e-02
-5.563326878653274132e-02
-6.790957632341354522e-02
-7.350067306897190011e-02
-7.183463273336176957e-02
-6.248114100465429477e-02
-4.689320103178074017e-02
-2.758001205785109988e-02
-6.115067887971337157e-03
1.495424248615417895e-02
3.311899878380275553e-02
4.746049681948805166e-02
5.671507586562429815e-02
5.906570967821767049e-02
5.446356591066314756e-02
4.477864097591677250e-02
3.072936346416210718e-02
1.395319220719404285e-02
-3.091960822418249322e-03
-1.877374522485164565e-02
-3.177625392174920904e-02
-4.039271442249103838e-02
-4.390823004737065549e-02
-4.315581294189152484e-02
-3.809098239454378199e-02
-2.894528516769567794e-02
-1.732886626204055425e-02
-5.235001920659065888e-03
6.436466240134164352e-03
1.648810872298267505e-02
2.387186429832488521e-02
2.887214461910247998e-02
3.096475077059657188e-02
2.938332187215619840e-02
2.468784534212997706e-02
1.807109761848524343e-02
1.001621255012108413e-02
1.407996878278083841e-03
-6.638566389985167682e-03
-1.358005122640182361e-02
-1.881371455463975995e-02
-2.154623782624653927e-02
-2.169618600181000279e-02
-1.995764095885677047e-02
-1.641456182928502372e-02
-1.130650636086205640e-02
-5.445084645883335739e-03
4.339326035749380139e-04
5.861355975044002520e-03
1.019974699135350882e-02
1.306563829182838532e-02
1.465500271063469029e-02
1.478774621532719102e-02
1.323639430407785866e-02
1.035566025846867966e-02
6.756237649252483379e-03
2.694933309915326092e-03
-1.461397234223671404e-03
-5.259919249485101034e-03
-8.530769144377559066e-03
-1.096708651023603487e-02
-1.200908585872839662e-02
-1.156717863993583784e-02
-1.003116279749349804e-02
-7.515206892362846780e-03
-4.406573106359945591e-03
-1.242636632594495971e-03
1.676735399559925455e-03
4.095518859513980203e-03
5.685627193202869023e-03
6.296421951325292810e-03
6.045156964368025854e-03
4.974058791265889568e-03
3.344164575835639752e-03
1.598717350940193072e-03
1.673521088456642048e-04
-8.460012331081845360e-04
-1.461863333050206215e-03
-1.665175924268291752e-03
-1.652514917287239982e-03
-1.410046347598781225e-03
-9.182404898894214185e-04
-3.841903190517914624e-04
8.355354945699389191e-07
2.122878066559419352e-04
2.777120249919384776e-04
2.281115721614046521e-04
1.863811713289642569e-04
1.349191303541275033e-04
2.073072941644049649e-05
-9.848543459045622228e-05
-1.805162151699013506e-04
-2.223973759946096251e-04
-2.263306418661681363e-04
-2.106027349321193398e-04
-2.174913722523541537e-04
-2.395558701281386149e-04
-2.545841332454168437e-04
-2.700505371076022954e-04
-2.856502171931785128e-04
-3.013657010154657812e-04
-3.208931401673664752e-04
-3.392058623086224856e-04
-3.490965792702915849e-04
-3.520800531594536764e-04
-3.518924101176823527e-04
-3.493224463779753819e-04
-3.469239407832835909e-04
-3.446790511780761790e-04
-3.407689236871735972e-04
-3.355952582820842522e-04
-3.292880373952922213e-04
-3.219842896420299638e-04
-3.142929106358938185e-04
-3.060478761296447914e-04
-2.967215784072108065e-04
-2.866340075959872280e-04
-2.766143611472315911e-04
-2.670950756485934718e-04
-2.583308023683672516e-04
-2.496685280368726723e-04
-2.410454891600410932e-04
-2.323989222440259184e-04
-2.236660637943144181e-04
-2.147841503170599964e-04
-2.056904183179719681e-04
