-2.671739502151637691e-01
-2.452397397160952508e-01
-2.010373779654823778e-01
-1.403000726883719684e-01
-6.876103160981084095e-02
7.846537545153964288e-03
8.378942705147585102e-02
1.533344291841087781e-01
2.035742807516087716e-01
2.316219907998127159e-01
2.339447350284469263e-01
2.086439503958621433e-01
1.576292468080027209e-01
8.779170050462958841e-02
4.843966369579177922e-03
-8.155070013315390831e-02
-1.612369883325031061e-01
-2.251579432384513968e-01
-2.661695688531646731e-01
-2.782356226344396832e-01
-2.587999634566514606e-01
-2.116179633120723880e-01
-1.402135831032399471e-01
-5.173757331385497871e-02
4.445164113049027144e-02
1.369329976086068879e-01
2.159208763585893642e-01
2.709128631095552020e-01
2.948790321020333671e-01
2.869686886878646259e-01
2.465859695482495173e-01
1.768337807184774402e-01
8.448484029502889570e-02
-1.907115847244400531e-02
-1.239704631386931988e-01
-2.177953217633895600e-01
-2.893717387562941834e-01
-3.313531097964134142e-01
-3.384519871452669193e-01
-3.089526857333043663e-01
-2.449030580453770423e-01
-1.543888809124871475e-01
-4.515184462655885689e-02
7.041824715491395992e-02
1.793173546805055807e-01
2.693559456027152521e-01
3.307416100746614074e-01
3.550015218680251383e-01
3.379913210451230832e-01
2.838377145518529154e-01
1.967448464181591472e-01
8.570953293104155435e-02
-3.761704615532723839e-02
-1.587373464178405413e-01
-2.650181403524209944e-01
-3.432738494047005151e-01
-3.841276391891541575e-01
-3.849640532894456069e-01
-3.442155726788678205e-01
-2.654020623606608842e-01
-1.562912169285630704e-01
-3.056351645995958322e-02
9.999458426436103053e-02
2.206319453895366767e-01
3.174559821540214877e-01
3.804837411286789983e-01
4.023181515511706774e-01
3.799174375016440841e-01
3.144903315903302410e-01
2.142152857405354993e-01
8.765484199898665452e-02
-5.073466485738697962e-02
-1.858829866865180369e-01
-3.029099785925334354e-01
-3.893972383607707810e-01
-4.345513324588037296e-01
-4.322671115365696037e-01
-3.853566479802982281e-01
-2.971940010575572222e-01
-1.764480397479870621e-01
-3.514498371506380447e-02
1.102387677179805792e-01
2.448475502609281929e-01
3.524720174302087283e-01
4.209278642708196294e-01
4.449511436416679899e-01
4.206218586339405263e-01
3.497213137840193831e-01
2.388715025838707984e-01
1.017571564647714588e-01
-4.899863082085509358e-02
-1.965352877018550215e-01
-3.243569307459649442e-01
-4.188139082663241419e-01
-4.696121152569521229e-01
-4.706124049370083995e-01
-4.203325012541699879e-01
-3.259925781144380474e-01
-1.955542481969607671e-01
-4.391614927378051370e-02
1.126334773555950353e-01
2.568627018812723595e-01
3.738798443834341345e-01
4.499254474619038824e-01
4.759985441232823522e-01
4.519608775504724285e-01
3.789265576227429655e-01
2.643093438355188507e-01
1.195884548988266349e-01
-3.796464367903051862e-02
-1.927944361075059065e-01
-3.271343332747231880e-01
-4.263851509538025830e-01
-4.821615111115492569e-01
-4.876563781930034480e-01
-4.417869853014919634e-01
-3.487072226363207017e-01
-2.201842525352641911e-01
-6.781016976242004723e-02
9.130866285216443501e-02
2.399565853294498563e-01
3.623855240784246146e-01
4.458106494160030131e-01
4.805719997459538817e-01
4.619546771330254042e-01
3.949835807076813587e-01
2.853141965534697899e-01
1.443053762851997934e-01
-1.376265895959849495e-02
-1.709782660724975534e-01
-3.114186096522223446e-01
-4.189194616958386019e-01
-4.816314673992576623e-01
-4.956338832880549106e-01
-4.584149846185928689e-01
-3.736071511095753195e-01
-2.494993281592269296e-01
-1.011568504938613611e-01
5.760169539217008250e-02
2.094233502513185297e-01
3.377603637699166939e-01
4.298505304748623246e-01
4.760975143951875488e-01
4.716429563377886325e-01
4.161684048332277008e-01
3.175068417362216788e-01
1.841743721417330448e-01
3.150970917664897009e-02
-1.240934749394816405e-01
-2.662213750587878458e-01
-3.806466502053226231e-01
-4.545815142055694702e-01
-4.798220915143637244e-01
-4.568783224257476627e-01
-3.871941768236084602e-01
-2.779010948730693542e-01
-1.400171025799965552e-01
1.034754467259313415e-02
1.584840397731590578e-01
2.876634153464701082e-01
3.844948126577776293e-01
4.417654877082459741e-01
4.529885649867957387e-01
4.166513846461608050e-01
3.363696400150544275e-01
2.224343423266685882e-01
8.488015000834270296e-02
-6.129529682873213758e-02
-2.006630582374010485e-01
-3.191578737334171967e-01
-4.051186081686265483e-01
-4.491311006835420061e-01
-4.461930531955470292e-01
-4.000064412427027927e-01
-3.144987780422078272e-01
-1.980190083571178317e-01
-6.212056128526866061e-02
7.817103878233422343e-02
2.092439230244189652e-01
3.165595503730536109e-01
3.890805403687302988e-01
4.222264475520214333e-01
4.121762233373802431e-01
3.596656943961100694e-01
2.699219031165311922e-01
1.539621964957200717e-01
2.191572908741079573e-02
-1.125179806134650740e-01
-2.352475461202372387e-01
-3.343695884821799025e-01
-4.003779390379679226e-01
-4.259215414339017070e-01
-4.077953006048889995e-01
-3.507510192745133537e-01
-2.595840173232026871e-01
-1.434470038337106734e-01
-1.405702726376878431e-02
1.150078061359114390e-01
2.315840485438567242e-01
3.230954193518364992e-01
3.802975197131317486e-01
4.001451102307442831e-01
3.802087818483856907e-01
3.221015497863672916e-01
2.316572395424087993e-01
1.196687105115772365e-01
-4.293726913599527073e-03
-1.277795655825866294e-01
-2.383896064176329599e-01
-3.264133257240795505e-01
-3.834509316682215285e-01
-4.028998505462101365e-01
-3.824454911251529143e-01
-3.266532604740418622e-01
-2.399699071152604501e-01
-1.302436956138059987e-01
-7.954517974533836799e-03
1.143304667492941462e-01
2.253017822165090944e-01
3.128232245108650833e-01
3.679761006208350782e-01
3.876750562351094498e-01
3.692720810426148859e-01
3.135667289947041692e-01
2.255872479210234705e-01
1.151600769079621500e-01
-8.572459068165616536e-03
-1.331616153446353312e-01
-2.460533524221697466e-01
-3.367040251987123423e-01
-3.963250988491113791e-01
-4.173727425206601449e-01
-3.967086821356737847e-01
-3.388704323105502514e-01
-2.481861020633253645e-01
-1.325601711070052424e-01
-2.942944200980512903e-03
1.272578183093786564e-01
2.459816694642915635e-01
3.401504775751205134e-01
3.999903156306823249e-01
4.213886051796575938e-01
4.011266684055876386e-01
3.400031369839575657e-01
2.434287439879141424e-01
1.223017072411620720e-01
-1.356394316706155401e-02
-1.507003375072210050e-01
-2.751551806693812718e-01
-3.748339920887621135e-01
-4.397487914424884625e-01
-4.616105013130115120e-01
-4.368489025611346221e-01
-3.699585936184676127e-01
-2.658090071645993202e-01
-1.334236261414942781e-01
1.500212989590177237e-02
1.637542303971755153e-01
2.986591529852236082e-01
4.044171519485262323e-01
4.695920659697825350e-01
4.891817637960109710e-01
4.595412438403276845e-01
3.820495124157774480e-01
2.631254400645945957e-01
1.158491554855045624e-01
-4.736778456298917916e-02
-2.097104725920505564e-01
-3.542770067545858437e-01
-4.660823888833481865e-01
-5.334106152785975663e-01
-5.473964511041031766e-01
-5.045051694312068236e-01
-4.111274060919635209e-01
-2.744789480603202492e-01
-1.077973763691476572e-01
7.277529223618106613e-02
2.477276830700168020e-01
3.997613123142420566e-01
5.114350039116004609e-01
5.700715975113250789e-01
5.711161403408195891e-01
5.123191373517230751e-01
3.985195726596468813e-01
2.398818502308395217e-01
5.446429465443292095e-02
-1.410753211508456451e-01
-3.258719995046280848e-01
-4.801826257612729076e-01
-5.881349192875003906e-01
-6.376027856280221950e-01
-6.221690994036686018e-01
-5.413194751101880753e-01
-4.044990804612274005e-01
-2.227716450123694569e-01
-1.546647462101269355e-02
1.966023589631169521e-01
3.906345462535500968e-01
5.467993467495495530e-01
6.468202551827844093e-01
6.785259980450006889e-01
6.406008349311744787e-01
5.343057581025418834e-01
3.696629185910729198e-01
1.617565245839667210e-01
-6.619726901136879782e-02
-2.921174687613267151e-01
-4.903645995771428456e-01
-6.395601468122891209e-01
-7.252114102133150331e-01
-7.364614484372743464e-01
-6.709522720717417954e-01
-5.332839337171626504e-01
-3.395271563343748022e-01
-1.066313914397615248e-01
1.399979087743388195e-01
3.746844166249774233e-01
5.720392190540664057e-01
7.111142784303914333e-01
7.752435558388903747e-01
7.551309729098376611e-01
6.556048421255256109e-01
4.841543648153827650e-01
2.586914777763011930e-01
1.223515819779308345e-03
-2.593843569234925983e-01
-4.967931368004420145e-01
-6.839376845947937600e-01
-7.999252968979249090e-01
-8.343202158567339932e-01
-7.809911429468591182e-01
-6.451382406298824534e-01
-4.389603165871243107e-01
-1.868280195680900313e-01
8.779000529672198461e-02
3.548571192510885375e-01
5.858051230018737066e-01
7.561786403750379026e-01
8.471066419504384992e-01
8.483922899468079315e-01
7.574713163557234008e-01
5.859950634004902348e-01
3.485638313096315333e-01
7.167324830386045953e-02
-2.164735169531990522e-01
-4.841589661253137278e-01
-7.035588752035946136e-01
-8.495979670414045559e-01
-9.049562473481376212e-01
-8.665373652637655688e-01
-7.354708226715979125e-01
-5.256597485078677856e-01
-2.569518823769187943e-01
3.980833885024392949e-02
3.351099570034687947e-01
5.953539375092251618e-01
7.923477295643213125e-01
9.067274304162928900e-01
9.243734668955261302e-01
8.432016566333766505e-01
6.693870378344357608e-01
4.240717962594013901e-01
1.297286221474398538e-01
-1.807757266396782247e-01
-4.748274111394432673e-01
-7.204766645487878929e-01
-8.914730846750580362e-01
-9.683212874920152924e-01
-9.403107116469392457e-01
-8.142397992576104748e-01
-6.005081958094001804e-01
-3.227393960288544861e-01
-8.711621957848247888e-03
3.059203232675440365e-01
5.888083461828050869e-01
8.080426252638366336e-01
9.391460728888416654e-01
9.708231139339746907e-01
8.972425172411613303e-01
7.269351933952683531e-01
4.759567783645661798e-01
1.745301454413603626e-01
-1.483029040580819968e-01
-4.567878800410750673e-01
-7.176203010242001579e-01
-9.034205218414830263e-01
-9.935460829174860287e-01
-9.789330833817906363e-01
-8.588693529428819140e-01
-6.489279377386488745e-01
-3.679523982662348258e-01
-4.821133071802774506e-02
2.770942107412470712e-01
5.722427603933255558e-01
8.063112917901178456e-01
9.532266207075399400e-01
9.956361182232515983e-01
9.329238814268829838e-01
7.690657262246616277e-01
5.224882499056746621e-01
2.173340151836660183e-01
-1.111212169939999050e-01
-4.294796612501368127e-01
-7.015124587820064095e-01
-8.977635264492354050e-01
-1.000000000000000000e+00
-9.954258058005228671e-01
-8.852427998870711079e-01
-6.791868590996776867e-01
-4.028083047393047345e-01
-8.240034586656830307e-02
2.459639922859215844e-01
5.473354329250101902e-01
7.892938658169146304e-01
9.458601611505179640e-01
1.000000000000000000e+00
9.436816856774767892e-01
7.874699764672776769e-01
5.453439626630498527e-01
2.448498486185446410e-01
-8.321666188760068472e-02
-4.017621145860519327e-01
-6.777437675629810476e-01
-8.805388402871183740e-01
-9.874765267749998632e-01
-9.908170788429675468e-01
-8.881408076033758814e-01
-6.919579672949027760e-01
-4.216632729640570343e-01
-1.099266299740673247e-01
2.124952148861245504e-01
5.099481180555134330e-01
7.502277717815823976e-01
9.091383679597704326e-01
9.690282353097492418e-01
9.248917987079925407e-01
7.797909160775113868e-01
5.527845597562710545e-01
2.652323122848765369e-01
-4.969909367404123923e-02
-3.587706738970645182e-01
-6.283743931536395211e-01
-8.301276496092092616e-01
-9.421524167849032461e-01
-9.510734777703052645e-01
-8.606442976647930010e-01
-6.784194652903993150e-01
-4.252801636529762730e-01
-1.267654895200903686e-01
1.826214864153394846e-01
4.710534617664821067e-01
7.060823288215185567e-01
8.621517330815973157e-01
9.260990427041917439e-01
8.896317199812175947e-01
7.580055559213940697e-01
5.439273275593530244e-01
2.740369092935137640e-01
-2.540042024087474370e-02
-3.207735590327925879e-01
-5.802494962713377058e-01
-7.766759625591171945e-01
-8.891177539552270748e-01
-9.067374858641022994e-01
-8.263403827300608295e-01
-6.601710675309327980e-01
-4.234581168565393350e-01
-1.445083709062472410e-01
1.470290169319157236e-01
4.190689588960241352e-01
6.434008463991145454e-01
7.955211031732882798e-01
8.584702915611126528e-01
8.299524288758237667e-01
7.115096318756766181e-01
5.173791057012022687e-01
2.672994580300473988e-01
-8.851438803282651868e-03
-2.829148996505337355e-01
-5.237351112303334499e-01
-7.056842881760123642e-01
-8.128084045357506504e-01
-8.327662727462661341e-01
-7.645196254218910026e-01
-6.146653519054781079e-01
-4.028874713849497358e-01
-1.495359088219758714e-01
1.163584974042846110e-01
3.663227610984762794e-01
5.737988790853130183e-01
7.170801912420621260e-01
7.812209971911352469e-01
7.584942094281761360e-01
6.563205017506192895e-01
4.842799604265068947e-01
2.619315965613986386e-01
1.224611972811895377e-02
-2.361100989347482138e-01
-4.574606847038351631e-01
-6.272291339890385675e-01
-7.269867900389535009e-01
-7.500979173653277154e-01
-6.932188639298494381e-01
-5.638104845067535287e-01
-3.751287961503753099e-01
-1.506704564178829031e-01
8.747406578723193604e-02
3.128927854085972182e-01
5.009482533302627161e-01
6.327321425237160124e-01
6.944282973573527862e-01
6.808522761575881432e-01
5.927338356557694254e-01
4.429085324428683190e-01
2.455798889320139899e-01
2.422358722964390587e-02
-1.971292096996866139e-01
-3.946543189823683573e-01
-5.480079154296515487e-01
-6.408112683196141024e-01
-6.628132326069855473e-01
-6.161951763840145535e-01
-5.051266904630321575e-01
-3.426678023524895034e-01
-1.459103693674805857e-01
6.167146155555913722e-02
2.588069655197724472e-01
4.233107987806401518e-01
5.377440205245880289e-01
5.937664824071848813e-01
5.849679634112465720e-01
5.132410436652914409e-01
3.862800309002840660e-01
2.208085212839971945e-01
3.293170085542707071e-02
-1.559526280949118382e-01
-3.251646101783242093e-01
-4.574038346745814554e-01
-5.390944212019006532e-01
-5.625572555209448211e-01
-5.251512702399416810e-01
-4.342717673237881382e-01
-2.984269538691181056e-01
-1.337358815797774492e-01
4.200971915365747655e-02
2.093688763749321780e-01
3.512262062726481116e-01
4.518789115893062647e-01
5.005312286141001543e-01
4.960728421086988416e-01
4.385797990866200369e-01
3.349297290556467743e-01
1.961216784576680361e-01
3.919228138901753589e-02
-1.199999369505129199e-01
-2.631950884025718862e-01
-3.750752361064079166e-01
-4.463781802865701698e-01
-4.696143746786052287e-01
-4.430998252350051292e-01
-3.699208056829285107e-01
-2.607898523669366364e-01
-1.261023210250707960e-01
1.860863611518137617e-02
1.573344624496333388e-01
2.755571696597358677e-01
3.613295081847442969e-01
4.052760495846958744e-01
4.024648471474034928e-01
3.570795436469311745e-01
2.735294656591653606e-01
1.616442268499647117e-01
3.379570859214542367e-02
-9.517698140763208858e-02
-2.120823672497836876e-01
-3.035650488958827609e-01
-3.598607980953485441e-01
-3.782822479539522664e-01
-3.568159300568053416e-01
-2.983491351739790964e-01
-2.097082421986158352e-01
-1.029523991516535508e-01
1.159790911775049338e-02
1.211028290158389087e-01
2.133565363728302522e-01
2.801727999853260709e-01
3.149498794853737849e-01
3.146360786376012353e-01
2.797343752331495903e-01
2.162506576835705463e-01
1.300392514553465606e-01
3.150890494679559062e-02
-6.809913950086332601e-02
-1.583029003097456977e-01
-2.301307371451275507e-01
-2.754363361200391491e-01
-2.895113361384726858e-01
-2.745151473244397122e-01
-2.319671652598166434e-01
-1.662532436972924410e-01
-8.465848476700288394e-02
2.861627396562704817e-03
8.739142444429082168e-02
1.587501023744977147e-01
2.094380163671538675e-01
2.370357717043785062e-01
2.387023951966087409e-01
2.141547768650855499e-01
1.666237626434692309e-01
1.032212731458925781e-01
2.972871406778265779e-02
-4.558275177766446529e-02
-1.139061967413815823e-01
-1.686461125625314805e-01
-2.046769743136476194e-01
-2.180154875069559850e-01
-2.073646875758247132e-01
-1.763448841218732133e-01
-1.278310392901969017e-01
-6.772600137321593827e-02
-3.406968931869536199e-03
5.802634463076894455e-02
1.105310684368772112e-01
1.477574687309133328e-01
1.658185576159492136e-01
1.657093882968190268e-01
1.475095028089816740e-01
1.129117058824846698e-01
6.636770846107276078e-02
1.441753019506930578e-02
-3.796872825223984727e-02
-8.450117167621851166e-02
-1.199598880610424079e-01
-1.428442732150740913e-01
-1.509824333793873263e-01
-1.431233369070136208e-01
-1.207900302516551339e-01
-8.797529486809008148e-02
-4.744216465588413367e-02
-3.930317321031551181e-03
3.710561837172288158e-02
7.184031799688472830e-02
9.717716158986422492e-02
1.100913807371619590e-01
1.095699797988742841e-01
9.789774581119781161e-02
7.602735011608197091e-02
4.610355385678488460e-02
1.202800706305606759e-02
-2.228718455312594937e-02
-5.365060868257220950e-02
-7.791642656670372258e-02
-9.261832890276722186e-02
-9.849034497711439684e-02
-9.492362685672539602e-02
-8.172089273490035222e-02
-6.095424212968447719e-02
-3.583960538104191684e-02
-8.518511274131057576e-03
1.756105907482119477e-02
3.921665131977780661e-02
5.547933679864613943e-02
6.491147610414249591e-02
6.558910099888581868e-02
5.772947426137253757e-02
4.380419712173266866e-02
2.490520238821547494e-02
3.307924918780402734e-03
-1.785535662930726186e-02
-3.667009250303254753e-02
-5.148954475307632173e-02
-6.010713751608343092e-02
-6.181267099914544705e-02
-5.800997032658239405e-02
-4.886032346481172794e-02
-3.510562994100796530e-02
-1.909804674290183080e-02
-3.287290818038357543e-03
1.109043358580352745e-02
2.236150639094902637e-02
2.931233302998381696e-02
3.255959645920203371e-02
3.168853081477807088e-02
2.627572732797056609e-02
1.753180734098935822e-02
7.248833204633431393e-03
-3.793885693015641714e-03
-1.431762850427809042e-02
-2.296268226439179827e-02
-2.943513902369943036e-02
-3.313188680459888680e-02
-3.336617606786485002e-02
-3.051952172810579178e-02
-2.577349388468153091e-02
-1.944335150891940422e-02
-1.210464372391950594e-02
-4.846126388236005056e-03
1.662902069069716049e-03
6.885936304940498687e-03
1.016850800284219147e-02
1.139967947556153050e-02
1.116492324181073137e-02
9.426796807002535417e-03
6.176792355137905588e-03
2.022818996792352664e-03
-2.404483113407462902e-03
-6.763350959612335345e-03
-1.060440057037070893e-02
-1.360580754039331097e-02
-1.586096009290416387e-02
-1.714703436742548437e-02
-1.709912921798195651e-02
-1.585735115020636687e-02
-1.385361677923180324e-02
-1.124181921248845750e-02
-8.320736983909671203e-03
-5.483512372925436473e-03
-2.910473249424505582e-03
-8.496754440769915817e-04
2.839006586299319679e-04
3.730398522181488374e-04
-3.671953271993100287e-04
-1.874998770946767479e-03
-3.867224742409858251e-03
-5.928087292557671084e-03
-7.761577974328082163e-03
-9.211720585433069708e-03
-1.013925580508379110e-02
-1.046368141102083094e-02
-1.029536804570185815e-02
-9.650332081629686698e-03
-8.648406525885832252e-03
-7.575613972452432954e-03
-6.717840410137010387e-03
-6.129541391852844079e-03
-5.779609058810031286e-03
-5.661112692103453803e-03
-5.628996200532143668e-03
-5.697672310853718614e-03
-5.904331153073982819e-03
-6.134827905250994640e-03
-6.291719849926713515e-03
-6.363227942671079163e-03
-6.360177632897312527e-03
-6.304394292817483425e-03
-6.266304914625986378e-03
-6.235291628514660900e-03
-6.179911718892983075e-03
-6.128534904093818625e-03
-6.100267681172555356e-03
-6.096472371367234189e-03
-6.118729141884493572e-03
-6.157463097549498166e-03
-6.189716466390993155e-03
-6.218326798706264036e-03
-6.252492961059119558e-03
-6.287294724695136061e-03
-6.323272892286624369e-03
-6.358895496625271981e-03
-6.388988194299671797e-03
-6.414383875247064992e-03
-6.439002019852479997e-03
-6.462167961440279385e-03
-6.484108591082282658e-03
-6.505050799849865228e-03
-6.525221478814735576e-03
-6.544847519048269113e-03
-6.564155811622285341e-03
