-3.107228815712167469e-01
1.775758053818619064e-01
5.382618111262815752e-01
7.823504797840061809e-01
9.208571554769995338e-01
9.647971823272254444e-01
9.251859044566483892e-01
8.130386659872359534e-01
6.322771771630224524e-01
3.861207786945493048e-01
9.475127828323737234e-02
-2.074897484725943819e-01
-4.888826245091915101e-01
-7.216833936963011897e-01
-8.805329004215973754e-01
-9.474010588105463704e-01
-9.128793356939663983e-01
-7.839729682901659391e-01
-5.712059024756888093e-01
-2.972694866648590839e-01
1.096002290486941533e-02
3.190171610353422782e-01
5.959305078791843346e-01
8.110781716160899713e-01
9.409792900939897287e-01
9.750907924072873545e-01
9.074513434367714737e-01
7.452055543472839716e-01
5.033241142284547998e-01
2.101534065711125887e-01
-1.067687285157166155e-01
-4.129384469507735300e-01
-6.758956332640924103e-01
-8.684320466608397293e-01
-9.698067608258851280e-01
-9.697573326208165367e-01
-8.662009362354502473e-01
-6.726257754582214421e-01
-4.057916050928671581e-01
-9.566592501790294190e-02
2.261227947595734200e-01
5.248586583496508418e-01
7.700050653351409036e-01
9.344238367097046360e-01
9.993974829702969576e-01
9.619263894359659783e-01
8.233726610643508081e-01
5.987382372087612925e-01
3.094472572158599721e-01
-1.154753258622087664e-02
-3.324714190488372578e-01
-6.172743444194441764e-01
-8.359408369890261037e-01
-9.681882395518555118e-01
-9.986255385158196995e-01
-9.243709396748133189e-01
-7.514675209770866893e-01
-5.014985536776074282e-01
-1.973809909474256719e-01
1.271718747923049619e-01
4.383712714317939962e-01
7.031580543988782406e-01
8.940692263168663612e-01
9.902248241160627185e-01
9.796493789613069936e-01
8.682328140381934123e-01
6.653349245407280677e-01
3.935066701916241083e-01
7.996610888096356007e-02
-2.399993207748909452e-01
-5.340709326712436145e-01
-7.698274005546815735e-01
-9.219588254832702390e-01
-9.779910758128923520e-01
-9.304386342081210071e-01
-7.854851994136438087e-01
-5.571257947286958334e-01
-2.733096441393826348e-01
3.899078077582474045e-02
3.457469404874271568e-01
6.145127294047170174e-01
8.179756222466130211e-01
9.347956912398862617e-01
9.536761697318423270e-01
8.714004860142570141e-01
7.002532755460080249e-01
4.555848424416983899e-01
1.654410301630668823e-01
-1.402643013581845732e-01
-4.283838424768264819e-01
-6.696071388465427709e-01
-8.377320750004529915e-01
-9.143395266021361323e-01
-8.959783196243337189e-01
-7.830217672714517851e-01
-5.885096774056727265e-01
-3.316272754158621217e-01
-4.234701976281607383e-02
2.505267990243547072e-01
5.141751919076047450e-01
7.208876478055112891e-01
8.519615497297499118e-01
8.929678923907413690e-01
8.404732738982638729e-01
6.991168843762070040e-01
4.876786882148427260e-01
2.259264063929460331e-01
-5.628422616163697434e-02
-3.289931647825496963e-01
-5.636422690614617537e-01
-7.363400827512598390e-01
-8.292399095578364410e-01
-8.319839587271058434e-01
-7.494638007829352855e-01
-5.891488570823706361e-01
-3.691895322649986211e-01
-1.121427221757970161e-01
1.524175323966414641e-01
3.978129426433243410e-01
5.972861743842299287e-01
7.300131180691391553e-01
7.865922624931251939e-01
7.604477383948087255e-01
6.555575839854077547e-01
4.827195100543859585e-01
2.636417230745871088e-01
1.938167101328613917e-02
-2.230793775285603298e-01
-4.379009290365679652e-01
-6.036098954908795111e-01
-7.034783169746587905e-01
-7.285178118745346820e-01
-6.758999341840877806e-01
-5.550823965241507008e-01
-3.772785324785163930e-01
-1.631638449264394275e-01
6.469524926969127954e-02
2.816924907957496504e-01
4.660574599324196488e-01
5.980227461316913740e-01
6.637649428892917758e-01
6.612475358882550225e-01
5.903763129544978838e-01
4.597560379029148603e-01
2.829966142161712828e-01
8.136243794737629820e-02
-1.250037373835787280e-01
-3.128995015471148777e-01
-4.626936881685590475e-01
-5.618842328943229880e-01
-6.002862624783594780e-01
-5.748470321300985786e-01
-4.885294486671633019e-01
-3.540525773824282352e-01
-1.841513026303680522e-01
1.404263212634093705e-03
1.823293194004393936e-01
3.401022842444350047e-01
4.591492256575924191e-01
5.273184411301434782e-01
5.376706552462464650e-01
4.940676721956800410e-01
4.009864613855622650e-01
2.690317956888976791e-01
1.124124386545921617e-01
-5.045026523141016295e-02
-2.032580323876200801e-01
-3.292212978205671936e-01
-4.155679632487160324e-01
-4.577815669993551273e-01
-4.517324363520653918e-01
-3.989796616821960074e-01
-3.060158373130440479e-01
-1.855303778393851966e-01
-4.901403524469338802e-02
8.837156243938637523e-02
2.115837560464144396e-01
3.090707666437191303e-01
3.717511937429867075e-01
3.943344260855103922e-01
3.752872157314828261e-01
3.202164614074043403e-01
2.345234859016054330e-01
1.282793327966742503e-01
1.334680366872342816e-02
-9.807539054476299700e-02
-1.952028314426937916e-01
-2.675726944941168028e-01
-3.082777325726714368e-01
-3.175557328999236706e-01
-2.949880262068916847e-01
-2.432712829154618506e-01
-1.686354497133190078e-01
-8.075380150148991909e-02
1.173722593615100784e-02
9.825855334735411617e-02
1.698759575509682929e-01
2.221377663191124174e-01
2.505103951529714656e-01
2.524457796084589312e-01
2.288990046415348978e-01
1.851350231379182976e-01
1.252970448869221709e-01
5.686731201505024202e-02
-1.171715855644095416e-02
-7.408058904155467861e-02
-1.248296221347197088e-01
-1.591037431395597723e-01
-1.743633827284932769e-01
-1.725142386419374896e-01
-1.542793766341158390e-01
-1.221894709787446631e-01
-8.103835371918133301e-02
-3.613246134986258795e-02
8.360709752582851095e-03
4.741722125350156247e-02
7.768414186199956717e-02
9.969945487377684934e-02
1.119126649693991116e-01
1.131383999390702666e-01
1.049244836649600998e-01
9.009989667602558150e-02
7.014205946508123013e-02
4.718737012763662975e-02
2.378509865392097744e-02
1.120664748565092239e-03
-1.925291591152211712e-02
-3.607045793203333961e-02
-4.930840995212948386e-02
-5.999815981999778725e-02
-6.750834956304874179e-02
-7.071285798442661363e-02
-6.999471117855549096e-02
-6.602614650667071317e-02
-5.895169318147797100e-02
-4.846612320865906209e-02
-3.448277294160828621e-02
-1.705184879278376364e-02
2.905511010548256223e-03
2.452530149818721306e-02
4.701555383012534506e-02
6.894167734315770346e-02
8.865467441436791773e-02
1.029379256433748946e-01
1.095865580966894903e-01
1.082037026524076406e-01
9.811277261502127089e-02
7.782345031947524028e-02
4.773667076800913733e-02
1.036281804426320008e-02
-3.180651225104602631e-02
-7.433720339275629030e-02
-1.125773769069706720e-01
-1.423064364985430208e-01
-1.601526312630199289e-01
-1.615625774997571096e-01
-1.446310833707000754e-01
-1.118883506982486509e-01
-6.499514757380853158e-02
-7.252064819751047331e-03
5.556718344550581890e-02
1.162974521843724851e-01
1.693348042778819451e-01
2.075752513622031170e-01
2.257244339834660884e-01
2.223409654957710924e-01
1.963119879719605887e-01
1.482091235082885206e-01
8.206957419489202543e-02
5.587659128126087893e-03
-7.524023893885811720e-02
-1.517293725363466628e-01
-2.151172173493109963e-01
-2.589043335308440774e-01
-2.777989996836338626e-01
-2.674152528398807682e-01
-2.272634451180024495e-01
-1.623023763148871979e-01
-7.707532873304467902e-02
2.031263599667165742e-02
1.199069476471625872e-01
2.106002981794665718e-01
2.830312103950878289e-01
3.271950146188897790e-01
3.369236619052196069e-01
3.126020395821107467e-01
2.547465860231874490e-01
1.673997217033129647e-01
5.850846102504880797e-02
-5.946881569252682187e-02
-1.755536844239892202e-01
-2.760622557697992585e-01
-3.493179692571666273e-01
-3.880239151446522872e-01
-3.867162618965441778e-01
-3.436925466994690259e-01
-2.618064010052116863e-01
-1.504290968233641390e-01
-1.856980062692203948e-02
1.196015210909366910e-01
2.491626298508164972e-01
3.558859124338100699e-01
4.282776894528952383e-01
4.560603784729504451e-01
4.341097521607995002e-01
3.668721281521096778e-01
2.591521155378653241e-01
1.212063272065679875e-01
-3.333684391889191190e-02
-1.868930920536157059e-01
-3.238842266950484605e-01
-4.276525000955470057e-01
-4.859875654430998448e-01
-4.941362063826112427e-01
-4.491206616059789658e-01
-3.542679617673156756e-01
-2.182315846926577985e-01
-5.731805563695924199e-02
1.139648982676144673e-01
2.768304702891180025e-01
4.130652939926888756e-01
5.080487208205546334e-01
5.508111529646404492e-01
5.354627702052883187e-01
4.615682735705148865e-01
3.379700852720382009e-01
1.747033805851117005e-01
-1.030040893202488483e-02
-1.977874504265747513e-01
-3.670508424022340677e-01
-5.003106554144753915e-01
-5.811612013119220599e-01
-5.991505187214710704e-01
-5.545581230824019325e-01
-4.494788535655847017e-01
-2.938695462241065481e-01
-1.024267710457752445e-01
1.028912126651275738e-01
3.016615707946201930e-01
4.704712054261692700e-01
5.904562117228859819e-01
6.502442582798486637e-01
6.414382185570985939e-01
5.636569512613691657e-01
4.231136246391624667e-01
2.365954035522379595e-01
2.084063430144533768e-02
-2.001324147675809240e-01
-4.024452658053978560e-01
-5.638170615554134457e-01
-6.665297043115386844e-01
-6.975596446672742701e-01
-6.509324580910189617e-01
-5.345010066334883181e-01
-3.578051258789421984e-01
-1.396570720452735559e-01
9.783701011833789707e-02
3.275757304620765531e-01
5.256615041541348177e-01
6.688252544380877129e-01
7.401854114750616720e-01
7.342088133730664268e-01
6.488758333713282589e-01
4.927850249239589253e-01
2.807422995302946145e-01
3.811237796045863213e-02
-2.118476995794872364e-01
-4.412950418592788138e-01
-6.247084929645158047e-01
-7.427647556230914105e-01
-7.815071135384347167e-01
-7.363009704415981460e-01
-6.095559573394511155e-01
-4.166941304771797361e-01
-1.748706540382042318e-01
8.842791427119833791e-02
3.453415849595899978e-01
5.674506335163531645e-01
7.309066044764525039e-01
8.163800882865326347e-01
8.123909576090750928e-01
7.225080485146428977e-01
5.532977054773324799e-01
3.227081751540665788e-01
5.340130088759043048e-02
-2.235593599554652755e-01
-4.796812925871652977e-01
-6.850613254039920053e-01
-8.165019726547607659e-01
-8.621346193298874416e-01
-8.144643617526576840e-01
-6.781593283793705407e-01
-4.654429899032394014e-01
-2.019041439242136304e-01
8.744176757089450192e-02
3.700082308654688568e-01
6.149090230111466937e-01
7.955348815070686364e-01
8.916600225615840536e-01
8.925311855933784067e-01
7.953985695156937652e-01
6.130484827618949417e-01
3.612733958979070792e-01
6.940809335448583361e-02
-2.317932004007948743e-01
-5.087979231765514809e-01
-7.323785724381868256e-01
-8.767892141411839368e-01
-9.246321261480570097e-01
-8.740262100723585892e-01
-7.273895449156462245e-01
-5.008443878842094854e-01
-2.165804950046449351e-01
9.191669850922568052e-02
3.932806546265350534e-01
6.526145419751379073e-01
8.414852338791820596e-01
9.421444588647214236e-01
9.414504662317348949e-01
8.392496548625889563e-01
6.442404252673701315e-01
3.804020413775981435e-01
7.254112894775066600e-02
-2.442481531472849854e-01
-5.359549048221319278e-01
-7.706896062087837951e-01
-9.228377798827918088e-01
-9.752646273936182997e-01
-9.198331287993035676e-01
-7.667344966963501873e-01
-5.293106510602603176e-01
-2.337959107207175924e-01
8.986408046133220751e-02
4.045936834074672639e-01
6.774469886521594653e-01
8.772691947127966294e-01
9.811611418456247513e-01
9.813750133957763744e-01
8.752373976452472171e-01
6.748578385662069579e-01
3.995709149015709283e-01
8.240430357032324515e-02
-2.453652161633149698e-01
-5.469323404058870075e-01
-7.889436983211854937e-01
-9.459558586197123198e-01
-1.000000000000000000e+00
-9.459968539569532098e-01
-7.871927174859357779e-01
-5.440222891829836760e-01
-2.391450241705334046e-01
9.192223694614343188e-02
4.137119205374581998e-01
6.908645618977868885e-01
8.937922253469576805e-01
1.000000000000000000e+00
9.961400699028120087e-01
8.871220164461950386e-01
6.819058110733136058e-01
4.037561090197476776e-01
8.088342451595420535e-02
-2.489832325422117743e-01
-5.517210797857108329e-01
-7.930023396641836531e-01
-9.461902129223036528e-01
-9.986447463518081102e-01
-9.425779915453689206e-01
-7.849284611538765999e-01
-5.408538891717890040e-01
-2.403139540741209279e-01
8.730270358891889515e-02
4.047879309227688793e-01
6.775097246215069369e-01
8.765847111738356290e-01
9.801720329462741965e-01
9.783694738302850524e-01
8.695799039967471167e-01
6.690114946672924834e-01
3.949878711967176326e-01
7.968402223789761152e-02
-2.435831379782732453e-01
-5.390358911468540182e-01
-7.756262900326009735e-01
-9.270452232445423046e-01
-9.757559093618682899e-01
-9.212530197065718074e-01
-7.671516663099704481e-01
-5.313033067285757305e-01
-2.373382911937015338e-01
8.020613225793571388e-02
3.887342292143012301e-01
6.528981999322980290e-01
8.441316119400730233e-01
9.453570130319595144e-01
9.443142458594100397e-01
8.422744214835478083e-01
6.488584284083098730e-01
3.889000196038918666e-01
8.753323081222275093e-02
-2.208800808327595622e-01
-5.030575679494199148e-01
-7.288216437328040032e-01
-8.740962933264668777e-01
-9.236165554480119111e-01
-8.705117083233513409e-01
-7.252382299726450876e-01
-5.011535777319424678e-01
-2.246878756298971158e-01
7.500016627732386532e-02
3.639695028289231526e-01
6.121137160846543690e-01
7.918288327629110501e-01
8.831075903694418638e-01
8.805828025849247176e-01
7.830734809586390455e-01
6.027819186251321959e-01
3.582139786249993740e-01
7.941924029524938256e-02
-2.056096466975234627e-01
-4.647963316199076322e-01
-6.699975093624397360e-01
-8.017653523424796980e-01
-8.455692631049022134e-01
-7.982828803587078692e-01
-6.642721946084215734e-01
-4.618030513123165814e-01
-2.103012633160885603e-01
6.092520252298694317e-02
3.226692702848468208e-01
5.468045757588675393e-01
7.098945138355996498e-01
7.946143927419271336e-01
7.911771133102309950e-01
7.053444719796775342e-01
5.450521839760456011e-01
3.287415216930407169e-01
7.887647627299609887e-02
-1.754849529617161785e-01
-4.080024414421914436e-01
-5.925268171880796464e-01
-7.091400140322123846e-01
-7.496333168466620123e-01
-7.089254109397553627e-01
-5.927522374189932997e-01
-4.131466152026679328e-01
-1.930043063149422533e-01
4.603215003863292409e-02
2.771699504908231582e-01
4.750739218785720031e-01
6.197433861080061668e-01
6.961785981441614979e-01
6.976417759318762624e-01
6.234824216745669112e-01
4.853736056331756643e-01
2.964221296425997298e-01
7.956829822851707590e-02
-1.413663516180806434e-01
-3.424254106266231279e-01
-5.029652798756689691e-01
-6.057621759129054873e-01
-6.397040985858453155e-01
-6.060995952352511429e-01
-5.080046635711217284e-01
-3.572055218777535623e-01
-1.698714435828008185e-01
3.117275948426700971e-02
2.252419255592843506e-01
3.902949719376498372e-01
5.088983215148052963e-01
5.725428116632969022e-01
5.741919535533410723e-01
5.145837569596019012e-01
4.004233009561968260e-01
2.473240627704975658e-01
7.020062609755695071e-02
-1.106141215695517488e-01
-2.751743699788335995e-01
-4.066869198578119127e-01
-4.918366423616222782e-01
-5.225121785116356721e-01
-4.955142826309488768e-01
-4.175419481328109805e-01
-2.960574520032619450e-01
-1.455852740085794572e-01
1.736866868225273031e-02
1.745689997235462254e-01
3.099847804689594977e-01
4.085149889811150459e-01
4.597065944107563418e-01
4.624882790131485955e-01
4.164989932134672834e-01
3.274182555237348247e-01
2.051059239506061171e-01
6.508874491503258142e-02
-7.846582536871415936e-02
-2.089752988130920697e-01
-3.122869325696591147e-01
-3.800475474390518915e-01
-4.053810790039655831e-01
-3.863711360805323070e-01
-3.255807711317481035e-01
-2.325038931203148307e-01
-1.159807041016425178e-01
1.044060407238478483e-02
1.324758719932284112e-01
2.375004447857891332e-01
3.151160598815239133e-01
3.568122793697814377e-01
3.581570577754211726e-01
3.229732396576472375e-01
2.547875509581143394e-01
1.618243086816497645e-01
5.481547474832115796e-02
-5.375457143332929011e-02
-1.528732084268641378e-01
-2.311125336340427161e-01
-2.802986755743412939e-01
-2.987966841250795369e-01
-2.848775323816117311e-01
-2.404574269629697891e-01
-1.712510914118380301e-01
-8.728934802840737639e-02
3.314066760002232215e-03
9.029130183066391702e-02
1.638308010107865087e-01
2.180265373805612139e-01
2.477089003328165617e-01
2.499963884731681851e-01
2.253351168458042064e-01
1.787489931575307889e-01
1.145225167814840628e-01
4.041152819972571031e-02
-3.476386084058724624e-02
-1.031853279010389590e-01
-1.582496140217034553e-01
-1.936375143797877119e-01
-2.058630857669576653e-01
-1.969414812370953172e-01
-1.678077663687944643e-01
-1.214685260168026915e-01
-6.354161155084903090e-02
-1.234038497177958327e-03
5.927270615456547986e-02
1.104295013112597257e-01
1.467975510481658308e-01
1.674803672432534363e-01
1.705751752797677323e-01
1.553712598210714724e-01
1.242814985392757254e-01
8.243798853396788751e-02
3.357395297899645747e-02
-1.651077375331322372e-02
-6.169684554007792698e-02
-9.826869784854475043e-02
-1.229711014457861573e-01
-1.325653419726208204e-01
-1.263490748326812074e-01
-1.074187249134216371e-01
-7.741445203925456653e-02
-3.996375926363149311e-02
-2.495581965944460023e-04
3.743953631803265125e-02
6.963252658593899191e-02
9.228811852771467983e-02
1.032712863271754156e-01
1.038652592599078606e-01
9.397143103442995304e-02
7.441521139855877820e-02
4.838076539650826291e-02
1.983044142260204090e-02
-8.815259105716455323e-03
-3.404580759649111776e-02
-5.300917827675577509e-02
-6.581029429156204369e-02
-7.128855909470799279e-02
-6.808115778349066449e-02
-5.724958577589012165e-02
-4.141866010240535800e-02
-2.188369922971966641e-02
-9.423868651892153281e-04
1.863007449562781304e-02
3.542594007436861148e-02
4.794766024335572752e-02
5.424390686287727803e-02
5.410803402220576430e-02
4.931110436122976282e-02
4.008714420501036102e-02
2.710057074570948465e-02
1.244853316229721507e-02
-2.006277235831133154e-03
-1.509248900852389053e-02
-2.517429461508091659e-02
-3.129882779501069745e-02
-3.404936890144905082e-02
-3.307330968671406968e-02
-2.803685819539858404e-02
-2.001681964634249855e-02
-1.060134583872829328e-02
-4.874736173342553158e-04
9.289903626481965659e-03
1.760073729790789798e-02
2.418980556138627946e-02
2.844018669380288244e-02
2.941938527215537391e-02
2.727574265947518839e-02
2.305385748172184002e-02
1.705379057451583691e-02
9.981550101207714576e-03
2.943629247171619667e-03
-3.433844076743186591e-03
-8.588382576146802450e-03
-1.172269946274107077e-02
-1.259099362024940216e-02
-1.167954756306321951e-02
-9.076743214363358625e-03
-5.290820351528058296e-03
-1.247784528287776418e-03
2.308661224990293803e-03
5.088735483785411517e-03
6.943509352993704198e-03
7.772580239653992251e-03
7.870594267536556998e-03
7.209606801366286177e-03
5.811024056039837404e-03
4.150078844968430047e-03
2.767630675258647699e-03
1.757506841447931123e-03
1.131886599475384614e-03
9.137382819679462642e-04
8.114890825841047928e-04
8.757889124313411600e-04
1.194246564680145894e-03
1.583332885395583034e-03
1.934695819563403418e-03
2.222792178241839167e-03
2.437504646385590945e-03
2.586239930747025184e-03
2.702505032319502121e-03
2.769791038560454055e-03
2.770462612067703390e-03
2.758615986838686140e-03
2.817475831024651711e-03
2.935588818595569194e-03
3.060733955504435500e-03
3.164985723737023804e-03
3.188342373267927243e-03
3.141600190076143662e-03
3.075915930057737668e-03
2.999834720984306813e-03
2.934977446111819432e-03
2.885868611910424875e-03
2.842408957558051341e-03
2.811628405345656390e-03
2.794078553074008653e-03
2.788752770484181909e-03
2.793789290804538084e-03
2.800057538656641754e-03
2.796479914743299489e-03
2.782734035140732587e-03
2.763045628487503791e-03
2.738856179929527457e-03
2.713988016424639937e-03
2.687665579293785356e-03
2.660503279917625363e-03
2.633115529676599564e-03
2.606116739950925520e-03
2.580121322121486926e-03
2.555743687568501343e-03
