-3.036291708810627821e-01
-2.446016473108189038e-01
-1.722980817928521091e-01
-9.164295694199808828e-02
-7.560755373092975518e-03
7.502404029902787208e-02
1.511869474595279872e-01
2.160034834935735670e-01
2.575462801552816927e-01
2.722656995309054029e-01
2.582767301024686546e-01
2.164741347679834949e-01
1.504854978440801627e-01
6.811824627502360840e-02
-2.358896152256129142e-02
-1.145540268754939861e-01
-1.946020710908599183e-01
-2.558343643119321831e-01
-2.920548356407632884e-01
-2.986417653648157922e-01
-2.743822487402126642e-01
-2.237515801817295813e-01
-1.506731530576047584e-01
-6.247101560519263685e-02
3.157845511877366285e-02
1.215189218813408356e-01
1.987920909970293248e-01
2.543146671128710956e-01
2.822055189692016519e-01
2.826852669520985017e-01
2.552860426421545981e-01
2.018167855359549456e-01
1.276663700564164561e-01
4.145981485728711391e-02
-4.931973739403472390e-02
-1.350642390832632600e-01
-2.071535799882094908e-01
-2.605633639838528248e-01
-2.904470752652362764e-01
-2.928390258377758792e-01
-2.675237728031845119e-01
-2.192974982286498564e-01
-1.517512933453347701e-01
-7.089684138049767714e-02
1.516115485833968712e-02
9.872433839991368032e-02
1.729696864070633389e-01
2.302754493844068051e-01
2.654595283076806034e-01
2.777988452863378033e-01
2.656886676514349510e-01
2.282339209741235386e-01
1.685802697217964052e-01
9.318460442985454506e-02
7.345355424174915271e-03
-8.181719440934409615e-02
-1.666685635941053123e-01
-2.408049489877382987e-01
-2.973230253179158789e-01
-3.279753301116156150e-01
-3.287840344571119067e-01
-3.006726497341004611e-01
-2.441033724385873738e-01
-1.613050904005322028e-01
-5.854936047736070126e-02
5.429196555240700661e-02
1.680138336054499693e-01
2.700446410829973054e-01
3.495266814174622372e-01
3.984463089839687111e-01
4.099754465975087303e-01
3.788049397102521976e-01
3.052042631265992068e-01
1.967413112775320272e-01
6.094410257920213070e-02
-8.907718020351607091e-02
-2.382474039100717089e-01
-3.699329361155005991e-01
-4.701482143120054857e-01
-5.249488687096077744e-01
-5.257714848013580466e-01
-4.726572415344060252e-01
-3.674476644027301342e-01
-2.187065159705293693e-01
-3.986010281738050498e-02
1.484508852352113273e-01
3.279400047713065813e-01
4.771155829639852630e-01
5.781792474409530591e-01
6.199155890315672934e-01
5.946738248725484954e-01
5.024570039722122683e-01
3.498725475444981470e-01
1.542558001668858925e-01
-6.692882748478501398e-02
-2.882407414196819229e-01
-4.850973991877317593e-01
-6.345258880002182522e-01
-7.187771005750036579e-01
-7.261764688774146048e-01
-6.523843636116143374e-01
-5.068450128855601644e-01
-3.013150537253568295e-01
-5.863357895773380069e-02
1.960462271166658610e-01
4.328645607878272017e-01
6.260431308222900171e-01
7.515392601313388710e-01
7.930662432281647689e-01
7.483030459483004382e-01
6.186740145700886373e-01
4.180717502182345058e-01
1.660905339267815251e-01
-1.067642291959853829e-01
-3.724889062267299211e-01
-5.996205070842852702e-01
-7.618566930342790533e-01
-8.425673198186671708e-01
-8.308692948839307979e-01
-7.283627596793317283e-01
-5.439695387318193021e-01
-3.013095417739517501e-01
-2.398066700900514103e-02
2.554384589671709893e-01
5.058199523987878532e-01
6.994585584577484028e-01
8.148491795289065642e-01
8.397874205866688868e-01
7.698370820645505930e-01
6.162700714295850091e-01
3.930834906448439359e-01
1.279892450751562993e-01
-1.500175358336341969e-01
-4.094495196807721449e-01
-6.228705095530846503e-01
-7.664811056407321299e-01
-8.240857813102315799e-01
-7.946623435906086108e-01
-6.803166682716663693e-01
-4.955153567815201443e-01
-2.598848556366245566e-01
-2.433505504040534007e-03
2.501396781401903358e-01
4.690989002925904927e-01
6.312883490167597866e-01
7.241820868189909888e-01
7.378474818847062799e-01
6.729993408391858889e-01
5.372148833559955428e-01
3.495471995569194856e-01
1.286056756235764986e-01
-1.003488132159776614e-01
-3.126600432330439716e-01
-4.873539523980715549e-01
-6.074256571304159635e-01
-6.625584511007264199e-01
-6.479534029542552975e-01
-5.706074137519876466e-01
-4.385045153619291369e-01
-2.674685617099252788e-01
-7.575781705053086235e-02
1.163192459332402784e-01
2.903630903001137575e-01
4.291111086763716997e-01
5.196824241777744380e-01
5.586672246743045189e-01
5.432428028713440771e-01
4.764617450691137623e-01
3.660041169487526780e-01
2.251499543963699779e-01
6.669292462164433388e-02
-9.372995365676661805e-02
-2.412478857677372579e-01
-3.649480353254549447e-01
-4.544817376391683261e-01
-5.012546854177173383e-01
-5.015253126042344967e-01
-4.595351446006963325e-01
-3.789070319449621138e-01
-2.660040828037917304e-01
-1.309666204373085563e-01
1.413266212950370360e-02
1.576080167887186079e-01
2.860972372635037786e-01
3.885212437995637647e-01
4.579565556827398520e-01
4.876457784607906021e-01
4.721736452566265285e-01
4.119510306400022692e-01
3.144124029437220802e-01
1.860164659676335486e-01
3.568907500585094539e-02
-1.239495074459974200e-01
-2.778039781070347214e-01
-4.120636455096685635e-01
-5.112547880800468736e-01
-5.644148221708318314e-01
-5.667615704343451632e-01
-5.151948271566555437e-01
-4.114698042630434704e-01
-2.631694098348666966e-01
-8.522722267635762794e-02
1.079195422246495006e-01
2.963357791648153494e-01
4.603676268652934223e-01
5.820888275042332971e-01
6.477052290285767455e-01
6.468821081263120831e-01
5.760889239982864840e-01
4.437412333566228551e-01
2.597736894943813990e-01
4.255979923016250943e-02
-1.865684134205846112e-01
-4.019067767366142352e-01
-5.811072831167424235e-01
-7.023041436665573567e-01
-7.503105952101172260e-01
-7.211562540870748439e-01
-6.144395835031086772e-01
-4.402611950790483730e-01
-2.147920545908089673e-01
3.537289911994112579e-02
2.860795777269911078e-01
5.088937284101491265e-01
6.786439797439467458e-01
7.773644181202419290e-01
7.925860055026676676e-01
7.220851989710976859e-01
5.708528387662468173e-01
3.573598475454473622e-01
1.011876363867243445e-01
-1.681901760128706735e-01
-4.217838226089501985e-01
-6.315638030421796278e-01
-7.747854543580187103e-01
-8.350585562534054151e-01
-8.039548551847364166e-01
-6.891989800874387395e-01
-5.008382316627597586e-01
-2.599873668515283454e-01
8.628951902102111049e-03
2.738544588990656781e-01
5.080450603672610477e-01
6.846897630103114807e-01
7.842221761575349781e-01
8.002579167409835659e-01
7.299063691515617069e-01
5.822065020893381071e-01
3.723114111500558376e-01
1.263522691920673235e-01
-1.314516753588441667e-01
-3.727474736322148319e-01
-5.713577035830187389e-01
-7.081248505276487304e-01
-7.692209363664520572e-01
-7.504015164369303159e-01
-6.534793644865908302e-01
-4.928990122256098338e-01
-2.840551632460091014e-01
-5.129982064343419079e-02
1.805114579713558154e-01
3.878808719991151399e-01
5.506720968570646413e-01
6.531558820213898553e-01
6.854520323026214168e-01
6.501307206691726570e-01
5.510303233069757667e-01
3.996121919232629160e-01
2.115904497189546873e-01
7.923185238495777938e-03
-1.921290464813868448e-01
-3.684444680733280908e-01
-5.046132351837051555e-01
-5.923021849306133735e-01
-6.236742251497551237e-01
-5.966069047762101452e-01
-5.146997056592366171e-01
-3.883952047304566335e-01
-2.282045781120589645e-01
-4.953502876759385831e-02
1.307468836948229018e-01
2.969329260823814209e-01
4.348545439116411337e-01
5.312510754341635000e-01
5.771572648554221807e-01
5.713768565144745626e-01
5.133981421717139781e-01
4.066664573980358632e-01
2.597671248971271662e-01
8.629890200557799318e-02
-9.957468676192948731e-02
-2.794853198360508495e-01
-4.371575079058841462e-01
-5.592637985482622476e-01
-6.331548768993215948e-01
-6.476619098993423584e-01
-5.989358672267111050e-01
-4.929196027198486929e-01
-3.363934326039969003e-01
-1.422217945618008406e-01
7.242795164513715633e-02
2.854637539180071570e-01
4.767071274857344054e-01
6.239891143170253063e-01
7.105532885739476168e-01
7.274645955509511097e-01
6.692689911481708442e-01
5.388059730048067042e-01
3.461872734571107557e-01
1.123837139451981937e-01
-1.423352148458031374e-01
-3.903423569778453617e-01
-6.049553473873028331e-01
-7.620087243327388071e-01
-8.429182644508177447e-01
-8.359065017563342970e-01
-7.375443342854945961e-01
-5.590905431782196011e-01
-3.147621658263159983e-01
-3.104110491508305092e-02
2.633197745047979321e-01
5.344154199253559057e-01
7.529496074146191376e-01
8.918499076794412783e-01
9.328952580862586164e-01
8.733227674738852642e-01
7.151938086677063211e-01
4.751830267999870294e-01
1.763117466705554914e-01
-1.457066932464776698e-01
-4.578012991400260967e-01
-7.229002514680904490e-01
-9.102447199946789302e-01
-1.000000000000000000e+00
-9.794411110787956121e-01
-8.510009134717335666e-01
-6.256409109441176675e-01
-3.319374919354592945e-01
1.233217858370272424e-03
3.342545084383403697e-01
6.298072562812497832e-01
8.544405535674246543e-01
9.824345364195596897e-01
1.000000000000000000e+00
9.026933034609594397e-01
7.054274406290752530e-01
4.266639721279705810e-01
1.014934846062665041e-01
-2.341572115062238169e-01
-5.412434105787777838e-01
-7.862295595974442275e-01
-9.413203109092318499e-01
-9.881408704328975556e-01
-9.274071529348320020e-01
-7.642210477737140240e-01
-5.198701364687416948e-01
-2.208132191217452300e-01
9.534838685537949665e-02
3.945642042903254598e-01
6.420347130180210637e-01
8.104355432341829868e-01
8.868130380430272464e-01
8.624256860539161185e-01
7.435703346724826801e-01
5.439021586956200860e-01
2.914194238920608804e-01
1.274278604270850934e-02
-2.590903546047125250e-01
-4.935291222177590198e-01
-6.670045380954996439e-01
-7.618069172047546855e-01
-7.719292202724086227e-01
-6.976072050301883598e-01
-5.536201905193218753e-01
-3.557197335862043452e-01
-1.295962432136235076e-01
9.886659329084568348e-02
3.049473993747324752e-01
4.676515479975571488e-01
5.718463151565185143e-01
6.081143167093241431e-01
5.803885667910937407e-01
4.934140982209336279e-01
3.606148123458559063e-01
1.982231776480531948e-01
2.603770967065677233e-02
-1.380665044883594428e-01
-2.771463860512554112e-01
-3.781923236912445585e-01
-4.378609514745996911e-01
-4.526998521262658448e-01
-4.250966510363046735e-01
-3.611558943876853611e-01
-2.719011533737833997e-01
-1.668655993725759457e-01
-5.706880004807179940e-02
4.654781541665831135e-02
1.378743607947494620e-01
2.109314779322051248e-01
2.617883547337096495e-01
2.888013672428941803e-01
2.947458008127294971e-01
2.806087475010010657e-01
2.474108669829320206e-01
1.988987070611949459e-01
1.391610118785366890e-01
7.181465107482254417e-02
-1.182146931442251692e-03
-7.695093470555047777e-02
-1.526448660090405918e-01
-2.232918090956498292e-01
-2.812015149503489519e-01
-3.216898558706480227e-01
-3.412150003257039543e-01
-3.357191552534514178e-01
-2.997576479296814034e-01
-2.324522918375508951e-01
-1.382368504254465336e-01
-2.271913224288690802e-02
1.045351383561861081e-01
2.321518096158379230e-01
3.455678900443466262e-01
4.326842563557116161e-01
4.801934075485050357e-01
4.793864659437951925e-01
4.284582334682440763e-01
3.280630094349856751e-01
1.851129644895308513e-01
1.155045412408872707e-02
-1.728182967199053399e-01
-3.508129460339156624e-01
-5.012532754784797540e-01
-6.054082471289823353e-01
-6.497989712883711633e-01
-6.259711886335868058e-01
-5.331118060259325553e-01
-3.768296467366636371e-01
-1.741551299180944534e-01
5.719852265320390927e-02
2.904818066181300562e-01
4.998145716247981429e-01
6.601299865090748398e-01
7.519550766309592849e-01
7.617942322439166247e-01
6.841963981603849110e-01
5.287828021416869362e-01
3.078077687240803328e-01
4.543990338270575968e-02
-2.314391473453323300e-01
-4.899688309036137612e-01
-7.017509587581997055e-01
-8.400591977630225138e-01
-8.865974538546743666e-01
-8.378678821582410396e-01
-6.949210886031746970e-01
-4.728885249877723407e-01
-1.931295339562264513e-01
1.105554090550759927e-01
4.070998656023783191e-01
6.614067003181867133e-01
8.436916780790593151e-01
9.341711348415342453e-01
9.202265201806734130e-01
8.034235736913792891e-01
5.933141436011897252e-01
3.162434864615926156e-01
-9.285238037961551782e-04
-3.207928765469768573e-01
-6.077685951008702236e-01
-8.294087411087663897e-01
-9.604499599103891727e-01
-9.862135964980295322e-01
-9.011092578977590861e-01
-7.178637847195727950e-01
-4.528654242196160640e-01
-1.386216333808002465e-01
1.908769987937675161e-01
4.976409160916666075e-01
7.485765170474185659e-01
9.147796535425809505e-01
9.764519591446807478e-01
9.314212115255000590e-01
7.822195963444000810e-01
5.471503325448041632e-01
2.504994474275963334e-01
-7.127604388447228434e-02
-3.844608644656706264e-01
-6.526040774257406696e-01
-8.461550394911157014e-01
-9.479657801405322326e-01
-9.456610764173631889e-01
-8.413379941154749408e-01
-6.455000681367302207e-01
-3.843181118156411280e-01
-8.390659021126889439e-02
2.204991677981995579e-01
4.954099598924555092e-01
7.116002461170631843e-01
8.460581914606879472e-01
8.863991534307338327e-01
8.278978497413356230e-01
6.818108230274166903e-01
4.622009174658308073e-01
1.965096438759639241e-01
-8.629016983926685036e-02
-3.544701303823690752e-01
-5.800602285634188782e-01
-7.386185340914863673e-01
-8.130962666308767517e-01
-8.016255224462637274e-01
-7.051986711933768692e-01
-5.367634870702056027e-01
-3.144612605020099538e-01
-6.563888545206986169e-02
1.838583167105731775e-01
4.056474475987630335e-01
5.764871136916414063e-01
6.828653392945565059e-01
7.139801603781172901e-01
6.690551794922030560e-01
5.538737784891585303e-01
3.855329265652231996e-01
1.807659146947939721e-01
-3.706578784891212397e-02
-2.444715678888468302e-01
-4.207846001059835084e-01
-5.489371515364134257e-01
-6.169876285444236830e-01
-6.185897912719329206e-01
-5.595388129121321441e-01
-4.463354528678997735e-01
-2.929632963255710543e-01
-1.162750975131886522e-01
6.434906948469998333e-02
2.313014478295425391e-01
3.674801787701529321e-01
4.598755219052208520e-01
5.042958242707340499e-01
4.973205428093303571e-01
4.414850634381699557e-01
3.439621727078554514e-01
2.177166213907064662e-01
7.439018315220558009e-02
-7.153968960587142600e-02
-2.057426477565041933e-01
-3.178496059752944358e-01
-3.983195266924781652e-01
-4.398793252446180357e-01
-4.396340270392057326e-01
-4.018978132614400289e-01
-3.303125636175828772e-01
-2.311021761442610956e-01
-1.136967586180473999e-01
1.078101045470170050e-02
1.318415012873319636e-01
2.378489924828572910e-01
3.196835799720612048e-01
3.731205543650448764e-01
3.933687824605434091e-01
3.768509682505636338e-01
3.249014026950072243e-01
2.441382348153542381e-01
1.405213277293086982e-01
2.294541539127314955e-02
-9.781378746822466663e-02
-2.110875802226952480e-01
-3.071039832517387103e-01
-3.753618300457418622e-01
-4.089705527955631581e-01
-4.065422042511821488e-01
-3.669260174814533704e-01
-2.917719346375956535e-01
-1.873537191600073148e-01
-6.444723402224583619e-02
6.710143879798513566e-02
1.939575980878514017e-01
3.036169699286788148e-01
3.862084786318029650e-01
4.328494636933282180e-01
4.360266816281450630e-01
3.937763108401717282e-01
3.118707601859005418e-01
1.961518274179323562e-01
5.688805180426426134e-02
-9.275574577202971849e-02
-2.366196676782864605e-01
-3.605656288567947731e-01
-4.496128060037499763e-01
-4.932990271439926522e-01
-4.887296359640332932e-01
-4.343219937474221970e-01
-3.339974315733699184e-01
-1.967144562491515147e-01
-3.827365495273660212e-02
1.269294181980988867e-01
2.805094604723770146e-01
4.053756536210577632e-01
4.884800253090468836e-01
5.202594933284989676e-01
4.961724530024327340e-01
4.170007406507723058e-01
2.925649312116855860e-01
1.333012642076329968e-01
-4.256844440886131675e-02
-2.159850151720572597e-01
-3.680479612323930283e-01
-4.828598310590922482e-01
-5.466424440245835070e-01
-5.512845158963453063e-01
-4.993008222192204526e-01
-3.944155284923529514e-01
-2.474486200235802569e-01
-7.328681732598774090e-02
1.074106296392161042e-01
2.762868238895077599e-01
4.135833670981412524e-01
5.042367323067802332e-01
5.416457005294015303e-01
5.205821638412369001e-01
4.429290617599455082e-01
3.164005249648929041e-01
1.570764510710549455e-01
-2.000283620489484715e-02
-1.947191103159907621e-01
-3.476640254467699975e-01
-4.628967505847602082e-01
-5.282539436853830317e-01
-5.371565105577342791e-01
-4.880356099780844836e-01
-3.888470771869260156e-01
-2.484423055556758131e-01
-8.335779803699550072e-02
8.844277834337455069e-02
2.479659958821971433e-01
3.787436301294915264e-01
4.657171285315915288e-01
4.990691127522868253e-01
4.792220009491376942e-01
4.074990661874133835e-01
2.918459021396528907e-01
1.443614673981692409e-01
-1.704501709018901856e-02
-1.759261906443529977e-01
-3.136600634209950611e-01
-4.153246105577035330e-01
-4.730523652087404995e-01
-4.804070497814965091e-01
-4.369760959490694985e-01
-3.475072440221291803e-01
-2.245179360073946695e-01
-7.962560958320186177e-02
7.063771716173050663e-02
2.094799513559990611e-01
3.225347161090990067e-01
3.983720074047538695e-01
4.288990290077276946e-01
4.106139211986998827e-01
3.491126340469217215e-01
2.501760850187937368e-01
1.257286347167820839e-01
-1.019501097026453973e-02
-1.421590151361284970e-01
-2.566639843585125647e-01
-3.406199845535362591e-01
-3.850046741039355735e-01
-3.888556227870174631e-01
-3.516090118805603737e-01
-2.777037930546919497e-01
-1.756153155437866209e-01
-5.889505838163533458e-02
6.082845105243106509e-02
1.697709591699441134e-01
2.558927651395557223e-01
3.124764226714005222e-01
3.337263942980785991e-01
3.177646962025300059e-01
2.668494988377061450e-01
1.889961877905124155e-01
9.155347041424422017e-02
-1.375330109132122391e-02
-1.146791079487055054e-01
-2.007323163447870540e-01
-2.633422460284035038e-01
-2.957679910672551538e-01
-2.947699574600625150e-01
-2.639327514354268267e-01
-2.062833275172146763e-01
-1.286451626012418137e-01
-4.013342567948596784e-02
4.868723725027623850e-02
1.286275895107800160e-01
1.899237122408456990e-01
2.259977814399183327e-01
2.365869201904320374e-01
2.206843271302605380e-01
1.800446034887415170e-01
1.198433284264883714e-01
4.873368475697636981e-02
-2.618027877936124348e-02
-9.585197214174479008e-02
-1.521008199318242271e-01
-1.906900171206447059e-01
-2.080079148789392152e-01
-2.025099117323464482e-01
-1.755234032222272589e-01
-1.323356286842695129e-01
-7.700233196238759348e-02
-1.642125358930246470e-02
4.163264206362571329e-02
9.122492623456635030e-02
1.276341849066899847e-01
1.465165052326846684e-01
1.460821146898307887e-01
1.292567841189486977e-01
9.776232514438354393e-02
5.605013993172636155e-02
1.014995178631750150e-02
-3.441902781209971174e-02
-7.310434752006356174e-02
-1.009024068075505820e-01
-1.149543646041432110e-01
-1.164568531817000707e-01
-1.053288765249248415e-01
-8.305097135104577699e-02
-5.344838978610122471e-02
-2.133949259151446398e-02
1.018230373397521760e-02
3.701814511512235839e-02
5.588386313172888364e-02
6.694141278647847138e-02
6.921910331842595632e-02
6.225921355056485140e-02
4.785593452337955078e-02
2.908715180651810783e-02
7.658667826972553883e-03
-1.355244352638151906e-02
-3.151612412793269868e-02
-4.517586932064721061e-02
-5.336789118286122680e-02
-5.509195122905674591e-02
-5.098340438516657525e-02
-4.329366119237465504e-02
-3.264228264144442004e-02
-2.020953991315765919e-02
-8.193307886211420588e-03
2.126951392694698129e-03
9.850461848531555376e-03
1.404345183942634634e-02
1.477138155286006338e-02
1.337576374965898651e-02
9.904810159314214602e-03
4.645469515413003236e-03
-1.071499962639443915e-03
-6.225655064076796030e-03
-1.036710969644949465e-02
-1.307578462379344053e-02
-1.425005240413801388e-02
-1.450036169399127051e-02
-1.373824536807610741e-02
-1.199082647445137706e-02
-9.921952145142132196e-03
-7.862532731009785891e-03
-5.881165612884875493e-03
-4.169397941007901842e-03
-2.918776865620364980e-03
-2.320849536963764947e-03
-2.567163105278824631e-03
-3.849264720807155093e-03
