-1.812289091305323563e-01
-2.360555591516734220e-01
-2.557033656673389777e-01
-2.457775261254808719e-01
-2.118832379740509531e-01
-1.596256986610010697e-01
-9.461010563428295939e-02
-2.244165634184880354e-02
4.832652936306525149e-02
1.144493678088283062e-01
1.708237232106004644e-01
2.099930306369517385e-01
2.265252215211348563e-01
2.200316932262482705e-01
1.904382267832260833e-01
1.402384388504829271e-01
7.378989286416426374e-02
-1.556932177497083458e-03
-7.917123003270531978e-02
-1.503968682891200226e-01
-2.074479071157652177e-01
-2.453685380873913413e-01
-2.599574249120785163e-01
-2.482277000375546772e-01
-2.106315269460439232e-01
-1.522400366860668930e-01
-7.742297322967728324e-02
6.143064939457154594e-03
8.946307484043747316e-02
1.639142577093761766e-01
2.222452448615048759e-01
2.570933012311480415e-01
2.641800827377704941e-01
2.446860305356217680e-01
1.995300208522745589e-01
1.320769660313747540e-01
4.887215412381529234e-02
-4.049342291586177645e-02
-1.278594754809290190e-01
-2.033091853391737480e-01
-2.587619579728881458e-01
-2.901841926937933636e-01
-2.936885525787095164e-01
-2.676328214142438267e-01
-2.142119371766642022e-01
-1.398015233753593378e-01
-5.023610860075278239e-02
4.509184678209599006e-02
1.360413120008376886e-01
2.132955446862603299e-01
2.691668537199916056e-01
2.964334749673465108e-01
2.913881159605993254e-01
2.567999698069136638e-01
1.950909873482868928e-01
1.113567138894313580e-01
1.366468496356465501e-02
-8.701461470999527492e-02
-1.808813556016423130e-01
-2.566259414342878520e-01
-3.058694817659053378e-01
-3.253088920019643338e-01
-3.119944272199745017e-01
-2.661340110638178436e-01
-1.919276548028377993e-01
-9.836450406139796154e-02
6.647973772626825095e-03
1.119505847973349955e-01
2.059324494234897607e-01
2.787954174681572805e-01
3.230212935214415992e-01
3.327383273779276340e-01
3.058104575658189273e-01
2.469706756050211727e-01
1.608226762811397759e-01
5.611297949988403033e-02
-5.629545024312909707e-02
-1.641352975718741725e-01
-2.567168022882988510e-01
-3.230218056839967433e-01
-3.555085384186988939e-01
-3.528325155626265142e-01
-3.141865574876060441e-01
-2.427399088846089459e-01
-1.455009126946166242e-01
-3.413804592649305469e-02
8.118233670516561418e-02
1.876975918768235552e-01
2.737861021583023469e-01
3.315949986530040139e-01
3.547023533159243680e-01
3.399210459790997785e-01
2.881427591600529414e-01
2.059476591741036255e-01
1.000112533111343627e-01
-1.810396037138828351e-02
-1.358950939722194384e-01
-2.409854645285068875e-01
-3.228143116875158425e-01
-3.715543426594843934e-01
-3.813644156764128823e-01
-3.537039871872597052e-01
-2.902219322608172725e-01
-1.965756880893314573e-01
-8.181351699234107322e-02
4.108597440991257344e-02
1.601775911250831186e-01
2.615786206946715264e-01
3.344645019058083424e-01
3.732346100296253244e-01
3.730501101750918203e-01
3.330592357349071442e-01
2.568606644829072305e-01
1.538943390442224501e-01
3.301591543289816855e-02
-9.274912807042612339e-02
-2.098809185815467826e-01
-3.062076582051844742e-01
-3.719070175922076782e-01
-3.988217065621433299e-01
-3.830449960285614575e-01
-3.288343612899864432e-01
-2.405831766970535357e-01
-1.272130441368226617e-01
-2.992650174584721157e-04
1.260105907844710771e-01
2.391631803624685304e-01
3.260176010505957400e-01
3.769955334872587827e-01
3.889428758383866036e-01
3.596656849614738860e-01
2.916826897117579254e-01
1.917234550604796084e-01
7.203619305924635619e-02
-5.664366298460854487e-02
-1.805167392017110739e-01
-2.861561261023933822e-01
-3.633617218830461626e-01
-4.040724372333288628e-01
-4.035280004222236983e-01
-3.611238462843183727e-01
-2.830191828356275474e-01
-1.756624898942199531e-01
-5.047238781286877973e-02
7.962496345138392329e-02
2.008273961727173873e-01
3.011158568911187494e-01
3.689059705226598318e-01
3.966229456456558111e-01
3.840470788990471007e-01
3.314419830074459838e-01
2.434927279271013045e-01
1.286774835125990002e-01
1.621568407261797518e-04
-1.298476554115728376e-01
-2.466449668905366099e-01
-3.378115216815319455e-01
-3.955349334401567774e-01
-4.133560138222514002e-01
-3.886592920498253001e-01
-3.233483882925050068e-01
-2.257769825476527714e-01
-1.041861012268539000e-01
2.790793956900472494e-02
1.562948051006611827e-01
2.677812909281891418e-01
3.512853064975509643e-01
3.972595381374799395e-01
4.002821650917149920e-01
3.627240640880025069e-01
2.873613636020395656e-01
1.813390911343537582e-01
5.516111640572907149e-02
-7.683077996792175846e-02
-2.018634604137480304e-01
-3.058309977316457928e-01
-3.778989995659575163e-01
-4.132150690986980957e-01
-4.073367531836835642e-01
-3.600502327495420651e-01
-2.758438600520677353e-01
-1.648829909082721867e-01
-3.677209088269239867e-02
9.477695682869713423e-02
2.158190244367210742e-01
3.141208136830226927e-01
3.798267924088825076e-01
4.053084344052768628e-01
3.870980644415766836e-01
3.296531217702676209e-01
2.376128108252975046e-01
1.197584421048778491e-01
-1.233942303526680551e-02
-1.442715890911342447e-01
-2.631747988864728827e-01
-3.555382219350704531e-01
-4.114564298397300757e-01
-4.274761892421881093e-01
-4.009869036470231629e-01
-3.338827289779813245e-01
-2.324006796029302047e-01
-1.083822319216036778e-01
2.726782307061070831e-02
1.602425250565433501e-01
2.764652628344426155e-01
3.644784568447618778e-01
4.153037895207389862e-01
4.227526167463626638e-01
3.849977794873076231e-01
3.079928521017545329e-01
1.979964438113430703e-01
6.639460446384171100e-02
-7.341038560195667362e-02
-2.066073051634517155e-01
-3.201713260262243343e-01
-4.012547729639120986e-01
-4.409379743469870050e-01
-4.373685507165895325e-01
-3.897323422532474879e-01
-3.021561197293605172e-01
-1.829780052743354979e-01
-4.597061135014501865e-02
9.638780542112601601e-02
2.287338776466092405e-01
3.371941841082612967e-01
4.119318628626928991e-01
4.447884565175708182e-01
4.314443540024723855e-01
3.723690609360483794e-01
2.749380100583964648e-01
1.470101142526250015e-01
2.026260498011023259e-03
-1.452957485030047513e-01
-2.796224697782709878e-01
-3.876622355500870531e-01
-4.569126695196390475e-01
-4.793179481486231630e-01
-4.548727271531267657e-01
-3.845273014950648660e-01
-2.744088319111419594e-01
-1.346873814302256278e-01
1.919007322970101015e-02
1.726639400258191959e-01
3.084344371307374821e-01
4.121929331522564688e-01
4.747965956303183965e-01
4.887693427621451203e-01
4.513804743658884622e-01
3.652360598442121464e-01
2.405648235559960657e-01
8.777158816535024499e-02
-7.651555045565250346e-02
-2.350327810474883705e-01
-3.712813238215023626e-01
-4.714338222577357795e-01
-5.238074733788482540e-01
-5.217032740805865876e-01
-4.675986157293099410e-01
-3.651811979136054820e-01
-2.241549657361289194e-01
-5.801443002676587302e-02
1.146794591319719725e-01
2.771406648507412918e-01
4.110419477197198024e-01
5.021032374750025173e-01
5.429987449706183966e-01
5.279117703642917103e-01
4.571658322850502554e-01
3.367695347334573874e-01
1.805504844863345948e-01
2.158538721779290626e-03
-1.793202224856698113e-01
-3.449037635772552735e-01
-4.772267501202072104e-01
-5.623848290420360163e-01
-5.901019029082732459e-01
-5.556919706101444145e-01
-4.652422183634723485e-01
-3.259958775322285840e-01
-1.515965418555927924e-01
4.109264832538417345e-02
2.307251202047968519e-01
3.982546744925143933e-01
5.244066549802113286e-01
5.949029197254465107e-01
6.042205929701656153e-01
5.493863721167542291e-01
4.352118663445045943e-01
2.719396537970415473e-01
7.836386903359171541e-02
-1.277801542643391963e-01
-3.241792322480474553e-01
-4.895511608848793772e-01
-6.063740069694063539e-01
-6.617251161854775798e-01
-6.489811075254496853e-01
-5.673219325247922384e-01
-4.267072662868769406e-01
-2.387959557746274220e-01
-2.435868522353190624e-02
1.945141192072810110e-01
3.942626656154766263e-01
5.544056765216933691e-01
6.565424370673338395e-01
6.884421580856059375e-01
6.489996765315548810e-01
5.398745815366237100e-01
3.719516039119414863e-01
1.610966872060810573e-01
-6.866497559234552295e-02
-2.948234169297617724e-01
-4.917828712516451040e-01
-6.384572676174558037e-01
-7.212035901623786716e-01
-7.294635541761979036e-01
-6.613417570679034352e-01
-5.220342269863462725e-01
-3.279473257306985134e-01
-9.634751027785093402e-02
1.472495635382722323e-01
3.774070442935932856e-01
5.693213709905597941e-01
7.025853183075181363e-01
7.616749242291198652e-01
7.381392018402157529e-01
6.372230670004466191e-01
4.667674888561692548e-01
2.444117874289037928e-01
-8.263330818863878768e-03
-2.628495816187389478e-01
-4.935168649118536477e-01
-6.739122101943317844e-01
-7.838262104399148500e-01
-8.136527947174254649e-01
-7.578480915762874082e-01
-6.218591405463607114e-01
-4.178322882891714052e-01
-1.696598517326571853e-01
9.937195857155156631e-02
3.595936248118276612e-01
5.829453798584156576e-01
7.455157973076538269e-01
8.292774828175686341e-01
8.248924757744777736e-01
7.303055312291977241e-01
5.574884187661595103e-01
3.211969254523090456e-01
4.825991349812075448e-02
-2.330961672418928599e-01
-4.920910460332915681e-01
-7.018158008489896460e-01
-8.384590539305945001e-01
-8.857926979518266908e-01
-8.415039505362140737e-01
-7.073997151137355610e-01
-4.977912075010979542e-01
-2.327179412325183216e-01
5.729314160361775876e-02
3.433631854571281838e-01
5.930562727683397206e-01
7.795680707147021327e-01
8.852355599526022800e-01
8.967829019666044843e-01
8.125864452571602836e-01
6.393359626441630361e-01
3.979243937341259141e-01
1.105047094658164752e-01
-1.908291046673546987e-01
-4.745002696556208654e-01
-7.098241991237279613e-01
-8.716399441418590799e-01
-9.417625550049366634e-01
-9.104083080049191201e-01
-7.845130885237217022e-01
-5.744854423627614448e-01
-3.030706727560293912e-01
2.903957226027653604e-03
3.087425636345570990e-01
5.829994602808736825e-01
7.945953343145866210e-01
9.197791678110625035e-01
9.478313438790575418e-01
8.732569034600314861e-01
7.043972146966437364e-01
4.568812604782255260e-01
1.600783248887722721e-01
-1.574409006179489090e-01
-4.604209781353912900e-01
-7.160539932589851109e-01
-8.971494451496846434e-01
-9.835591828351306631e-01
-9.664103687616458771e-01
-8.449798001784732948e-01
-6.349500007112462985e-01
-3.550819397659031873e-01
-3.758851397607465561e-02
2.843869081732983695e-01
5.755989654333828476e-01
8.055824677856675553e-01
9.488313437021946850e-01
9.884106398344199018e-01
9.237221009658342918e-01
7.588759783109910728e-01
5.123829063547142848e-01
2.084421178648527828e-01
-1.176895309038948900e-01
-4.329868791353125301e-01
-7.018479018699121941e-01
-8.953045511461593664e-01
-9.955957771776260401e-01
-9.900250182228482743e-01
-8.796607103873316236e-01
-6.742024112849135387e-01
-3.988148385746432822e-01
-7.960966438958982927e-02
2.474774775336008314e-01
5.478011931575617055e-01
7.890973349671093207e-01
9.454446734699304411e-01
1.000000000000000000e+00
9.447635971522614362e-01
7.899926640212393547e-01
5.494373470867153220e-01
2.498470215466228606e-01
-7.856493752385373952e-02
-3.986243851484471135e-01
-6.771690532590177725e-01
-8.831656794466005156e-01
-9.935248027858628594e-01
-1.000000000000000000e+00
-8.996918965331942575e-01
-7.045337012364818463e-01
-4.333986776738262270e-01
-1.186470190607414876e-01
2.087875412404331943e-01
5.126076691338790070e-01
7.597879234561359940e-01
9.247741642971318843e-01
9.892540169103978265e-01
9.475394420821843244e-01
8.019806769154129711e-01
5.716066128648644717e-01
2.779130105069644863e-01
-4.508010531996975434e-02
-3.631862390189185552e-01
-6.418364564125325078e-01
-8.517589531150688842e-01
-9.702769611517071402e-01
-9.833095213157037051e-01
-8.939107485852708646e-01
-7.093353022052909518e-01
-4.507594682674596065e-01
-1.442465764867636446e-01
1.746501993951696807e-01
4.733207438203645978e-01
7.184439966697924174e-01
8.836021007753811496e-01
9.548821218200889138e-01
9.230992119136005591e-01
7.928703223794586474e-01
5.766687049935435017e-01
3.011949591294236228e-01
-6.825341549471897196e-03
-3.127591770009594541e-01
-5.838843689902781797e-01
-7.917859667981500538e-01
-9.143126124822478218e-01
-9.396803811813716489e-01
-8.639066262669021778e-01
-6.988061207972323663e-01
-4.594312644349445307e-01
-1.738233979666775619e-01
1.282069684927555908e-01
4.132509794067358300e-01
6.517746189041131455e-01
8.175710984268151904e-01
8.921437761146611134e-01
8.718893521366437582e-01
7.573479754856955459e-01
5.622619110154902788e-01
3.061101912782309142e-01
1.922082830721039137e-02
-2.693271666340461001e-01
-5.268064241486587473e-01
-7.257170794523862822e-01
-8.476446672463685550e-01
-8.787968225219822127e-01
-8.171588851971677281e-01
-6.683472837285402424e-01
-4.520522616143014538e-01
-1.889188557186647355e-01
9.110245732640898098e-02
3.582348808695097198e-01
5.839424571745546189e-01
7.446758310493226674e-01
8.233039387354239569e-01
8.103328025907305943e-01
7.122087242183450240e-01
5.379944375172702742e-01
3.079508396503103373e-01
4.595043911559493210e-02
-2.179288265954985038e-01
-4.565009661450194489e-01
-6.434169740674051674e-01
-7.584926021271201080e-01
-7.932712357860453034e-01
-7.431872447442864349e-01
-6.153050424822159581e-01
-4.228264896804766471e-01
-1.900805556839488819e-01
6.010936332222516221e-02
3.001179450935915760e-01
5.039753015530674674e-01
6.513004615390147745e-01
7.266508353282385979e-01
7.235923175072549451e-01
6.419397640839812347e-01
4.937974438962109414e-01
2.931375639595632521e-01
6.363350777053233820e-02
-1.702521225661940418e-01
-3.831947193332759793e-01
-5.532960619439144523e-01
-6.622891908644663594e-01
-6.982209779050767562e-01
-6.618799081199793211e-01
-5.563171420151501456e-01
-3.940301349866458525e-01
-1.917955122259578093e-01
2.648794353185124351e-02
2.384687276429005021e-01
4.201078999290781546e-01
5.521304004002292043e-01
6.239123971479341169e-01
6.274574021120495892e-01
5.635533512834791647e-01
4.388983382479290096e-01
2.701602982479431869e-01
7.366349046717868276e-02
-1.283715606238611251e-01
-3.140497017614016784e-01
-4.641725423459986954e-01
-5.633849987962122885e-01
-6.016998446342529672e-01
-5.746564487250060971e-01
-4.891396460819157355e-01
-3.532797183337325064e-01
-1.833168094065942277e-01
2.388619573510331051e-03
1.830465197715214209e-01
3.402129769093467093e-01
4.566941883730795126e-01
5.201216838804441078e-01
5.276866951887424495e-01
4.783318490743051488e-01
3.785011653634033912e-01
2.390661894507102314e-01
7.774083858404035041e-02
-8.938075718554527871e-02
-2.435854119050079314e-01
-3.683188505768212329e-01
-4.527497962441209278e-01
-4.881643867647298407e-01
-4.717911597066916096e-01
-4.056788506287305474e-01
-2.997450664059729819e-01
-1.640953418118016316e-01
-1.463701166627640049e-02
1.322379599877974155e-01
2.611069795547036332e-01
3.589754862342053876e-01
4.153901851614725249e-01
4.243428242533671124e-01
3.890465947132244473e-01
3.130142360585068673e-01
2.047337417241286150e-01
7.576184348132541935e-02
-5.868612334619305315e-02
-1.849054158624662270e-01
-2.885230699965363188e-01
-3.586579484971311738e-01
-3.912473896708160703e-01
-3.828967938650713609e-01
-3.350477282712235327e-01
-2.532565274314659831e-01
-1.487493254806677712e-01
-3.150829061748039450e-02
8.541286924607471853e-02
1.889259834838274976e-01
2.689325602482637301e-01
3.177057796821729507e-01
3.306536158978661266e-01
3.065892698270602512e-01
2.508500903513304348e-01
1.687205818381229960e-01
7.029945671734361134e-02
-3.305000684822623214e-02
-1.301399467395099041e-01
-2.112935369288883036e-01
-2.674717435799752741e-01
-2.928790968096454117e-01
-2.882813048804120371e-01
-2.542216585089130954e-01
-1.945025521869122587e-01
-1.160350362138126146e-01
-2.897267850652418542e-02
5.797982755987463044e-02
1.347082684302587374e-01
1.930789901663534369e-01
2.297013828168519289e-01
2.409118485043706404e-01
2.255685243866336620e-01
1.860063442189374694e-01
1.284022401870219543e-01
5.801852252430217405e-02
-1.694385465371783805e-02
-8.776265106899627799e-02
-1.474875095176794160e-01
-1.904930030716927014e-01
-2.122480911998819719e-01
-2.107889460034433338e-01
-1.889793256040931402e-01
-1.489001246534431555e-01
-9.498194024052053486e-02
-3.356348093777816732e-02
2.831034769588836042e-02
8.452362938122237601e-02
1.282098385119141426e-01
1.548611819406231493e-01
1.646025192321085573e-01
1.565315360934376177e-01
1.310751562503074119e-01
9.150796624633894538e-02
4.344956626631968355e-02
-8.626888507454744115e-03
-5.855265089253158806e-02
-1.006123174646724738e-01
-1.318645115876317941e-01
-1.494586544249056903e-01
-1.510359903454474573e-01
-1.367894956725904665e-01
-1.102103262281614038e-01
-7.357270126693415957e-02
-3.128601608584014038e-02
1.113822511183260033e-02
4.943011089665216851e-02
8.011852006504205370e-02
9.958102961750481263e-02
1.060589259978215182e-01
1.011036784781902398e-01
8.515905478492302727e-02
5.980437150483930431e-02
2.864817549168097166e-02
-4.081266498502489348e-03
-3.542401117260440824e-02
-6.147738326767104855e-02
-7.945317621126135599e-02
-8.974560668806075281e-02
-9.138367059604790565e-02
-8.344461141483472399e-02
-6.741475107716798920e-02
-4.619982730299820872e-02
-2.159010298030383801e-02
3.373270949734941127e-03
2.555633983027338907e-02
4.361286837667210925e-02
5.599431265171195271e-02
6.075663924109298009e-02
5.780405281739553480e-02
4.915874993808722060e-02
3.540714670978628575e-02
1.775139177976092775e-02
-1.283966203146968965e-03
-1.962437066661637530e-02
-3.576739902067649357e-02
-4.758547829211146052e-02
-5.400478145529929996e-02
-5.589626129816938072e-02
-5.294885835488216674e-02
-4.493584351843959990e-02
-3.332207183906410464e-02
-2.010511369273715321e-02
-6.291912876773553265e-03
6.572406127363983330e-03
1.700367270776892425e-02
2.476216890007298943e-02
2.910830948947640273e-02
2.900657244085680375e-02
2.481554235641203476e-02
1.797201859073394026e-02
8.956133778479147267e-03
-1.283067037957330569e-03
-1.128900783412989384e-02
-2.021935048936951418e-02
-2.728800534875985839e-02
-3.132569221218273192e-02
-3.200357329441683163e-02
-3.008762838707035314e-02
-2.570166327855083477e-02
-1.944490674355148219e-02
-1.254593976921813958e-02
-6.006083560368358221e-03
-3.535499604441216803e-04
3.857356048456050956e-03
6.262171992276188703e-03
7.141069572248692765e-03
6.394696701500501845e-03
4.008110745815196552e-03
6.428488943193144678e-04
-2.810011977111503967e-03
-6.101777499173177688e-03
-8.972604548477147723e-03
-1.110689779799756138e-02
-1.270857981541051451e-02
-1.359496148743166710e-02
-1.349699823362815465e-02
-1.263631297589151714e-02
-1.135454668581648008e-02
-9.753573160815487419e-03
-8.047669734529527830e-03
-6.507550204339684896e-03
-5.237485880475678535e-03
-4.347432429344322280e-03
-3.891060965379056213e-03
-3.781705119038192286e-03
-3.827721316304377730e-03
-4.038411665983066001e-03
-4.473532377187949827e-03
-5.036942897260421326e-03
-5.633918420456240916e-03
-6.218438473816645384e-03
-6.745796136175208346e-03
-7.218199423362325895e-03
-7.706217766708656214e-03
-8.152345472826283412e-03
-8.409661829992587379e-03
-8.443024668006948730e-03
-8.264879923126855488e-03
-7.897629327139332744e-03
-7.438861017359243988e-03
-6.964877120320234205e-03
-6.517590218975355398e-03
-6.139502514961980850e-03
-5.878820824047226168e-03
-5.768107507024500258e-03
-5.806923023561449959e-03
-5.986310109000081425e-03
-6.256547654013511206e-03
-6.543947781813552744e-03
-6.768149318385208169e-03
-6.914402794375273942e-03
-6.994177370833298824e-03
-7.006090142121501607e-03
-6.987282896397495335e-03
-6.935612394206369657e-03
-6.844257024984812254e-03
-6.746480878042859786e-03
-6.670819922406701075e-03
-6.621746776932835310e-03
-6.597854900844635218e-03
-6.594730762024769710e-03
-6.596488897689378739e-03
-6.604093121492904395e-03
-6.615167134904398338e-03
-6.627334639392690185e-03
-6.638219336426387507e-03
-6.645444927474875030e-03
-6.646635114006538281e-03
