3.157871743810991561e-03
-1.001363866897705401e-01
-1.707020997489799852e-01
-2.119466527228955899e-01
-2.272774309005956006e-01
-2.201018195711581527e-01
-1.938272040236617144e-01
-1.518609695471853094e-01
-9.627586988691838599e-02
-2.912557893433498357e-02
4.499636594888389851e-02
1.168178195422242549e-01
1.781195172631975243e-01
2.235654557324491254e-01
2.475325091899158725e-01
2.458187797688398124e-01
2.172443052827401910e-01
1.655226680724166677e-01
9.449567297444594338e-02
1.141661077174438432e-02
-7.512372729323979481e-02
-1.555242858437171360e-01
-2.216043736228301420e-01
-2.649930799290854955e-01
-2.801838109730768744e-01
-2.667072518247909363e-01
-2.245913304127834520e-01
-1.571057170107783563e-01
-7.060679306694095381e-02
2.471995990022812784e-02
1.200438883089367526e-01
2.045195289733108268e-01
2.686278848518397488e-01
3.061979988933303254e-01
3.123814225901384578e-01
2.853594480484429319e-01
2.268885935849516144e-01
1.437302764713148662e-01
4.272013821146569690e-02
-6.504156063669208621e-02
-1.680122967759266617e-01
-2.549677620176457049e-01
-3.166427209117901320e-01
-3.449753398710202479e-01
-3.356416178211245605e-01
-2.912022814843659990e-01
-2.147041911508040801e-01
-1.132543674680783763e-01
3.377055733444045416e-03
1.219196671905038443e-01
2.304260183017472485e-01
3.158352577432632646e-01
3.683727699175405323e-01
3.837329515544776193e-01
3.588678116691805808e-01
2.953744104333846376e-01
1.988478383197640476e-01
8.072663276660274612e-02
-4.831743414629807720e-02
-1.740136421581699455e-01
-2.824491590965216847e-01
-3.618654240287056956e-01
-4.034160253103823424e-01
-4.017316281877072459e-01
-3.554824514233101418e-01
-2.708227644414756830e-01
-1.547221105873038960e-01
-2.010341381559777041e-02
1.188771719611556588e-01
2.468245692798882729e-01
3.504255698164877586e-01
4.173282492340342209e-01
4.393506955260135793e-01
4.158686667111350932e-01
3.477457714021294777e-01
2.417280032437993942e-01
1.080988011860770648e-01
-3.740658106851579845e-02
-1.804646085103431830e-01
-3.046372139035227189e-01
-3.962486620608159926e-01
-4.468337081281268386e-01
-4.499095934903303284e-01
-4.045424213177382100e-01
-3.144447716541074467e-01
-1.906103461298608304e-01
-4.421445699086956616e-02
1.082496250777875701e-01
2.503739337706054613e-01
3.667256229867894568e-01
4.448111259246565474e-01
4.753442387295878646e-01
4.537423828870474907e-01
3.847328031968837436e-01
2.740680060439899535e-01
1.333344379925862633e-01
-2.333620752247445029e-02
-1.779725580728716006e-01
-3.146097948846967585e-01
-4.173493273426963635e-01
-4.744950632776719912e-01
-4.819233342500259809e-01
-4.374996679963218948e-01
-3.458033466291779989e-01
-2.156319903257124526e-01
-6.272816428404459632e-02
9.829610201014093995e-02
2.495302778077332917e-01
3.741908796621289390e-01
4.592274098427373552e-01
4.952539213407021190e-01
4.785236862071819974e-01
4.096521296485449160e-01
2.977814687908770797e-01
1.529955476734132791e-01
-7.770723775738064276e-03
-1.671290348959471039e-01
-3.076863061163129798e-01
-4.147079782830571659e-01
-4.760591062801783346e-01
-4.843424241405205333e-01
-4.413945889396009292e-01
-3.505614220305179884e-01
-2.218603776284444606e-01
-6.845073061483963883e-02
9.149186141333243150e-02
2.415778948276712246e-01
3.645182228752776865e-01
4.468939433785137361e-01
4.823476303419513833e-01
4.661805422067974991e-01
4.002809505261062384e-01
2.911840319310408098e-01
1.527005305348614339e-01
-1.878055911295750668e-03
-1.549124313679307585e-01
-2.895531713465071544e-01
-3.917186097473541739e-01
-4.505743502418544377e-01
-4.603924338413503126e-01
-4.196243569178407240e-01
-3.348631768313986568e-01
-2.137892239989210852e-01
-7.078696716923493781e-02
7.870746738847511637e-02
2.181058725526934250e-01
3.329343962275128632e-01
4.102198814884507883e-01
4.413267033230858782e-01
4.260359065421976954e-01
3.653093379510354843e-01
2.662123821318986838e-01
1.390843898673785883e-01
-6.258235115134125337e-04
-1.385290054777825741e-01
-2.584985380140971678e-01
-3.475357152494122914e-01
-3.983508705373682846e-01
-4.052172532225418733e-01
-3.679764099884689221e-01
-2.906298332795138606e-01
-1.839985907687086142e-01
-5.846308655391097009e-02
7.135039295615519528e-02
1.909315004705678387e-01
2.877012000447716211e-01
3.516579073605277106e-01
3.762555546774783988e-01
3.586926636532756785e-01
3.037370857171699523e-01
2.167267599316962112e-01
1.087101646365189467e-01
-7.980349866830938055e-03
-1.199342000313579071e-01
-2.154461595720730260e-01
-2.837042727978096313e-01
-3.173202508444292747e-01
-3.158634341503131493e-01
-2.795253736720701987e-01
-2.132356246555032753e-01
-1.248119336771027488e-01
-2.618996101425985490e-02
7.223233458845990107e-02
1.587657195114831055e-01
2.237186093700134215e-01
2.623340147916526366e-01
2.706164033410638492e-01
2.485302338218973173e-01
1.992135160929551230e-01
1.305971166634616321e-01
4.982091539038813188e-02
-3.288964499444402279e-02
-1.074809843161186329e-01
-1.661776676148680743e-01
-2.029727368953047062e-01
-2.147574050624622144e-01
-2.008432976291788519e-01
-1.652516805132001609e-01
-1.117935361462932820e-01
-4.822335649800180146e-02
1.714289466483753799e-02
7.654738113135994837e-02
1.234765498644077031e-01
1.524653045734705170e-01
1.605483509384555418e-01
1.496877485828218557e-01
1.212974480193216298e-01
7.985766608616251538e-02
3.129046040094896064e-02
-1.734663881968412369e-02
-6.006997743021869063e-02
-9.063800741786931514e-02
-1.051807619130126215e-01
-1.044829416269493771e-01
-8.864883132383438724e-02
-6.010851684715845522e-02
-2.322108071097894744e-02
1.548652305768594140e-02
5.105082892026446828e-02
7.778176184477292310e-02
9.118265638622768954e-02
9.052108513206125195e-02
7.555198636348259278e-02
4.826042004090203008e-02
1.225636473861024811e-02
-2.606863399598224884e-02
-6.197525097368694613e-02
-8.961020471193537063e-02
-1.037037845013792925e-01
-1.020775527660348070e-01
-8.399099338218740662e-02
-5.110121750087159853e-02
-6.716496362406565446e-03
4.241105918723997448e-02
9.089686116632234025e-02
1.314930476537450321e-01
1.574401612491898028e-01
1.644942955399673057e-01
1.503939961710336615e-01
1.154269287159970236e-01
6.210147751348582545e-02
-2.700958003355569126e-03
-7.287393771981032220e-02
-1.391678449393349837e-01
-1.925963823022724952e-01
-2.257012420292727750e-01
-2.333068822177710722e-01
-2.125315965078895530e-01
-1.635579844506214187e-01
-9.196629708919035195e-02
-3.511766979113817300e-03
9.100237729383042762e-02
1.804117843514843056e-01
2.534982184225234025e-01
3.012397260793424625e-01
3.157063102634436458e-01
2.929150221809220245e-01
2.360468971674907213e-01
1.489181442720177717e-01
4.010680803307020703e-02
-7.936729981419277102e-02
-1.946771394231208152e-01
-2.931673195715588376e-01
-3.615843572506328707e-01
-3.905927179267563165e-01
-3.774103780714439527e-01
-3.207297079483105717e-01
-2.250169390244615153e-01
-9.883984510256205169e-02
4.280419713328353915e-02
1.862814761081039716e-01
3.145959055953870820e-01
4.123293246312924598e-01
4.676985011252015045e-01
4.728287937146267161e-01
4.257445872411227406e-01
3.289064514648831761e-01
1.933017319979297710e-01
3.075623819339146081e-02
-1.401295066518528643e-01
-3.007878472995905161e-01
-4.325460317693767820e-01
-5.202450639962796775e-01
-5.520293897210339917e-01
-5.217111197355857044e-01
-4.337953388944179034e-01
-2.947188258597909227e-01
-1.188153435157002225e-01
7.665862050435401365e-02
2.689097669673448099e-01
4.375875681595429167e-01
5.620443540148996053e-01
6.269994572903447860e-01
6.261034155474813900e-01
5.564295189410204401e-01
4.243971001799708986e-01
2.416936490790091430e-01
2.969884706092251747e-02
-1.912202916674021758e-01
-3.958848587716704559e-01
-5.612312100393018754e-01
-6.685470280317138414e-01
-7.045500340988423149e-01
-6.643108338509455812e-01
-5.490846416668559993e-01
-3.724177175764302739e-01
-1.498487120428318997e-01
9.307695195772947017e-02
3.306382234833236122e-01
5.361033434678412757e-01
6.870049057527729541e-01
7.653010607091785822e-01
7.600309681271151252e-01
6.735688334702354396e-01
5.118977513903448795e-01
2.923914773314109095e-01
3.646779147151746336e-02
-2.261877690296018040e-01
-4.684663367075506679e-01
-6.621597181122862441e-01
-7.852011697263147072e-01
-8.257995898906105303e-01
-7.766830051167354920e-01
-6.426169066121134588e-01
-4.352624013074296583e-01
-1.789933169184438899e-01
1.017241384692264550e-01
3.750341133422696593e-01
6.112834655738070833e-01
7.845010367789384542e-01
8.748994237093192794e-01
8.725535457344670842e-01
7.749815992511737139e-01
5.943646869807235333e-01
3.462961564380162560e-01
5.912917831650488232e-02
-2.376121999347398095e-01
-5.108617146312284252e-01
-7.317084165949601093e-01
-8.749125439947359473e-01
-9.231847278880709329e-01
-8.738934177601838105e-01
-7.291846098647375429e-01
-5.050475898497908123e-01
-2.228802046113033120e-01
8.476497971468277548e-02
3.866610005807442629e-01
6.481363459798625826e-01
8.406588305836200092e-01
9.451916749314301924e-01
9.482937202604810878e-01
8.498528373743206021e-01
6.578220403977605990e-01
3.955667248722394280e-01
8.781528377203495772e-02
-2.306685764591005494e-01
-5.261992178292405065e-01
-7.664322222830061149e-01
-9.252165831949779040e-01
-9.848483299762895715e-01
-9.363234290494523160e-01
-7.884995143471196233e-01
-5.541744537263972870e-01
-2.597881636055595633e-01
6.498297820436182981e-02
3.832586614839303962e-01
6.619260399010793439e-01
8.698429604640489643e-01
9.835328251448185455e-01
9.935261962907691036e-01
8.962924727193419816e-01
7.035975451827065630e-01
4.339199242414066848e-01
1.194986795355212905e-01
-2.087376175834583236e-01
-5.143653646111353561e-01
-7.642961451046995647e-01
-9.324929189796014040e-01
-1.000000000000000000e+00
-9.608278716734560687e-01
-8.169719589053232589e-01
-5.868523796996931718e-01
-2.918913467538709616e-01
3.400053367057243037e-02
3.568632503468234241e-01
6.414144212328933836e-01
8.576195846697516334e-01
9.820954101719829854e-01
1.000000000000000000e+00
9.134142040088113479e-01
7.291016964874919015e-01
4.682828687247588828e-01
1.568185223969804643e-01
-1.695612789380869234e-01
-4.774498672088087758e-01
-7.324586567292110661e-01
-9.070458760122611652e-01
-9.855306742284947186e-01
-9.579094871765969632e-01
-8.286484970723224652e-01
-6.097584585639472810e-01
-3.281374441188305013e-01
-1.116159289851204051e-02
3.055872631668623551e-01
5.884575773988021119e-01
8.075608610881050975e-01
9.394378039317536899e-01
9.710582175175532793e-01
8.974252493846812673e-01
7.301164508516047036e-01
4.844156027083024174e-01
1.892450851541276347e-01
-1.247530909807466060e-01
-4.228359156701305688e-01
-6.741508447319022324e-01
-8.514769682566819542e-01
-9.351836274252692816e-01
-9.202468728145342114e-01
-8.066028918948108251e-01
-6.083336508066521375e-01
-3.451950560440532056e-01
-4.839234829224769996e-02
2.521877423548219976e-01
5.229724407341551640e-01
7.352766608861374120e-01
8.691559771377144195e-01
9.096484848238854948e-01
8.540895060342186262e-01
7.074135249316604312e-01
4.888673057333665639e-01
2.193908636311503457e-01
-7.016863013310659092e-02
-3.493863565749418809e-01
-5.885048644601849066e-01
-7.626390150024949799e-01
-8.538717556219973526e-01
-8.517310666545695463e-01
-7.610999345290563323e-01
-5.901689854059350981e-01
-3.587797357761305372e-01
-9.041467602199571019e-02
1.843377760436508694e-01
4.373585008542335562e-01
6.409587128578628779e-01
7.734903230436727117e-01
8.245080718572344036e-01
7.877948103312406580e-01
6.690607546286817531e-01
4.801168670252635717e-01
2.443870393645699579e-01
-1.503045143256431793e-02
-2.693804601676061949e-01
-4.916140426430136712e-01
-6.591515412222812564e-01
-7.546156686340597108e-01
-7.695322323278317445e-01
-7.016933950420651822e-01
-5.617943706044057350e-01
-3.629923625343043359e-01
-1.290158437798989421e-01
1.153782822292348520e-01
3.437491823649503342e-01
5.328073416194960554e-01
6.626465534808163582e-01
7.193989297018770213e-01
7.012228095588619592e-01
6.093545953455530295e-01
4.552708535875795715e-01
2.548583650425260139e-01
3.197396224463200376e-02
-1.908082613962942542e-01
-3.886436851497021561e-01
-5.409399363446947273e-01
-6.348355499032392046e-01
-6.601776640215167857e-01
-6.156631257475456698e-01
-5.059765391217025954e-01
-3.459280868660706831e-01
-1.509361042746762971e-01
5.680004599042698388e-02
2.552886795171731560e-01
4.239526745206061431e-01
5.456902711362054958e-01
6.083394108444766246e-01
6.051628092601684106e-01
5.407988112175696749e-01
4.214703736463751849e-01
2.608442931030552359e-01
7.548132581540811792e-02
-1.135927085476255982e-01
-2.872428865930437558e-01
-4.266841420376613625e-01
-5.174753955498005986e-01
-5.535591179401204709e-01
-5.310415611810834768e-01
-4.536147502081998573e-01
-3.294993059212684150e-01
-1.744733852266701080e-01
-3.591664954760043216e-03
1.644348267773165784e-01
3.116569232432171432e-01
4.236440036749533622e-01
4.892852030538727970e-01
5.029009120058438587e-01
4.630608042636874533e-01
3.767788161052754159e-01
2.521898114585809925e-01
1.042660618206037171e-01
-5.101267682266097392e-02
-1.971596837929939783e-01
-3.196061086274201157e-01
-4.054411805948990866e-01
-4.458199468851635761e-01
-4.400305654656389009e-01
-3.885629978972200416e-01
-2.977327003066058131e-01
-1.772357417687345782e-01
-4.163475826978790817e-02
9.552078459225032958e-02
2.188627801339106949e-01
3.157642418120367722e-01
3.789573456578951838e-01
4.019782068852451040e-01
3.831014499490597025e-01
3.248480640680406761e-01
2.356915277977180700e-01
1.240075929044470726e-01
2.489532622087065050e-03
-1.157902983095754346e-01
-2.188952172937916885e-01
-2.967631760557227771e-01
-3.414126146115135096e-01
-3.483771606335744897e-01
-3.203766208351174205e-01
-2.602384747917354524e-01
-1.744641669172786180e-01
-7.206820454455498126e-02
3.523264851064555891e-02
1.367811483468384104e-01
2.213226347426566765e-01
2.803035521673404862e-01
3.103708378396909939e-01
3.085446520227441702e-01
2.753688318698108706e-01
2.147285828359368764e-01
1.348345500725289803e-01
4.306890548746356018e-02
-5.065424350148017840e-02
-1.361640393463577903e-01
-2.052944875113642542e-01
-2.515625681904458677e-01
-2.703130377722141597e-01
-2.597027689820216034e-01
-2.233184678519490873e-01
-1.646019290059985707e-01
-9.032492612452402980e-02
-8.762553053458299601e-03
7.128491839868456026e-02
1.420586492892788044e-01
1.957516411167352643e-01
2.269639590558902853e-01
2.350757727743533199e-01
2.193589439569156863e-01
1.815517903618393269e-01
1.261227440181849069e-01
6.038476415919902252e-02
-9.489419396880416357e-03
-7.575835019899557210e-02
-1.314083635181909626e-01
-1.723857363295930867e-01
-1.947977798482606326e-01
-1.962538622330547433e-01
-1.770740316237841006e-01
-1.409649153082962458e-01
-9.106785497076974600e-02
-3.286231565020447665e-02
2.717834868468838039e-02
8.299617978286644160e-02
1.293847804707919380e-01
1.610739526383426767e-01
1.749581791561045652e-01
1.721612935599505789e-01
1.530031695418445636e-01
1.189842749557290524e-01
7.388865974291625172e-02
2.321421755217456528e-02
-2.827187714002055152e-02
-7.455464551507351434e-02
-1.108376836026515599e-01
-1.352193695346061153e-01
-1.454187300661625715e-01
-1.399305888964808009e-01
-1.197172681277542949e-01
-8.833035342261752465e-02
-4.835943277944543262e-02
-4.309044614878354551e-03
3.852125127773353697e-02
7.603840069504053112e-02
1.049007787399411917e-01
1.217843314047237779e-01
1.251127039315398370e-01
1.164424645532171620e-01
9.650420842275586608e-02
6.713104987787499311e-02
3.191441296864372390e-02
-4.900123089500607598e-03
-3.995446679128389356e-02
-6.899950316523573157e-02
-8.908523286593872381e-02
-1.002270266736411397e-01
-1.013490756392847469e-01
-9.164612550032247285e-02
-7.258899783836036956e-02
-4.718836218147626216e-02
-1.752436456666073283e-02
1.302080825799523112e-02
4.091665630363428008e-02
6.412647317729835983e-02
8.062101762499573887e-02
8.815355520064915851e-02
8.623341096534242745e-02
7.665410813727469019e-02
6.009087550105296494e-02
3.794142395867283746e-02
1.299568163343556293e-02
-1.201453342523517431e-02
-3.492647808429294454e-02
-5.275755495812306517e-02
-6.370043028885874481e-02
-6.826264030764872537e-02
-6.592878639734700563e-02
-5.625076979090448681e-02
-4.061510483477726030e-02
-2.142366052092170570e-02
-1.958620482176431921e-04
2.061822959891146390e-02
3.861477389542278260e-02
5.289342328042256902e-02
6.218980960571252048e-02
6.460894414227946747e-02
6.001864858470762343e-02
5.021069932934896229e-02
3.587914193503971561e-02
1.860290240213746671e-02
7.954274091641622135e-04
-1.586149078267995449e-02
-2.999736104761707711e-02
-3.976021883381331001e-02
-4.427572574848581688e-02
-4.426157296477351011e-02
-3.961397976920710828e-02
-3.046587540810707928e-02
-1.837876706750729561e-02
-5.426851370876062397e-03
7.429524883984184314e-03
1.886223895021199581e-02
2.763499441119110500e-02
3.386104679488255442e-02
3.690735513865073258e-02
3.582575191952308558e-02
3.106918056550833640e-02
2.390515315127150764e-02
1.483326589015665498e-02
4.784960113180858343e-03
-4.955988219665252714e-03
-1.363782745425934362e-02
-2.051952830356984503e-02
-2.456394755657853590e-02
-2.549680803318365996e-02
-2.400100002037175440e-02
-2.011116748206442928e-02
-1.400461153650556234e-02
-6.592202576781946988e-03
1.160826252460500640e-03
8.655436545410122307e-03
1.501412198026752520e-02
1.959546407718426586e-02
2.248312795022955335e-02
2.338282851195216949e-02
2.189842947608178214e-02
1.838098972458390712e-02
1.363197185528575162e-02
7.989557430495564105e-03
1.994997267786846606e-03
-3.632455229109377015e-03
-8.526340944317811754e-03
-1.223644012257218971e-02
-1.396503304300134030e-02
-1.352005468011330258e-02
-1.142950140548115723e-02
-7.845425292609009560e-03
-3.332745663894964849e-03
1.298640057321831520e-03
5.559663820291049774e-03
9.093661471501368609e-03
1.152393535000539870e-02
1.265136992815230066e-02
1.260297737311399935e-02
1.139045109163072667e-02
9.193501950175653192e-03
6.543008549003470620e-03
4.103225050145375974e-03
2.032530907914331664e-03
3.812501540769730468e-04
-7.425729597581032237e-04
-1.594283779786098698e-03
-2.070782331412002186e-03
-1.959862861578232085e-03
-1.424224720197320160e-03
-6.641286268849189156e-04
2.575727845621766932e-04
1.216424275511052144e-03
2.096500619759966710e-03
2.889650567260204639e-03
3.520200988448296542e-03
3.916267359737046760e-03
4.111539138843323116e-03
4.188372400843132226e-03
4.137522920630187784e-03
3.930425173625184954e-03
3.611927923681479413e-03
3.236489066084091704e-03
2.834829024123575181e-03
2.442664742339895056e-03
2.074911045655936093e-03
1.707320495414998973e-03
1.377134884711583851e-03
1.167189530363543781e-03
1.098536669242422548e-03
1.158896843195034165e-03
1.337687886021177164e-03
1.582616076975407182e-03
1.845327554259146297e-03
2.096789383276620455e-03
2.313941179109324509e-03
2.476905706260135176e-03
2.571264338732337507e-03
2.598892246888029334e-03
2.561280664101772686e-03
2.476809805520341357e-03
2.381841611766910560e-03
2.319159552609528774e-03
2.292789387204896556e-03
2.289512573300678255e-03
2.305455952593016278e-03
2.318463502035017498e-03
2.331151531038244684e-03
2.354196681416897974e-03
2.376202563471707663e-03
2.388238331289871397e-03
2.389857518110494183e-03
2.381033239529761758e-03
2.364953640946465541e-03
2.350417718553377000e-03
2.336526417832773816e-03
2.320078992740226553e-03
2.303546457411931314e-03
2.287292171518018336e-03
2.272069736726889388e-03
2.259941161609102522e-03
2.250694557114574224e-03
2.242719707431506393e-03
2.236069765417125765e-03
2.230614394507446363e-03
2.226223258139370387e-03
2.222766019748245725e-03
2.220112342771418668e-03
2.218131890644237103e-03
