-2.993855768685818042e-01
-5.330756554831124205e-01
-6.554546928588000920e-01
-6.828579267067620417e-01
-6.316205947381163810e-01
-5.180779346639805549e-01
-3.585651841954721197e-01
-1.694175810437091867e-01
2.625359566418672408e-02
2.183571269702795359e-01
3.899102023857849986e-01
5.183662388021250678e-01
5.878922005309250576e-01
5.928245903364768310e-01
5.306145182890664724e-01
4.086665127697086675e-01
2.384101583284559123e-01
4.058387371602911742e-02
-1.654532990273074322e-01
-3.561770922742747425e-01
-5.096931126773223131e-01
-6.092700781895017403e-01
-6.432646161647851413e-01
-6.077524765568947940e-01
-5.045881015436466388e-01
-3.471326662975307009e-01
-1.496910639403833398e-01
6.443809135159761503e-02
2.716473378412451734e-01
4.487833072746629792e-01
5.766271227403372279e-01
6.399646593419623386e-01
6.301987386036769223e-01
5.516840732440171369e-01
4.107036570864954772e-01
2.226714689802167246e-01
6.905561109844526868e-03
-2.108606370356750359e-01
-4.078491585689264509e-01
-5.608511490448140346e-01
-6.524167076034474988e-01
-6.755759129360117132e-01
-6.258942101391243851e-01
-5.085795066197450476e-01
-3.350642043471122600e-01
-1.268733292969859150e-01
9.571557943948216796e-02
3.071457343442807186e-01
4.836138280484998386e-01
6.061516219567388841e-01
6.608998356281825526e-01
6.422815223067750434e-01
5.507580767882296335e-01
3.987389014416509170e-01
2.000811663558752507e-01
-2.180201947354154512e-02
-2.428029099853284967e-01
-4.380843596253278793e-01
-5.866157805025945526e-01
-6.708918574786140177e-01
-6.802267787719713521e-01
-6.172802473434035875e-01
-4.868674449919166980e-01
-3.035002657254292080e-01
-8.590806445075993558e-02
1.399542962803579371e-01
3.504046263761608770e-01
5.204494073213596916e-01
6.307997276790235919e-01
6.721833869573765607e-01
6.384562713917139032e-01
5.334694674313191776e-01
3.673915182060021323e-01
1.613479483661890423e-01
-6.458742175738019231e-02
-2.844045434447712850e-01
-4.734054702181729191e-01
-6.111710775925813799e-01
-6.823922029016722401e-01
-6.795576102664351303e-01
-6.014527368479820613e-01
-4.593576352932999818e-01
-2.662276095009272758e-01
-4.551827796293295147e-02
1.784561366410180039e-01
3.804660551737264473e-01
5.388929178607972936e-01
6.353886844126135358e-01
6.582630097695598703e-01
6.088167788172522688e-01
4.906902122992178317e-01
3.174456738214601614e-01
1.071109275736588096e-01
-1.146536120964719574e-01
-3.246133038699792195e-01
-4.979288848636791442e-01
-6.152084760694012111e-01
-6.668716107191077214e-01
-6.458550675980430089e-01
-5.546990458127176726e-01
-4.024523730984502778e-01
-2.087904334656109917e-01
7.326755860815215016e-03
2.205906086068967209e-01
4.069974142690730989e-01
5.464457836367366816e-01
6.235892523958124212e-01
6.307121885761264313e-01
5.660264432761201725e-01
4.393907609281348936e-01
2.623235123283902404e-01
5.628826519450047527e-02
-1.561302899112348985e-01
-3.508902993184171981e-01
-5.071988961710169885e-01
-6.068445598833440702e-01
-6.380241042000248664e-01
-6.013564075530426489e-01
-4.993480450583495101e-01
-3.437071107630996769e-01
-1.505691358153659065e-01
5.657712025718564242e-02
2.559565529816465457e-01
4.236867005438285094e-01
5.410347935896273608e-01
5.981350782862724369e-01
5.876355079112578483e-01
5.110294758731608322e-01
3.759417317775266554e-01
2.003111497507688021e-01
1.303448869254264508e-03
-1.978151728896928585e-01
-3.745594038972309692e-01
-5.098214216989167547e-01
-5.888611421401630519e-01
-6.033114917908286579e-01
-5.505515405761478576e-01
-4.393145706149701457e-01
-2.797593571390613043e-01
-9.168801681848259832e-02
1.038867992905765369e-01
2.847504994965248670e-01
4.316705648455585465e-01
5.276346894801062781e-01
5.614367600542591319e-01
5.332508146360634971e-01
4.449848437406240809e-01
3.069971545832121951e-01
1.339866785157899365e-01
-5.240728336987843239e-02
-2.326745648478927286e-01
-3.854320837969222868e-01
-4.937085166862700270e-01
-5.488384849503007423e-01
-5.439162345466898030e-01
-4.797330921084931310e-01
-3.629257451210786689e-01
-2.092357224801679738e-01
-3.368605719696704526e-02
1.430163833991293654e-01
3.008283901166561858e-01
4.227859757663985363e-01
4.957179932509243603e-01
5.121262240634911755e-01
4.695758736689541468e-01
3.756102588275445076e-01
2.388123616029895757e-01
7.575799721693443622e-02
-9.550402885919229146e-02
-2.554257561199667625e-01
-3.870671843035913273e-01
-4.749597129366156523e-01
-5.088868637715425747e-01
-4.889647174439076815e-01
-4.164153019064485983e-01
-2.995184416819244300e-01
-1.506382165718261890e-01
1.175248362837666427e-02
1.707738438649650803e-01
3.074176009006932553e-01
4.063827812299021236e-01
4.595014575320499617e-01
4.604458826106934133e-01
4.094145264325237399e-01
3.117001850447260747e-01
1.807658760872070669e-01
2.920945305373368051e-02
-1.253173528360124189e-01
-2.652437668245646307e-01
-3.756271256382501811e-01
-4.447814261301685779e-01
-4.651057402498792737e-01
-4.337353639783733117e-01
-3.571232627159096618e-01
-2.422386003680613298e-01
-1.030529942768176888e-01
4.479431515630283300e-02
1.845327137324328515e-01
3.015959915697579152e-01
3.823698630521719100e-01
4.177450885039879491e-01
4.074388784872300384e-01
3.519274064511519473e-01
2.575236043595781066e-01
1.345141731854315736e-01
-1.434153570848306636e-03
-1.365835173685540083e-01
-2.552391859390049644e-01
-3.443298748499123985e-01
-3.969159882302636388e-01
-4.071286420922634042e-01
-3.740132297847008624e-01
-3.012430137295234456e-01
-1.990527565550679334e-01
-7.702124547315636338e-02
5.064711942687050161e-02
1.695391001384853880e-01
2.672707726192371513e-01
3.338651718714762406e-01
3.620783067476085471e-01
3.486754897818287180e-01
2.982441052644368984e-01
2.153178597788820703e-01
1.091308902024685779e-01
-8.776875731983047046e-03
-1.250127201174913161e-01
-2.278082380470554114e-01
-3.051737548975534953e-01
-3.487753604328129864e-01
-3.573542498589697969e-01
-3.296776567098955724e-01
-2.684732408041212715e-01
-1.803413828099973415e-01
-7.645934745306937064e-02
3.329452501597729430e-02
1.365401457335209123e-01
2.219874302239215336e-01
2.823693135501514906e-01
3.117004173675501644e-01
3.068332198217096352e-01
2.683707816238622978e-01
2.025215433488489758e-01
1.149940693093720601e-01
1.598274180120373700e-02
-8.329515821694810640e-02
-1.728230485078324774e-01
-2.440531861391477264e-01
-2.890358354000297503e-01
-3.031538210170616754e-01
-2.883156857684777696e-01
-2.458254137906865644e-01
-1.795504295211823864e-01
-9.660258193865600695e-02
-6.837074065047077376e-03
8.126121501706085049e-02
1.577499542382589937e-01
2.150212854257935735e-01
2.503816895645845086e-01
2.602173732490524749e-01
2.428098721390650194e-01
2.004075720368707625e-01
1.388505457987883052e-01
6.299912436908838842e-02
-1.941663550764538559e-02
-9.965337211472125034e-02
-1.703298236419301670e-01
-2.252144498747800094e-01
-2.580881708316085099e-01
-2.656523046412254674e-01
-2.500773147988626377e-01
-2.124716858669809527e-01
-1.552309311005933834e-01
-8.385792168367123267e-02
-5.859081273852928540e-03
7.196933541373295995e-02
1.410139932345308988e-01
1.946487472618245729e-01
2.300357073854775170e-01
2.435414081950901810e-01
2.320349536067460861e-01
1.964239802156799719e-01
1.418203741479415747e-01
7.211970131661193939e-02
-6.315139517889090115e-03
-8.546374617295127152e-02
-1.579162565703287058e-01
-2.172774156360803843e-01
-2.564495849271971606e-01
-2.711899897918619295e-01
-2.620819330088145493e-01
-2.290672700786048344e-01
-1.736078106333047710e-01
-1.007554995572226275e-01
-1.833440721316625943e-02
6.704320289183440806e-02
1.464451937761082068e-01
2.119332797433042259e-01
2.585671858144797941e-01
2.812508072318169461e-01
2.753679117282108457e-01
2.406055051297915082e-01
1.816797124068270097e-01
1.025242185678183482e-01
9.590756737201999726e-03
-8.836130002552788909e-02
-1.812860165157741399e-01
-2.604537923142214995e-01
-3.160256198504546310e-01
-3.415005858039036335e-01
-3.358123326175509460e-01
-2.978769261046578798e-01
-2.292514943127489380e-01
-1.356559699315222911e-01
-2.715982695570373640e-02
8.712194260664918311e-02
1.947874877250479475e-01
2.842177325554184897e-01
3.464495028984879710e-01
3.742798159690734483e-01
3.623584711850849072e-01
3.100087531481603431e-01
2.236482991097126227e-01
1.096376101134060033e-01
-2.069526111733521745e-02
-1.540748216780933877e-01
-2.760379482891941461e-01
-3.742103698589590577e-01
-4.361813352242916997e-01
-4.539352110067792490e-01
-4.268811845262137084e-01
-3.554792736171610290e-01
-2.453014917725906407e-01
-1.063785923470004224e-01
4.546057638903167053e-02
1.961319828907364116e-01
3.285308774416961786e-01
4.279142540239324610e-01
4.845046600468461140e-01
4.907032741095305184e-01
4.438804339858601899e-01
3.469368121095488533e-01
2.106746241780541595e-01
4.631060315627655299e-02
-1.282307930606585433e-01
-2.945161009903050076e-01
-4.342939253629749530e-01
-5.325093183029425692e-01
-5.763493419457579314e-01
-5.588462636432569575e-01
-4.836960275086946703e-01
-3.559596567161045222e-01
-1.877392670789478357e-01
4.930293908413485582e-03
2.002042017480418767e-01
3.782860776484326948e-01
5.177857620952837081e-01
6.025353055708106975e-01
6.248243089632068425e-01
5.796288698888434343e-01
4.700560800920949855e-01
3.054254071451960595e-01
1.048476572778591631e-01
-1.133899513511769097e-01
-3.250372132251326818e-01
-5.068201788916489869e-01
-6.386644859430352650e-01
-7.054671240010113031e-01
-6.984878630909316932e-01
-6.156158640894365819e-01
-4.671190421818159910e-01
-2.652284400484867799e-01
-3.250921609403534251e-02
2.068302345622512473e-01
4.260952743923278607e-01
6.021548527079687574e-01
7.139584130270397733e-01
7.474529986515623392e-01
7.011265262595334224e-01
5.767775656219946701e-01
3.870206693282369770e-01
1.499816759124805721e-01
-1.066484860119063516e-01
-3.572563260883452330e-01
-5.727897636887839816e-01
-7.292384731319097035e-01
-8.112533782815315453e-01
-8.076165719955792355e-01
-7.176181721583865247e-01
-5.483002593961079363e-01
-3.197778897994739689e-01
-5.292788128942005343e-02
2.220859285587253318e-01
4.758013451292806284e-01
6.802003805010972126e-01
8.127559023931125726e-01
8.576302814234830763e-01
8.071909760524145216e-01
6.700836550632356392e-01
4.576623178833816308e-01
1.925919073401851644e-01
-9.870626037761132121e-02
-3.828724623915658043e-01
-6.302348231126208011e-01
-8.120396664976836654e-01
-9.071230148673100624e-01
-9.078044589618966542e-01
-8.110431980733741053e-01
-6.271002854825453721e-01
-3.732269510394491396e-01
-7.958932802908191828e-02
2.252350091895731765e-01
5.069825175342501655e-01
7.343326816264776902e-01
8.827910405721406395e-01
9.350574148555390597e-01
8.855418922645070801e-01
7.366284700063836510e-01
5.069598587905639331e-01
2.174745535802582452e-01
-9.828583554999659189e-02
-4.066272906805876719e-01
-6.734081524717961953e-01
-8.699838380515424463e-01
-9.739859563218855598e-01
-9.719532347012670437e-01
-8.678239454669338659e-01
-6.696211159326233009e-01
-3.993646890265095672e-01
-8.409894284936247910e-02
2.393954174530938950e-01
5.377170125786234767e-01
7.766979835122111986e-01
9.297209117221423291e-01
9.835006364771914367e-01
9.297055772341951130e-01
7.744991174739541684e-01
5.323375344453167290e-01
2.326304906893765789e-01
-9.554708764147679112e-02
-4.148443969035123802e-01
-6.904361443106679097e-01
-8.927140971872048469e-01
-9.991965187545410743e-01
-9.991744244029971966e-01
-8.904294377480064249e-01
-6.877527601768851362e-01
-4.093320496698540367e-01
-8.770438461114038464e-02
2.433376782416039052e-01
5.469574047425691532e-01
7.911089026589719353e-01
9.482893020925731165e-01
1.000000000000000000e+00
9.449416963474746023e-01
7.863522591275207141e-01
5.423826506917008849e-01
2.371812916170288332e-01
-9.346216114049676893e-02
-4.156346951486343810e-01
-6.922550260766904273e-01
-8.932314165644184012e-01
-1.000000000000000000e+00
-9.993107467041799641e-01
-8.921584023602848745e-01
-6.882638480210990783e-01
-4.135040316284152029e-01
-9.434087117642686593e-02
2.327802488618240240e-01
5.326189167313160056e-01
7.727638459833590101e-01
9.273218042616246937e-01
9.797013580041256109e-01
9.222742448467553533e-01
7.659408652871644296e-01
5.249222092931142836e-01
2.274307801047688038e-01
-9.540501294223235895e-02
-4.068286841074302274e-01
-6.742293421279259569e-01
-8.676838046907016100e-01
-9.653891029780812261e-01
-9.610326716387264101e-01
-8.532105856661365006e-01
-6.553025053753582796e-01
-3.873482923678025491e-01
-8.212159206257096944e-02
2.297312382918865747e-01
5.131097160500572851e-01
7.370721750984026155e-01
8.797422549081024279e-01
9.251163227488394813e-01
8.699489672028055676e-01
7.189875210910081638e-01
4.924175908676220459e-01
2.119788612707411701e-01
-8.965411913818432943e-02
-3.801096733363873437e-01
-6.279103889736076249e-01
-8.068745660487055549e-01
-8.978856900765690430e-01
-8.901153585225047848e-01
-7.898097211835111153e-01
-6.060804439800421273e-01
-3.601728585157342177e-01
-7.748237029485816052e-02
2.091236371101006242e-01
4.698268010282169449e-01
6.752788389113972833e-01
8.030706284255639815e-01
8.437230297213962338e-01
7.917697794520182075e-01
6.543974070902154327e-01
4.455639731713272322e-01
1.915912637445833511e-01
-8.238485461848432667e-02
-3.455390584856016245e-01
-5.690500049421496342e-01
-7.300309616073767938e-01
-8.114363598637869268e-01
-8.061247018789364782e-01
-7.138078885251722960e-01
-5.483684022545369796e-01
-3.255705450046374461e-01
-7.229836722160265516e-02
1.838646687819609493e-01
4.149535695699548832e-01
5.969702790682327453e-01
7.104051364672441249e-01
7.427140581699664956e-01
6.955320394219992597e-01
5.730376134982149150e-01
3.900155520286470168e-01
1.658296885717667202e-01
-7.245839770181417006e-02
-3.002154961177508907e-01
-4.916761733692158742e-01
-6.264252660736611134e-01
-6.942605961331050901e-01
-6.874178810245170634e-01
-6.078954463076525760e-01
-4.642202038962953692e-01
-2.755230678075145656e-01
-6.037575380060322683e-02
1.565212149559773724e-01
3.513720573811285330e-01
5.040973692064245615e-01
5.989315597710485051e-01
6.270877214707615277e-01
5.854318491456593776e-01
4.823002017465638502e-01
3.274936325706736540e-01
1.397460654314555129e-01
-6.050592433261636760e-02
-2.509624875758794671e-01
-4.120194966115565682e-01
-5.259050110945466816e-01
-5.803625456098846502e-01
-5.742353415252974269e-01
-5.078601155206702300e-01
-3.895076072585336169e-01
-2.319100863224038411e-01
-5.460673916505542902e-02
1.242085289797039138e-01
2.838579470659945425e-01
4.071712851566311464e-01
4.840450309159887166e-01
5.063506726397399849e-01
4.727529602503814932e-01
3.872114559133581491e-01
2.622914714809700953e-01
1.100810221142856093e-01
-5.177673742864019601e-02
-2.052849243357194320e-01
-3.344395546883857095e-01
-4.261868693058191715e-01
-4.708398411410356088e-01
-4.635229246596291874e-01
-4.092592556190752795e-01
-3.134112680945809748e-01
-1.876435783353668230e-01
-4.607167424060520933e-02
9.498225139197669087e-02
2.210709617842920860e-01
3.179982405728871697e-01
3.755379381198995503e-01
3.914418697325372509e-01
3.641240885366694435e-01
2.973766390391505698e-01
1.991226538039747584e-01
8.277770668052020220e-02
-4.012880939989726947e-02
-1.556947191626413263e-01
-2.511339539466616033e-01
-3.184346694990944915e-01
-3.509394770518000639e-01
-3.459086946966410947e-01
-3.045152472457887116e-01
-2.338104987400793089e-01
-1.404889683489551899e-01
-3.583637373573278495e-02
6.811203636580165366e-02
1.605141029008176901e-01
2.322255543455855609e-01
2.753706130577651123e-01
2.855785817570322127e-01
2.655286450630387485e-01
2.172972825623495918e-01
1.462317387337053187e-01
6.042992389122803232e-02
-2.974668800765090104e-02
-1.151191769706475521e-01
-1.854531921928994631e-01
-2.333710222573186499e-01
-2.571435127127420506e-01
-2.544569599672340532e-01
-2.255798718910477785e-01
-1.743582915000430056e-01
-1.084260428536517606e-01
-3.399111776973218202e-02
4.036680466025521774e-02
1.059615520135148703e-01
1.569509634467041170e-01
1.886065802295895377e-01
1.974829172155632140e-01
1.829929619396231111e-01
1.492510402637134970e-01
9.938248862505916215e-02
3.959689715871417270e-02
-2.254974899112738296e-02
-8.040541349629937162e-02
-1.283984904661183979e-01
-1.609217452935546300e-01
-1.747868748441216979e-01
-1.714653399806753686e-01
-1.513534537625507159e-01
-1.165037586167458894e-01
-7.157572365715081375e-02
-2.275516001451682868e-02
2.528960385565892643e-02
6.669314286058569685e-02
9.695650381382980854e-02
1.156022188333774015e-01
1.209295114525612558e-01
1.117904225086516767e-01
8.993705297897180984e-02
5.928804869017856305e-02
2.250627133915572564e-02
-1.589795795837023462e-02
-5.107384744693399536e-02
-8.019653906006785071e-02
-1.007260081358586357e-01
-1.100253757116023134e-01
-1.075631641689906992e-01
-9.579365623162072740e-02
-7.564235049976286707e-02
-4.912108353981581299e-02
-1.993010533246353244e-02
8.653935199947282442e-03
3.409450496594712554e-02
5.296860016743565325e-02
6.342320888070496210e-02
6.652071878778631486e-02
6.184747490232167522e-02
4.931743455519854713e-02
3.102021076322536430e-02
9.839465236001432302e-03
-1.249541116674912633e-02
-3.329930564022820505e-02
-5.014390223171250049e-02
-6.255342035245614607e-02
-6.938064600769078272e-02
-6.910588941609563385e-02
-6.222190774153735227e-02
-5.091911658876457913e-02
-3.602754155852838647e-02
-1.915898164251428337e-02
-2.676934709089806574e-03
1.202548079401877246e-02
2.366623864846206793e-02
3.039878732122236471e-02
3.170004132219528259e-02
2.879308342005648669e-02
2.184241060963731940e-02
1.163774861537558714e-02
8.419962656747159713e-05
-1.113041605501741138e-02
-2.109708800833987041e-02
-2.871782603827655045e-02
-3.324584396553265098e-02
-3.510981747405028663e-02
-3.407936373193309887e-02
-3.001323462181371138e-02
-2.392438345855585347e-02
-1.725284710827779122e-02
-1.048435574554706928e-02
-4.262132433449417057e-03
6.726482393264454629e-04
4.413487227659773637e-03
6.580929160959758661e-03
6.662944688652139291e-03
4.970777087381250681e-03
2.204231169391057676e-03
-1.440413038063748097e-03
-5.570121492242230410e-03
-9.566466988542909888e-03
-1.309546637213931941e-02
-1.586439919841520219e-02
-1.757324696776529915e-02
-1.823652986102664020e-02
-1.821800471842927038e-02
-1.749719350864231693e-02
-1.605125801875662006e-02
-1.419701900119119120e-02
-1.223738585226641362e-02
-1.032315113295700915e-02
-8.596714117689030488e-03
-7.143576276884555654e-03
-5.887321168834391827e-03
-4.961785711044219838e-03
-4.662968642985765300e-03
-4.996533634760047526e-03
-5.781259253633597162e-03
-6.955354953478876112e-03
-8.334120000770828263e-03
-9.719720022755895528e-03
-1.105042154230628793e-02
-1.219825492972126391e-02
-1.296689463850908552e-02
-1.327386731497703920e-02
-1.313830658035008980e-02
-1.258595560269326619e-02
-1.176955240918631240e-02
-1.089331094475443074e-02
-1.015867469938891432e-02
-9.617616535303352698e-03
-9.258675459347665004e-03
-9.094901490496853924e-03
-9.043326480716040727e-03
-9.109934229226679392e-03
-9.300135945873422294e-03
-9.514371727680215329e-03
-9.656364793272143032e-03
-9.715950287812802344e-03
-9.712059930812366737e-03
-9.660834039163845866e-03
-9.623144686270124204e-03
-9.590454938962822418e-03
-9.534659578371185162e-03
-9.482544566980943834e-03
-9.453471815228819963e-03
-9.448544406571168786e-03
-9.468650772642583924e-03
-9.505298791526506363e-03
-9.536925079435487618e-03
-9.565910509516051263e-03
-9.600436733432804459e-03
-9.635326555897605338e-03
-9.670660041947609642e-03
-9.704729252687505081e-03
-9.732310245095798784e-03
-9.753922662506298025e-03
-9.773263484926797418e-03
-9.790120647577449375e-03
-9.804765881467947253e-03
-9.817470917607318270e-03
-9.828507487005144760e-03
-9.838147320671009055e-03
-9.846662149613938375e-03
