-3.905157993990878706e-01
1.389407093367047707e-01
5.307207399297619865e-01
7.968240960948318463e-01
9.492505815466618646e-01
1.000000000000000000e+00
9.610721551695937670e-01
8.444668507701953430e-01
6.553571471958341554e-01
3.966426241519547258e-01
9.051630021760881384e-02
-2.268603631240716512e-01
-5.221269327991773235e-01
-7.657406773276611567e-01
-9.311851705708318327e-01
-1.000000000000000000e+00
-9.626785145546530309e-01
-8.274090989727135304e-01
-6.059137280783897239e-01
-3.228171813160801706e-01
-6.519402133392193655e-03
3.074691107773710463e-01
5.871988413262612116e-01
8.019021252010460898e-01
9.281256591432276437e-01
9.560150814694348131e-01
8.807634723442279157e-01
7.114473386954711653e-01
4.644794087330825771e-01
1.696213516947353561e-01
-1.448649555599216265e-01
-4.448006607832546422e-01
-6.982230480621726132e-01
-8.794916751787122955e-01
-9.692510059207634088e-01
-9.591877618010493656e-01
-8.488944793492162466e-01
-6.532390401154912762e-01
-3.899295351779534791e-01
-8.902939770827689170e-02
2.183308241531713989e-01
4.991367801113246738e-01
7.246603125240163035e-01
8.705300174425751880e-01
9.204136235948190414e-01
8.736164587347292620e-01
7.332306294914336942e-01
5.151037761789059033e-01
2.406960190042717329e-01
-5.853992817111819402e-02
-3.526811631281648873e-01
-6.089474294556778133e-01
-8.004759195811551598e-01
-9.105609525137450255e-01
-9.267408345871919195e-01
-8.483979998788899746e-01
-6.828391385985228546e-01
-4.511883021405673766e-01
-1.751858478977613709e-01
1.146048348571770958e-01
3.878333544174312753e-01
6.160759979472318904e-01
7.760207146124795674e-01
8.509106672934989568e-01
8.318030670816063399e-01
7.259483990959467725e-01
5.430293090802709166e-01
3.036041737131598417e-01
3.208360230584994532e-02
-2.411655459461671258e-01
-4.886616313032523529e-01
-6.837260161630773769e-01
-8.058749691491101652e-01
-8.464415904269226854e-01
-8.004890248413317755e-01
-6.744041007996438575e-01
-4.810659555171875601e-01
-2.444384307000013745e-01
1.294041786122313020e-02
2.635057310518063023e-01
4.809068040771411479e-01
6.440638616515990122e-01
7.366038275550612635e-01
7.504935750738828126e-01
6.840914155366604188e-01
5.478144567939180476e-01
3.541312748990972370e-01
1.253681846775112074e-01
-1.146912743417100033e-01
-3.407759477247485069e-01
-5.305023903475255542e-01
-6.639419149150844746e-01
-7.272671127514012124e-01
-7.187107564523066427e-01
-6.386734918286250950e-01
-4.965070930965168605e-01
-3.065867859766590042e-01
-9.096255040988143747e-02
1.291339809015155105e-01
3.293837844160174555e-01
4.894866799937591662e-01
5.964314158944743482e-01
6.393158346857186203e-01
6.145440112857494253e-01
5.249101338043291598e-01
3.831484449446382889e-01
2.022886283473954716e-01
2.668188480681177310e-03
-1.946558953241873668e-01
-3.699768363780644442e-01
-5.064395347451324803e-01
-5.904385906173093002e-01
-6.136483774123108192e-01
-5.784236293690616648e-01
-4.881885934089142953e-01
-3.528969418094914934e-01
-1.865089826028545339e-01
-7.887072468093947464e-03
1.657438136777971138e-01
3.159192549710214681e-01
4.279368342285365667e-01
4.946217517794713192e-01
5.094734532000178007e-01
4.716774673385366601e-01
3.857866219533021557e-01
2.631446327508100147e-01
1.147293159893119086e-01
-4.377888573342136880e-02
-1.961409918794579932e-01
-3.280730976827460621e-01
-4.275181284971703022e-01
-4.848074058023423838e-01
-4.946171445760867424e-01
-4.602877672021599142e-01
-3.851199751796079429e-01
-2.763114165065779781e-01
-1.445849871705570111e-01
-3.890350045092860753e-03
1.328173357403632515e-01
2.513464322506435700e-01
3.405841148751811431e-01
3.953400308493093540e-01
4.105662682403825592e-01
3.845953934421566522e-01
3.204199283619952876e-01
2.263584862958096799e-01
1.101581273416165629e-01
-1.630311098317238638e-02
-1.401615782498085716e-01
-2.503509126791982897e-01
-3.373214168710446659e-01
-3.924448810933621745e-01
-4.106396098497927527e-01
-3.934530538970756330e-01
-3.422282832794186769e-01
-2.610465149517334771e-01
-1.576635901983085564e-01
-4.288503389528375287e-02
7.338020309396076080e-02
1.793161963031082440e-01
2.653575351686909833e-01
3.263249568737638384e-01
3.563171606588699802e-01
3.509585781651423098e-01
3.107422155747594505e-01
2.414108215271359992e-01
1.480762287998678151e-01
3.873107726834579267e-02
-7.646955009208977749e-02
-1.867024347586978550e-01
-2.823619348320658418e-01
-3.531651758436131772e-01
-3.920615905804811785e-01
-3.976358516012882260e-01
-3.684705573024398273e-01
-3.057191288613217983e-01
-2.147139404622150360e-01
-1.048373693523060313e-01
1.504677319878067188e-02
1.328882449426014301e-01
2.372381280262074732e-01
3.189949089693102646e-01
3.700593241387746257e-01
3.831132357977877767e-01
3.556694067075316656e-01
2.926101021976321714e-01
1.984012982497962430e-01
8.096344284884904319e-02
-4.870068767650015396e-02
-1.772646529214847444e-01
-2.928350420496306228e-01
-3.823455785671521223e-01
-4.362344155228350395e-01
-4.507553822633795226e-01
-4.230420742140925672e-01
-3.542708116187091028e-01
-2.504105247137293766e-01
-1.230601800405202173e-01
1.741855307161710442e-02
1.568640011356081665e-01
2.808925573923064523e-01
3.773097901991198100e-01
4.361603187897689082e-01
4.495382958898226367e-01
4.145563220722630060e-01
3.367052497556188850e-01
2.218044229593567618e-01
8.027717873901019097e-02
-7.448552268172436985e-02
-2.258495174237203917e-01
-3.590585162550420373e-01
-4.586295548244065934e-01
-5.134303519508809366e-01
-5.196914935330578800e-01
-4.749937098753213016e-01
-3.824376943411809116e-01
-2.501731855808914107e-01
-9.318017184546323328e-02
7.461814845371961269e-02
2.351684464802317187e-01
3.711765551837789001e-01
4.685951567184662991e-01
5.167915193666261509e-01
5.094119978232125590e-01
4.454009474547961922e-01
3.329791764509624219e-01
1.812476765688415536e-01
6.619929135339042148e-03
-1.728418519301638812e-01
-3.377936430553417635e-01
-4.714904942826403378e-01
-5.582925399901035313e-01
-5.878810248615957690e-01
-5.594917821033259520e-01
-4.741238220749969257e-01
-3.399714557406219306e-01
-1.699252426671313820e-01
1.626601825798590362e-02
2.005879732427993112e-01
3.621653350941871352e-01
4.835471613167385829e-01
5.537826598211530449e-01
5.642337560022789855e-01
5.129650243196377524e-01
4.041266785806949535e-01
2.510308173840989365e-01
6.727263124937010730e-02
-1.266194266617755027e-01
-3.099540846020858442e-01
-4.630168341491215367e-01
-5.696542435101236146e-01
-6.172908564874866055e-01
-5.993488719213991844e-01
-5.209636977275415859e-01
-3.885334752864217922e-01
-2.157960305548699553e-01
-2.003764079232606132e-02
1.762796237568251545e-01
3.530469378149099224e-01
4.897054450714481977e-01
5.709211380886340947e-01
5.906879496423114162e-01
5.453705601305047779e-01
4.395785459543115614e-01
2.835010315027040040e-01
9.626927823642117410e-02
-1.043241870420488215e-01
-2.958904184780947189e-01
-4.571731707911124154e-01
-5.712678076285691020e-01
-6.257695213087197672e-01
-6.149697154567240753e-01
-5.387199359891932104e-01
-4.075863697342255731e-01
-2.333393676707087305e-01
-3.664997282517723498e-02
1.610046900233919054e-01
3.378875396752070159e-01
4.754493654308229456e-01
5.579354321634846237e-01
5.755386460638272084e-01
5.299898206217095176e-01
4.247545908515089064e-01
2.715705494960545252e-01
8.632356610146718623e-02
-1.086239233122865411e-01
-2.931272182418653838e-01
-4.455805249234554566e-01
-5.492150148617760408e-01
-5.960794828701295733e-01
-5.800464422183941871e-01
-5.030191948460206453e-01
-3.728317668695363407e-01
-2.064276891591400043e-01
-1.994725004708786109e-02
1.649061729163721068e-01
3.273641249459309233e-01
4.502025616676716968e-01
5.202328941722131894e-01
5.306047290601931810e-01
4.796385572658350416e-01
3.756642459073293860e-01
2.282016875350088014e-01
5.528106798090548502e-02
-1.239099965138498183e-01
-2.891247231335737355e-01
-4.228492984626325280e-01
-5.095140561893740649e-01
-5.391020281709109074e-01
-5.124398514172261443e-01
-4.315032022332793149e-01
-3.057330819483302653e-01
-1.485483025372691390e-01
2.054129894845524440e-02
1.836231214574857162e-01
3.209393045124095956e-01
4.171340624961503707e-01
4.647098769874986601e-01
4.578324158866062810e-01
3.977735647365463478e-01
2.910387171079613644e-01
1.525689689793805481e-01
-3.818856687642480097e-03
-1.594359139925448643e-01
-2.961609305487141741e-01
-3.992847146175377837e-01
-4.576521297779836406e-01
-4.653482912347215450e-01
-4.210861133046666094e-01
-3.327599373474816602e-01
-2.088645863729652330e-01
-6.564230923580216537e-02
7.992088378094619472e-02
2.109606333923275123e-01
3.132081502645283066e-01
3.745109789352583096e-01
3.875538425322333502e-01
3.549129150209990868e-01
2.796691149729020331e-01
1.710413425179762026e-01
4.153046053822784245e-02
-9.174643142046789990e-02
-2.140713167917498438e-01
-3.101441378113903857e-01
-3.687582904587259902e-01
-3.867987604762361808e-01
-3.616042048387991814e-01
-2.964020264719673392e-01
-1.988643367644190585e-01
-8.300164637715534699e-02
3.905544854572706726e-02
1.521338138239927140e-01
2.420798035633020540e-01
2.992327779867929305e-01
3.170558098966800298e-01
2.943218049891638266e-01
2.333419516917174530e-01
1.437777377411584290e-01
3.479351218897908105e-02
-7.922983743540013002e-02
-1.839700587028980650e-01
-2.669954862267477358e-01
-3.186254300637568759e-01
-3.327076561555255552e-01
-3.070335684085769845e-01
-2.469941778271275146e-01
-1.581638511781410239e-01
-5.242174554327982960e-02
5.720490256530275097e-02
1.568128776246258127e-01
2.347390116160461560e-01
2.802066513492524891e-01
2.868464922258986416e-01
2.569545460393001246e-01
1.928120998194422508e-01
1.017727653905138308e-01
-5.767758162806946309e-03
-1.151790124359995948e-01
-2.139414587173052995e-01
-2.885294238999318583e-01
-3.290590048040641369e-01
-3.327281807873839758e-01
-2.977921788533495207e-01
-2.279381486461300454e-01
-1.306830589901458728e-01
-1.968875691512395054e-02
9.346407673078416245e-02
1.943711562849561592e-01
2.696777192915860155e-01
3.104520689813983214e-01
3.110916381719737167e-01
2.711392487392618733e-01
1.937964521227020231e-01
8.979785371124870963e-02
-3.071344177258983343e-02
-1.523814787520134661e-01
-2.600775688432501731e-01
-3.406051077176323050e-01
-3.839824322214220320e-01
-3.838449273674874318e-01
-3.383436590324221394e-01
-2.541077310868646855e-01
-1.383103224205562976e-01
-5.648654558276899884e-03
1.282431804165837796e-01
2.470077919629702912e-01
3.369507401300897431e-01
3.856884812117491457e-01
3.858878409907107176e-01
3.397600807437040071e-01
2.503887826789887860e-01
1.273614985899795826e-01
-1.622567798691187946e-02
-1.618786383148558272e-01
-2.937147442116820883e-01
-3.947052945231143140e-01
-4.521758437669649577e-01
-4.614949326588170253e-01
-4.194972789923385736e-01
-3.298401106808073191e-01
-2.012337919084649096e-01
-5.019195378415253206e-02
1.083572073061387364e-01
2.552504748204325047e-01
3.727204921280524719e-01
4.471876899872293532e-01
4.692193051060358222e-01
4.357603737376105624e-01
3.485844155870159167e-01
2.189683417861707504e-01
5.868486546677043059e-02
-1.131159508979990846e-01
-2.770258476394729108e-01
-4.138918479911795067e-01
-5.081339192082630074e-01
-5.473630382657499460e-01
-5.251232740184530456e-01
-4.467288296239314560e-01
-3.185759369475921199e-01
-1.545372306741751300e-01
2.830683082958307395e-02
2.076859305476090878e-01
3.641132017892425576e-01
4.779766090094519360e-01
5.351528168413999254e-01
5.314467117689889442e-01
4.650738967469734142e-01
3.429498928875982511e-01
1.771222946667236897e-01
-1.155877930006365961e-02
-2.043352234604464135e-01
-3.787073448373372564e-01
-5.140282914347851229e-01
-5.952773584694219799e-01
-6.124433422028168206e-01
-5.635796685026782660e-01
-4.520859213308179303e-01
-2.923621695515977725e-01
-9.927977480679672784e-02
1.045048695424366514e-01
2.963041859845367831e-01
4.543102255881938945e-01
5.609210289468216093e-01
6.028520134930082097e-01
5.734142389447614008e-01
4.792032316748411347e-01
3.282962353800358279e-01
1.378943997348154316e-01
-7.183233012026735143e-02
-2.759759489844296754e-01
-4.526641169855299962e-01
-5.807237709582151464e-01
-6.448869360642857096e-01
-6.407837507834850399e-01
-5.669368312754939909e-01
-4.317138652037768587e-01
-2.488499190483403067e-01
-4.146208186777600169e-02
1.697344166479759497e-01
3.604723211266780414e-01
5.088266889333039611e-01
5.994387581295219647e-01
6.215065540790609688e-01
5.729508534555525223e-01
4.575777134803749036e-01
2.904951826507793378e-01
8.749802614117840882e-02
-1.274384429762015492e-01
-3.305635416595337217e-01
-4.992270910207055046e-01
-6.149958158365382843e-01
-6.644421156818162144e-01
-6.406850166530716484e-01
-5.501863013013643666e-01
-4.009334912394126871e-01
-2.097426827223327628e-01
3.378553579027832043e-03
2.132215360396849668e-01
3.975019872906122576e-01
5.345127769143460661e-01
6.084508314508072502e-01
6.145286083768950469e-01
5.505940687464201400e-01
4.241503452091903714e-01
2.480729723277321774e-01
4.451826324730534523e-02
-1.661954805386438583e-01
-3.599406203881360122e-01
-5.146647517842453112e-01
-6.143422664980717762e-01
-6.477598311450456503e-01
-6.121432080555779809e-01
-5.102389449643576214e-01
-3.560479438455073087e-01
-1.642165043402760150e-01
4.268413414367722147e-02
2.418324962434967862e-01
4.111777338707380824e-01
5.325664652160186918e-01
5.918743988842336545e-01
5.813751935871112053e-01
5.066112613470366011e-01
3.744040893480025112e-01
2.001133554598508724e-01
2.378372718235599592e-03
-1.952855680427264540e-01
-3.720158167319236320e-01
-5.072678459785333605e-01
-5.857905673887113807e-01
-6.024274241748480696e-01
-5.544520049182699584e-01
-4.480529867743580086e-01
-2.946407507293489214e-01
-1.143451086407359929e-01
7.494651415011044371e-02
2.517995974713704843e-01
3.960995481343958513e-01
4.933286848455513685e-01
5.329431739853665029e-01
5.116773434793666642e-01
4.313529732143155382e-01
3.035610692524439713e-01
1.405047687112823684e-01
-3.822620641607354930e-02
-2.127372635804765100e-01
-3.638892455715533325e-01
-4.757132038731296531e-01
-5.356606253544917706e-01
-5.366881445473071777e-01
-4.830598004175161719e-01
-3.797545979717366071e-01
-2.385169813119447646e-01
-7.441714082386807760e-02
9.287842182879657571e-02
2.458015865159484115e-01
3.664656040033820172e-01
4.415926317109333255e-01
4.666261366526323062e-01
4.383695186683234102e-01
3.605313166471753039e-01
2.415999557665626796e-01
9.739899912865301879e-02
-5.783470981494409635e-02
-2.063656723247861979e-01
-3.312207832344044034e-01
-4.197747979373545046e-01
-4.628225833501982134e-01
-4.564927540396653827e-01
-4.011866757813199458e-01
-3.057278202891423602e-01
-1.792001784125942798e-01
-3.730553490414612039e-02
1.036416056177011935e-01
2.282979436471144208e-01
3.237370522353866242e-01
3.792604324163642016e-01
3.886736052334547331e-01
3.550362687966148734e-01
2.816255136072267629e-01
1.768591952485567553e-01
5.238523088972524278e-02
-7.629751677614993177e-02
-1.957826570718925741e-01
-2.920953373889819682e-01
-3.548711993838978840e-01
-3.810626854820583498e-01
-3.676714700899627042e-01
-3.164282865127537869e-01
-2.334363509160750638e-01
-1.302492357999174288e-01
-1.693286365863000409e-02
9.340630342799682850e-02
1.879547902237019841e-01
2.574006951281067046e-01
2.948316509687394227e-01
2.970702586573801263e-01
2.641532767697181150e-01
2.020483114322781937e-01
1.165584502807341938e-01
1.824894155199729973e-02
-8.138130085905104227e-02
-1.715359724604893499e-01
-2.430467378940466272e-01
-2.875827343865462460e-01
-3.003406683083899020e-01
-2.835948915723724983e-01
-2.389974996526952333e-01
-1.713878112441948875e-01
-8.846449244966769765e-02
-5.609817992835441913e-04
8.319806861813039411e-02
1.524682664662522225e-01
1.997466576210635836e-01
2.230601220343433333e-01
2.199554488970465460e-01
1.906757448642926178e-01
1.390389699109322308e-01
7.281998201850736763e-02
-1.738806120538227695e-03
-7.597847758172882049e-02
-1.410007365830109327e-01
-1.906737089528295348e-01
-2.202746783175483225e-01
-2.265890653531404952e-01
-2.091592527389550815e-01
-1.722603240428186577e-01
-1.192927064317848007e-01
-5.700272055935762250e-02
6.691559687415749025e-03
6.488969631840046937e-02
1.118516610971318492e-01
1.420152180692972887e-01
1.523239179871549442e-01
1.445102060129836996e-01
1.193288990875855937e-01
7.948776212526387219e-02
3.017533644979875085e-02
-2.194545836631289770e-02
-7.173392626254082582e-02
-1.129690735040784766e-01
-1.411139821751301593e-01
-1.559858570516022835e-01
-1.561442125740423181e-01
-1.410333238039924719e-01
-1.130253428245933112e-01
-7.661744234742162707e-02
-3.508132869530578013e-02
6.333374230275135019e-03
4.239141072549412748e-02
7.030265401962720873e-02
8.756801586109297375e-02
9.200840441460411689e-02
8.362139832360626635e-02
6.535957068318443142e-02
3.872841198373788707e-02
6.663575453481840327e-03
-2.648160668894572467e-02
-5.714786393005144571e-02
-8.250798689293581401e-02
-9.913691857089124149e-02
-1.054748286172579874e-01
-1.031187449917021492e-01
-9.211903392486886499e-02
-7.328548418673286324e-02
-4.946608166761290448e-02
-2.382726934214518533e-02
1.435901626589908275e-03
2.298352099019940198e-02
3.832969805895891646e-02
4.754278360100472334e-02
4.975297139289791559e-02
4.408514155720877348e-02
3.172954798391169895e-02
1.527887469686994848e-02
-3.957248953244674183e-03
-2.378644217237468883e-02
-4.164243844845194609e-02
-5.637308716896849425e-02
-6.661171082216776895e-02
-7.031692993443661166e-02
-6.733527517761683789e-02
-5.960169995594133407e-02
-4.764634997949945827e-02
-3.296474284353800854e-02
-1.804612102894342929e-02
-4.533875265738229743e-03
6.412782474108258413e-03
1.336289477049557028e-02
1.570444554847849616e-02
1.423601664978146886e-02
8.993340835336649519e-03
4.105399202767312516e-04
-9.838959411755054951e-03
-1.982283716430022213e-02
-2.878788127302323030e-02
-3.582747997256519046e-02
-4.018228088486552885e-02
-4.241613273050548472e-02
-4.222359685386278816e-02
-3.921700254396487395e-02
-3.418116988245534227e-02
-2.819213056983693733e-02
-2.171016996555352740e-02
-1.553971758520567015e-02
-1.050488493611012597e-02
-6.785210115595630143e-03
-4.718088779197548988e-03
-4.603976104764040400e-03
-6.137324978342184600e-03
-8.578879268788752732e-03
-1.175927543767474326e-02
-1.539280600701153912e-02
-1.888366900383064984e-02
-2.191538390424985216e-02
-2.423775610011236203e-02
-2.561031311252237597e-02
-2.608937161274882399e-02
-2.604518241950681823e-02
-2.545573764012432072e-02
-2.428155240058427200e-02
-2.279891832808900176e-02
-2.124923461439875982e-02
-1.975080304806031695e-02
-1.840124615466476321e-02
-1.723838608727878974e-02
-1.617526010262404501e-02
-1.532369411002632020e-02
-1.494310073914750792e-02
-1.504786504608257580e-02
-1.550575620780425545e-02
-1.627502808712699700e-02
-1.721081921165168449e-02
-1.816933601159098632e-02
-1.911920266837929816e-02
-1.996352750570762336e-02
-2.055580816115476495e-02
-2.083082772734690113e-02
-2.078223081419572349e-02
-2.042842241160935934e-02
-1.988691637332495876e-02
-1.930891929864431145e-02
-1.885722509800580315e-02
-1.856500329585797360e-02
-1.841089729539335806e-02
-1.840042863648505556e-02
-1.846046221804120702e-02
-1.859392316222685526e-02
-1.880976526978861418e-02
-1.903474653161407737e-02
-1.920337764418167392e-02
-1.930541878586689020e-02
-1.934343539935201584e-02
-1.932547202725110047e-02
-1.929463935305475442e-02
-1.924673303027324422e-02
-1.916977656023188814e-02
-1.908878228819244072e-02
-1.902136840183099586e-02
-1.897147560377232534e-02
-1.894197590722179747e-02
-1.892902476939284373e-02
-1.891911759780684488e-02
-1.891394477085150960e-02
-1.891186467040428809e-02
-1.891123567834240848e-02
-1.891041617654332097e-02
-1.890776454688414265e-02
-1.890163917124265680e-02
