1.065582929660175981e-01
1.756345151257858728e-01
2.096502748988970932e-01
2.137398513601895811e-01
1.930375235845007698e-01
1.526775706466674265e-01
9.779427162152831698e-02
3.352190558391954234e-02
-3.342445751004885501e-02
-1.003038711147777873e-01
-1.614632440573512406e-01
-2.079833927985463848e-01
-2.329925738649152311e-01
-2.339315239198046514e-01
-2.091675843166378446e-01
-1.600736746715869518e-01
-9.037124466199997208e-02
-7.967225515680187442e-03
8.019750799869096447e-02
1.643142948228268896e-01
2.343986334459917664e-01
2.822798746135732895e-01
3.021360662707075484e-01
2.898480290471991960e-01
2.448251643842553893e-01
1.725192287193504370e-01
7.833167710918420568e-02
-2.774921427345977687e-02
-1.343475469837349667e-01
-2.294182493868192063e-01
-3.028437373303267677e-01
-3.446777292000905435e-01
-3.488897798508319159e-01
-3.162178300232393324e-01
-2.480443037846069565e-01
-1.501508037630355785e-01
-3.186510902038364179e-02
9.286428102431654175e-02
2.119076792408391974e-01
3.111192117807870527e-01
3.789690978722017878e-01
4.090562011009597487e-01
3.965106329212646497e-01
3.410155167445039215e-01
2.468922419932471080e-01
1.250424003768528802e-01
-1.396257369506015422e-02
-1.546393705619621972e-01
-2.815683038878171729e-01
-3.806550478685527539e-01
-4.408291860833792875e-01
-4.539297721230814986e-01
-4.166053771661385463e-01
-3.345073946599922410e-01
-2.140556828298094683e-01
-6.750536570086385080e-02
9.042008391485900631e-02
2.416458831507908300e-01
3.703781895452509243e-01
4.607743658501115558e-01
5.017210092391501952e-01
4.904061088656306300e-01
4.258793662467115215e-01
3.139587792351690165e-01
1.650323425415358702e-01
-3.347871047505779352e-03
-1.750697496358315508e-01
-3.305612354037202882e-01
-4.521764554671656722e-01
-5.269765685106422293e-01
-5.457960416462357411e-01
-5.056785629870187426e-01
-4.088990642194677561e-01
-2.672113134317340988e-01
-9.301862222020318427e-02
9.376694807187635483e-02
2.729365042910472106e-01
4.247877237569184228e-01
5.330284174393467023e-01
5.846624247274507802e-01
5.724634987580088374e-01
5.002240592798046226e-01
3.734402189934051819e-01
2.053504734359019590e-01
1.275957289706108888e-02
-1.818558262068477038e-01
-3.585260638969105518e-01
-4.966612768680211953e-01
-5.806832090073480446e-01
-6.039133837053963783e-01
-5.619602689520015737e-01
-4.587100229406803065e-01
-3.037652474051051321e-01
-1.157579995259743200e-01
8.749481241998147141e-02
2.830582225186568657e-01
4.493648172643056604e-01
5.686173870752624371e-01
6.275292027606005352e-01
6.198016790941760501e-01
5.446732665649340888e-01
4.119802022275944609e-01
2.332609410210380041e-01
2.904955131272135560e-02
-1.791091748566383535e-01
-3.682531868550253940e-01
-5.185624871987908335e-01
-6.126496840424482393e-01
-6.392109089752975315e-01
-5.984675204681997318e-01
-4.928942870954159394e-01
-3.338739714894829458e-01
-1.371103688028512124e-01
7.439556526067847564e-02
2.791061846674138813e-01
4.531943482064018092e-01
5.776363082796680537e-01
6.414404115357024150e-01
6.364941173634697247e-01
5.633652492125365008e-01
4.287558215809594842e-01
2.497133067289600827e-01
4.311057178770272280e-02
-1.676962318796967333e-01
-3.598313152995696873e-01
-5.127102589521383980e-01
-6.100119341540812812e-01
-6.409805787982809644e-01
-6.009438758717613460e-01
-4.974608243877860492e-01
-3.397416893517911651e-01
-1.460101943146122627e-01
6.331268579479520930e-02
2.646218679056953071e-01
4.370847253823268996e-01
5.612895822038321825e-01
6.233602420542312395e-01
6.199581594116023719e-01
5.503130024920435126e-01
4.227072813925449868e-01
2.502494808497548462e-01
5.420111712219100042e-02
-1.459636861353809101e-01
-3.278026466811136963e-01
-4.715752659329494056e-01
-5.639291128201426861e-01
-5.947352565634707044e-01
-5.615380691679632275e-01
-4.674547577641894325e-01
-3.254239373979151972e-01
-1.489275957830253905e-01
4.152306494056090536e-02
2.252949670380237635e-01
3.827190745002515548e-01
4.974503049595246917e-01
5.570921697639055203e-01
5.547438196167242541e-01
4.948829928796143474e-01
3.831244261646915561e-01
2.321512633178883789e-01
5.778080987424627502e-02
-1.195895806874832656e-01
-2.816567693551533802e-01
-4.101075111149801167e-01
-4.911235064215195845e-01
-5.195658065564507933e-01
-4.920787666399074611e-01
-4.125899372326171655e-01
-2.896803231799430778e-01
-1.393985109464088712e-01
2.355280878892207497e-02
1.810090770433692153e-01
3.155626983751704806e-01
4.139687860591538815e-01
4.663871428639903005e-01
4.684755550336121566e-01
4.200975902714698673e-01
3.295175676691026734e-01
2.055028697026501927e-01
6.340077073578553879e-02
-8.074043245942164049e-02
-2.114886497331815995e-01
-3.156196650538127813e-01
-3.820861364303835828e-01
-4.040514285292075014e-01
-3.834490929223092204e-01
-3.226215005943383618e-01
-2.290511072109064905e-01
-1.133310899654923487e-01
1.007616751579298864e-02
1.284166510035791298e-01
2.281997057569955523e-01
2.991077323832256329e-01
3.374476159113661833e-01
3.395411153428178341e-01
3.061122963738480696e-01
2.418454048862619388e-01
1.564324071434548546e-01
5.838724595576216814e-02
-4.085689798865443922e-02
-1.299322868390582197e-01
-2.004910513189115395e-01
-2.460567088948012460e-01
-2.632394711845371660e-01
-2.512983119151732669e-01
-2.146157365362831859e-01
-1.571784675144047849e-01
-8.678084547397413306e-02
-1.220034436138894840e-02
5.852609774775840989e-02
1.184686787764053228e-01
1.613913888851612466e-01
1.835674234101718483e-01
1.864323772464451245e-01
1.704553157409396391e-01
1.385209613372406778e-01
9.554182179043713141e-02
4.757965802918295850e-02
-1.839062807316160786e-04
-4.185767742418899928e-02
-7.329155819227139990e-02
-9.430634362019163497e-02
-1.035803430868200703e-01
-1.011987922022897779e-01
-8.930151306318812043e-02
-7.154300223937715142e-02
-5.019226763233031186e-02
-2.836821029964586849e-02
-9.253277955618921524e-03
6.195700637930734445e-03
1.705132310635226744e-02
2.357669817258534195e-02
2.689900861060023907e-02
2.904985125786763156e-02
3.063760718193941912e-02
3.282728324981820656e-02
3.714384231151535154e-02
4.358339953409395839e-02
5.165373117319771445e-02
5.937276192557838783e-02
6.453851595459991763e-02
6.466265438055751602e-02
5.870115305251566440e-02
4.525121537969822860e-02
2.345049813621580270e-02
-5.318110392472208403e-03
-3.925121389131158711e-02
-7.470339593829766756e-02
-1.074183986626726650e-01
-1.324477446465093244e-01
-1.463799304266613088e-01
-1.450446505657588814e-01
-1.260673617221234055e-01
-9.108055963839745139e-02
-4.193943203478156523e-02
1.774977273499533936e-02
8.239492295335226757e-02
1.439053642885199658e-01
1.958772619394633097e-01
2.305132891027854569e-01
2.419217248889273808e-01
2.282053460983262116e-01
1.886445665194869115e-01
1.251998261646807276e-01
4.290437001133540207e-02
-4.882063021207394549e-02
-1.419143913010501024e-01
-2.253937788940006959e-01
-2.887604033461208530e-01
-3.239638036898491169e-01
-3.256423104667673929e-01
-2.912236495155324789e-01
-2.218690788843766803e-01
-1.248938166760111823e-01
-7.812875322242840426e-03
1.162193093838117530e-01
2.335202742233599693e-01
3.305719557956199317e-01
3.963585362351609298e-01
4.210306541200328212e-01
3.994706675315378153e-01
3.349018913638193151e-01
2.314345462229994155e-01
9.869816734676684078e-02
-5.044222789918173522e-02
-1.984631657801226856e-01
-3.300483228133511693e-01
-4.286341281126819780e-01
-4.820797456460844677e-01
-4.854838758699167034e-01
-4.356775985263510176e-01
-3.359664616939981308e-01
-1.949133057757125309e-01
-2.883214850007564944e-02
1.470193400885702051e-01
3.125808253468458364e-01
4.490364554198125191e-01
5.408410911777221663e-01
5.766873694216658741e-01
5.512572233850023817e-01
4.646169735545047086e-01
3.265043229689224002e-01
1.481997438735693784e-01
-5.040055990808423036e-02
-2.485333662303979008e-01
-4.239811674131380714e-01
-5.578118368135862593e-01
-6.332666185491098165e-01
-6.399332402786630514e-01
-5.787597259383965298e-01
-4.531209645085760851e-01
-2.754437279587332865e-01
-6.254397421822088798e-02
1.611488934035056886e-01
3.728699613498167587e-01
5.473760277507784267e-01
6.648254034617506747e-01
7.137206778460380985e-01
6.861346222305246823e-01
5.837145076655720910e-01
4.148371859797714833e-01
1.993925447720226174e-01
-4.273933489177583755e-02
-2.843104646946235103e-01
-4.990849711654089527e-01
-6.631569317344097048e-01
-7.579348802597543067e-01
-7.716372436430114501e-01
-6.997781802740881130e-01
-5.521266999371097217e-01
-3.410058094370996828e-01
-8.989874914687789875e-02
1.754869197875235098e-01
4.251657755979112441e-01
6.328408719781064562e-01
7.742720723219478351e-01
8.323792794877871160e-01
8.029748865479098274e-01
6.861451975929213631e-01
4.943128565342664871e-01
2.457488103651306321e-01
-3.027374469544596991e-02
-3.064341991150493216e-01
-5.514458842312905951e-01
-7.382385181020205689e-01
-8.476702949903784923e-01
-8.660402682269351393e-01
-7.910270201765388087e-01
-6.280068210135489881e-01
-3.966718686742226607e-01
-1.182931898965728923e-01
1.755521041024106221e-01
4.537621834995098080e-01
6.856413145545736665e-01
8.459797450600656799e-01
9.162939555956770565e-01
8.864574487583587459e-01
7.629583574167975168e-01
5.558422361257437938e-01
2.877168123993274484e-01
-1.480181574340855288e-02
-3.170368203699740484e-01
-5.876277677121732879e-01
-7.955461167225159613e-01
-9.171378006775872116e-01
-9.418028977759824727e-01
-8.642116324289695894e-01
-6.930429279717239544e-01
-4.441820366284200405e-01
-1.473533894669701860e-01
1.686181403972779602e-01
4.682974108042678996e-01
7.189254626199459430e-01
8.935939319762424837e-01
9.725388601720048598e-01
9.476074748273302095e-01
8.187904433419219696e-01
6.026806151377488430e-01
3.188365616846688955e-01
2.004035788212288338e-04
-3.196609064405434575e-01
-6.054182964878469519e-01
-8.267938385428090786e-01
-9.590222135517909585e-01
-9.860348897182735772e-01
-9.085412722100869587e-01
-7.319260513288561310e-01
-4.761483314640823084e-01
-1.665344412020819398e-01
1.608676299451969882e-01
4.726045693621250265e-01
7.333288543270317650e-01
9.146266188864202729e-01
1.000000000000000000e+00
9.781563830840542817e-01
8.520615461107297062e-01
6.331041806479360545e-01
3.480846141836957397e-01
2.435651671806593477e-02
-3.014914550048185538e-01
-5.946519508998129311e-01
-8.236495114724061706e-01
-9.636347676923321393e-01
-1.000000000000000000e+00
-9.267781496771400063e-01
-7.556236251753674082e-01
-5.018404088056965806e-01
-1.945141239735318495e-01
1.347826610180502538e-01
4.490150958576719642e-01
7.153584965761166092e-01
9.040388314836074191e-01
9.935607964947361648e-01
9.780581195651529836e-01
8.568558283385145913e-01
6.442824771140311935e-01
3.611101112083581199e-01
4.089589795782777593e-02
-2.842310400250861457e-01
-5.776073410648457918e-01
-8.074054248922430954e-01
-9.507284642511661943e-01
-9.910796693619424724e-01
-9.253563127502941743e-01
-7.586896424613022161e-01
-5.125432559027993662e-01
-2.101749174540339382e-01
1.139283060233107214e-01
4.255031325902898232e-01
6.907006989355057858e-01
8.814150786586356645e-01
9.768167655213420009e-01
9.648956680760751858e-01
8.516947765514488733e-01
6.470576060683543851e-01
3.746496984413916209e-01
6.226787467617311833e-02
-2.541975271255347835e-01
-5.420341569999524989e-01
-7.691058053822081853e-01
-9.104964845470093771e-01
-9.545116538533402473e-01
-8.947950702210660801e-01
-7.394049744656234768e-01
-5.036355943471254593e-01
-2.167144880201372636e-01
9.324179193213577577e-02
3.917060748391900660e-01
6.464505554680535226e-01
8.311549801482513988e-01
9.258084401382613571e-01
9.216848450371759593e-01
8.178355986707535052e-01
6.288444974765385886e-01
3.722432595652642728e-01
7.810273473787954224e-02
-2.226468484695337535e-01
-4.970017040832804822e-01
-7.163378810693388221e-01
-8.567587145485116018e-01
-9.022815688955808655e-01
-8.525587394593950874e-01
-7.111570627612333606e-01
-4.947150513426529228e-01
-2.250102209897000272e-01
6.634827652723029878e-02
3.495125677410022558e-01
5.923607420589092065e-01
7.688021889408596099e-01
8.631802501300522845e-01
8.643296186528410807e-01
7.734461159615868553e-01
5.991854186043794606e-01
3.639465169810769396e-01
9.048290920709556318e-02
-1.902016860720119329e-01
-4.480114765989751113e-01
-6.555796871420906946e-01
-7.909791341412750754e-01
-8.401588415031068235e-01
-7.965994866164107790e-01
-6.694463713775554714e-01
-4.704721411101716599e-01
-2.230085755267329217e-01
4.700666153348209697e-02
3.090986897610987771e-01
5.361429311714522861e-01
7.031946041531929037e-01
7.919457060836230244e-01
7.969079835201098305e-01
7.164337005287717552e-01
5.608105094902591237e-01
3.460210373822858454e-01
9.850903667992105817e-02
-1.570224845312292450e-01
-3.921317162190298689e-01
-5.814643771873773126e-01
-7.068928964328504705e-01
-7.548243178395519504e-01
-7.215914842471646828e-01
-6.101255372284941636e-01
-4.358014578029468789e-01
-2.152975835700740026e-01
2.571800272574420454e-02
2.614468456281882069e-01
4.665143802568565423e-01
6.195665908485692430e-01
7.042755770188291464e-01
7.109265767427794813e-01
6.434153857316082803e-01
5.078526504712208567e-01
3.198988303010148471e-01
9.896047382077344245e-02
-1.292242743682916473e-01
-3.411390070184039391e-01
-5.129567073692390400e-01
-6.261753727011704074e-01
-6.722659772853929461e-01
-6.456599722158439247e-01
-5.504245919971477718e-01
-3.963469815566056376e-01
-2.031694461422278719e-01
1.022108419155887127e-02
2.198802537837438731e-01
4.029383041551455324e-01
5.406810827288712762e-01
6.188139967869243918e-01
6.301644489263784621e-01
5.730568749547069185e-01
4.568307946376770623e-01
2.923678100043753947e-01
9.967679183064981352e-02
-1.001982258347363652e-01
-2.854191571785598125e-01
-4.369250033508005338e-01
-5.382205937665381912e-01
-5.782648698757533179e-01
-5.568716507105396785e-01
-4.756865541177693890e-01
-3.444641840671174293e-01
-1.770721009064695206e-01
6.119640304905971107e-03
1.863363397550852341e-01
3.429221449626658202e-01
4.592758185708629703e-01
5.263519636661426748e-01
5.366551976201174856e-01
4.898114810446241307e-01
3.909515195096695539e-01
2.535929900219433542e-01
9.098197669334084914e-02
-7.812699596768302168e-02
-2.351959793869180526e-01
-3.639105625536331878e-01
-4.511034477962585498e-01
-4.880009109521699084e-01
-4.705455238543486685e-01
-4.042865567132699622e-01
-2.955360106324064207e-01
-1.569780198978960595e-01
-3.532215388423631808e-03
1.473213484154611841e-01
2.800811419718887141e-01
3.798068017365980875e-01
4.358099871769123279e-01
4.457336319935958358e-01
4.082448625561201361e-01
3.279754903264415766e-01
2.135946624963525053e-01
7.964155611928003253e-02
-6.056541562130768330e-02
-1.910728546563736918e-01
-2.975676090316007327e-01
-3.704372231194431597e-01
-4.022067619761812152e-01
-3.900912297171560406e-01
-3.354434869991103074e-01
-2.467360050391871340e-01
-1.323615583015774755e-01
-6.124315430172666552e-03
1.176533469897118600e-01
2.259608192337885235e-01
3.078857666604777332e-01
3.546006697956320952e-01
3.611559652019407096e-01
3.305328571524885906e-01
2.658017132100172208e-01
1.742963513143658272e-01
6.617106797084182368e-02
-4.537506393055223963e-02
-1.489223949495360744e-01
-2.325568018126279446e-01
-2.874712442610811713e-01
-3.112123246411381272e-01
-3.011899941038960193e-01
-2.586558953310105213e-01
-1.887204531885781078e-01
-1.009993635938279954e-01
-3.898128696155245265e-03
9.146993827002303235e-02
1.742087701329735339e-01
2.364095538031056876e-01
2.720247835967046779e-01
2.778724265470400301e-01
2.536523811656410388e-01
2.042208476628437630e-01
1.341377383107100751e-01
5.174455010213319106e-02
-3.349130358100804727e-02
-1.124232028604174038e-01
-1.772060273220323889e-01
-2.203353738661062433e-01
-2.373275001615609003e-01
-2.297209458543921778e-01
-1.983290095117340446e-01
-1.463129592622355313e-01
-7.959475479374344964e-02
-6.578928759213842348e-03
6.536720465340817299e-02
1.275486700397305828e-01
1.732837129723172609e-01
2.001968353807812573e-01
2.056304955478331919e-01
1.889531052562629654e-01
1.525751507434887078e-01
1.022741601860810423e-01
4.259575304049478817e-02
-1.964704800552397046e-02
-7.698272230862879262e-02
-1.237993975348160580e-01
-1.557188596836560635e-01
-1.690288107442515786e-01
-1.623991747196106283e-01
-1.388529542375851467e-01
-1.005416299509525047e-01
-5.208887776252368873e-02
4.126158805406454633e-04
5.110001852980161630e-02
9.499966522592973028e-02
1.266525094941417517e-01
1.427474021597194831e-01
1.441410820758590727e-01
1.307261610248757755e-01
1.036819732666440785e-01
6.667487012240025379e-02
2.506668026678182670e-02
-1.725535537286781995e-02
-5.515126229809552694e-02
-8.427437981969043701e-02
-1.035439490209667524e-01
-1.111914344062960858e-01
-1.059423271668851196e-01
-8.899332369686441258e-02
-6.370310161918135705e-02
-3.220650791968415749e-02
1.778810822218535037e-03
3.386078008966286745e-02
6.111834306732921718e-02
8.113072443315871851e-02
9.133367068407416411e-02
9.097832113708381740e-02
8.209868894215510693e-02
6.535037599611581705e-02
4.229053370894586550e-02
1.609964966412524845e-02
-1.019025709745136066e-02
-3.424970279202899093e-02
-5.287793818626551623e-02
-6.416811751801565489e-02
-6.881234259181856494e-02
-6.630137371923838785e-02
-5.634357681820578723e-02
-4.060711242682679689e-02
-2.167926677340170638e-02
-1.114637441152921404e-03
1.859759642794789336e-02
3.507928680987104642e-02
4.765131040234682480e-02
5.516841932584370944e-02
5.605205051879047495e-02
5.054213340687119249e-02
4.061766789292575730e-02
2.702618769215270333e-02
1.136971486438564938e-02
-4.007354496916581965e-03
-1.767617329726245412e-02
-2.843206107064633059e-02
-3.463154716302452307e-02
-3.575480231386751750e-02
-3.287240585595818665e-02
-2.612515603552267862e-02
-1.617695394710583212e-02
-4.827725674897198616e-03
6.164792340160429873e-03
1.593320996858960115e-02
2.338519635872349234e-02
2.774684318815912043e-02
2.951221971783390963e-02
2.843927586073347058e-02
2.433619238989392919e-02
1.816192286125084543e-02
1.123284963864823460e-02
4.064929578580400715e-03
-2.566478075845091134e-03
-7.840621370473255247e-03
-1.172331031152218372e-02
-1.384726425293236751e-02
-1.379908441820620890e-02
-1.192374475184876381e-02
-8.999760537748757727e-03
-5.236278827382978562e-03
-1.008041803603920705e-03
3.037067998942211133e-03
6.563933472338634445e-03
9.275075254627118682e-03
1.085489476108603135e-02
1.133721030742984581e-02
1.112574949409705916e-02
1.021060734580903073e-02
8.590149998422003108e-03
6.605758981256704132e-03
4.558048217028209947e-03
2.607300286802560763e-03
9.175903166358523322e-04
-4.300421942412535614e-04
-1.535976792772064670e-03
-2.284277748579977008e-03
-2.438214557859641474e-03
-2.038508899281032960e-03
-1.272677942841138332e-03
-2.026627321842777718e-04
1.022638032809330966e-03
2.238771963997354675e-03
3.402376633016013230e-03
4.397377656214063180e-03
5.032493910514412860e-03
5.243238651535531147e-03
5.073225780899637272e-03
4.547054181504028847e-03
3.800678860575557039e-03
3.015028758306836920e-03
2.348555973742394443e-03
1.856764353499240627e-03
1.560007990636158581e-03
1.480562753506609042e-03
1.553751031216910050e-03
1.777370269528288915e-03
2.127784953804168211e-03
2.496797924298022053e-03
2.779056497388188163e-03
2.956522874442146787e-03
3.038593503612352364e-03
3.031551111290831102e-03
2.995315821165078773e-03
2.924770531886888847e-03
2.804998944688996687e-03
2.677665148484997815e-03
2.575286474773230694e-03
2.503788838430498487e-03
2.464448701837040900e-03
2.451022128846958026e-03
2.442090045529310416e-03
2.440044323556156414e-03
2.442052856907128700e-03
2.445283539562304043e-03
2.446904265501315123e-03
2.444082928704238711e-03
2.433987423150707485e-03
