2.284838134753051087e-01
-3.619353578382341619e-01
-7.459913353479411535e-01
-9.499306918148512358e-01
-1.000000000000000000e+00
-9.224458326644224826e-01
-7.435147625691546081e-01
-4.894533624752335221e-01
-1.932739288495122221e-01
1.336339530028882727e-01
4.564288019284232778e-01
7.292095495373343006e-01
9.167374287593381688e-01
1.000000000000000000e+00
9.662962610481309333e-01
8.235081562749735351e-01
5.869764995812363217e-01
2.922128029268453719e-01
-2.714499919126656113e-02
-3.280741167563780980e-01
-5.723364032132988166e-01
-7.311962287396815974e-01
-7.848753567417330324e-01
-7.308053096928045500e-01
-5.744940198750394522e-01
-3.426001606561994706e-01
-6.147410785555584845e-02
2.296527846898692715e-01
4.939289493414444898e-01
6.991119603082600609e-01
8.205537315923989716e-01
8.464490401606652448e-01
7.734140603285497573e-01
6.182098826844979467e-01
3.986095767139963275e-01
1.479273013474853293e-01
-1.012727393452602653e-01
-3.175022011885555440e-01
-4.751296770567212668e-01
-5.576441811997049358e-01
-5.559444803114192979e-01
-4.775045685069482237e-01
-3.315433659406776812e-01
-1.423800771960961331e-01
6.460273220862156052e-02
2.615781933380880719e-01
4.253181951910425251e-01
5.368787735417790419e-01
5.839686429244557164e-01
5.697055205824885782e-01
4.968771727858884990e-01
3.787895870552944189e-01
2.320742811680303053e-01
7.812029173840984164e-02
-6.441211590257689412e-02
-1.773147571734471351e-01
-2.478922440254121007e-01
-2.754323995761236432e-01
-2.584242419648029587e-01
-2.024709054272625375e-01
-1.170292039769422754e-01
-1.696168984853585471e-02
8.588307356474511600e-02
1.787227076869408737e-01
2.501670561397495440e-01
2.964089960906586274e-01
3.143448668729411644e-01
3.051782051700455689e-01
2.725951296083342079e-01
2.244604788170898590e-01
1.662949454235853608e-01
1.051170483172363390e-01
4.893369650355072764e-02
1.851156808527321118e-03
-3.287555929722840720e-02
-5.332475616853138423e-02
-5.925991930580787326e-02
-5.393212206147457444e-02
-3.817005144894902724e-02
-1.224335141466614818e-02
2.064078397520763275e-02
5.701271099569549250e-02
9.411444484370989905e-02
1.287721015434464267e-01
1.586832020116299979e-01
1.836486101728944664e-01
2.011012714450499672e-01
2.054340550690396672e-01
1.952762366323663734e-01
1.731027364705817195e-01
1.402508557822392810e-01
9.926171504707759219e-02
5.421640767690671936e-02
9.887896299449971949e-03
-2.923000838511879973e-02
-5.623327179774473272e-02
-6.653501781981052687e-02
-5.955269478147451334e-02
-3.487748549300262457e-02
6.384997555967775185e-03
5.963847599848826064e-02
1.163571303474624230e-01
1.710504521463920291e-01
2.158155169718747324e-01
2.431504590491844198e-01
2.498641555991683028e-01
2.341573047864342616e-01
1.965862244209066745e-01
1.411039148890631534e-01
7.665143375043670382e-02
9.947284992604554787e-03
-4.886720769509367290e-02
-9.010714096600325185e-02
-1.079727194309342275e-01
-9.936381384812742468e-02
-6.466014966649324958e-02
-7.367853957969794365e-03
6.282787974812276133e-02
1.383630293656643584e-01
2.076823513929901832e-01
2.597073935602625117e-01
2.872396149479259364e-01
2.860208107459853988e-01
2.557788426924871850e-01
1.995751668218619379e-01
1.273260461817722344e-01
4.692074532070655835e-02
-2.931343133620600838e-02
-8.953060299491788498e-02
-1.256777074306874020e-01
-1.326872073766441895e-01
-1.096522749530466356e-01
-5.903066140340462731e-02
9.643315770167193435e-03
8.879606746265134021e-02
1.662672061648484689e-01
2.302361665899654852e-01
2.725390511865353194e-01
2.877910789868700636e-01
2.745207942860825590e-01
2.344495992732200662e-01
1.760265090933825771e-01
1.057723182483552016e-01
3.462262177575148314e-02
-2.656974772672848761e-02
-7.046688538154155523e-02
-9.204442251845845746e-02
-8.952420173876007858e-02
-6.391701283604078743e-02
-2.196971071765463357e-02
3.153197298849241825e-02
8.792996241124972912e-02
1.383044870679321914e-01
1.771394809089097411e-01
2.005441727193664203e-01
2.068812896421576841e-01
1.966786061765399829e-01
1.745672797553068367e-01
1.430691254643416954e-01
1.073059316744109370e-01
7.329621400240293738e-02
4.452772658635173464e-02
2.339777479338556176e-02
1.085762106516940939e-02
6.567988637835808774e-03
7.788323063162794213e-03
1.431653578799751969e-02
2.617962269628448801e-02
4.118787553198499651e-02
5.722849844690025556e-02
7.317872072447850762e-02
8.860047604812204547e-02
1.034500492583583231e-01
1.186245194617745469e-01
1.326581463587268583e-01
1.423688509564922100e-01
1.467901304284879860e-01
1.458383771572815402e-01
1.391533829783779819e-01
1.258078242750280129e-01
1.059935777182654526e-01
8.147702502930198598e-02
5.436141167534458418e-02
2.949553961118733802e-02
1.079024163076303111e-02
2.978542243161630410e-04
-3.474966295448078668e-04
1.025143365897962511e-02
3.166211276843111655e-02
6.084751402039922930e-02
9.506252180639496174e-02
1.279805537729168385e-01
1.535955933780233096e-01
1.681278054571122560e-01
1.695595532083600254e-01
1.572457910939624171e-01
1.325287282606897321e-01
1.007210921298635764e-01
6.547965794109389392e-02
3.364110745736281771e-02
1.186230318513281645e-02
3.499074389580414390e-03
1.002876158042376176e-02
3.065963743454114265e-02
6.236047335372152389e-02
9.756021694067240624e-02
1.314640981896397776e-01
1.568417733549516413e-01
1.669705559530576533e-01
1.598447074403692714e-01
1.355776913717503529e-01
9.772012571297294947e-02
5.165271531943504968e-02
7.368456116520594179e-03
-2.865524923775031318e-02
-4.878484636269142527e-02
-4.645054475670640226e-02
-2.088133128461766574e-02
2.607130096382292983e-02
8.713965405588686153e-02
1.538853575247087768e-01
2.135965925734821802e-01
2.576586655684565130e-01
2.775501259296397905e-01
2.664734888348365693e-01
2.247174035761467792e-01
1.556511187968729892e-01
6.992531935524404219e-02
-2.108513756008878470e-02
-1.018622521193021102e-01
-1.611003961894427183e-01
-1.883038966507093459e-01
-1.760214220346684177e-01
-1.255499629206837664e-01
-4.097655861542048861e-02
6.501987060233416216e-02
1.787575015051372507e-01
2.821195383449592864e-01
3.612849394514676682e-01
4.034556473128818599e-01
3.998821263598408837e-01
3.520289243541736557e-01
2.638286509160248094e-01
1.484101586607675660e-01
2.048875043432052401e-02
-1.000913517376451622e-01
-1.978187011147687357e-01
-2.579798684699607936e-01
-2.701887960984461490e-01
-2.351133649434683504e-01
-1.557189317766327630e-01
-4.394874912671065115e-02
8.603625919819890555e-02
2.141107570118945258e-01
3.244064001167730193e-01
4.013290565142151323e-01
4.330430870927790554e-01
4.185117881184476918e-01
3.590604043504972420e-01
2.641767247440043320e-01
1.459716900210086266e-01
2.304953777578488960e-02
-8.994626291346141667e-02
-1.779638593751415865e-01
-2.283894530092138719e-01
-2.377726374370886520e-01
-2.053286840449082273e-01
-1.373293005057593108e-01
-4.269939847895631857e-02
6.324590202190027988e-02
1.684369847807005716e-01
2.593031514774020163e-01
3.232886811769331015e-01
3.547641557643681498e-01
3.507454823780091768e-01
3.135267572286200011e-01
2.481088538950422251e-01
1.653951824887260891e-01
7.413408241933305831e-02
-1.398700628106508415e-02
-8.722978454969332329e-02
-1.382420022296285689e-01
-1.617673094424715297e-01
-1.554667036354685505e-01
-1.201597308239261697e-01
-6.241105248799838634e-02
1.257363078822471003e-02
9.581928574468068227e-02
1.768393538432218026e-01
2.462383862823414038e-01
2.963483451604120855e-01
3.193339061669839829e-01
3.114708443931331061e-01
2.765810876281142860e-01
2.171210606186029235e-01
1.383671186662307484e-01
4.932154917039177633e-02
-3.765295130724455319e-02
-1.124165616908030518e-01
-1.628501426515019945e-01
-1.807925149047365787e-01
-1.653142109196007459e-01
-1.159563962266528803e-01
-3.694351724816569149e-02
6.298250015567297133e-02
1.685156530008127262e-01
2.676141395773314891e-01
3.450610232432722579e-01
3.876410119500555140e-01
3.885028166951984829e-01
3.449840541144215678e-01
2.614900213502948656e-01
1.464852138621173250e-01
1.794932717576736003e-02
-1.089937289377164165e-01
-2.143918302008342991e-01
-2.808280120355757248e-01
-2.973865224909965077e-01
-2.587280826001281397e-01
-1.687547148150952969e-01
-3.618789457255711106e-02
1.179809230329129655e-01
2.754360889524658518e-01
4.113117878871261901e-01
5.039693835682184098e-01
5.385305996510034721e-01
5.067953962169855497e-01
4.118572538807605543e-01
2.625393271525164884e-01
8.258014341228037125e-02
-1.067090040573123177e-01
-2.756984036544414263e-01
-3.985041694336165508e-01
-4.560357869064152192e-01
-4.368724722722169274e-01
-3.426319355515475840e-01
-1.816057489368352318e-01
2.051457761264208202e-02
2.400297862263875981e-01
4.430084286720616937e-01
5.995205280882178744e-01
6.860247616045977992e-01
6.874472721535580533e-01
6.029836569488504772e-01
4.394464887740501258e-01
2.232429972320570943e-01
-2.056395739386129851e-02
-2.546115710445345792e-01
-4.454709335887824251e-01
-5.651321671357242282e-01
-5.945883293066691611e-01
-5.296515307945988127e-01
-3.746229857588243561e-01
-1.551523285407707675e-01
1.036373114724276068e-01
3.621979082008686124e-01
5.845193899704255180e-01
7.384886392224330187e-01
8.012078444162566981e-01
7.643681429730551091e-01
6.288786992624593175e-01
4.181730754915748971e-01
1.560619226994433006e-01
-1.171991584068484693e-01
-3.642260343767890207e-01
-5.496070964089481148e-01
-6.470174014653408134e-01
-6.437269519189083855e-01
-5.367397489167182734e-01
-3.460964817076868094e-01
-9.308767767058567788e-02
1.828363804791706126e-01
4.442561040195531774e-01
6.536519071664421698e-01
7.821585799598824718e-01
8.127824035709705353e-01
7.385818219392723538e-01
5.756079438461276787e-01
3.418673272078733838e-01
7.512764083323708597e-02
-1.882026883514307247e-01
-4.101559067670875747e-01
-5.607201637532843730e-01
-6.203193468107877084e-01
-5.791241171196813697e-01
-4.488834573943234485e-01
-2.438533168367494897e-01
1.658749350526900201e-03
2.538352452868546383e-01
4.756160351412130893e-01
6.374102705436572869e-01
7.183632279528986420e-01
7.067993906871261611e-01
6.110558305449089733e-01
4.414798005205273768e-01
2.275101756632407213e-01
-9.972146972562212497e-04
-2.101825998075639301e-01
-3.722517348951468463e-01
-4.658315700330646347e-01
-4.782364517691469752e-01
-4.147497840036402650e-01
-2.823026915470888687e-01
-1.052265284520293998e-01
9.123221678453830030e-02
2.774696495053778911e-01
4.287798270384166610e-01
5.248334578427391595e-01
5.530500438322385470e-01
5.167842848617334450e-01
4.203213353716179768e-01
2.824704571880087833e-01
1.235270395983736336e-01
-3.183041864541447108e-02
-1.631078742591560715e-01
-2.527483852206897641e-01
-2.893463710488730634e-01
-2.747836464095985143e-01
-2.112975253977941170e-01
-1.125492086485709864e-01
6.095752076490379423e-03
1.255845648756419575e-01
2.304396874266341211e-01
3.070296132879113404e-01
3.457597609177340825e-01
3.472349249527844073e-01
3.122354092461039343e-01
2.497863869811536297e-01
1.704377593387906842e-01
8.731099235443617879e-02
1.084222678600110790e-02
-4.926051101857498171e-02
-8.564435142726978256e-02
-9.822704071649790425e-02
-8.660898331053601407e-02
-5.545315243528681215e-02
-1.093207053162059683e-02
3.945204111243350020e-02
8.997725359090846808e-02
1.345459854102952768e-01
1.680030829346006449e-01
1.897408107159277435e-01
1.982408035620937259e-01
1.933779761899043770e-01
1.771356095241518602e-01
1.534765288691817275e-01
1.245919051690991264e-01
9.238613527326022812e-02
5.982826184587586305e-02
2.871712372018619952e-02
1.875720635910793632e-03
-1.597298808866220998e-02
-2.291269270461626650e-02
-2.005312485583743420e-02
-6.786773786834454647e-03
1.807022863937146617e-02
5.274859501601447676e-02
9.357970165213025382e-02
1.369213355008080946e-01
1.753500202428934784e-01
2.028942389442320859e-01
2.160305368741417542e-01
2.118803590540181414e-01
1.884537924870646197e-01
1.471747144688524411e-01
9.404831557863913005e-02
3.401824479580572991e-02
-2.323291599757804082e-02
-6.811188773573140232e-02
-9.300914789524894477e-02
-9.317918046460371695e-02
-6.635468814791134484e-02
-1.410998590132339636e-02
5.496404293394863139e-02
1.337292249521524479e-01
2.091760993912601396e-01
2.687091652243625006e-01
3.021091348851825398e-01
3.029762872275476582e-01
2.691167803977045914e-01
2.027151005650302817e-01
1.149811485656777599e-01
1.559328865092490801e-02
-7.888634749558276482e-02
-1.529672903896237557e-01
-1.941122862949380412e-01
-1.944329462747605985e-01
-1.520280343680650015e-01
-6.988964603800740250e-02
3.807546760132884955e-02
1.595711395861918458e-01
2.745331463696543128e-01
3.645751296638486405e-01
4.148601364510031697e-01
4.159755169069367930e-01
3.661738373983673966e-01
2.691187554399661064e-01
1.411564419051707375e-01
-2.970701528794195134e-03
-1.398635949730965278e-01
-2.482734986281407430e-01
-3.109098982228427621e-01
-3.165887610481147307e-01
-2.631964662977989144e-01
-1.545789945847648728e-01
-8.879737165358503326e-03
1.571884601318904728e-01
3.172395347008107880e-01
4.472874966150042209e-01
5.273152011947006557e-01
5.439485247849356053e-01
4.938284494396136814e-01
3.801507635411329744e-01
2.218108912003065036e-01
3.668470039058369103e-02
-1.464343531278127220e-01
-3.010962823916888409e-01
-4.042359848833637637e-01
-4.397729830242684823e-01
-4.019398755110463739e-01
-2.921693162500041963e-01
-1.287203877322912193e-01
7.047778112656954974e-02
2.750443006767084864e-01
4.565182828062708253e-01
5.885146462865118444e-01
6.517268422657018778e-01
6.366392624769987574e-01
5.416310395698566982e-01
3.827135641692931411e-01
1.765364250378107513e-01
-4.595440339416767550e-02
-2.549254244194636421e-01
-4.205724672564943312e-01
-5.199739966451081274e-01
-5.384616395831608449e-01
-4.700425276619154547e-01
-3.269083580091896035e-01
-1.230741556023063898e-01
1.106141535467792814e-01
3.435263955914233946e-01
5.429146383950642640e-01
6.823913499107241432e-01
7.420693408920209233e-01
7.111666076423097671e-01
5.972085050824569308e-01
4.104296971459784338e-01
1.778705010298802236e-01
-7.137416941331886644e-02
-3.014841714415893437e-01
-4.830295820240965154e-01
-5.898977570898068512e-01
-6.056268578208010567e-01
-5.333541344050298783e-01
-3.784613815326981490e-01
-1.620070068318878453e-01
9.019556899774427983e-02
3.414843044111739445e-01
5.607789601864792139e-01
7.172166312144667710e-01
7.882611501044209934e-01
7.683449036806808685e-01
6.569909997935239332e-01
4.705940707159121938e-01
2.308333260455468494e-01
-2.659119500725970475e-02
-2.711205602303515816e-01
-4.695960110822731126e-01
-5.942868224176520719e-01
-6.310978390008821215e-01
-5.735785700593314385e-01
-4.320256171044647431e-01
-2.222316485726674173e-01
2.380857445284823015e-02
2.773777809023965091e-01
5.037432997901760690e-01
6.725496175304230828e-01
7.637736706485447336e-01
7.649506760678790318e-01
6.788578149748480950e-01
5.147218206004409158e-01
2.989741691311280647e-01
5.632298775649435818e-02
-1.794502019872697973e-01
-3.775113895928443597e-01
-5.136661291253541428e-01
-5.706623189029358389e-01
-5.439138201302498032e-01
-4.357974310152159525e-01
-2.657052327609517040e-01
-5.271991651720353556e-02
1.726063580856334045e-01
3.810894237308244392e-01
5.464628504058408609e-01
6.483885542309222316e-01
6.759034928124714181e-01
6.250832219568287496e-01
5.077184545657300596e-01
3.364588567607607050e-01
1.369398101383034749e-01
-6.497927672371806018e-02
-2.428218455502458850e-01
-3.748532521553851193e-01
-4.446389405569116660e-01
-4.428941239993239298e-01
-3.755039797519602596e-01
-2.493644989648967636e-01
-8.340590488427523930e-02
1.010880510806613231e-01
2.782052946439981245e-01
4.260079119302042638e-01
5.240668040656022431e-01
5.590564472717329814e-01
5.322669723933077801e-01
4.459464303607461044e-01
3.128976655796222861e-01
1.501555060366934757e-01
-1.709820769454672984e-02
-1.679776840244435743e-01
-2.809110200695869031e-01
-3.394617018598707903e-01
-3.393657187009014864e-01
-2.795301697466832103e-01
-1.698922132782502148e-01
-2.453657723655511269e-02
1.322891172231523971e-01
2.807564747506878788e-01
3.987731001930401309e-01
4.676270367727792809e-01
4.789528450834894535e-01
4.298060303952910832e-01
3.288934674023080706e-01
1.886358028911041540e-01
3.321718864287359629e-02
-1.171434318900343996e-01
-2.385652895752964353e-01
-3.109291418975435040e-01
-3.240381604538672411e-01
-2.736959900960385106e-01
-1.681966398135020802e-01
-1.998403398938353170e-02
1.452946923338118701e-01
3.060006357841658087e-01
4.358473202952490855e-01
5.128733620303305152e-01
5.252404459986337315e-01
4.678483359833587318e-01
3.493595946677183761e-01
1.830704410001777749e-01
-2.974935447344062567e-03
-1.847966380094026029e-01
-3.329206908123526487e-01
-4.227844808068655924e-01
-4.403443401737361373e-01
-3.791287295017352621e-01
-2.478722740564434091e-01
-6.058870778477021268e-02
1.522388440898363449e-01
3.640354206056255482e-01
5.416509893662235786e-01
6.572262763099909755e-01
6.935129068620982107e-01
6.415942437031700862e-01
5.089572819209191579e-01
3.091866481782925558e-01
7.408214784791056218e-02
-1.679169793847308245e-01
-3.802534683336408206e-01
-5.316083526849106899e-01
-6.005731907775584411e-01
-5.745839502628946605e-01
-4.579564813414781499e-01
-2.619980141205336954e-01
-1.771524687882852778e-02
2.462749134630572989e-01
4.912340323316986002e-01
6.830303688279699692e-01
7.956786601625898125e-01
8.121033592454078853e-01
7.314146649094583896e-01
5.605584812821742258e-01
3.270727836049491799e-01
5.742313266764464963e-02
-2.095095546473590975e-01
-4.382412533062768345e-01
-5.986353215215152179e-01
-6.689597772639722661e-01
-6.415982887314444216e-01
-5.174053178183073420e-01
-3.178279200163560692e-01
-6.472968386529509566e-02
2.053503349559449020e-01
4.576056630359675026e-01
6.590337591896640035e-01
7.840101762671931596e-01
8.175837024626513294e-01
7.536396833048126798e-01
6.057818231904996686e-01
3.894228279921070346e-01
1.369119199132260434e-01
-1.194847379806924792e-01
-3.460210632952651633e-01
-5.148930403280600476e-01
-6.050675362896893450e-01
-6.042269723255481173e-01
-5.187138839674791946e-01
-3.570702619386313392e-01
-1.431302806737818623e-01
9.644451788198349362e-02
3.282389676779509102e-01
5.242081720231444031e-01
6.588153523503026410e-01
7.147406480607114698e-01
6.921102329204158465e-01
5.925675699394734597e-01
4.311531552401317580e-01
2.280095599060234512e-01
1.316752211872573852e-02
-1.877571959437074334e-01
-3.482543544278198233e-01
-4.472930553716166768e-01
-4.770887030318184951e-01
-4.339586116941095417e-01
-3.270964371994490305e-01
-1.703109811339970081e-01
1.104626753853832355e-02
1.953305769253270707e-01
3.577510767798641744e-01
4.764207195122316385e-01
5.392487300771968695e-01
5.392001083460131738e-01
4.804566547162412160e-01
3.713158812584891333e-01
2.316580678693174189e-01
7.868309973152776138e-02
-6.568403703156888707e-02
-1.814743327021455244e-01
-2.561290856848620345e-01
-2.813409355313370996e-01
-2.578140925837801856e-01
-1.900502288144914065e-01
-9.288625653574367202e-02
2.114223170248430428e-02
1.343782097302823608e-01
2.303001432405837878e-01
2.981877106234183117e-01
3.305696198077103798e-01
3.266727494101786533e-01
2.888746797950443312e-01
2.277970354785494589e-01
1.517821658172322508e-01
7.370268809364466378e-02
5.968295973795889608e-03
-4.386678240562946751e-02
-7.045336301980198446e-02
-7.291923637619879273e-02
-5.282935544807298989e-02
-1.756217302630291854e-02
2.795331413935264742e-02
7.537391277071470164e-02
1.162552687982705280e-01
1.506067287321497528e-01
1.757609105485375967e-01
1.884912232437732094e-01
1.855710758141970729e-01
1.637738772561492251e-01
1.198730365659701480e-01
5.064196273999921338e-02
