-2.016302124955393626e-02
-3.401781721440580997e-01
-5.465194098960208802e-01
-6.532932356916298922e-01
-6.746061507170726390e-01
-6.245646561585360690e-01
-5.172752532022077965e-01
-3.668444430342776563e-01
-1.896019708725932285e-01
6.573633813240498114e-03
2.046665673286975906e-01
3.789404397003452996e-01
5.090462967555804408e-01
5.839664256539371934e-01
5.942879718797420274e-01
5.397743124259208880e-01
4.253796296728653559e-01
2.664059180909010838e-01
7.823810748551029981e-02
-1.168526925868241806e-01
-2.969803514975036807e-01
-4.427407709639719080e-01
-5.387570829841130671e-01
-5.746244012197601059e-01
-5.456915306877281324e-01
-4.591261523240716125e-01
-3.228881720746964445e-01
-1.534188193541969891e-01
3.054353136188581175e-02
2.081912752219812202e-01
3.612640163901514878e-01
4.724742568851287849e-01
5.297531918593256783e-01
5.313987997501063987e-01
4.767999183922733142e-01
3.724705341065819297e-01
2.297774167202806250e-01
6.670686102347378466e-02
-1.007843124680177782e-01
-2.540500215858600974e-01
-3.767971174904922727e-01
-4.592738766213564361e-01
-4.931419365105016439e-01
-4.754608943165028467e-01
-4.085241680289041222e-01
-3.020120032595507986e-01
-1.653705548093148403e-01
-1.371526413542967227e-02
1.368538478311802642e-01
2.715685027653862438e-01
3.777255278945450545e-01
4.441515977133243531e-01
4.642318826201228266e-01
4.403364238545679488e-01
3.744844988232134408e-01
2.725957918361772148e-01
1.447164575256563168e-01
4.720952968044089815e-03
-1.343941981566048050e-01
-2.574970784224789311e-01
-3.526382372024644551e-01
-4.137180114012629639e-01
-4.345156431584012990e-01
-4.117334512836400284e-01
-3.475043685479553002e-01
-2.501826654923052784e-01
-1.274135105045470784e-01
8.454659316520229950e-03
1.435124687278486189e-01
2.649360536622462625e-01
3.616488094100507311e-01
4.229317794648206341e-01
4.422402298496359574e-01
4.204244730914721284e-01
3.583880158647516634e-01
2.605656762919066338e-01
1.359462561253486079e-01
-2.092487814598698037e-03
-1.414041715241467490e-01
-2.669662175407001570e-01
-3.663098636503979710e-01
-4.318344550306624230e-01
-4.560877633592742564e-01
-4.343413287112581900e-01
-3.677801219881460248e-01
-2.643994609780171423e-01
-1.320066653183996630e-01
1.637624261791126301e-02
1.659118904547327578e-01
3.011076589958876504e-01
4.086855522211736425e-01
4.754980023199777417e-01
4.933485972579629841e-01
4.626625816267431190e-01
3.845273955141543798e-01
2.651166454367779313e-01
1.153474954895350457e-01
-4.813806288166411207e-02
-2.100353817749975871e-01
-3.518070508155689557e-01
-4.580575682048046993e-01
-5.191518453657169019e-01
-5.274292930457687989e-01
-4.804376970517917345e-01
-3.816070277187764148e-01
-2.426901660420043294e-01
-7.523028788461416649e-02
1.027948136038991933e-01
2.725303644548462412e-01
4.159109377559042642e-01
5.181204555894969310e-01
5.662580099851572957e-01
5.534654648695926937e-01
4.843962750005894602e-01
3.643312509194354121e-01
2.052908741954149185e-01
2.321864908098314473e-02
-1.612712184272628857e-01
-3.297303321220358407e-01
-4.626413427859494831e-01
-5.453767138783022217e-01
-5.719462706759597115e-01
-5.382179857841756787e-01
-4.472542537741485136e-01
-3.079912594000797643e-01
-1.377893459094402528e-01
4.793343865589805297e-02
2.292645992266000299e-01
3.865541990629810520e-01
5.041736773014247053e-01
5.699739931767973111e-01
5.768642844600568864e-01
5.232871727680081797e-01
4.174342425805606105e-01
2.682990866164258748e-01
9.217697047666817411e-02
-9.271964725288606157e-02
-2.668091924336498666e-01
-4.129469988828997629e-01
-5.148926986675155248e-01
-5.616866789543433214e-01
-5.524707230598082663e-01
-4.872805598684010198e-01
-3.724639394989347485e-01
-2.192977841650131099e-01
-4.534195554358122493e-02
1.329886226008663019e-01
2.961416925145030632e-01
4.274079047881536031e-01
5.161415580835986283e-01
5.532614241244155906e-01
5.346418061330473481e-01
4.619324711124168648e-01
3.449115762823091735e-01
1.933184798727929365e-01
2.350871538938936745e-02
-1.468555016983870143e-01
-3.012157144316996993e-01
-4.251533779778546851e-01
-5.054988434033090838e-01
-5.339596577324186022e-01
-5.113682863894470909e-01
-4.390112074048102553e-01
-3.231616049757370934e-01
-1.748167503677030554e-01
-9.883392059115925221e-03
1.568017796196345959e-01
3.075936306982074431e-01
4.280690421263348977e-01
5.096927715832544337e-01
5.438884691834040552e-01
5.255754065943885056e-01
4.560573669233787264e-01
3.440696521649118100e-01
1.981537154989740923e-01
3.191606708694472161e-02
-1.388190125857104995e-01
-2.974550354544213127e-01
-4.293579286426084662e-01
-5.199325943990960042e-01
-5.594659880290457910e-01
-5.465847903527309981e-01
-4.807123581463704776e-01
-3.661912830775811978e-01
-2.127675347760563662e-01
-3.635554389606032721e-02
1.476958159668833037e-01
3.198109390543493191e-01
4.626280835695961713e-01
5.629950984087768173e-01
6.098131752691930973e-01
5.956242803205937797e-01
5.197331889873033628e-01
3.913940934695565588e-01
2.203805263269340564e-01
2.363442651156844043e-02
-1.794206544446518281e-01
-3.674379763912268837e-01
-5.218551707900915826e-01
-6.246123787580006859e-01
-6.635305130142349350e-01
-6.364499759951207647e-01
-5.433883567385298097e-01
-3.921369264298387725e-01
-1.963662142006357136e-01
2.197012051662694532e-02
2.427052539464469305e-01
4.415050713608938970e-01
5.971065153598085207e-01
6.944642056323722112e-01
7.218434600433896176e-01
6.747383429139173217e-01
5.558891726497936503e-01
3.790233389139558984e-01
1.589822877190489869e-01
-8.017333341936594415e-02
-3.136392226930131422e-01
-5.163081324650263815e-01
-6.670722012091285791e-01
-7.480249893391885951e-01
-7.485937105970976724e-01
-6.718786835569168225e-01
-5.231749989850421612e-01
-3.173962781338215411e-01
-7.440294369226607696e-02
1.782591673989255554e-01
4.152665132882804588e-01
6.092973395399947645e-01
7.391252493671744972e-01
7.938063605235194942e-01
7.656716002298187274e-01
6.572296170666465098e-01
4.783390979084074512e-01
2.507545143390139675e-01
-4.486661902376676281e-03
-2.592633077325919855e-01
-4.862348474973747781e-01
-6.617205422245489022e-01
-7.673116562320276834e-01
-7.917176895027011607e-01
-7.308744789412809917e-01
-5.948656704244590365e-01
-3.956311203878295490e-01
-1.559698883387670154e-01
9.901289211227437548e-02
3.415320972254756171e-01
5.471116792127157513e-01
6.932787395970776423e-01
7.642573215565635625e-01
7.571371003999549654e-01
6.716094138298449590e-01
5.175496267529722250e-01
3.106556579845918264e-01
7.567974926534981606e-02
-1.645262529092136328e-01
-3.837192460942997485e-01
-5.592109627027850305e-01
-6.762754966216764085e-01
-7.228813414257162506e-01
-6.952490710124613615e-01
-5.964030835004028308e-01
-4.400400787849797490e-01
-2.403860637624606333e-01
-1.951519690195102630e-02
1.996845803748619197e-01
3.953922142184462807e-01
5.488950422678340324e-01
6.447878608504742370e-01
6.735592725186507757e-01
6.376993452365826709e-01
5.405704405868509976e-01
3.923216454489435456e-01
2.077095027547442019e-01
6.884310823060735274e-03
-1.912128550273229921e-01
-3.658256711018730289e-01
-5.001870304352868946e-01
-5.852884818952157620e-01
-6.130564104767493028e-01
-5.809629349271889787e-01
-4.925946458513361659e-01
-3.594156295314669958e-01
-1.926151807662950244e-01
-9.268962562016258566e-03
1.722774131748601167e-01
3.355462309789691844e-01
4.661362750098425600e-01
5.512229903403116360e-01
5.827625372700844242e-01
5.616546837032525552e-01
4.892513884749047914e-01
3.714814171264892995e-01
2.191641617101443007e-01
4.775085360054287520e-02
-1.280539528154349682e-01
-2.906487950293282774e-01
-4.252858305987531340e-01
-5.224901081061411601e-01
-5.726124988890559653e-01
-5.685816059295675240e-01
-5.100934292023886485e-01
-4.050410462770354103e-01
-2.611332953034681825e-01
-9.044406256816828193e-02
9.170942774577994783e-02
2.677013125337630584e-01
4.216997739795791400e-01
5.370676155773095317e-01
6.018765477683560849e-01
6.119240803301486675e-01
5.642791276221088559e-01
4.612071118588245699e-01
3.110025301697962874e-01
1.291337214986427728e-01
-6.938121136854624726e-02
-2.643916654939766353e-01
-4.363809252258747939e-01
-5.684544267912652327e-01
-6.468379881564068068e-01
-6.606940203924601684e-01
-6.060983291030381803e-01
-4.908895083855768782e-01
-3.237229006948273424e-01
-1.202474768058621191e-01
1.001656537890336374e-01
3.139760458900775486e-01
5.003373304997935644e-01
6.380484066693286049e-01
7.116912329067808241e-01
7.156073486691736374e-01
6.469050906857254368e-01
5.112099134051555360e-01
3.206958345220380924e-01
9.716356930393521552e-02
-1.394023794262695404e-01
-3.639225447033601624e-01
-5.525447408796695381e-01
-6.861748494852583091e-01
-7.502825894555863462e-01
-7.373766090366676851e-01
-6.468754760071362409e-01
-4.899327533033303039e-01
-2.795465128365769436e-01
-3.874920028093165048e-02
2.078861126635827006e-01
4.340413304849723986e-01
6.168498618489497431e-01
7.355469694942025072e-01
7.764386581802260601e-01
7.389243798242552952e-01
6.248321938230518846e-01
4.457994780011347302e-01
2.190412990737997667e-01
-2.960519321209909016e-02
-2.757547792266549225e-01
-4.916544138728474733e-01
-6.546214652236406195e-01
-7.506885357194884589e-01
-7.689165283467375156e-01
-7.075455524327110002e-01
-5.721811358874526743e-01
-3.801560451553435138e-01
-1.488511138969331737e-01
9.647202348621086720e-02
3.301472219835257516e-01
5.282339453194384582e-01
6.709963384316175450e-01
7.431601312057245501e-01
7.364490389319535701e-01
6.569163054738722529e-01
5.118375561222399117e-01
3.170764725333599099e-01
9.254892228903321971e-02
-1.368577824721056713e-01
-3.486323947357283792e-01
-5.202006669925440807e-01
-6.342100821443854564e-01
-6.834760448689050083e-01
-6.629592275054060346e-01
-5.760494901141197666e-01
-4.322189724417724310e-01
-2.498351194696377675e-01
-4.555204432656845270e-02
1.596834187742459665e-01
3.448363523336550607e-01
4.931350958675628782e-01
5.909286763801246956e-01
6.293856029301663213e-01
6.051430672201694172e-01
5.250810254136104582e-01
3.966140486923508401e-01
2.331890914084673305e-01
5.113428660803620573e-02
-1.312058434157862274e-01
-2.971824644385065994e-01
-4.302692328557862211e-01
-5.181551646325328608e-01
-5.570879439020521851e-01
-5.437567077729171805e-01
-4.797708758117823491e-01
-3.718739078277867316e-01
-2.325262366011956461e-01
-7.365467515893409090e-02
8.923631529948750085e-02
2.408779935626426116e-01
3.692397195560364054e-01
4.632928557540110237e-01
5.132735803848791356e-01
5.146255324245645468e-01
4.714378040471174369e-01
3.871636157935385292e-01
2.685195167578129372e-01
1.263463301370968406e-01
-2.597782127200209956e-02
-1.757964105032174817e-01
-3.086236475518111533e-01
-4.127214427642249550e-01
-4.813757533507102560e-01
-5.080006297934740456e-01
-4.881766579182027499e-01
-4.233492576750178538e-01
-3.217660262433799101e-01
-1.904566177331064036e-01
-3.943344668523440788e-02
1.181346828566702811e-01
2.680751357821438141e-01
3.974345616914825019e-01
4.920921673733096302e-01
5.423745320004600412e-01
5.453027040242133250e-01
4.986903076636899357e-01
4.042268158661621591e-01
2.690983588094577605e-01
1.064184939982806277e-01
-7.101735918257789937e-02
-2.457274288926569739e-01
-4.008244009203861813e-01
-5.216837733198866900e-01
-5.958617437034661179e-01
-6.124860892932786349e-01
-5.673583776023647385e-01
-4.667922499572908501e-01
-3.175867438267340193e-01
-1.324026180001444120e-01
7.194545680243247254e-02
2.742648095764346206e-01
4.554651393254922631e-01
5.949333272879588908e-01
6.772708689575681618e-01
6.953144567705251688e-01
6.444395316176139143e-01
5.273848495945665515e-01
3.536934947841894328e-01
1.422388713053674980e-01
-8.927640654257462671e-02
-3.171398303395186469e-01
-5.178147290746721865e-01
-6.705468132434014850e-01
-7.589207743017363228e-01
-7.712172959935013061e-01
-7.032117333770719902e-01
-5.639134843368108774e-01
-3.639882015446008756e-01
-1.225317760277093715e-01
1.376584221838390576e-01
3.885105382167903798e-01
6.051197586492020886e-01
7.626730049586587512e-01
8.432268670907452357e-01
8.404966907323685454e-01
7.516572547634481349e-01
5.842570564973155189e-01
3.529537294599955910e-01
8.359415043401341450e-02
-1.992260573524480272e-01
-4.649878125835227305e-01
-6.852852856679517712e-01
-8.371557245680968373e-01
-9.036469449347975802e-01
-8.767292206992295389e-01
-7.562812845476607482e-01
-5.564988295119188688e-01
-2.940042282939504537e-01
2.227951459454979855e-03
3.018462729527797705e-01
5.728973503681495938e-01
7.877229235285621023e-01
9.220261524920485563e-01
9.598424058681938043e-01
9.003896011367895635e-01
7.467018689267466147e-01
5.143761868726832720e-01
2.254065933580753356e-01
-8.754658073687004993e-02
-3.938235903816810213e-01
-6.590749330159669794e-01
-8.553111516251477031e-01
-9.649648595558194542e-01
-9.744636034504413624e-01
-8.821469140161560807e-01
-6.956180817809656247e-01
-4.372088464575023536e-01
-1.302492587290557946e-01
1.914370213489589023e-01
4.943559377562289914e-01
7.464587582303157109e-01
9.214454472574300503e-01
1.000000000000000000e+00
9.718002361255082544e-01
8.443306333486939597e-01
6.281785644691240122e-01
3.463135587538588300e-01
2.649249056905000899e-02
-2.954828577889716534e-01
-5.871330088743624831e-01
-8.160127000425291266e-01
-9.573236254452069938e-01
-1.000000000000000000e+00
-9.376219017741833639e-01
-7.773434474108021908e-01
-5.343392143622325285e-01
-2.377221596885245036e-01
8.438879135282784105e-02
3.967959240561389489e-01
6.661935376732568415e-01
8.650385249583225633e-01
9.724767408887668996e-01
9.781986685305419371e-01
8.801214218424708857e-01
6.923195318258144049e-01
4.316605524895620327e-01
1.285559684148225301e-01
-1.851017887746784218e-01
-4.756199043981279573e-01
-7.134964688414027201e-01
-8.731350106395734390e-01
-9.371377602091166548e-01
-9.040038937323959800e-01
-7.758230638692276138e-01
-5.675720869553112502e-01
-3.003809499019877149e-01
-5.760951307895556539e-03
2.867535635894202795e-01
5.444889033326867356e-01
7.406854260203805662e-01
8.592531147924300505e-01
8.872507040728743188e-01
8.230812833689791219e-01
6.734553032167305275e-01
4.584160844690934322e-01
1.984001643708921403e-01
-7.724422134114072858e-02
-3.393358125850239881e-01
-5.610082809901484335e-01
-7.200784155257773378e-01
-8.007174063967579247e-01
-7.944345902781972946e-01
-7.081945116964147857e-01
-5.505224172808620420e-01
-3.393023125848830812e-01
-9.646451424157242993e-02
1.505625761912869898e-01
3.770228547313654310e-01
5.586626989814225119e-01
6.770242167517135368e-01
7.252197027769264892e-01
6.985611423369846307e-01
6.017159323470242516e-01
4.454454914898482443e-01
2.498930062557318532e-01
3.378778272106108815e-02
-1.797815267740763279e-01
-3.683213449260716033e-01
-5.144278191009619139e-01
-6.045503972998131914e-01
-6.313458144689276796e-01
-5.928286716236064180e-01
-4.975630423037616934e-01
-3.547599400186460805e-01
-1.813036101589563520e-01
4.076342273129585081e-03
1.826086566684805845e-01
3.375333725903177928e-01
4.535312652618699314e-01
5.198947645590801248e-01
5.355004232044699997e-01
4.996134461878187771e-01
4.169817130257136295e-01
2.970198179482852474e-01
1.542904212502271832e-01
2.162296629840687601e-03
-1.435676959895262339e-01
-2.691890387048283539e-01
-3.665495103140485877e-01
-4.271132787988132229e-01
-4.451258149353308768e-01
-4.201211015082068068e-01
-3.583041288816497527e-01
-2.651197900447117561e-01
-1.494274087350002667e-01
-2.262531957123814497e-02
1.035063401707478903e-01
2.182370119644043704e-01
3.102420505761300795e-01
3.713900594521359899e-01
3.998160829586776543e-01
3.930194575848897642e-01
3.505934063861058103e-01
2.766972554727735734e-01
1.793348329437844946e-01
6.611528521602050290e-02
-5.197738180552391452e-02
-1.640390493480620160e-01
-2.614461499006150991e-01
-3.356380276100345839e-01
-3.774743488422226401e-01
-3.826160321837420719e-01
-3.536444873887780727e-01
-2.921999399393023777e-01
-2.024047002240960680e-01
-9.247608663816475616e-02
2.657198108953129356e-02
1.445197022299227196e-01
2.485842827221846907e-01
3.286927268648232037e-01
3.792096314984370053e-01
3.944560532795307051e-01
3.708973028109905368e-01
3.104413473098137644e-01
2.208862096462071989e-01
1.087694677095258911e-01
-1.537475732781634630e-02
-1.390482365204215309e-01
-2.498664824831932085e-01
-3.370733108691932323e-01
-3.896072943792481258e-01
-4.010748210963757110e-01
-3.727688272560429894e-01
-3.060557613211012384e-01
-2.062376479207325142e-01
-8.275057216659575943e-02
5.039029189367449924e-02
1.806051013209859502e-01
2.926974256086660731e-01
3.743749051211462398e-01
4.189364269404169949e-01
4.208699046273287614e-01
3.788213332163803404e-01
2.965083563950936529e-01
1.844240231893041759e-01
5.215272576145357775e-02
-8.573680824619733798e-02
-2.139950530067060708e-01
-3.190587218276507153e-01
-3.901406780124415663e-01
-4.183924563541305819e-01
-3.998289920402208208e-01
-3.396015166698306276e-01
-2.427915621262857204e-01
-1.201932881799305797e-01
1.474818693228985289e-02
1.464749473572126703e-01
2.614752625180751799e-01
3.459622349790878459e-01
3.904543806332920752e-01
3.935676638837688479e-01
3.543673171342844874e-01
2.770504222636516189e-01
1.702704236348748790e-01
4.831961043016663737e-02
-7.687438156366899200e-02
-1.908911357386962049e-01
-2.807268857078550894e-01
-3.387885937357622002e-01
-3.589914999120309425e-01
-3.394616826918351871e-01
-2.826224201986394791e-01
-1.972592838408927518e-01
-9.141485233501378538e-02
2.202807444609256038e-02
1.297295425476314712e-01
2.203417262450753089e-01
2.847102000753782836e-01
3.158865564890938060e-01
3.107335398042112562e-01
2.734452494408949885e-01
2.076288319237864499e-01
1.213326073263938376e-01
2.484678978600363131e-02
-7.033654984241355379e-02
-1.543059034739615587e-01
-2.167601073172573667e-01
-2.509757308573675738e-01
-2.574006780872964972e-01
-2.355350824409335742e-01
-1.878700199474045984e-01
-1.204933382907353856e-01
-4.302322648981460329e-02
3.664638886043758426e-02
1.087847908804511210e-01
1.649892315535379517e-01
2.016083333432152624e-01
2.153087207178268070e-01
2.050195528437284143e-01
1.728241726155146374e-01
1.248808466082396151e-01
6.576001467037939641e-02
2.753294067455724914e-03
-5.597419538137293760e-02
-1.046733878700826237e-01
-1.388822263810984836e-01
-1.547139106896194827e-01
-1.508938527465948365e-01
-1.308899645773690112e-01
-9.676186919281026810e-02
-5.341820608073244436e-02
-7.284989335387459519e-03
3.633643272959452553e-02
7.312931034964020860e-02
9.846689472199110504e-02
1.099289803529150955e-01
1.091589493046047910e-01
9.630608007176921781e-02
7.313590282005333343e-02
4.375806253414693536e-02
1.278807065554565803e-02
-1.687284977058733926e-02
-4.137099195145976793e-02
-5.787638878882939153e-02
-6.709734972401015796e-02
-6.818475270415391698e-02
-6.073079094815514445e-02
-4.674122398102431575e-02
-2.922366180941249336e-02
-9.747689387002989037e-03
9.130815319006169162e-03
2.480837354008036399e-02
3.661141687803537437e-02
4.347711855605340681e-02
4.448843676797853419e-02
4.047796382594093245e-02
3.366015950415568447e-02
2.455126736866430903e-02
1.407998350261485676e-02
4.116598815019800739e-03
-4.354651384248731105e-03
-1.058675795024233146e-02
-1.384187023184912935e-02
-1.430777715977793463e-02
-1.319573613186131311e-02
-1.053271258280663591e-02
-6.475526863704450520e-03
-2.070815288846894475e-03
1.914261003991502008e-03
5.129533436093236531e-03
7.278172543877303724e-03
8.346358118845209617e-03
8.845304625102912155e-03
8.666073003817942322e-03
7.682124460393513488e-03
6.318718231647979522e-03
4.931010350398556952e-03
3.479654806560761315e-03
2.077742259230186406e-03
8.383633675022039711e-04
-1.253912095272591287e-04
-7.004308127626091007e-04
-7.736647831079190851e-04
