1.695409124541256141e-01
-3.900717325177015526e-01
-7.553920247542189603e-01
-9.506310765000954843e-01
-1.000000000000000000e+00
-9.277099074986016047e-01
-7.579719112405698400e-01
-5.149971234705759127e-01
-2.281501004497960006e-01
9.266297698754932810e-02
4.134119216549134723e-01
6.918154535635265834e-01
8.945963505948102412e-01
1.000000000000000000e+00
9.938495631349451020e-01
8.798119734027873839e-01
6.689537677587009679e-01
3.909629912518937100e-01
7.580220036137874651e-02
-2.365229767503963521e-01
-5.094579745092683298e-01
-7.116909906818311704e-01
-8.195653788982674159e-01
-8.232773279807414912e-01
-7.210532856697698945e-01
-5.301806116065697072e-01
-2.704747230610445863e-01
2.391062657763276533e-02
3.192238942549192604e-01
5.808058237483910702e-01
7.794841104715493074e-01
8.938261273597689627e-01
9.104035816932711800e-01
8.335775311294997270e-01
6.711181150121074968e-01
4.446275127224064150e-01
1.791431715701388150e-01
-9.239833878310299564e-02
-3.405498206407904238e-01
-5.372703272890417825e-01
-6.608720081703678417e-01
-7.027304641025883258e-01
-6.578090388702969582e-01
-5.338282520382154894e-01
-3.442892974269655681e-01
-1.139531302631571208e-01
1.335095366293541641e-01
3.698708302292481598e-01
5.690909139401909567e-01
7.110896818829026689e-01
7.808937471606840486e-01
7.732912053905043326e-01
6.887605424625926620e-01
5.400538871503577365e-01
3.416244848238889631e-01
1.170248608409201196e-01
-1.095815867390688148e-01
-3.134838258022640822e-01
-4.733849780339244306e-01
-5.719788991868370864e-01
-5.980607943396556436e-01
-5.527984016784794896e-01
-4.398451364560388432e-01
-2.723055823840675460e-01
-6.729368467988494640e-02
1.510376699795494826e-01
3.601124010669214393e-01
5.358248704066268520e-01
6.589221582970954394e-01
7.186454940766897614e-01
7.074429364485519400e-01
6.270919392788181224e-01
4.852970647481564814e-01
3.002986631245530003e-01
9.013766817481450033e-02
-1.208765295751689228e-01
-3.093896604173519416e-01
-4.548755746427658453e-01
-5.413792762398877967e-01
-5.598140290505565497e-01
-5.069750267584511860e-01
-3.914064464484556805e-01
-2.237199258683169045e-01
-2.471358023626579747e-02
1.837206372658723996e-01
3.776466293712554823e-01
5.362352155886103144e-01
6.412690557524889368e-01
6.804358801023973058e-01
6.529678424709550733e-01
5.606522727628724390e-01
4.149231204034538045e-01
2.312273577134560387e-01
3.252502398513756887e-02
-1.601696060970752011e-01
-3.241205260976638414e-01
-4.411134623698198531e-01
-5.012884751927924043e-01
-4.973063675271194306e-01
-4.306552749436817207e-01
-3.082983651804149794e-01
-1.467794753650319972e-01
3.775155300608323827e-02
2.235325570536905726e-01
3.898150900085559645e-01
5.190077167915807532e-01
5.973607517089678520e-01
6.175630703512675623e-01
5.771443644638447612e-01
4.835479879572384121e-01
3.455716889878259757e-01
1.799857241687712328e-01
4.781491164339568556e-03
-1.605904007608766060e-01
-2.989928078308438097e-01
-3.951023921402159189e-01
-4.383892760658057997e-01
-4.278089369294924005e-01
-3.637702493205653420e-01
-2.536238490682034552e-01
-1.085878027038497118e-01
5.415080689379014878e-02
2.182330420595657294e-01
3.648985590284288261e-01
4.785692585121095188e-01
5.493932207582763461e-01
5.693430871703171192e-01
5.361156046478250392e-01
4.525252749341344138e-01
3.293755978767785031e-01
1.777522259079036271e-01
1.482045020525246670e-02
-1.418776821730467486e-01
-2.757062719151727181e-01
-3.727414763654212093e-01
-4.217988853567798957e-01
-4.165435721695053273e-01
-3.598797907316864109e-01
-2.561196462739198099e-01
-1.159109143714869283e-01
4.674710913891622077e-02
2.128859647468854810e-01
3.654884223997274528e-01
4.864759069066166841e-01
5.620380140102230193e-01
5.856685268013404055e-01
5.528775575447748558e-01
4.661868277248626402e-01
3.334417609835662599e-01
1.707483629648991474e-01
-6.339527590648263988e-03
-1.770020996498707921e-01
-3.216827970043624196e-01
-4.236970410522136188e-01
-4.706951451945465825e-01
-4.566701653669363870e-01
-3.809975721332364840e-01
-2.532916754870121467e-01
-8.483812671439083797e-02
1.039885869915719852e-01
2.922595758584989323e-01
4.574178138944153815e-01
5.805323039944219055e-01
6.456305338376666647e-01
6.431476390783295027e-01
5.756204471592245575e-01
4.479922343478057734e-01
2.750470100541124729e-01
7.495007245173379573e-02
-1.269739711421444817e-01
-3.080891658154536472e-01
-4.450866482938473645e-01
-5.207124781296301741e-01
-5.280131416004208988e-01
-4.636610174511653915e-01
-3.354567564029399263e-01
-1.564284395999319122e-01
4.952566716052952955e-02
2.604106031897013285e-01
4.498054347966606858e-01
5.943480355049115538e-01
6.770990818555027158e-01
6.870231169005978078e-01
6.238077305845275422e-01
4.927296962240361733e-01
3.122967134803666944e-01
1.013131242166238621e-01
-1.129801688355530631e-01
-3.049374163486938683e-01
-4.512837851445434811e-01
-5.341904683409621768e-01
-5.441958864944105301e-01
-4.783046603239673455e-01
-3.474812592113178944e-01
-1.646614639163465066e-01
4.539396467717349282e-02
2.578357534935931117e-01
4.462224130687661994e-01
5.884487271954457199e-01
6.671582808968938849e-01
6.717710430350869455e-01
6.059717975399931955e-01
4.758831346615894908e-01
2.988630186905996133e-01
9.513416099153748640e-02
-1.082465840899817788e-01
-2.878298130030572111e-01
-4.212656388463026369e-01
-4.922008785941034414e-01
-4.962076475140937415e-01
-4.315988401762063109e-01
-3.079001073289978629e-01
-1.391701346644569348e-01
5.107740919450587391e-02
2.417720940036853783e-01
4.092819945348378230e-01
5.329933221113953845e-01
5.998720802398038732e-01
6.018237668514276884e-01
5.410054275042461835e-01
4.239197822801326065e-01
2.680840443022936004e-01
9.049383241968178559e-02
-8.593861889749732086e-02
-2.398646826054764425e-01
-3.536873883699236387e-01
-4.141742217494912559e-01
-4.159143302347719784e-01
-3.583288745269262998e-01
-2.518150589357610603e-01
-1.075948421185847215e-01
5.480480555499434026e-02
2.158760528495955455e-01
3.561721318892767663e-01
4.596134064272563435e-01
5.144164994198838770e-01
5.138483166019389703e-01
4.621264657486561234e-01
3.645757080471143663e-01
2.345723446957039826e-01
8.746178742542576323e-02
-5.769334350690591418e-02
-1.842798062237176460e-01
-2.766849871294714269e-01
-3.238575625826483062e-01
-3.240712012252572327e-01
-2.769327941049316566e-01
-1.894577504724106465e-01
-7.200786633461242481e-02
5.888177798198857005e-02
1.886997280741860017e-01
3.014069305727951065e-01
3.832515660948734304e-01
4.266690143221762987e-01
4.267404866697181998e-01
3.850309086918368706e-01
3.064606220925767399e-01
2.031966001726710491e-01
8.640519896618625850e-02
-2.900549145606634571e-02
-1.288104150052417074e-01
-2.020359496733874494e-01
-2.405390505569832138e-01
-2.408331911678850412e-01
-2.028358186224801241e-01
-1.338380637811223961e-01
-4.109622093404929899e-02
6.247845068548718572e-02
1.638346191513899708e-01
2.510711511652932160e-01
3.144472735306207412e-01
3.469413277171764509e-01
3.448670117694181414e-01
3.114751505752788585e-01
2.501996874045187003e-01
1.695386600892445639e-01
7.955836977740871063e-02
-8.004431316172566646e-03
-8.335355130109534105e-02
-1.371896103997046756e-01
-1.633277280170124524e-01
-1.622942349089356862e-01
-1.341221304435086248e-01
-8.249023227312146656e-02
-1.386517324320135636e-02
6.202561857415256341e-02
1.368781248511194981e-01
2.012071147724745490e-01
2.472476759922024314e-01
2.717628972029590972e-01
2.722274882313016064e-01
2.493299087987970175e-01
2.062103063519460378e-01
1.498481657061880856e-01
8.601984092344872046e-02
2.267350507581644692e-02
-3.220496619734858346e-02
-7.318341633531733059e-02
-9.623078209967605989e-02
-9.944926088989658464e-02
-8.292567875150747003e-02
-5.040098275821824902e-02
-4.968589449043769868e-03
4.757699341285825945e-02
1.006823622067263280e-01
1.487993812003582939e-01
1.872498101813107052e-01
2.116565481188232845e-01
2.196964324350023645e-01
2.130222769008671690e-01
1.922490203446434176e-01
1.593223903546368003e-01
1.181293323975127763e-01
7.337771513415392022e-02
2.922249512252528270e-02
-9.078404786658000880e-03
-3.774935935654932795e-02
-5.607023452019910259e-02
-6.220529668545771163e-02
-5.418285051455451473e-02
-3.280912901152044370e-02
-1.465372414006238522e-03
3.748430744278286042e-02
8.034124475231796403e-02
1.226168341349802571e-01
1.606704946739088147e-01
1.909840037429599846e-01
2.091445583248328077e-01
2.129423443811462313e-01
2.032741881694197783e-01
1.802040001793012713e-01
1.443579199887177200e-01
9.906817217050289948e-02
4.963017465212882229e-02
2.023548731120428101e-04
-4.317817674744384160e-02
-7.531238357591196753e-02
-9.326190426974567682e-02
-9.414817171991496370e-02
-7.580871661773547210e-02
-3.921199160177668563e-02
1.142212887845506231e-02
7.233715691020314864e-02
1.365291036425113624e-01
1.963441816690878472e-01
2.442744264885312599e-01
2.744478049232732531e-01
2.812791460077590511e-01
2.623558305349191766e-01
2.206914514283819795e-01
1.591903894445318990e-01
8.415222709185998795e-02
3.817775720277305496e-03
-7.117655280096779613e-02
-1.320546941339008074e-01
-1.694762381227428172e-01
-1.774468790579714073e-01
-1.559147702875566255e-01
-1.055368772129634536e-01
-3.129211321426494941e-02
5.899323352723606639e-02
1.529243314962493994e-01
2.402437903488290338e-01
3.091308896613000901e-01
3.497323670055167977e-01
3.571476483440056970e-01
3.290987150729256516e-01
2.685204760840218530e-01
1.812903923966935338e-01
7.958061035547059348e-02
-2.585745037431896876e-02
-1.210819749805073231e-01
-1.933935425590199708e-01
-2.337058674955567739e-01
-2.362488030234800584e-01
-2.004798546948486360e-01
-1.292659580639149430e-01
-3.298145379587125170e-02
7.850062134577595607e-02
1.902769143987708134e-01
2.880999973863886954e-01
3.596710019670361635e-01
3.959055636230528474e-01
3.920343196819988663e-01
3.472414745469738495e-01
2.688451828550288969e-01
1.644792193007056369e-01
4.867529349891541735e-02
-6.402186749490845763e-02
-1.594381980038861446e-01
-2.261450186109102978e-01
-2.557417647043980224e-01
-2.439012839244563136e-01
-1.944413132162433611e-01
-1.118801489627102574e-01
-7.365020295227453495e-03
1.064866769187247098e-01
2.146536915122583267e-01
3.046416419895097150e-01
3.648996283299417165e-01
3.878547659193689601e-01
3.741489467423479987e-01
3.246097094126434435e-01
2.454868090871555886e-01
1.459908298313827846e-01
3.970920873949812524e-02
-6.158576389347170110e-02
-1.450912850987815528e-01
-2.005896055720935989e-01
-2.237203982043168837e-01
-2.116042584087559630e-01
-1.664360068672989801e-01
-9.340396391210215032e-02
-3.131870883343657042e-03
9.503991719369508928e-02
1.891020203458739779e-01
2.675793272653621546e-01
3.222513264769069075e-01
3.471925050856163875e-01
3.403088788596251302e-01
3.022833128688180437e-01
2.393412690208427396e-01
1.575166804636385365e-01
6.700289513024437760e-02
-2.151799629314632423e-02
-9.819676381809261390e-02
-1.548689728875423111e-01
-1.847344854516163037e-01
-1.841585216134472569e-01
-1.558883749648484196e-01
-1.024111837101101541e-01
-2.949915612850217972e-02
5.484197348088071244e-02
1.403578635865350144e-01
2.180284182030640672e-01
2.781185709442575149e-01
3.136830363195690641e-01
3.229733825503500189e-01
3.043612918788003441e-01
2.593693602484183902e-01
1.927577401669307022e-01
1.133612087826250114e-01
2.879237092532549447e-02
-5.095117078299504776e-02
-1.163032570378543795e-01
-1.604373522745248248e-01
-1.783392602382056769e-01
-1.675463491193615040e-01
-1.285969978908684253e-01
-6.712882896948357825e-02
1.141784926190303473e-02
9.722425898732400817e-02
1.799856594637052609e-01
2.502351213109965666e-01
3.002470891881923176e-01
3.234836427336669207e-01
3.166457771940032195e-01
2.825533536963704684e-01
2.240098586945948878e-01
1.475548773914174827e-01
6.184125793037908991e-02
-2.214909152903299372e-02
-9.525864491156588176e-02
-1.480002743124607667e-01
-1.739386885631922786e-01
-1.725064306666402869e-01
-1.430236476488866426e-01
-8.837047740539394347e-02
-1.461005833333806070e-02
6.825968515367808465e-02
1.517737557666509751e-01
2.256141535474620596e-01
2.806027195793028284e-01
3.113003013614208392e-01
3.140419207497797682e-01
2.886769652694596289e-01
2.377662961780759865e-01
1.687677305302972552e-01
8.840366347630435051e-02
6.678265407835892731e-03
-6.640707708859128200e-02
-1.226983843757388781e-01
-1.559761594065405266e-01
-1.624562982345560957e-01
-1.411194963609132547e-01
-9.611064043497941078e-02
-3.146106862998121478e-02
4.472241797837206434e-02
1.233901514128061816e-01
1.953332101910318919e-01
2.527891078772788180e-01
2.883849033615171198e-01
2.977479869817880598e-01
2.824992012350369119e-01
2.438529267021030122e-01
1.858089671380069863e-01
1.148182290690991092e-01
3.997118403930910446e-02
-3.087552253124337120e-02
-8.881066845171525781e-02
-1.271012449945524425e-01
-1.435118883759269881e-01
-1.359466574627248292e-01
-1.049211726513067378e-01
-5.388583104864541617e-02
1.001598374518963830e-02
8.088295425623881485e-02
1.505959516079380389e-01
2.107959596040756001e-01
2.552665323048604051e-01
2.794088320837586625e-01
2.801852610266832855e-01
2.570986830202119933e-01
2.142178331822883752e-01
1.551934779182420066e-01
8.697079423826026279e-02
1.754685820525470064e-02
-4.538971654319623461e-02
-9.536724397978857404e-02
-1.260101862393212535e-01
-1.335928908543139171e-01
-1.194159990289639373e-01
-8.439264843014016027e-02
-3.164589350621271890e-02
3.310334969395190008e-02
1.016084771492724581e-01
1.670668715749423772e-01
2.214493113372493216e-01
2.584728137751597377e-01
2.758091375025295555e-01
2.710638901589372818e-01
2.439177221799575523e-01
1.971505367072088344e-01
1.369727131671572007e-01
6.869235858002964434e-02
3.012714423558104926e-04
-6.002513541061083036e-02
-1.057730342449405558e-01
-1.319990728403512836e-01
-1.352105222313745303e-01
-1.145192368274262629e-01
-7.359162274002428727e-02
-1.575318904396050268e-02
5.259235597155065278e-02
1.237252533049244541e-01
1.893846947478672327e-01
2.426088828618269133e-01
2.762730939491604421e-01
2.861031403764768832e-01
2.730884365409429471e-01
2.378634354638478055e-01
1.835533702557234914e-01
1.159104580325214240e-01
4.351826412789905341e-02
-2.631096675209620983e-02
-8.485109492709308476e-02
-1.250674998247559566e-01
-1.438001065706633330e-01
-1.385469040879295788e-01
-1.093498196930039468e-01
-5.912209586356798052e-02
5.249726847625257875e-03
7.788677432287949287e-02
1.502588047254529435e-01
2.136422906832906587e-01
2.611601811801260720e-01
2.876696169978778528e-01
2.896423375678536249e-01
2.662641183429836911e-01
2.215967355456722743e-01
1.594240036910234970e-01
8.727558589182571325e-02
1.366991153446028839e-02
-5.301994709119373095e-02
-1.057699538134042605e-01
-1.377923825940297053e-01
-1.451131457161903837e-01
-1.291584287847922230e-01
-9.104710478510025240e-02
-3.446379087500162086e-02
3.435715794549309976e-02
1.065473909871121894e-01
1.748026824711383931e-01
2.308023093775688483e-01
2.681147530900760412e-01
2.845998909029703317e-01
2.780510809575615916e-01
2.485818410227562669e-01
1.993677957566737380e-01
1.370618580830818001e-01
6.728548230856534751e-02
-1.921890481309529441e-03
-6.237592667226965482e-02
-1.078012477242720202e-01
-1.334674955323807977e-01
-1.362342728749780241e-01
-1.154464750097152770e-01
-7.485261353490169078e-02
-1.782126164786179690e-02
4.938043198382580101e-02
1.192127124114641390e-01
1.838426675260160792e-01
2.366303193495655766e-01
2.707397932899804349e-01
2.820188964030394541e-01
2.713749297307810338e-01
2.392924128272904127e-01
1.884073421433105633e-01
1.239992423612017447e-01
5.399365442636261392e-02
-1.477271291766057981e-02
-7.391444226798971062e-02
-1.165841055683641825e-01
-1.394590873392549391e-01
-1.396739696337618852e-01
-1.164491180932251124e-01
-7.195784579515263069e-02
-1.210190583270109865e-02
5.805146160898111418e-02
1.306624063969574756e-01
1.973218748295628711e-01
2.508387963042477686e-01
2.855724697909063359e-01
2.965873840322239552e-01
2.818569645044584071e-01
2.446599509821398843e-01
1.879013662212096758e-01
1.175657147944104697e-01
4.140269472210156287e-02
-3.174523396905437611e-02
-9.429304239629177076e-02
-1.381508249790852627e-01
-1.579508485654101957e-01
-1.531990245965795250e-01
-1.234936938986752608e-01
-7.123823009975738252e-02
-1.868898078415281994e-03
7.563125441769180668e-02
1.538700475241177035e-01
2.235766825066591856e-01
2.764321884359817183e-01
3.074348900005992036e-01
3.126564328788843383e-01
2.907143015239763706e-01
2.433725829498174509e-01
1.767917475433724572e-01
9.675798323129569667e-02
1.274961624742987354e-02
-6.544300713001105496e-02
-1.289619118190118430e-01
-1.707596846323904405e-01
-1.851201706342022746e-01
-1.695420670129396123e-01
-1.274488859044132782e-01
-6.217337849581783260e-02
1.932625696814604943e-02
1.082080294181959612e-01
1.937131721903413428e-01
2.666065233902981113e-01
3.172575871334373243e-01
3.392708357410052500e-01
3.320687441814258456e-01
2.953686808914690598e-01
2.326126826588816865e-01
1.503347917379576071e-01
5.922897595683274119e-02
-3.150124058626602164e-02
-1.106981387278941353e-01
-1.685976192223161974e-01
-1.993270565290675700e-01
-1.988937241427752856e-01
-1.670232966819882314e-01
-1.065710400865590435e-01
-2.586984585165352790e-02
6.740760685107849426e-02
1.618506401645938286e-01
2.460764177494509930e-01
3.104101175232591991e-01
3.475016057097695121e-01
3.526039710995487741e-01
3.243018190343194274e-01
2.674047571441073856e-01
1.869278981763295988e-01
9.325885169553860266e-02
-2.409917524717974935e-03
-8.866134834155348088e-02
-1.559196830575985127e-01
-1.955159021118859641e-01
-2.023201083946462031e-01
-1.781591680902647745e-01
-1.250187181463976449e-01
-4.904854774940425877e-02
4.105454011059128661e-02
1.331663009131558439e-01
2.171349090704095541e-01
2.822238016556293250e-01
3.205705884411511608e-01
3.302398887540825001e-01
3.095831411610039385e-01
2.610436290246802571e-01
1.902974673692594543e-01
1.075517173962672324e-01
2.141932127216339410e-02
-5.735809826189308680e-02
-1.187766240927792261e-01
-1.564267648973279856e-01
-1.661338601868662668e-01
-1.475542509577447703e-01
-1.028122163077279660e-01
-3.920050310808664840e-02
3.668544319184996461e-02
1.147953273546868935e-01
1.851775367571883990e-01
2.398985020273942670e-01
2.729350664308929364e-01
2.810247695444372251e-01
2.634592933149937366e-01
2.244802674720185465e-01
1.680276271542506805e-01
1.022476465710371318e-01
3.579315766606128157e-02
-2.333594404973671210e-02
-6.855643344569262165e-02
-9.449336418377840552e-02
-9.836376652618594729e-02
-8.243153005024661528e-02
-4.839414459545909875e-02
-1.309977998682265721e-03
5.240460410698766225e-02
1.055402646514835840e-01
1.520062547860059343e-01
1.856482683268774192e-01
2.026666325372352695e-01
2.039105165663732677e-01
1.893901769083994324e-01
1.614299447019749145e-01
1.242598154572294167e-01
8.375084288886847084e-02
4.444596095826836013e-02
1.156310105395164101e-02
-1.073970043564431709e-02
-2.186340775157591398e-02
-2.103487994877484279e-02
-9.023182674792407099e-03
1.182393078621868376e-02
3.736848522330049605e-02
6.479419993040602677e-02
9.039183345453394303e-02
1.104714314062635871e-01
1.237597542700947795e-01
1.293046873745349323e-01
1.271546173215487574e-01
1.184508182368497753e-01
1.057365189776009462e-01
9.034578000519188912e-02
7.448711521607553898e-02
6.088854731475223936e-02
5.075677684399582112e-02
4.487060133082976243e-02
4.342177837394012307e-02
4.585581043256370393e-02
5.113537146863200711e-02
5.797256774660519696e-02
6.573443192862127304e-02
7.378799667681845698e-02
8.150029465333452627e-02
8.823835852030748050e-02
9.336922093987465310e-02
