-1.259763106778066799e-02
2.263737885422201224e-02
5.087670493200668886e-02
7.218121087656825807e-02
8.661176039890050582e-02
9.422921720999810624e-02
9.509444502085528939e-02
8.926830754246717348e-02
7.432213471573745345e-02
5.101195369901900811e-02
2.063236316551475547e-02
-1.412239748127208649e-02
-4.970309538321460163e-02
-8.236265295342493076e-02
-1.085863328737208811e-01
-1.233181871006044927e-01
-1.238636578324593396e-01
-1.113399547924656119e-01
-8.573375018630680078e-02
-4.762229494592706835e-02
-6.565633292855421743e-04
4.915526204959297374e-02
9.743072862496404696e-02
1.376339566144904047e-01
1.639968322102824949e-01
1.737564267886506642e-01
1.649589758529799166e-01
1.369581012434331058e-01
9.200232288938980929e-02
3.593053167627657807e-02
-2.670677073566352089e-02
-8.826712098568612053e-02
-1.406760603321636216e-01
-1.776360238617209486e-01
-1.946606554994800842e-01
-1.884138926585038343e-01
-1.585478034812165538e-01
-1.094993134728075024e-01
-4.500552996485129853e-02
2.744564102432089925e-02
9.912046611275981967e-02
1.613556728552292263e-01
2.071933451983469787e-01
2.296590543681875651e-01
2.252142035983384361e-01
1.964779290419824687e-01
1.453332814181851340e-01
7.672545180698109313e-02
-1.745494377131562302e-03
-8.016343832574868156e-02
-1.503688711791926202e-01
-2.030393058751021051e-01
-2.315378865126881403e-01
-2.349111525942454426e-01
-2.121450995834873732e-01
-1.649474652454467893e-01
-9.837676548807028354e-02
-2.140170887325332227e-02
5.876614583258432667e-02
1.326829510897387099e-01
1.913867399367679134e-01
2.295610575749171822e-01
2.432443365226506504e-01
2.305434354119446638e-01
1.926163029036758179e-01
1.351687589958048274e-01
6.295029029049170610e-02
-1.559097987650837069e-02
-9.113466706659101302e-02
-1.561749854421298211e-01
-2.045323765928275250e-01
-2.303585180732030668e-01
-2.307845877795281497e-01
-2.084598221967712828e-01
-1.649856349358636010e-01
-1.039031384436108763e-01
-3.164487877010047079e-02
4.380857235725144072e-02
1.156713452128250719e-01
1.756829303077012128e-01
2.179031886002698037e-01
2.408607781872467157e-01
2.416906898883603994e-01
2.181971615241820039e-01
1.724320935657608356e-01
1.100357886442182576e-01
3.553949734418204720e-02
-4.416574740404788368e-02
-1.210842607226617629e-01
-1.878428197076500439e-01
-2.378542824402214428e-01
-2.636481068614654477e-01
-2.614094624371214870e-01
-2.328398196792841324e-01
-1.790063308300574585e-01
-1.029281462805874403e-01
-1.136216178176807645e-02
8.551185020689100469e-02
1.787526877218836852e-01
2.566801477676463605e-01
3.098631941542295820e-01
3.328922983452504702e-01
3.214455143772707579e-01
2.740015529469239652e-01
1.937344645688503508e-01
8.977574737365623392e-02
-2.943975091220762952e-02
-1.503731715516304357e-01
-2.589839329676536517e-01
-3.420984180813035902e-01
-3.896076033669954031e-01
-3.930644077688921767e-01
-3.492362040320610150e-01
-2.640875678864527121e-01
-1.440631283890263514e-01
-2.432588163391424807e-03
1.453074218304049037e-01
2.808035993754331994e-01
3.886046479971023704e-01
4.534210219717900170e-01
4.655279965746992321e-01
4.248759445046701444e-01
3.331264882365754243e-01
1.996947577802308249e-01
3.840736626257146291e-02
-1.295077587477035941e-01
-2.861342478829764779e-01
-4.114441231175075542e-01
-4.890394670171268610e-01
-5.105647105916713002e-01
-4.712498678596053203e-01
-3.748921590402779502e-01
-2.305589094319134835e-01
-5.739395614453490779e-02
1.268955805338392029e-01
2.989883523682728139e-01
4.375474978999975839e-01
5.259465144988848539e-01
5.527117107458165979e-01
5.146107873912646458e-01
4.140398232661026690e-01
2.653375663792363337e-01
8.315097854354291940e-02
-1.089991293709903220e-01
-2.881158828579634124e-01
-4.324078329167513335e-01
-5.247088344841792651e-01
-5.539066912622329086e-01
-5.151255571789836729e-01
-4.158779879866372209e-01
-2.652629135567389218e-01
-8.329368684851423676e-02
1.087180693761737871e-01
2.867511476076431975e-01
4.303506568284198863e-01
5.212853326575532797e-01
5.478354401395730822e-01
5.113999723012667697e-01
4.148803977702750778e-01
2.707489376305167728e-01
9.531942595826392584e-02
-8.801479971635628452e-02
-2.586274715600367369e-01
-3.949847311170130437e-01
-4.806992710268640501e-01
-5.096280505404930938e-01
-4.778687765359690420e-01
-3.906982048093956550e-01
-2.582442544431186038e-01
-9.967388457922410350e-02
6.815068097450271978e-02
2.248426321833416619e-01
3.514514144398270812e-01
4.350228065936683208e-01
4.666437858812035877e-01
4.448261208888257823e-01
3.722703426787596914e-01
2.611431724770163498e-01
1.230723794271397775e-01
-2.442156842842946318e-02
-1.637630176662789872e-01
-2.797939176664125949e-01
-3.603375758548308383e-01
-3.972314749523950805e-01
-3.866767258637227034e-01
-3.340872995667998335e-01
-2.448982003822751663e-01
-1.311822490866650925e-01
-6.652776083438061150e-03
1.144333026766994887e-01
2.195813933956045627e-01
2.969962361072340240e-01
3.386551002300437485e-01
3.445964909527090558e-01
3.145538135012329040e-01
2.523902934453636782e-01
1.656355236957454125e-01
6.567927487507896345e-02
-3.771046260686183871e-02
-1.330108084673502500e-01
-2.103803816510156910e-01
-2.650499426861032681e-01
-2.918536151953756708e-01
-2.877804986740548632e-01
-2.539305214504976593e-01
-1.961489135488325708e-01
-1.192401141806785914e-01
-3.074301319238093022e-02
6.007962940288202880e-02
1.444994592148411972e-01
2.148746700410251176e-01
2.631020437843172299e-01
2.841939644355182537e-01
2.787899662050912220e-01
2.466758620074855912e-01
1.892692311627168777e-01
1.118609897501667838e-01
2.288012342465139959e-02
-6.994772155953432602e-02
-1.560527376240888886e-01
-2.263338451063445778e-01
-2.748515224713713456e-01
-2.959425215034935386e-01
-2.849114478292321673e-01
-2.417404691355276025e-01
-1.722829841173104670e-01
-8.170437002052644004e-02
2.057572066230162200e-02
1.233755013628645703e-01
2.151372267208779832e-01
2.862270117965586280e-01
3.268120563565126702e-01
3.311379042056388222e-01
3.005032582234150595e-01
2.363951782301993987e-01
1.443300495635222447e-01
3.367047539401757383e-02
-8.163878481097863737e-02
-1.899999776906114990e-01
-2.778166977129599147e-01
-3.342083718054810193e-01
-3.541841413065621724e-01
-3.340249983961377511e-01
-2.745672834616073033e-01
-1.812793074824698980e-01
-6.615613438965417537e-02
5.999328417805327440e-02
1.817625024391888999e-01
2.843320289643185284e-01
3.558352400281774575e-01
3.876887047060348923e-01
3.756624292298027523e-01
3.198071206495647356e-01
2.279026306880429509e-01
1.079631045363880215e-01
-2.519198767940555861e-02
-1.560440536215366159e-01
-2.691684057924651485e-01
-3.518596705213804521e-01
-3.931745221317743955e-01
-3.872429196874885848e-01
-3.379418015123473173e-01
-2.492603628872265276e-01
-1.310109235445425790e-01
3.916208117942021616e-03
1.385993193920871391e-01
2.583182706721391941e-01
3.477440975583308003e-01
3.961412213112043279e-01
4.011975280180388737e-01
3.613104525336892081e-01
2.808798877523068782e-01
1.686608963070452827e-01
3.976014553435480714e-02
-9.288257256450116461e-02
-2.136392653955770937e-01
-3.080450279154085536e-01
-3.667535572540386868e-01
-3.834147759171048220e-01
-3.569090828054312103e-01
-2.898888714691005841e-01
-1.923426266507815008e-01
-7.361334744081249326e-02
5.211723913955701448e-02
1.702864741805278914e-01
2.683689625731948691e-01
3.363194555568673749e-01
3.665698986176399998e-01
3.556280118525134704e-01
3.081463206123045140e-01
2.284953051899616394e-01
1.262259453112284380e-01
1.297973943660357676e-02
-9.869213593144210428e-02
-1.977703702147706188e-01
-2.731890707881952096e-01
-3.172481687551843565e-01
-3.290989957207378636e-01
-3.075465046214097553e-01
-2.547069445270773169e-01
-1.765639571731121293e-01
-8.291187539861943900e-02
1.798551804947723376e-02
1.158217690123413135e-01
2.009123589668251331e-01
2.672505352547094315e-01
3.087150117150319062e-01
3.199647988513396601e-01
2.998554037803684569e-01
2.528454942387201587e-01
1.823650812052128867e-01
9.361944051227300001e-02
-5.264381596893907833e-03
-1.047586877321572407e-01
-1.961995499308178958e-01
-2.692416421060412901e-01
-3.163195636461969551e-01
-3.344954375604876073e-01
-3.206150893002948088e-01
-2.731954316172218178e-01
-1.955096258861273029e-01
-9.534563643574867076e-02
1.997240550381373936e-02
1.389917837168670456e-01
2.495278600454120532e-01
3.399225330142723323e-01
4.002827980398255825e-01
4.203875449691056865e-01
3.953440057668471397e-01
3.285628470618087160e-01
2.237738347903441838e-01
8.967781786674966504e-02
-6.109460623867080109e-02
-2.112501681798812925e-01
-3.454337961135977020e-01
-4.459862888325312191e-01
-4.998666138503663481e-01
-5.008868569640416712e-01
-4.453691763981594276e-01
-3.364637187342229829e-01
-1.833399771057649952e-01
-4.421145161887518604e-03
1.836933145467922746e-01
3.586940129770013197e-01
4.995517032416763037e-01
5.887919611928078556e-01
6.139632019254281925e-01
5.694896419444621660e-01
4.564925523863763157e-01
2.880807619961769372e-01
7.887351399106679040e-02
-1.459525444244917924e-01
-3.610889032948630950e-01
-5.399523019334193652e-01
-6.609910083715095919e-01
-7.067688826999278806e-01
-6.680472680290651111e-01
-5.512249572930620900e-01
-3.653065127670434009e-01
-1.311154841606256838e-01
1.268200727285706542e-01
3.759120286043171610e-01
5.878533526208131743e-01
7.347211471570602725e-01
7.967447952561748092e-01
7.684557165154877190e-01
6.489911420452063595e-01
4.518081976589398696e-01
1.966620368000513430e-01
-8.348443849593623067e-02
-3.590085922381271999e-01
-5.959987575286020967e-01
-7.649535959498783289e-01
-8.461045036424397203e-01
-8.276492491899459791e-01
-7.122713257166761736e-01
-5.098168848806343689e-01
-2.470752582532953490e-01
4.924948748711344138e-02
3.424052095797034401e-01
5.980320825014160402e-01
7.859558802225978802e-01
8.834618264989413383e-01
8.793899212524083353e-01
7.712610083836153319e-01
5.749749783798518976e-01
3.091076292017618243e-01
7.524334075919902887e-03
-2.956070479500471082e-01
-5.642105951009368514e-01
-7.679127734117576765e-01
-8.824833479866219799e-01
-8.928780579702860765e-01
-8.027364024977002854e-01
-6.194674778892272915e-01
-3.654921751498458882e-01
-6.791808809414845438e-02
2.361820116939059577e-01
5.137521216296501159e-01
7.316681542728136201e-01
8.646279739220499305e-01
9.019473913787927621e-01
8.372890076341312771e-01
6.791350900720651840e-01
4.435290422093842722e-01
1.607248351810000031e-01
-1.405054153749275558e-01
-4.247561881881791734e-01
-6.596441902463028306e-01
-8.198404001025139110e-01
-8.869477876140874351e-01
-8.549392323071483002e-01
-7.254302412807454026e-01
-5.161856206073099917e-01
-2.470127161170107000e-01
4.999303979121272334e-02
3.424475302254688103e-01
5.974091561239762704e-01
7.871165721842052765e-01
8.897116415079764362e-01
8.920185168230170270e-01
7.981366263789428928e-01
6.154939785277071529e-01
3.646964025431693734e-01
7.125745276861761290e-02
-2.300818073607452385e-01
-5.075137151783548628e-01
-7.281809513751960061e-01
-8.667410867560609855e-01
-9.107611994164510616e-01
-8.526842097097235840e-01
-6.988994087800433075e-01
-4.638008427425670543e-01
-1.766064558798259299e-01
1.343241561369765691e-01
4.326519047744969981e-01
6.845595579660277430e-01
8.616628239580579329e-01
9.429847756770062261e-01
9.191201658962504517e-01
7.894351203382350413e-01
5.710929864685934110e-01
2.841767997219710740e-01
-3.634165117277399215e-02
-3.550797155445732933e-01
-6.347311953517751348e-01
-8.438750937717165446e-01
-9.571270357955562469e-01
-9.589207459545544543e-01
-8.528035509629647848e-01
-6.469005452803037182e-01
-3.655036265248189364e-01
-3.803735029977883819e-02
2.948017144161536596e-01
5.966330511641761980e-01
8.305490561250497006e-01
9.685032711887138213e-01
9.981278979124268425e-01
9.127206961432370314e-01
7.228300852849269820e-01
4.473730177508683514e-01
1.220603231051844428e-01
-2.192065066955524166e-01
-5.349340514039182537e-01
-7.879867287491778560e-01
-9.496699236275484290e-01
-1.000000000000000000e+00
-9.347896368262048616e-01
-7.586748819405766397e-01
-4.962541680229725083e-01
-1.739252353280600349e-01
1.678873014838633271e-01
4.901275476256097274e-01
7.548323922093098659e-01
9.314256533586933173e-01
1.000000000000000000e+00
9.505458455806967688e-01
7.938651790590267598e-01
5.446671055924532379e-01
2.348310508565900623e-01
-1.013110643474979256e-01
-4.226111996728287856e-01
-6.931362525880794268e-01
-8.807301382017211910e-01
-9.627368418583157617e-01
-9.352714502709117417e-01
-7.993444631744337503e-01
-5.731717143517499613e-01
-2.810497475492045316e-01
3.936612503115011208e-02
3.534633152515536114e-01
6.237337303347436634e-01
8.189256946145171412e-01
9.203689393495098070e-01
9.157589995561052909e-01
8.084688115872347147e-01
6.094779566559798134e-01
3.463849733808324061e-01
4.640271213010960238e-02
-2.543164915787157199e-01
-5.216287831415360454e-01
-7.264478869458923516e-01
-8.462501770256689593e-01
-8.696975494854641830e-01
-7.932956770505101840e-01
-6.304264509804371475e-01
-3.969490319616802987e-01
-1.224595597522381007e-01
1.624483990580694037e-01
4.255827402425398365e-01
6.389536196735738915e-01
7.790890260754541607e-01
8.301752584233155208e-01
7.921231888105442209e-01
6.678941855056308441e-01
4.727539822024833249e-01
2.272295273515563263e-01
-3.894810068845899753e-02
-2.982945711320322824e-01
-5.212548905046536785e-01
-6.839239575227278323e-01
-7.729044308923062045e-01
-7.776872047849925362e-01
-6.984290126610952498e-01
-5.428696655709437380e-01
-3.309367599254630088e-01
-8.268312671064925734e-02
1.739953691520623735e-01
4.115631163431312523e-01
6.047954919332210189e-01
7.332280310387322420e-01
7.824500769784759058e-01
7.454678997900818782e-01
6.303213177320006189e-01
4.470065449161069182e-01
2.150026288218613857e-01
-4.228565723678123778e-02
-2.953231179957823693e-01
-5.177471366651696938e-01
-6.834898970995211265e-01
-7.732530219879203415e-01
-7.798624331879430160e-01
-7.000087036412792063e-01
-5.418490608751687088e-01
-3.203534935763819869e-01
-6.236974224266211841e-02
2.069109222487821587e-01
4.565673246184316358e-01
6.580255249068285295e-01
7.887270957305245744e-01
8.328712648186631373e-01
7.850339664344498924e-01
6.474121004569000082e-01
4.375906830107993972e-01
1.749420003830981507e-01
-1.089437625369359397e-01
-3.824995079600623793e-01
-6.139808709489696925e-01
-7.772852447493904249e-01
-8.524912731367624286e-01
-8.285385617033632633e-01
-7.119018048040052227e-01
-5.123620017205331445e-01
-2.532065560245626568e-01
3.810688876924128721e-02
3.254325719470743117e-01
5.771972889221348435e-01
7.627283401073270408e-01
8.595646892766073410e-01
8.604375301955600186e-01
7.624418178956280379e-01
5.776403506656031528e-01
3.250920459166661836e-01
3.753005264300046662e-02
-2.548747151175025927e-01
-5.168977253932565130e-01
-7.174583188057909178e-01
-8.346826816061319043e-01
-8.542093056896313819e-01
-7.759025167675837054e-01
-6.067862767614131680e-01
-3.705283283930147498e-01
-9.133237682912909161e-02
1.960103031455522338e-01
4.584000932677281259e-01
6.659647413989471243e-01
7.952446113524689331e-01
8.332518716020560490e-01
7.748258098672025085e-01
6.313261083022312370e-01
4.167396241320753258e-01
1.592012588196392020e-01
-1.120479620116233699e-01
-3.649964336125410824e-01
-5.719346054172353977e-01
-7.093344606850703338e-01
-7.614817628995338428e-01
-7.288746146740541221e-01
-6.145360973818172479e-01
-4.339168398988207942e-01
-2.070811325867064623e-01
3.715448898879736284e-02
2.723273145117608429e-01
4.707335742524760835e-01
6.106191959862989904e-01
6.816662564761770682e-01
6.762411405873471892e-01
5.976315456322425224e-01
4.552304085459193406e-01
2.694835759707154832e-01
5.949652170717212307e-02
-1.503477634540081320e-01
-3.365913348956907081e-01
-4.808495525095031198e-01
-5.688543635094510664e-01
-5.936383504538396139e-01
-5.533441931165665739e-01
-4.569519786207202339e-01
-3.142005782479629916e-01
-1.432046735698087048e-01
3.674627985056755364e-02
2.068305443791771392e-01
3.503936281955002396e-01
4.529404203956537422e-01
5.046117833890455540e-01
5.054960271770414515e-01
4.560751378118408361e-01
3.625176876891049726e-01
2.352247841553389840e-01
8.937435491741130278e-02
-6.096244059947741878e-02
-1.996484017954602841e-01
-3.133586649988873152e-01
-3.948097231767753179e-01
-4.362496606912150687e-01
-4.332512061589808283e-01
-3.868033048700193488e-01
-3.042839965431317628e-01
-1.925769156911746327e-01
-6.252243134043844464e-02
7.300049153502174981e-02
2.009767390868653081e-01
3.098035072622891128e-01
3.877986745570907168e-01
4.271006225063829209e-01
4.266969446722037596e-01
3.856874369479146303e-01
3.065455152891456425e-01
1.963536047362550718e-01
6.689677880987576764e-02
-7.054258314371952832e-02
-2.011077631537346866e-01
-3.115368169162417988e-01
-3.919367078289677231e-01
-4.335686711660521331e-01
-4.298754157321205138e-01
-3.798948477694965575e-01
-2.905912177711439393e-01
-1.689033315680180669e-01
-2.738567570749927960e-02
1.192484713879999880e-01
2.548808261460984159e-01
3.656623151043036923e-01
4.378628364131844641e-01
4.625629548487142362e-01
4.392018978809841823e-01
3.683791275939385379e-01
2.566044528401920655e-01
1.149671277393453650e-01
-3.914685538193340975e-02
-1.905692354054747684e-01
-3.213516187521341383e-01
-4.163186152039540788e-01
-4.664447768147241824e-01
-4.650358583994044226e-01
-4.114197700043233930e-01
-3.103139654067340603e-01
-1.748904301079597934e-01
-1.785905423152212013e-02
1.418414781889774101e-01
2.856994281726596974e-01
3.974336032535725760e-01
4.644693863276232459e-01
4.790274419245488247e-01
4.384769550644751490e-01
3.498868549327718291e-01
2.211642129636743892e-01
6.843410563323559792e-02
-9.079597564373576013e-02
-2.374556831932754797e-01
-3.553210523566510126e-01
-4.296376229866505359e-01
-4.512077837446062389e-01
-4.216881134608124748e-01
-3.434279945030070946e-01
-2.259544510978372944e-01
-8.249454847753912023e-02
6.801681440846740756e-02
2.089552346125722604e-01
3.225296511616153605e-01
3.952453030124341016e-01
4.221787262470200197e-01
3.999262964638830020e-01
3.321950633360946092e-01
2.270970263604084050e-01
1.002930540732345221e-01
-3.471440412326620706e-02
-1.612024762973969239e-01
-2.634795918924806024e-01
-3.310518900152741306e-01
-3.567925127749386194e-01
-3.395174676910972522e-01
-2.816522699178161115e-01
-1.936719756980556095e-01
-8.516098747338018971e-02
2.926576382376921970e-02
1.350404401860207937e-01
2.203048543309971130e-01
2.758836595059717123e-01
2.963758757088750251e-01
2.799838602154791634e-01
2.324210923229268477e-01
1.589869703614095187e-01
7.122482930955276181e-02
-1.873576557320499880e-02
-1.000726790684793865e-01
-1.638346733487749951e-01
-2.030280787589214819e-01
-2.138160656845893293e-01
-1.988771527786209470e-01
-1.602272693501759493e-01
-1.044475096360684141e-01
-3.987587105828716005e-02
2.433311504747837084e-02
8.086569134711973916e-02
1.226551310485393120e-01
1.453395951163651834e-01
1.504828825098898371e-01
1.379066692648676096e-01
1.101251762656183519e-01
7.213536284397070730e-02
3.018229327738652934e-02
-1.091612089263727103e-02
-4.542749311512728205e-02
-6.900621370590165338e-02
-8.142727099816637892e-02
-8.183500771381413408e-02
-7.124954822346096783e-02
-5.244859514988287064e-02
-2.944781238530547185e-02
-4.774064598163874074e-03
1.794021634782216879e-02
3.519180963840184972e-02
4.622381488213433975e-02
5.017947794274579820e-02
4.719224208299777068e-02
3.878461941182331785e-02
2.767968407595566838e-02
1.498362227493776899e-02
2.541897986206409499e-03
-7.329265741316315363e-03
-1.506559757929060162e-02
-2.040376817938049925e-02
-2.274130138160490588e-02
-2.147572102598371835e-02
-1.600455095253594529e-02
-5.725315001281150451e-03
9.964462987761324442e-03
