5.113446798619325495e-01
5.107579377984325930e-01
4.522208044580871000e-01
3.484791070072184027e-01
2.122786726121483891e-01
5.636532843919916935e-02
-1.065150983453064804e-01
-2.636167805750481152e-01
-3.899560060493404423e-01
-4.774919300689263180e-01
-5.164852536696740160e-01
-4.996871575438680546e-01
-4.262924977196024257e-01
-3.055639966823490150e-01
-1.467718705434414295e-01
3.249077219481333323e-02
2.135348622670922847e-01
3.760092390014835306e-01
5.024722260222009851e-01
5.767535354659698577e-01
5.886245803243144170e-01
5.384707454230468482e-01
4.286859296875442649e-01
2.696849622830366222e-01
7.645277355854918078e-02
-1.286588846325225077e-01
-3.250013346579406770e-01
-4.890561684347378701e-01
-6.019721031276081824e-01
-6.525344151051146735e-01
-6.328455700879977996e-01
-5.434368895432071245e-01
-3.913995281012017102e-01
-1.947236264329953448e-01
2.877341098944730113e-02
2.539903724587233569e-01
4.563250848222102363e-01
6.131444428213268516e-01
7.067570206407520761e-01
7.250547165927903048e-01
6.630845526541249146e-01
5.297767274324018949e-01
3.360781694117964680e-01
1.031917105283446379e-01
-1.449911196058542018e-01
-3.801350622198829132e-01
-5.774555208986034138e-01
-7.135533154796891431e-01
-7.718940587110199036e-01
-7.481978796551183031e-01
-6.419738078853262087e-01
-4.641763275501585850e-01
-2.317836673818035598e-01
2.749165056939784080e-02
2.881598893054269084e-01
5.206210633863552761e-01
6.988303418627976882e-01
8.041720918109076521e-01
8.233754182584973602e-01
7.537063750330037504e-01
5.999232867836470362e-01
3.806001970081207553e-01
1.157464579847939934e-01
-1.644175679784741773e-01
-4.299680742014365675e-01
-6.513060832090229457e-01
-8.041578547020166168e-01
-8.703419441621467190e-01
-8.399693853244302177e-01
-7.195331860292577542e-01
-5.187103535035674229e-01
-2.592494700716242439e-01
3.296766497188907685e-02
3.240927552085335339e-01
5.836867162011889487e-01
7.814141805960481690e-01
8.943669127672833064e-01
9.127338988456172864e-01
8.316429365709219201e-01
6.598481573573444781e-01
4.133737833621120572e-01
1.219037603240316070e-01
-1.861472645559411054e-01
-4.758658566812207225e-01
-7.150378429072099529e-01
-8.776256621710576411e-01
-9.448057729182357534e-01
-9.093305531938224995e-01
-7.721184850791527055e-01
-5.507274895465072984e-01
-2.653006262494782552e-01
5.074915608750285578e-02
3.636113348169163206e-01
6.383252539355435129e-01
8.452996856944610116e-01
9.608187457411538901e-01
9.701392644151745071e-01
8.759440377465173011e-01
6.852352139976822798e-01
4.194976121564020222e-01
1.054154384272170120e-01
-2.200149130910188378e-01
-5.230295827846042078e-01
-7.686752144709222412e-01
-9.295025258833212733e-01
-9.911797984104081527e-01
-9.444781091843383880e-01
-7.948877313537002776e-01
-5.563197235229067061e-01
-2.580952383825728669e-01
7.070043228431166504e-02
3.923895424936520993e-01
6.717615703648913694e-01
8.785065657363653191e-01
9.895023817077921446e-01
9.934305683257895758e-01
8.875890201241427580e-01
6.866705567396576004e-01
4.088608270739466644e-01
8.699614038228853374e-02
-2.448379406074172593e-01
-5.492133706484747524e-01
-7.936189655328531600e-01
-9.501448594075351251e-01
-1.000000000000000000e+00
-9.419401020146024317e-01
-7.794818584353799817e-01
-5.315272841721855324e-01
-2.228696080297302151e-01
1.097966353914083815e-01
4.319043149890677835e-01
7.058960184847762331e-01
9.013954705810114376e-01
1.000000000000000000e+00
9.889646716372966218e-01
8.704296852068136303e-01
6.552358951573558077e-01
3.708165731759485162e-01
4.491919052747395114e-02
-2.847845192549823823e-01
-5.822554127991406148e-01
-8.149368563223194917e-01
-9.572208000490933788e-01
-9.940176141419938549e-01
-9.192109967230833734e-01
-7.450737297404073090e-01
-4.874864203539696073e-01
-1.775240992416773356e-01
1.517132247591197469e-01
4.625478820275852332e-01
7.218517970642883697e-01
9.002173592134601332e-01
9.769125288538531571e-01
9.478576180707736221e-01
8.139546838504745363e-01
5.916071118617429736e-01
3.035093030685378501e-01
-1.502405253042882194e-02
-3.310225650645338691e-01
-6.078802506149124651e-01
-8.149190575523508340e-01
-9.323564885410454695e-01
-9.459234110253755823e-01
-8.554544945196269623e-01
-6.692580542423769430e-01
-4.117783060774355963e-01
-1.083292951672534254e-01
2.053108080284271608e-01
4.947174877142384020e-01
7.280248413421637199e-01
8.796892115608809792e-01
9.336989236927291103e-01
8.825916792101085040e-01
7.367059584184227905e-01
5.095767954370180597e-01
2.284109581313995552e-01
-7.688127495607544049e-02
-3.706834326337955510e-01
-6.215372231260223312e-01
-8.007346662947617544e-01
-8.876520539976164859e-01
-8.772073905565925811e-01
-7.687211133001791152e-01
-5.758929904577452241e-01
-3.185699914958102230e-01
-2.875299170379186364e-02
2.635475952315919912e-01
5.243774152646050180e-01
7.244215597189693767e-01
8.437293607273792517e-01
8.683421131129906989e-01
7.972352920033245471e-01
6.368295698050872033e-01
4.089161744853304636e-01
1.360750249988649241e-01
-1.492314905027327665e-01
-4.153731905068951402e-01
-6.327906319225172771e-01
-7.776676970329519101e-01
-8.342263199193203915e-01
-7.947451068974418220e-01
-6.683957666912327955e-01
-4.670753263911104902e-01
-2.156172529010478289e-01
5.858499103781955597e-02
3.231597160921066969e-01
5.496010203770149705e-01
7.118783013567617779e-01
7.912652331499723246e-01
7.832955230402700586e-01
6.874039339251873937e-01
5.160976131360652808e-01
2.876079250851768521e-01
3.125023145888161658e-02
-2.262226539921893265e-01
-4.548217746606394440e-01
-6.286001351197281206e-01
-7.306310025819839904e-01
-7.488960658892964695e-01
-6.828860803849243766e-01
-5.389382699425026013e-01
-3.369326765318169103e-01
-9.716649488613093855e-02
1.513255627881771037e-01
3.805115346503826768e-01
5.648241533535518499e-01
6.838765997599070001e-01
7.251236806295213722e-01
6.829489500943608515e-01
5.661243438927980876e-01
3.856849679022795740e-01
1.641305034837095000e-01
-7.407434699453818716e-02
-3.006652501659627941e-01
-4.909399821940637620e-01
-6.225274981834816312e-01
-6.798764713777607493e-01
-6.608999178632916083e-01
-5.663530496855820884e-01
-4.082192097489631966e-01
-2.033979341670535401e-01
2.195983071194462788e-02
2.437979742835845176e-01
4.354014154240497536e-01
5.746281399132162626e-01
6.483193061122394241e-01
6.473438497541086356e-01
5.729907772873517047e-01
4.326977787627936944e-01
2.459045149490772797e-01
3.154165684987186857e-02
-1.843908033275646341e-01
-3.769462355985625512e-01
-5.245796571603549285e-01
-6.106678140644687947e-01
-6.261151169139587136e-01
-5.680389421265829020e-01
-4.462612981967980508e-01
-2.723089142214984992e-01
-6.863416214992579256e-02
1.414235557408802801e-01
3.332029011277732877e-01
4.855391833329185669e-01
5.803466413650297806e-01
6.059808998836448968e-01
5.636702280948870936e-01
4.567390485122959642e-01
2.983603251872553042e-01
1.058302753373858707e-01
-9.617103869488663470e-02
-2.855965348214326571e-01
-4.391620114203789171e-01
-5.389815351816336086e-01
-5.771455711827737645e-01
-5.479884997040731509e-01
-4.553313865218194811e-01
-3.089286869365379662e-01
-1.285683122381637844e-01
6.726041612974942296e-02
2.546900634992363965e-01
4.115590699226954197e-01
5.204873448564490968e-01
5.688124053526399937e-01
5.519282543311478939e-01
4.706452839670274280e-01
3.370261638139220306e-01
1.639956222639766814e-01
-2.678466459193218352e-02
-2.133992572210084981e-01
-3.740453478732449488e-01
-4.906603983604288510e-01
-5.491264641254748335e-01
-5.415784220861599163e-01
-4.729431621431552379e-01
-3.493406967455872092e-01
-1.853071104521145651e-01
1.355634431718932831e-03
1.873539952217644355e-01
3.521376783804401889e-01
4.752656774855728017e-01
5.419100528149667362e-01
5.476303419221599800e-01
4.902382385004528942e-01
3.766525250256220758e-01
2.188152185043643616e-01
3.752510498423644592e-02
-1.485418637951436693e-01
-3.171873030626308765e-01
-4.481598674850256758e-01
-5.271708695903315478e-01
-5.447040208527882399e-01
-4.994433357750237557e-01
-3.950834257608875077e-01
-2.460839975047169892e-01
-6.707455485886382185e-02
1.200159673333414112e-01
2.935526396426588747e-01
4.335024290041302741e-01
5.239447077590417834e-01
5.539518571048165363e-01
5.185608345717294121e-01
4.248454736013205224e-01
2.812240388054021434e-01
1.054801692740712227e-01
-8.267656164957193354e-02
-2.605760136988229947e-01
-4.085872245086541454e-01
-5.085222604236452337e-01
-5.479719109371142816e-01
-5.255986377711001634e-01
-4.421890268139879732e-01
-3.075399085625606377e-01
-1.359638251581217760e-01
5.039149480275950665e-02
2.319134703118257423e-01
3.866927994056554851e-01
4.964594726738744690e-01
5.507971992224838242e-01
5.423948613041056355e-01
4.723414976540993848e-01
3.473106516662032295e-01
1.839624765522436256e-01
-1.545992711796007058e-03
-1.866822984117725293e-01
-3.499450146161107167e-01
-4.729254165510218266e-01
-5.415254560444067167e-01
-5.482245726832079002e-01
-4.909912641141273015e-01
-3.784931724207674097e-01
-2.208208894471431760e-01
-3.747035318594860165e-02
1.510357318704911300e-01
3.227187493170950994e-01
4.587140410866032969e-01
5.423644872916846271e-01
5.630946369176961230e-01
5.220463102043177983e-01
4.219649840197301494e-01
2.741659309837074510e-01
9.404443980942667203e-02
-9.615968519319362251e-02
-2.760963810708196853e-01
-4.235792936885068860e-01
-5.215400895849608975e-01
-5.616612572623312927e-01
-5.379884671604688862e-01
-4.531004317065489007e-01
-3.153471370266655027e-01
-1.428538159780928796e-01
4.735616515258178616e-02
2.327498364129814146e-01
3.918935640687459809e-01
5.071883939297776589e-01
5.655007334819677212e-01
5.603738868872019108e-01
4.909144011783077577e-01
3.672874278306830220e-01
2.008389401864307811e-01
1.221116711967051849e-02
-1.772842932852372044e-01
-3.459245592315944862e-01
-4.753107833445281427e-01
-5.499825717882746989e-01
-5.604732349366980948e-01
-5.091449150885032360e-01
-4.000007000151281078e-01
-2.455153963347677104e-01
-6.205334089415581733e-02
1.276625108117279694e-01
3.034688217111258801e-01
4.442204678126111528e-01
5.338255930592261667e-01
5.655065405684394086e-01
5.343587378740584093e-01
4.438420426933420426e-01
3.031512748248452738e-01
1.305735658000000132e-01
-5.682921913111593781e-02
-2.370322156962869631e-01
-3.893357409034685634e-01
-4.972934829919530841e-01
-5.487830905576382978e-01
-5.386872589667274225e-01
-4.670792789234455844e-01
-3.443647140029787446e-01
-1.819241920850663830e-01
5.809651294530482346e-04
1.828042446083673056e-01
3.440482102627893113e-01
4.668460014780970724e-01
5.365822307277690051e-01
5.444850684249400441e-01
4.934440563240611866e-01
3.876165711627976851e-01
2.389374084414828125e-01
6.302138165884341170e-02
-1.187273120972061058e-01
-2.870149103744175090e-01
-4.215437917844713223e-01
-5.069309414375962053e-01
-5.367035904349841680e-01
-5.064398400934910782e-01
-4.196758229882261437e-01
-2.852638541344235668e-01
-1.207962683179635288e-01
5.755486576308066482e-02
2.291070204696818990e-01
3.741654005601622313e-01
4.772553421381890981e-01
5.270213787776463210e-01
5.183859060478908098e-01
4.513170869576195177e-01
3.357972138349254454e-01
1.825705297031823271e-01
1.050638134392722911e-02
-1.609087431130050705e-01
-3.124424228961066863e-01
-4.278718218517518768e-01
-4.937536591583191470e-01
-5.020716646095870761e-01
-4.556649750053689552e-01
-3.584562509017548138e-01
-2.215069601631933782e-01
-5.949295650557617776e-02
1.075879817316796050e-01
2.621117220319169050e-01
3.856477952498718054e-01
4.643069097743259821e-01
4.928201243266818743e-01
4.671073635444222827e-01
3.900955261919318851e-01
2.699082770521015195e-01
1.223015417518757975e-01
-3.825098267397286644e-02
-1.929888733953860624e-01
-3.241300990407247617e-01
-4.179401387220162967e-01
-4.642812258817967663e-01
-4.588424705368990830e-01
-4.017464734886595501e-01
-3.016928791104435126e-01
-1.679166463153711764e-01
-1.660257976977408401e-02
1.352662509633588694e-01
2.707920098881844151e-01
3.756388757832851422e-01
4.375196751466341460e-01
4.491424304302831239e-01
4.131091980930410301e-01
3.324616700085969434e-01
2.161229503579842337e-01
7.647672155068030442e-02
-6.947649153203017125e-02
-2.063900345442953865e-01
-3.177368364987994687e-01
-3.911004134138724719e-01
-4.215301884749588224e-01
-4.050835431113546381e-01
-3.436384463283931323e-01
-2.437634594614962458e-01
-1.189175278338137076e-01
1.881231548647632756e-02
1.535174498585445413e-01
2.696661178006780624e-01
3.551870674349033585e-01
4.010704549591719292e-01
4.026172216841374940e-01
3.592056499242126666e-01
2.779484810155781194e-01
1.662640215541586475e-01
3.809885853711070247e-02
-9.174143165431003499e-02
-2.089206545175181784e-01
-3.012356451322230066e-01
-3.579326253885012354e-01
-3.725301208974822753e-01
-3.470581931319007829e-01
-2.837252317995514472e-01
-1.895561101885016031e-01
-7.494376838688310283e-02
4.565417503717728032e-02
1.596695691009910600e-01
2.534242860596229718e-01
3.166559411328160323e-01
3.457797655207464071e-01
3.372042551389795584e-01
2.916863257854638292e-01
2.144324281691778467e-01
1.161388603520343565e-01
6.203049972994145733e-03
-1.025593639145220282e-01
-1.974838190012039307e-01
-2.688696641927973419e-01
-3.093911330040337582e-01
-3.150275985563859571e-01
-2.851057752907636411e-01
-2.251538737686322733e-01
-1.405949328286445477e-01
-4.160546527577513309e-02
6.042994882156116354e-02
1.541676863342631432e-01
2.299511747137596984e-01
2.786259598040086161e-01
2.946751032211678556e-01
2.798295391675937882e-01
2.353524665275914529e-01
1.658232110961739281e-01
7.895068149781248046e-02
-1.430231540032178561e-02
-1.043228560177448250e-01
-1.800381843994269815e-01
-2.329694108435205191e-01
-2.599653466857232420e-01
-2.579719750859661431e-01
-2.270085690407925849e-01
-1.707553324011252815e-01
-9.742185890397692116e-02
-1.378735388169816112e-02
7.052984801357675693e-02
1.454837096434997701e-01
2.034704859874745253e-01
2.387246997985146280e-01
2.471716595777566639e-01
2.277507659221649217e-01
1.849007284326913414e-01
1.224441257346684520e-01
4.804615273917822726e-02
-2.928992447229938900e-02
-1.009795685887445726e-01
-1.597731679067052601e-01
-1.984706383582963696e-01
-2.128115253799812701e-01
-2.042993993075981063e-01
-1.736770131020393126e-01
-1.239752086133260045e-01
-6.115855196518993342e-02
6.301852537004881682e-03
7.168364020136031023e-02
1.270330091603206757e-01
1.661139087011076487e-01
1.872660495207827402e-01
1.882219393742310398e-01
1.684298392308798409e-01
1.305669382640433085e-01
8.039960393213418932e-02
2.239703417934779672e-02
-3.653728735962635810e-02
-8.911701030105434462e-02
-1.302651802671616066e-01
-1.560446159540325173e-01
-1.634424012277795324e-01
-1.518320922569690312e-01
-1.245746250042288894e-01
-8.397959410679134429e-02
-3.457092365588521066e-02
1.759469145298786508e-02
6.669503731144765801e-02
1.078903139438298631e-01
1.358086846136909998e-01
1.474649395386451456e-01
1.442757472929849794e-01
1.263707737778594353e-01
9.512582018370618897e-02
5.445606554381599018e-02
9.763489765928667907e-03
-3.471858133842586902e-02
-7.330284501255135421e-02
-1.014674099544856656e-01
-1.181533598652431127e-01
-1.217619212563556541e-01
-1.112959607279380148e-01
-8.831935259063683485e-02
-5.677518939267967024e-02
-1.929492579627489768e-02
1.966685796495237781e-02
5.511751610843829141e-02
8.392311471524505073e-02
1.034208408128873824e-01
1.105634114877735996e-01
1.045931116513043602e-01
8.818307647668821581e-02
6.258762315813348742e-02
3.076377359953563762e-02
-2.817574545819878651e-03
-3.439133371658853466e-02
-6.100838455859691756e-02
-7.898891256388296256e-02
-8.638521465308046654e-02
-8.438519868372917898e-02
-7.297732155569824908e-02
-5.302021058404249310e-02
-2.755582487712615603e-02
-3.739454808384667928e-04
2.625882912165811156e-02
4.891690805963833100e-02
6.481588429859597156e-02
7.408978623290196630e-02
7.580095129902675311e-02
6.891214508763843227e-02
5.470331254424443124e-02
3.594832980066020589e-02
1.413313127840232220e-02
-8.093104261300054780e-03
-2.776603529950982807e-02
-4.353124448959777570e-02
-5.395072286549085216e-02
-5.716089507722232899e-02
-5.317566484063562804e-02
-4.410089697970454026e-02
-3.047293724768540546e-02
-1.343267145879989410e-02
4.527526327816833174e-03
2.140417048504494879e-02
3.580952359371081251e-02
4.573719404897391705e-02
5.020689822404866831e-02
5.014867768900010958e-02
4.538192412764185946e-02
3.587153804765175202e-02
2.316708954685875455e-02
9.256310511637888538e-03
-4.795450682235635753e-03
-1.731915701112873851e-02
-2.683168426186033351e-02
-3.320482309181482794e-02
-3.578668239796822803e-02
-3.369888225269346282e-02
-2.746984449487477331e-02
-1.865294752285739932e-02
-7.864586046046007084e-03
3.802136798514821336e-03
1.479966473467220212e-02
2.425211160846019176e-02
3.129484588036435255e-02
3.448173439910950933e-02
3.344312953711048308e-02
2.921043113855725792e-02
2.207041504317053260e-02
1.304401143183464562e-02
3.727266018209718368e-03
-4.810495034950013071e-03
-1.186113466396210292e-02
-1.663406914892806565e-02
-1.869368075519184380e-02
-1.835737696470629565e-02
-1.562876297659909763e-02
-1.076285655795838903e-02
-4.784905220379553903e-03
9.865331548541966811e-04
6.148198564861040438e-03
1.032886065062554870e-02
1.312272846370565738e-02
1.493378564485614568e-02
1.552809192499360336e-02
1.448205346531761251e-02
1.215514097586223308e-02
9.097447044701834074e-03
5.550116046592501462e-03
1.998324356873304453e-03
-1.071541472647763449e-03
-3.500556275885857715e-03
-5.058484756572112495e-03
-5.495740915745672694e-03
-4.891878301265251139e-03
-3.617176476588435108e-03
-1.755258680295468388e-03
5.107459996489538412e-04
2.799752639101926732e-03
4.853986894366668636e-03
6.509467246388123129e-03
7.608458901070758174e-03
8.125314667617011821e-03
8.236895200880445245e-03
7.911274463009876357e-03
7.090551512173748350e-03
5.941148450154587479e-03
4.668434630906048710e-03
3.358014113685303670e-03
2.091339337021436151e-03
9.457627975726357050e-04
-9.509402892871055002e-05
-9.253027519074974450e-04
-1.297599338104249433e-03
-1.159926950888179320e-03
-6.191991949124897587e-04
2.808397785978300476e-04
1.376363990033269147e-03
2.493742633032924871e-03
3.555483622277533229e-03
4.465095264918117479e-03
5.089917545896716078e-03
5.358405571444624371e-03
5.275212490305491997e-03
4.861195941375351381e-03
4.235648844690631520e-03
3.565195865073977899e-03
3.025559371043318180e-03
2.653804408841553553e-03
2.430065408974613206e-03
2.360718119926552561e-03
2.368189244982055186e-03
2.457450117811177392e-03
2.639864686492909840e-03
2.837958313494759466e-03
2.981925881196501038e-03
3.062485565699102352e-03
3.088068899948837043e-03
3.070134311036865071e-03
3.053917644802561782e-03
3.032889636431557179e-03
2.988077926152854502e-03
2.941186033169618241e-03
2.908321323562557126e-03
2.890662432164292639e-03
2.887123826026849471e-03
2.890910264284896058e-03
2.886226694220894728e-03
2.875913214352987524e-03
2.868429636182945330e-03
2.860982510582310567e-03
2.853618076492647759e-03
2.846427247324090359e-03
2.838211750489705310e-03
2.830960385553416003e-03
2.827454453917743749e-03
2.827102498121014662e-03
2.828355506241164719e-03
2.830819691161279295e-03
2.833447454861692805e-03
2.836213114643992839e-03
2.839835721974992566e-03
2.844155291237271399e-03
2.849115146829284129e-03
2.854644840421416419e-03
2.860485828551029286e-03
2.866726522552820455e-03
2.873629912628850036e-03
2.881050106809501798e-03
2.888588190588015081e-03
2.896039362478175505e-03
2.903282061775147582e-03
2.910630319676643651e-03
2.918116189365438373e-03
2.925771724025194587e-03
2.933628976838242863e-03
2.941720000988023997e-03
2.950076849657312650e-03
