2.555628902773632305e-02
-1.539088919567344060e-01
-2.784030265483385946e-01
-3.533324602087449806e-01
-3.841035383996231900e-01
-3.761226065826425158e-01
-3.347960102194721399e-01
-2.655300947717822435e-01
-1.692157299692345074e-01
-5.021868491424175129e-02
8.367612232411758555e-02
2.142550787841941418e-01
3.251858491708079502e-01
4.059544214774124526e-01
4.452376928222296915e-01
4.327285039676138645e-01
3.660451228800805090e-01
2.540173180119646990e-01
1.051688406695927558e-01
-6.142986877301925830e-02
-2.244331662015713880e-01
-3.616439104872228860e-01
-4.558678748245623691e-01
-4.912336514247840347e-01
-4.600907988949131111e-01
-3.691569547675270790e-01
-2.254029120197196256e-01
-4.775578515584244510e-02
1.406065901821038633e-01
3.111873688540873761e-01
4.427674046250766882e-01
5.155850195343010256e-01
5.173642499824004926e-01
4.526568661523124870e-01
3.267261382657418167e-01
1.576380971195199265e-01
-3.212441320512082754e-02
-2.131434639462159719e-01
-3.625027061610645029e-01
-4.580960135651218623e-01
-4.846047700744570141e-01
-4.432332336832073283e-01
-3.379053425508514730e-01
-1.863075213310766420e-01
-9.434401637892775305e-03
1.638407103602814718e-01
3.113556461503188544e-01
4.119894020754861774e-01
4.498451011736794847e-01
4.246485025171824468e-01
3.394005012472243177e-01
2.104943688173357419e-01
5.693499609842245235e-02
-9.489049473458432971e-02
-2.250228377451005679e-01
-3.145618579943814108e-01
-3.488418187040855933e-01
-3.274386859503092273e-01
-2.530316096872384790e-01
-1.407529375088713008e-01
-7.807176120633085858e-03
1.223118259746169834e-01
2.320677458670652449e-01
3.048080420587919726e-01
3.277444587588280722e-01
3.011787837411423752e-01
2.279710971413502207e-01
1.223130570140007478e-01
3.498425571335506135e-04
-1.163389401607282103e-01
-2.117739859388559909e-01
-2.704819234308751819e-01
-2.810382638492637808e-01
-2.446654273121088297e-01
-1.646643946336662223e-01
-5.475388921500723427e-02
6.899673647957071942e-02
1.849819294173955520e-01
2.772150776252764182e-01
3.296547249420160863e-01
3.308364936784646826e-01
2.824776804427000521e-01
1.883563998613182466e-01
6.232838563409459631e-02
-7.861994234309821472e-02
-2.106430878579561572e-01
-3.159559628899533124e-01
-3.760692798426242822e-01
-3.776718713317639420e-01
-3.220485167808609939e-01
-2.132582110588729929e-01
-6.591894940411713311e-02
1.013521314308714061e-01
2.607274231912501961e-01
3.912709194688599457e-01
4.710883425062888374e-01
4.836395488058544689e-01
4.280369922251159309e-01
3.079398622747133718e-01
1.396438792345042756e-01
-5.620043017419362741e-02
-2.473311687883988919e-01
-4.091674522705871508e-01
-5.159544315998854103e-01
-5.471293597465702874e-01
-4.986962915688991638e-01
-3.733322954779971781e-01
-1.888843726214177732e-01
3.244811863591623435e-02
2.547064228819324594e-01
4.497045821421128409e-01
5.875182582561666589e-01
6.438387189418086631e-01
6.118402913823455247e-01
4.924427993822717564e-01
3.036858221673919278e-01
6.828137266958167473e-02
-1.756647078245846538e-01
-3.976395509239036841e-01
-5.646876891841037249e-01
-6.496105808807319804e-01
-6.429082607150249373e-01
-5.431259395144306668e-01
-3.666848800156351507e-01
-1.350933316661030448e-01
1.138601571119179923e-01
3.495190341887510765e-01
5.379565538321338103e-01
6.504315567797522846e-01
6.749654967697860108e-01
6.073213173155844746e-01
4.603346715563672031e-01
2.522552565187226037e-01
1.755495580019017510e-02
-2.155003989853114810e-01
-4.142658216301760010e-01
-5.500657942046134341e-01
-6.087803591191793817e-01
-5.832021161060332304e-01
-4.808296532345457397e-01
-3.147730527915520993e-01
-1.133297298176467738e-01
1.000505757836689380e-01
2.960828068732976881e-01
4.477320860700937377e-01
5.391781509928164073e-01
5.603018099223084914e-01
5.120444638891139544e-01
4.010730230270573848e-01
2.474043523386273424e-01
6.781669597848827280e-02
-1.133690503357610568e-01
-2.720278012137467005e-01
-3.910314775851039260e-01
-4.575491523762272861e-01
-4.651418370919924161e-01
-4.133950232027442384e-01
-3.137251458355505562e-01
-1.755901634190950578e-01
-1.677226226834960254e-02
1.425148947335981298e-01
2.836528112473766239e-01
3.911801574241302593e-01
4.500870057038548477e-01
4.525435925782705926e-01
4.045852671568908043e-01
3.099386268914483544e-01
1.780475528581886291e-01
2.457770523194247048e-02
-1.292310137002099513e-01
-2.657461270264819264e-01
-3.643767509780699854e-01
-4.111267078735405534e-01
-4.047690627529594298e-01
-3.439900101491419893e-01
-2.349359114144291549e-01
-9.103445735586990217e-02
6.438331414517328710e-02
2.134697330475865407e-01
3.341376005465690469e-01
4.069228773653301712e-01
4.233076561767956658e-01
3.799775828270053335e-01
2.835356319585575768e-01
1.459536843411439744e-01
-8.277258144171129040e-03
-1.600300596658191798e-01
-2.852300457994497718e-01
-3.625266488387992592e-01
-3.819844460171909484e-01
-3.398722207104326598e-01
-2.440049400188394335e-01
-1.070054993513135377e-01
4.500351461953333576e-02
1.918634548245743421e-01
3.089501352517638466e-01
3.749900805146031413e-01
3.815296766860623023e-01
3.263243377054296790e-01
2.197417401169978746e-01
7.631149957555627417e-02
-7.618202961515407878e-02
-2.167523413414907951e-01
-3.213748638650922862e-01
-3.698157449353839388e-01
-3.561940494427605630e-01
-2.806408949542694709e-01
-1.564042940625782752e-01
-2.224943203199547526e-04
1.587760750308360169e-01
2.988882360632980628e-01
3.969124814285343028e-01
4.336163820011798009e-01
4.052022303113531621e-01
3.136531996645437470e-01
1.740627845608202495e-01
4.683741352497161614e-03
-1.646691185407780367e-01
-3.117324387426111398e-01
-4.135583680180788813e-01
-4.510638338039159034e-01
-4.207756493031628020e-01
-3.249257641172353939e-01
-1.785205498094143417e-01
7.538476035695573785e-05
1.811702800504386701e-01
3.421696628146360109e-01
4.593845251026713594e-01
5.126508805432246074e-01
4.965458735482652930e-01
4.115241686637005625e-01
2.703500037777246678e-01
8.989151920268789731e-02
-1.009801936403612599e-01
-2.795861537784242179e-01
-4.204568177596921252e-01
-5.012209735166807123e-01
-5.125981488581006218e-01
-4.515924221134356431e-01
-3.271852837089301858e-01
-1.535641012184796317e-01
4.154858992875132273e-02
2.355442643011456116e-01
4.004541921119288972e-01
5.110850543381348920e-01
5.534252551733342962e-01
5.203696031392510690e-01
4.168677590293237145e-01
2.542130060084009102e-01
5.931894941529636256e-02
-1.451417164678473481e-01
-3.284258531724653096e-01
-4.625249134215259073e-01
-5.291047149218912615e-01
-5.174897613532116747e-01
-4.297127541945988671e-01
-2.750597791911434387e-01
-8.068208789293762617e-02
1.301283506701356174e-01
3.238619540223497406e-01
4.701188290013122995e-01
5.476324531757552627e-01
5.435854732610225781e-01
4.591802017608572761e-01
3.033999089381911318e-01
1.051260089530052788e-01
-1.108113491806930195e-01
-3.082228781162201781e-01
-4.548208796239463503e-01
-5.280745414638412516e-01
-5.147121233134682727e-01
-4.173911824851527230e-01
-2.467101032563893126e-01
-3.482665266868478771e-02
1.908034825221049946e-01
3.912472693739708074e-01
5.325370230159602869e-01
5.920455968016307136e-01
5.572005749128265961e-01
4.336072087886069237e-01
2.348143996052556304e-01
-2.706406163881514004e-03
-2.479777930547051312e-01
-4.590082781457573979e-01
-5.998690846382865871e-01
-6.479662279816490456e-01
-5.915057379047419239e-01
-4.391198501639531626e-01
-2.074655336232381631e-01
6.268139617887569237e-02
3.365818835506775297e-01
5.689062989174944462e-01
7.212037611727282194e-01
7.699855033738187693e-01
7.032206346351366211e-01
5.311080643505530219e-01
2.721835578408058343e-01
-2.978761534122564836e-02
-3.370815453112410154e-01
-6.012338153973992849e-01
-7.808780931710356255e-01
-8.501418168213062954e-01
-7.950026562354508552e-01
-6.244463161025874953e-01
-3.563808374054948658e-01
-3.484686102102219074e-02
3.014483944336165955e-01
6.020244291084639876e-01
8.228934378242556136e-01
9.344673248712902502e-01
9.189049840611451803e-01
7.805988542921584727e-01
5.335822559156842004e-01
2.183484208811090621e-01
-1.285189693129142885e-01
-4.567974353749082450e-01
-7.212164295260135027e-01
-8.879372809705422531e-01
-9.341161380261165936e-01
-8.563990267842311876e-01
-6.617432217420429197e-01
-3.830063950826623209e-01
-5.107258097401656816e-02
2.871133701450956366e-01
5.871852536402684120e-01
8.116153044244958092e-01
9.323817502204259089e-01
9.359711036878459733e-01
8.198126300703838520e-01
6.058614495802718825e-01
3.162589993758806450e-01
-7.432251552990876142e-03
-3.237816959689860941e-01
-5.934693213713966298e-01
-7.845917042528132157e-01
-8.741165676003006535e-01
-8.500002442301255456e-01
-7.231665348291540507e-01
-5.057783706573555360e-01
-2.274248508936700386e-01
7.777755030320498975e-02
3.690541864988146070e-01
6.124510769156741308e-01
7.760368441645024706e-01
8.388161208664350887e-01
8.023338100441843590e-01
6.684800466380047546e-01
4.541285076092382855e-01
1.848169467184952452e-01
-1.009247499071050935e-01
-3.701325751596338254e-01
-5.862997960975093736e-01
-7.205814730507977828e-01
-7.613028128918922777e-01
-7.020311341841583008e-01
-5.526189345422837240e-01
-3.311471105001495552e-01
-7.295802606278467550e-02
1.919234666983440363e-01
4.264497266905504791e-01
5.975558866906574007e-01
6.853666751698868076e-01
6.784405278583320875e-01
5.817821997946579504e-01
4.077867698593475865e-01
1.882899254875125550e-01
-4.931670294433010415e-02
-2.682942257694642674e-01
-4.357312416336078797e-01
-5.304284152851600487e-01
-5.395056825943818080e-01
-4.663703178914292424e-01
-3.215269983437698542e-01
-1.353457515559779445e-01
6.678053963573193919e-02
2.500443436153438892e-01
3.838571689045440216e-01
4.498229215200040265e-01
4.376398622043653486e-01
3.536345969969385550e-01
2.102453914379220912e-01
3.907646336977155244e-02
-1.345877513005557802e-01
-2.780073517102834568e-01
-3.636071567402654470e-01
-3.782540602654866913e-01
-3.168228320648649454e-01
-1.918883224090596196e-01
-2.092210309830866422e-02
1.605567333798694207e-01
3.250682116709242564e-01
4.407111047142289184e-01
4.820446739110544332e-01
4.414191095982582524e-01
3.193817608942413067e-01
1.359189545782513164e-01
-8.504231244737070483e-02
-3.023934931840756013e-01
-4.845389211258898099e-01
-5.983438855562210890e-01
-6.184232514285732396e-01
-5.405164836813363127e-01
-3.690860968842588630e-01
-1.300829191202831359e-01
1.468948225240611638e-01
4.151076114536320638e-01
6.380742982875051705e-01
7.794099137750107875e-01
8.113243931486362470e-01
7.293079244235824987e-01
5.383211911675265249e-01
2.665804060462031444e-01
-5.347014164181329576e-02
-3.712039277795144976e-01
-6.459720464681538710e-01
-8.368371841976238734e-01
-9.115948075458095712e-01
-8.615172402791546613e-01
-6.881146773173200115e-01
-4.171077263725848638e-01
-7.979304395426700669e-02
2.724284299061388026e-01
5.967641049055820712e-01
8.475949981038397585e-01
9.873830101978215978e-01
1.000000000000000000e+00
8.801664955423762482e-01
6.465998051337624730e-01
3.253847462464145579e-01
-3.493236351106110416e-02
-3.922721064138257052e-01
-6.975738881629965915e-01
-9.084812865578129060e-01
-1.000000000000000000e+00
-9.582577252620895214e-01
-7.918677268991913820e-01
-5.186576836740920404e-01
-1.811567427254082707e-01
1.821243055913017717e-01
5.207108362672878688e-01
7.890889045225539800e-01
9.539852278797065210e-01
9.931315979398263050e-01
9.042818037325162095e-01
6.959104681121999203e-01
4.027678015076219253e-01
5.790186282766285331e-02
-2.887896967036748253e-01
-5.907365634131178656e-01
-8.085417425434919814e-01
-9.134544204235951481e-01
-8.940115341536830629e-01
-7.504046745262854534e-01
-5.097780296842899794e-01
-1.992438977821109347e-01
1.334594196924798748e-01
4.426677786769386280e-01
6.858044075979627952e-01
8.304706944922519707e-01
8.591028407167604630e-01
7.661947954342567257e-01
5.731160546896201247e-01
3.019032122985869648e-01
-2.748585294628624887e-03
-2.974398708329196728e-01
-5.392661589892966401e-01
-6.950089553364791062e-01
-7.444168478335894124e-01
-6.793225625847494342e-01
-5.179122311846331428e-01
-2.789232188171318905e-01
-4.116552179840748948e-03
2.657675418722025285e-01
4.894068457985709664e-01
6.348051480992087381e-01
6.818195813862792942e-01
6.221792345391927714e-01
4.733371291558634564e-01
2.528328427095918318e-01
6.117897997106602759e-04
-2.445861095334549429e-01
-4.435534881959555253e-01
-5.663391980246459401e-01
-5.945555354760957423e-01
-5.213920412653747505e-01
-3.652840404200698998e-01
-1.444046586064675619e-01
1.014482309361441903e-01
3.341153016564688549e-01
5.156505606465775493e-01
6.176208554313435961e-01
6.235146136617677470e-01
5.282429594296567110e-01
3.518497784680187923e-01
1.140784325089134743e-01
-1.441166239587292619e-01
-3.837072626321982316e-01
-5.663477054855621251e-01
-6.635985567615461100e-01
-6.594196437632300345e-01
-5.493794697765186363e-01
-3.545291645331147823e-01
-9.590969925528569640e-02
1.839313161207156710e-01
4.442765100784886734e-01
6.448789660861218298e-01
7.556398163133861701e-01
7.589535020381925623e-01
6.492929967864640162e-01
4.471593867811922696e-01
1.737125467309625915e-01
-1.272812177918098975e-01
-4.134563542264981795e-01
-6.419639331668520743e-01
-7.800614645463979091e-01
-8.070249757680804104e-01
-7.146725473975304999e-01
-5.211243416380977322e-01
-2.460294507415323739e-01
6.693019576933068038e-02
3.747551422102237684e-01
6.324396549254787114e-01
8.046776620757691845e-01
8.670338628040399342e-01
8.078241834194970217e-01
6.412866277369941859e-01
3.838574738947104770e-01
7.697573671733648482e-02
-2.376125869850674865e-01
-5.144062862275275982e-01
-7.167166729876564002e-01
-8.166787548103274785e-01
-7.990800179244393897e-01
-6.737828386770539080e-01
-4.528916081464475774e-01
-1.728970671498263334e-01
1.280579758260262935e-01
4.061541289309591463e-01
6.252093083550231967e-01
7.548451738490549179e-01
7.769808960790571817e-01
6.981051356269698527e-01
5.260188062419417498e-01
2.896246794327084206e-01
2.133944105086360565e-02
-2.384819675596072663e-01
-4.563865634378827529e-01
-6.019973447368609509e-01
-6.556345268147905081e-01
-6.202567981245608042e-01
-4.997361246195726192e-01
-3.152794308308329851e-01
-9.279711274462176807e-02
1.324252600294524296e-01
3.318877892447722466e-01
4.780980730842323556e-01
5.507906677253169292e-01
5.490576443828547593e-01
4.739462258982081178e-01
3.400166625095366602e-01
1.665091457895357951e-01
-1.734694272435677309e-02
-1.886040803675557154e-01
-3.237199226757024872e-01
-4.031878580346378582e-01
-4.227910448882566952e-01
-3.812967118073260497e-01
-2.879529480116755913e-01
-1.563554488533684950e-01
-9.865672170974781885e-03
1.337494140080037752e-01
2.545999237978007201e-01
3.343417608238827832e-01
3.661208397737791831e-01
3.469114478734032225e-01
2.817265381280134040e-01
1.797223922014190567e-01
5.955223622886762769e-02
-6.471104764259782982e-02
-1.751211520679989420e-01
-2.542047762760842877e-01
-2.931179210441221539e-01
-2.870664983810509163e-01
-2.375371767650519272e-01
-1.506058018561292622e-01
-4.207942365675976237e-02
7.596211264864227708e-02
1.856935868908893283e-01
2.693783596375773914e-01
3.158029127674248926e-01
3.181455046146133281e-01
2.750478330116978842e-01
1.905432478519031303e-01
7.938446454528058638e-02
-4.672108524489893000e-02
-1.683253296599985793e-01
-2.660117819674774342e-01
-3.253750505540349280e-01
-3.370740132182691307e-01
-2.973368580850039855e-01
-2.087488344559883524e-01
-8.630878620217197206e-02
5.742300182711201906e-02
2.000306727514096217e-01
3.193018923456807379e-01
3.969885759018823013e-01
4.207753394541196013e-01
3.847246480661681289e-01
2.902526488002070693e-01
1.533225254851497965e-01
-1.203022672383646796e-02
-1.798401823443224190e-01
-3.246210535218843063e-01
-4.241723736094669128e-01
-4.630827620638120479e-01
-4.334586824703802188e-01
-3.356362477132512900e-01
-1.866650101028519693e-01
-2.042796670388535851e-03
1.890126058598080583e-01
3.580368593176894709e-01
4.794859940421669631e-01
5.352384758296424572e-01
5.157850853982546280e-01
4.204326267465745559e-01
2.669152559245524525e-01
7.162738026175308192e-02
-1.340887469355318551e-01
-3.198152338741110379e-01
-4.579182783494248898e-01
-5.284725476882627948e-01
-5.208866255223896236e-01
-4.335581835263931927e-01
-2.841902779080449637e-01
-8.916831046285977891e-02
1.197148410150281617e-01
3.115800246051703137e-01
4.583430270473074497e-01
5.394900968633391525e-01
5.439417339611229973e-01
4.693623950461416339e-01
3.325777852867801698e-01
1.489615376810526914e-01
-5.103896355653203543e-02
-2.376795030255403063e-01
-3.840851749203834098e-01
-4.704048842028820676e-01
-4.856274893951177951e-01
-4.268924631876255260e-01
-3.093542211017598076e-01
-1.464917410424309008e-01
3.414909713789304746e-02
2.053343252660684293e-01
3.427433530279582197e-01
4.282385395500361014e-01
4.512987512385955302e-01
4.087431044811598024e-01
3.134947145962920789e-01
1.765483011616972853e-01
2.152117768980876811e-02
-1.277594985747456668e-01
-2.503403287705435742e-01
-3.304452281484100418e-01
-3.581878787438794731e-01
-3.301873651439479751e-01
-2.568837115578054275e-01
-1.465778568599309661e-01
-1.865527938238764616e-02
1.067107859471052578e-01
2.120852052093076257e-01
2.841930566374086808e-01
3.134954690593683146e-01
2.963739191961443087e-01
2.409814955939544312e-01
1.532142140065202440e-01
4.931958118252377510e-02
-5.342012498739290294e-02
-1.408735620908346808e-01
-2.021812085888631261e-01
-2.288790931779191018e-01
-2.177686811707165715e-01
-1.754496431671964674e-01
-1.060833959118619996e-01
-2.216644018464541954e-02
6.189268346228304907e-02
1.337719303977882301e-01
1.845856858113910093e-01
2.068763574236351932e-01
1.980292259279401446e-01
1.644096550495541820e-01
1.088490086650799604e-01
4.025267592463110944e-02
-2.949555207671872292e-02
-8.983577007779874890e-02
-1.333308457883465303e-01
-1.528172017360398538e-01
-1.454326732201068895e-01
-1.163435210502242745e-01
-6.785573801942690331e-02
-7.673240054768770690e-03
5.379981438046499420e-02
1.070382224035084651e-01
1.454784835450624314e-01
1.624652606801948451e-01
1.548753636757422836e-01
1.267501604788092706e-01
8.037743711108458200e-02
2.346908168667738437e-02
-3.412581328800035063e-02
-8.322116023626546788e-02
-1.177646013367813493e-01
-1.318159672431598040e-01
-1.224118543707602980e-01
-9.327616345189337910e-02
-4.683575159604136395e-02
8.951252967681400108e-03
6.438928796940701638e-02
1.107117040870377878e-01
1.422605941591827960e-01
1.539514640001968804e-01
1.433840355805220401e-01
1.142648153239900211e-01
6.903990535706006071e-02
1.533173136283161320e-02
-3.762119717358047843e-02
-8.164271157964231307e-02
-1.114950914120117487e-01
-1.224735900896287699e-01
-1.125942919560920519e-01
-8.581929613962258063e-02
-4.441269047245444135e-02
4.673490280988179535e-03
5.290200514745557747e-02
9.331604775574042776e-02
1.212165066665771285e-01
1.317635083538701846e-01
1.230747856829177422e-01
9.905002091759218530e-02
6.174749491204845064e-02
1.787840217571146084e-02
-2.452107888829813120e-02
-5.984761272582239666e-02
-8.437030004628631730e-02
-9.407963902866411932e-02
-8.760227851699597945e-02
-6.862494081652648070e-02
-3.879232595159975983e-02
-3.460550842997234255e-03
3.036586896274884317e-02
5.784999119928957434e-02
7.646349392274176537e-02
8.403531557631915838e-02
8.016922501806567070e-02
6.847168134932113404e-02
4.983218488588958550e-02
2.712506531386171815e-02
5.602887448608706578e-03
-1.097237365287917488e-02
-2.124097242477329672e-02
-2.490939161505478783e-02
-2.241534991346183503e-02
-1.514918039642376701e-02
-5.358539061835920769e-03
6.044848002478175886e-03
1.814925470869499513e-02
3.004295496899045403e-02
4.081422269554102478e-02
4.955133180052295749e-02
