-1.504466095025139838e-01
3.297343415256337451e-02
1.709928970681615645e-01
2.673100453438768120e-01
3.256231450793043436e-01
3.496304623740407180e-01
3.430302633276813840e-01
3.095208140398244545e-01
2.497665550810044266e-01
1.652339019282904609e-01
6.190302748166609526e-02
-4.650701137783397332e-02
-1.475223301310734092e-01
-2.324692455788993639e-01
-2.919038462980070303e-01
-3.189902229736876205e-01
-3.104369988548508763e-01
-2.694663160598386176e-01
-1.996624255558339112e-01
-1.086266719232541478e-01
-6.054432774853624188e-03
9.607801297838403087e-02
1.875169630667299359e-01
2.578102784119222779e-01
2.994370876071894561e-01
3.107479944427213869e-01
2.901225978512842474e-01
2.394786834619717641e-01
1.642701313218066783e-01
7.408104624734734855e-02
-2.258667728184371448e-02
-1.148327903872777833e-01
-1.924263735464614156e-01
-2.481580626631894049e-01
-2.763999312872830183e-01
-2.744104566168660275e-01
-2.424379970258626615e-01
-1.855831586005689537e-01
-1.088446546303504237e-01
-2.112075037530103394e-02
6.781303567965490942e-02
1.485510125477738086e-01
2.130582591029948070e-01
2.538309089629315896e-01
2.664140378974564349e-01
2.523563461735836011e-01
2.128602965788970458e-01
1.518138271591389366e-01
7.573169492316123019e-02
-6.234368426248249051e-03
-8.589045558669716751e-02
-1.537793447456089480e-01
-2.027204372715402103e-01
-2.299328848854667040e-01
-2.325558454843345002e-01
-2.101930135045082526e-01
-1.656205204274970866e-01
-1.053412671358536778e-01
-3.477901747858658243e-02
3.821716162275312634e-02
1.052841979909342474e-01
1.598581515750150395e-01
1.967910296944939130e-01
2.120336334655050781e-01
2.040474991682799111e-01
1.759878641796206455e-01
1.304430490701495859e-01
7.281536351023731868e-02
9.948096789132332418e-03
-5.122758702200735925e-02
-1.047483863401813542e-01
-1.443903217407008777e-01
-1.661364929872788387e-01
-1.703992717895439490e-01
-1.569079106968408466e-01
-1.269840014010057416e-01
-8.448639429830928638e-02
-3.542570670600075911e-02
1.556478114384796108e-02
6.266824230989542777e-02
1.007998980781319442e-01
1.279843930514814598e-01
1.418413158388005524e-01
1.408524754227626907e-01
1.258911191026315102e-01
1.002484724955055029e-01
6.619283580076085194e-02
2.771078137103155647e-02
-1.040440138216602861e-02
-4.457710257269154042e-02
-7.188960930235743785e-02
-8.942578665534250959e-02
-9.587120353526845662e-02
-9.278647630904424126e-02
-8.060224946812977187e-02
-6.075924578251012953e-02
-3.621773260022731478e-02
-9.922377990108199874e-03
1.578674070434327170e-02
3.785290011059627702e-02
5.429700940012049948e-02
6.546014373928166208e-02
7.054016869074297702e-02
6.902579670543040891e-02
6.209790165959727659e-02
5.173912849531236979e-02
3.886586748838305461e-02
2.471478864562159927e-02
1.081893050917903665e-02
-2.249828539141018879e-03
-1.354033264111920154e-02
-2.206463921471724099e-02
-2.791836051372842409e-02
-3.202709686071769646e-02
-3.418147709205310303e-02
-3.428163512938708912e-02
-3.293624066857547827e-02
-3.042405245055568308e-02
-2.680636365141475519e-02
-2.141517413417737270e-02
-1.380968957094874661e-02
-4.068197548984908707e-03
7.292047804617896034e-03
1.949870415235244181e-02
3.197699444655666134e-02
4.414028943177461528e-02
5.494864603111904167e-02
6.224806337514743326e-02
6.453654128328589756e-02
6.131103024786965783e-02
5.243039014769923511e-02
3.752238415311537345e-02
1.722073900721854400e-02
-6.327356549131413210e-03
-3.152322303470234122e-02
-5.570298802155437823e-02
-7.603117557062211151e-02
-9.045718159556925819e-02
-9.712859772926440982e-02
-9.347191244427088819e-02
-7.878246185855264372e-02
-5.488665827491956417e-02
-2.304163617048715640e-02
1.448797921716593606e-02
5.395146629218539047e-02
9.075718897032314381e-02
1.213811207374648760e-01
1.411593138236606482e-01
1.469165242178078756e-01
1.385869386469151809e-01
1.159718278919259493e-01
7.976677480154448219e-02
3.304391268107909063e-02
-1.877206153827482016e-02
-7.130533730697963257e-02
-1.182406389054362350e-01
-1.537294495807377537e-01
-1.740290288729483548e-01
-1.762842159008831677e-01
-1.585289894935413280e-01
-1.215112575160386399e-01
-6.961012352110984569e-02
-6.621317818738758909e-03
6.057287309271064402e-02
1.242782211319088947e-01
1.773283065959647686e-01
2.139690968958118944e-01
2.284644506274011722e-01
2.180123325097154119e-01
1.849940291914164980e-01
1.314686017835160481e-01
6.183243109823788330e-02
-1.699379900579733871e-02
-9.557740401737624403e-02
-1.660623463128944044e-01
-2.194668146862992497e-01
-2.492499551174334194e-01
-2.533820359238315723e-01
-2.300748667873946385e-01
-1.803189601180804624e-01
-1.085790896329839050e-01
-2.339969801164465402e-02
6.776204396779839101e-02
1.545630798886918900e-01
2.268624797836571449e-01
2.766386546619052922e-01
2.980512743491718908e-01
2.877219258232854848e-01
2.454820299708602160e-01
1.766024234941105941e-01
8.650791141026781261e-02
-1.502302679661238205e-02
-1.171210023588842297e-01
-2.083031117011433508e-01
-2.788660913555351950e-01
-3.195031750791023084e-01
-3.246395927133705062e-01
-2.953353031922393290e-01
-2.330675231087186994e-01
-1.433993877187839106e-01
-3.498540300676711290e-02
7.946910973551912782e-02
1.885226616981894310e-01
2.789246583048250461e-01
3.401962236332460865e-01
3.667576249163682078e-01
3.544650687818811097e-01
3.035416325404816096e-01
2.182743161793145870e-01
1.090392180065562489e-01
-1.436455548233450674e-02
-1.379791991852201694e-01
-2.479366303707002395e-01
-3.320186103082333196e-01
-3.807931835109038543e-01
-3.876742524162746228e-01
-3.503075555352580528e-01
-2.742627080912980464e-01
-1.657606402286366798e-01
-3.689504222209627482e-02
9.862232805302206806e-02
2.252839922541065576e-01
3.296837595458408376e-01
3.989664023067998055e-01
4.244912676616017233e-01
4.052288770216765368e-01
3.415654608402978187e-01
2.398184793540927284e-01
1.100477140041518087e-01
-3.195266245016870066e-02
-1.721198699049756309e-01
-2.941405128479163134e-01
-3.841021379684971260e-01
-4.332679330299190612e-01
-4.351911989246649570e-01
-3.890017658034530257e-01
-2.984433204960962316e-01
-1.747791745567274235e-01
-2.930539279418364895e-02
1.212484983447295050e-01
2.602809483963870463e-01
3.723118730777834617e-01
4.449636841896886796e-01
4.692698660963570134e-01
4.410973985062485170e-01
3.657648460209008690e-01
2.495863248828018577e-01
1.052019958213799011e-01
-5.242450512726404277e-02
-2.048041523855116397e-01
-3.357266975919478424e-01
-4.292598553052406896e-01
-4.740880998621772591e-01
-4.672946817118813767e-01
-4.079295907053120951e-01
-3.021724264316817399e-01
-1.604001755414060648e-01
-3.228838486102336702e-05
1.630094052021544559e-01
3.097830354300146194e-01
4.233300659128296228e-01
4.915737401024680153e-01
5.061666148705126211e-01
4.653914953827704704e-01
3.721988229192705333e-01
2.385613145165124127e-01
7.684510941159139463e-02
-9.416031099026644924e-02
-2.555737939410428483e-01
-3.891591901136360887e-01
-4.801398259809918079e-01
-5.171863540493049083e-01
-4.944980052821728034e-01
-4.174169291174862906e-01
-2.925422755486903892e-01
-1.339085012040283074e-01
4.181244467001543619e-02
2.136951358907992482e-01
3.633196341019855335e-01
4.727011015273174799e-01
5.287565674431551344e-01
5.273393825027383741e-01
4.668809662299018282e-01
3.541480181948239991e-01
2.004841844436004994e-01
2.533497772400217229e-02
-1.538408093036195412e-01
-3.163930887429238226e-01
-4.434495833139673326e-01
-5.213497561115658652e-01
-5.406172802352193774e-01
-4.992293426906074805e-01
-4.001496579149268484e-01
-2.561694500414641862e-01
-8.086465354763883173e-02
1.049241605531943122e-01
2.805775965229291291e-01
4.260759691402276061e-01
5.251406294678528930e-01
5.657781259314378364e-01
5.418089503658878314e-01
4.588323828797304937e-01
3.239992031907024117e-01
1.524343677767796557e-01
-3.796842810471579011e-02
-2.243352979712496253e-01
-3.864978787214160549e-01
-5.048112357239407100e-01
-5.650136944370141023e-01
-5.626353551311555901e-01
-4.960030357691602720e-01
-3.726195092298126843e-01
-2.047422957430656831e-01
-1.339616112580965801e-02
1.820974414263598629e-01
3.589033893703166278e-01
4.963475373501082810e-01
5.792434929443404101e-01
5.973836440892492661e-01
5.490062943267650653e-01
4.375475657609877445e-01
2.774731690815122054e-01
8.404244956525253052e-02
-1.197629182360826494e-01
-3.112382359177567892e-01
-4.683547309330811093e-01
-5.733225248773072824e-01
-6.131635839084792483e-01
-5.813099333722040463e-01
-4.842856575818031972e-01
-3.305315222571360012e-01
-1.378797323353767590e-01
7.325301575046960778e-02
2.775312683404331793e-01
4.527063014790984052e-01
5.776473050187294067e-01
6.370817799756804956e-01
6.265120280657929808e-01
5.448744650823340585e-01
4.015902568224591906e-01
2.110539714665504718e-01
-2.747746342042556300e-03
-2.180588603766145939e-01
-4.098127766825712115e-01
-5.556579577757227995e-01
-6.397706287167088668e-01
-6.514322245073953521e-01
-5.895214525302019393e-01
-4.587623570030506803e-01
-2.758546680426553488e-01
-5.840255750394196532e-02
1.676786637654168466e-01
3.772355212135138913e-01
5.461770751712566874e-01
6.551924554802557310e-01
6.911904125777821317e-01
6.478919506073603785e-01
5.329046430833563885e-01
3.562350323681220399e-01
1.382258660475099710e-01
-9.828010215085625223e-02
-3.250767388345557896e-01
-5.174119966132774140e-01
-6.520712205842333908e-01
-7.124244662320968757e-01
-6.939894601147102993e-01
-5.961582045550017916e-01
-4.300429136642462957e-01
-2.119727376234094018e-01
3.126287211790246268e-02
2.747716082044928676e-01
4.899905218965006082e-01
6.519408444642695866e-01
7.429600832415799161e-01
7.512949589716528820e-01
6.762740749727365053e-01
5.236360423880022097e-01
3.126965655685618461e-01
6.373189920541211251e-02
-1.939316511845526891e-01
-4.318257761171556686e-01
-6.227172412719386152e-01
-7.448583716300307689e-01
-7.835742544319332925e-01
-7.318728883582517053e-01
-5.985176008252637292e-01
-3.951493705291443392e-01
-1.454302051593109324e-01
1.244352290827448471e-01
3.825950133915119178e-01
6.010534981304913593e-01
7.539457181357549498e-01
8.226337402832062384e-01
8.018055439464157885e-01
6.908597066199946291e-01
5.026328117910416893e-01
2.556742408879568718e-01
-1.973672178522123399e-02
-2.955605066836221040e-01
-5.399020693887246480e-01
-7.248516085289048450e-01
-8.306356992778541892e-01
-8.437686875909986561e-01
-7.631779402272226287e-01
-5.950171846676836074e-01
-3.603309704221618892e-01
-8.163215667563361588e-02
2.083550874440145417e-01
4.780114947406699510e-01
6.967903317065120561e-01
8.400508514252060799e-01
8.911529787869911789e-01
8.417981196900590213e-01
7.008791876294302448e-01
4.806806581434235337e-01
2.062691405711576387e-01
-9.418657057572921154e-02
-3.854095448319798667e-01
-6.361317274508666575e-01
-8.170726775698342603e-01
-9.067209530829276609e-01
-8.977945528730865155e-01
-7.883246750332459918e-01
-5.910968659848389040e-01
-3.252031697918649211e-01
-2.284640323715214638e-02
2.855202945196899655e-01
5.646479361037051170e-01
7.830605817824189963e-01
9.170714224587475094e-01
9.504964179384622902e-01
8.805447670273038874e-01
7.120153034161909034e-01
4.662290438882179533e-01
1.665812471746626056e-01
-1.520367459756372108e-01
-4.553729520356307736e-01
-7.093218824799054634e-01
-8.858636210958725776e-01
-9.647195386657646532e-01
-9.346219734102416687e-01
-8.027309224465413173e-01
-5.803122914916296615e-01
-2.931567936000896157e-01
2.929235942170871354e-02
3.493683674027032726e-01
6.331400046657427172e-01
8.479262029153196156e-01
9.689284315077231202e-01
9.856218999183019580e-01
8.934972203260791446e-01
7.038860910466786525e-01
4.351597037377461508e-01
1.202365000817906537e-01
-2.094641871569872249e-01
-5.164940506198176795e-01
-7.668602283271735987e-01
-9.338582800590987665e-01
-9.981301179604771256e-01
-9.537895079297739054e-01
-8.032064377062269056e-01
-5.659096678021191540e-01
-2.642505386676397006e-01
6.646750259479294876e-02
3.911163883658603790e-01
6.734989890559255343e-01
8.831146186751153149e-01
9.966937157377908640e-01
1.000000000000000000e+00
8.968710751570718731e-01
6.956886250304008534e-01
4.198081468797794091e-01
9.708203955414274056e-02
-2.347933328731005576e-01
-5.410865321919279269e-01
-7.867773854514008569e-01
-9.444418049897164158e-01
-1.000000000000000000e+00
-9.452785027390493422e-01
-7.876355245650286108e-01
-5.420239313550576643e-01
-2.387590199711532302e-01
9.212082117466557918e-02
4.128976413308154125e-01
6.885820220191904983e-01
8.895951411716558344e-01
9.935940783978740587e-01
9.904685742145160621e-01
8.784382049906538370e-01
6.731871384825951488e-01
3.938119307208560738e-01
7.360727333922345572e-02
-2.534195021114148405e-01
-5.508171764902511924e-01
-7.870484018037997576e-01
-9.361902378918678380e-01
-9.808497092085965985e-01
-9.204551543183840945e-01
-7.593276521744457552e-01
-5.168325965527573729e-01
-2.175475671589507387e-01
1.029800503412829915e-01
4.115912866586586283e-01
6.732555412704372966e-01
8.595553677390261882e-01
9.536932737854511011e-01
9.440203405924139091e-01
8.331050082116633337e-01
6.314602228299042164e-01
3.647156784619667302e-01
5.909382497549042768e-02
-2.502911208327619486e-01
-5.301044825438542274e-01
-7.503783094913585305e-01
-8.873755203127537960e-01
-9.275537648502777399e-01
-8.652664722735396996e-01
-7.113221540884789862e-01
-4.799893489543578529e-01
-1.987631637564055698e-01
1.028810165550990696e-01
3.908941519537065812e-01
6.351042704732170474e-01
8.086103718386352668e-01
8.920389570241964439e-01
8.806874111363998114e-01
7.743216563048056500e-01
5.863893585893094063e-01
3.359217611844003137e-01
5.315656437812532609e-02
-2.329976302650650366e-01
-4.900333853069276380e-01
-6.901661338066242823e-01
-8.143051508717206177e-01
-8.485188143357416113e-01
-7.909399188667083358e-01
-6.468593332427894360e-01
-4.357269302069776140e-01
-1.781240544390477742e-01
9.613994805862358106e-02
3.576479857398304762e-01
5.781926436305477868e-01
7.345301304760278871e-01
8.101720904233453702e-01
7.960068481330380141e-01
6.986039322023471776e-01
5.272096153607297442e-01
3.022411456832814203e-01
4.731072654489643092e-02
-2.080780065663585532e-01
-4.373529591751228462e-01
-6.152386877270471510e-01
-7.224615272522771914e-01
-7.513906269056812581e-01
-6.982656128838742315e-01
-5.709178416773610376e-01
-3.827738742374653391e-01
-1.578553744760877731e-01
8.137756344130142594e-02
3.083399412509382209e-01
4.983235296565509120e-01
6.324510697573926254e-01
6.966464603846060921e-01
6.859744584847393689e-01
6.012918409650449547e-01
4.552588883069637049e-01
2.621011484845079398e-01
4.485706016579160682e-02
-1.730462457264967391e-01
-3.679534593724557157e-01
-5.196442122925499785e-01
-6.120893694960806153e-01
-6.351591064207141590e-01
-5.909894427453901145e-01
-4.837479492554398464e-01
-3.264200284080452930e-01
-1.355634555945290920e-01
6.617587949697800731e-02
2.579089740150186660e-01
4.180381442202407705e-01
5.295203745450978161e-01
5.839559594892558270e-01
5.753847455813563272e-01
5.062428184625524796e-01
3.840721677164999903e-01
2.252843233173373871e-01
4.562212767981632666e-02
-1.344926201202019111e-01
-2.953194242004254511e-01
-4.205157269366699424e-01
-4.973591886240733562e-01
-5.189687932635396184e-01
-4.831004052732915666e-01
-3.969573430263571012e-01
-2.689045776353280459e-01
-1.150053311205397888e-01
4.758049019436794147e-02
2.009516713573424873e-01
3.293866031478021039e-01
4.190520805181725539e-01
4.605135201683250301e-01
4.533141824221027516e-01
3.981768732859576332e-01
3.022057963552016169e-01
1.760195310924883572e-01
3.547310359129007828e-02
-1.049259779909430534e-01
-2.290372275212538833e-01
-3.237801701431060053e-01
-3.822102894835764930e-01
-3.982294408592503832e-01
-3.710149424885225145e-01
-3.041162599648012943e-01
-2.074532941102258388e-01
-9.051460207343209330e-02
3.296660652922778212e-02
1.491973628159655174e-01
2.463083981111642284e-01
3.146405608964355505e-01
3.475635833030790156e-01
3.419244024645342606e-01
3.016897360008332640e-01
2.309667925138012556e-01
1.383127201253142591e-01
3.414452779163568152e-02
-6.956304700814763819e-02
-1.622074721840802702e-01
-2.333245790738907033e-01
-2.755299072961289175e-01
-2.876729101250865561e-01
-2.686646078940664317e-01
-2.210396154986320472e-01
-1.504431226200927396e-01
-6.635676305081894544e-02
2.280950676782689257e-02
1.067564384137116296e-01
1.762108048664239313e-01
2.255066976332562589e-01
2.499246714888780918e-01
2.473249805693016334e-01
2.185036085979037423e-01
1.687682131998939905e-01
1.028708231747301749e-01
2.910067464470800225e-02
-4.365792805274715249e-02
-1.079916658402965135e-01
-1.576873429976605179e-01
-1.875242557199691129e-01
-1.947312415418950282e-01
-1.813600558527913575e-01
-1.489153366781160726e-01
-1.012794700002813686e-01
-4.434855493039524532e-02
1.471030802591921649e-02
6.992037300524511778e-02
1.146609620154765974e-01
1.443635411365238319e-01
1.588491495172374979e-01
1.567693893992525567e-01
1.381465570960309641e-01
1.057638767026840565e-01
6.454943546921687592e-02
1.841575712418141997e-02
-2.701841616407718583e-02
-6.636995772175757757e-02
-9.662245063334873318e-02
-1.150763601845818940e-01
-1.198172848057963424e-01
-1.109169341521517582e-01
-9.121564247649560642e-02
-6.249364033457638357e-02
-2.806335402180126781e-02
7.645926711885353555e-03
4.091816761916700074e-02
6.868956855862751176e-02
8.759454622281559466e-02
9.594325121399771561e-02
9.504322471525772364e-02
8.499609866465385188e-02
6.671559530844684005e-02
4.288630472754406675e-02
1.666312645693213135e-02
-9.549929579827254322e-03
-3.235243090248118847e-02
-4.923140702528761015e-02
-6.009228402500854660e-02
-6.399637899537025110e-02
-6.007850448183860159e-02
-4.933698806391384473e-02
-3.414613531500332311e-02
-1.579131144018219857e-02
3.600198308497448707e-03
2.152647754972170091e-02
3.675030314429039713e-02
4.793161695291869862e-02
5.315947249051844459e-02
5.212147339376493882e-02
4.645219203373707195e-02
3.655589807415093873e-02
2.362020631038364016e-02
9.845132138096124308e-03
-3.171663866884166794e-03
-1.433214998120835304e-02
-2.226163617297816089e-02
-2.626108575344487939e-02
-2.692763288242006059e-02
-2.414264472737948086e-02
-1.805233324891386548e-02
-1.001091614194460355e-02
-1.735449921676512908e-03
6.154257155547071534e-03
1.290601153466797157e-02
1.776602594114251588e-02
2.105541856619930208e-02
2.241219670256899832e-02
2.135496864004182704e-02
1.841458929606254458e-02
1.446903493034001897e-02
9.820063038623594309e-03
5.023546409208323738e-03
7.762220701781341603e-04
-2.671336060661055889e-03
-5.011106105010210143e-03
-5.949852369209196468e-03
-5.637651770395324391e-03
-4.597938795110501076e-03
-2.888239902405054238e-03
-6.159087990695866210e-04
1.792317991390124376e-03
4.044087423609177279e-03
5.960410464353804727e-03
7.382038225048237479e-03
8.305373122046821877e-03
8.940501830482894263e-03
9.211163436699809637e-03
8.953112367884763501e-03
8.283542520450604130e-03
7.386207870137218023e-03
6.331449123102794729e-03
5.227537708475615830e-03
4.165057502880653573e-03
3.125111779252565114e-03
2.212661908219448748e-03
1.631077771298672374e-03
1.429105492906757036e-03
1.554491777900235405e-03
1.985104149671901297e-03
2.598714195039653063e-03
3.255094689495807714e-03
3.859422597384920550e-03
4.354992018721359770e-03
4.699759074168863293e-03
4.864384880133520994e-03
4.872214764902516038e-03
4.725620560583232432e-03
4.461921863972539981e-03
4.175670625431449068e-03
3.972804784310390858e-03
3.864866941252431687e-03
3.824046100648015312e-03
3.840637104687072423e-03
3.868179383260006432e-03
3.910716951811554765e-03
3.961055474031915935e-03
4.012000613611954591e-03
4.056358034241647204e-03
4.086933399611858420e-03
4.096532373412564709e-03
