1.170852543277272062e-01
-5.122801199951183548e-01
-8.706605447604390813e-01
-1.000000000000000000e+00
-9.422424657455660268e-01
-7.393319220289020777e-01
-4.332123488817724022e-01
-6.582772633594846656e-02
2.887716398684427865e-01
6.120633899002332345e-01
8.646498731864078469e-01
1.000000000000000000e+00
9.912647824306750621e-01
8.476539723899949585e-01
5.819365030072334299e-01
2.456390148836273823e-01
-1.118528415881956395e-01
-4.298199292127355964e-01
-6.604251852973771486e-01
-7.664258981731566500e-01
-7.253942445008872975e-01
-5.488215331472761083e-01
-2.556999942231027445e-01
9.617282508413493858e-02
4.521498435102531133e-01
7.494101975937577098e-01
9.400256138338456413e-01
9.917979771750595752e-01
8.902283856880495172e-01
6.614079333515940906e-01
3.336951904067408936e-01
-2.676058105689926858e-02
-3.594245594855236536e-01
-6.034047446567485373e-01
-7.153838526411719911e-01
-6.775564432605497567e-01
-4.902391529042909868e-01
-1.998911363642437156e-01
1.514748357498776343e-01
4.905905476407859123e-01
7.550171692447900096e-01
8.966467484550029177e-01
8.867805218064450656e-01
7.342428671664815720e-01
4.607982645153614332e-01
1.330983904119917849e-01
-1.948800426927443930e-01
-4.536546780594667982e-01
-5.896656652719522995e-01
-5.826252257582784644e-01
-4.288880274366371204e-01
-1.695033582710447906e-01
1.512093822509532615e-01
4.569923214115900745e-01
6.926721109599447423e-01
8.137359862581532433e-01
7.902374095005144650e-01
6.328543392479473173e-01
3.642545381210089417e-01
5.357130574220692054e-02
-2.403327001304047528e-01
-4.523415644922937906e-01
-5.411849868682717668e-01
-4.956195892069479303e-01
-3.150165453693912765e-01
-4.544693389789733473e-02
2.674574743299407142e-01
5.485627105380117552e-01
7.414108009166167079e-01
8.102078189057944080e-01
7.358837842284631225e-01
5.397086405248161523e-01
2.520524118893225918e-01
-5.810996960583236781e-02
-3.377133701201923133e-01
-5.297497254806009526e-01
-5.925888438420774396e-01
-5.154892327439812849e-01
-3.043972033192213766e-01
-1.417312656924341052e-02
3.051396655536393610e-01
5.861157563614955990e-01
7.809578856163412741e-01
8.567774733213200378e-01
7.930215607677455480e-01
6.075276935666960032e-01
3.259043959518497235e-01
1.225051590627201925e-02
-2.797131892424756794e-01
-4.962254617115695599e-01
-5.989010775318721613e-01
-5.725610518283488215e-01
-4.176939303306321793e-01
-1.742682911463077078e-01
1.237061197280664437e-01
4.163763853431938777e-01
6.521583891458104798e-01
7.915767224860970064e-01
8.097314787009419756e-01
7.088455008155796211e-01
5.022142317976827641e-01
2.379524377655877210e-01
-4.515640013752320048e-02
-2.923520522902907093e-01
-4.580524101497791545e-01
-5.172386395899347677e-01
-4.576205999880322839e-01
-2.964266146304215255e-01
-5.797487816658486448e-02
2.041448959335054880e-01
4.488402601442156303e-01
6.299632947157092211e-01
7.110558505891804160e-01
6.823962928678004580e-01
5.458443792030556185e-01
3.371047783327174585e-01
9.241722581963274230e-02
-1.333528702081318018e-01
-3.014043186519264061e-01
-3.834283230945318977e-01
-3.595799352135953253e-01
-2.399797920454330713e-01
-4.314848306771834618e-02
1.787107114170567446e-01
3.816382142114054243e-01
5.204876185803899435e-01
5.670416655778907078e-01
5.163195545071825876e-01
3.721100127244822975e-01
1.744753740013040844e-01
-4.074566215168307082e-02
-2.175619237357261371e-01
-3.144251425430559799e-01
-3.121500858543234669e-01
-2.040387115869596313e-01
-1.693599418799829337e-02
2.169616601605648398e-01
4.368756319774136365e-01
5.994389599286995551e-01
6.663088647707011702e-01
6.127625765794373347e-01
4.484846571608842591e-01
1.951376289660102792e-01
-8.273965378728576070e-02
-3.310085791949779477e-01
-4.912014756513656266e-01
-5.279898400797826685e-01
-4.351511982271302204e-01
-2.165359291239448147e-01
7.982179862141269844e-02
4.057196728368370753e-01
6.846998799087877785e-01
8.597908204696260714e-01
8.959552892816666780e-01
7.772500660591810107e-01
5.309830483716466709e-01
1.934739492764150359e-01
-1.586485123099242722e-01
-4.667611126554698231e-01
-6.702184384669561679e-01
-7.251237917983661685e-01
-6.226294254837705378e-01
-3.715707471099449766e-01
-3.383095884818498877e-02
3.336342262595417552e-01
6.554951612141675099e-01
8.779687354293972401e-01
9.658074980816382382e-01
8.976127685223933561e-01
6.944775520440471528e-01
3.855306351386125208e-01
4.033833683762022559e-02
-2.826348154935106605e-01
-5.246916215251550275e-01
-6.442230409328243423e-01
-6.259224363821118686e-01
-4.707791248698810493e-01
-2.230332837110532429e-01
8.070206624443865273e-02
3.786552377122149871e-01
6.184644104625709460e-01
7.631523038744296716e-01
7.889067314710580536e-01
7.000278485890494284e-01
5.105848081957864437e-01
2.674237260378937719e-01
7.956603273358897610e-03
-2.175316942300701273e-01
-3.678981362747819617e-01
-4.239023020657710639e-01
-3.770503852914300902e-01
-2.453287166305794242e-01
-5.089232067375337731e-02
1.610368830293407161e-01
3.573795403370816359e-01
5.043518978418191079e-01
5.738963374705190468e-01
5.589526062490925984e-01
4.614714282161997971e-01
3.103914917770682624e-01
1.334150522907824321e-01
-3.140502712931669826e-02
-1.579762288747288412e-01
-2.275686486828203403e-01
-2.252362688743616559e-01
-1.562582198893375240e-01
-3.178227147003842568e-02
1.137616219608916790e-01
2.515733514378282187e-01
3.543881127534014297e-01
4.039596554177520282e-01
3.941951002895185407e-01
3.255254399280884670e-01
2.195024408092840495e-01
9.378565283927864371e-02
-2.034229023358224975e-02
-9.717195462608507750e-02
-1.234136474915946691e-01
-9.307858147352288114e-02
-1.599205432113970371e-02
9.351423760762367365e-02
2.048777020675547345e-01
2.984400477208648539e-01
3.558386973206031367e-01
3.616786580093576120e-01
3.137918593289681368e-01
2.179490876300398394e-01
1.018829713707474216e-01
-1.029976721380643223e-02
-9.124437430943055372e-02
-1.255075969063766950e-01
-1.075271536507271808e-01
-3.448927636041776434e-02
7.685953589563387922e-02
2.081579416692058704e-01
3.248710618743155809e-01
4.011627868476894676e-01
4.219740802334384089e-01
3.790410944735105314e-01
2.798931962102897408e-01
1.391036130723046771e-01
-9.184668155617026208e-03
-1.403386099540518961e-01
-2.253951547437684777e-01
-2.418610084392872617e-01
-1.837230694639381268e-01
-5.531260261402914935e-02
1.130685101505408685e-01
2.924798633823597616e-01
4.433843894565814292e-01
5.395410937200708634e-01
5.623792706033241551e-01
4.994588567738995621e-01
3.612129762338853745e-01
1.652087099070433940e-01
-4.414740539780148687e-02
-2.293902501121550808e-01
-3.535564734377109053e-01
-3.921129733590879018e-01
-3.365362649866893152e-01
-1.889646797215911445e-01
1.921547161544268079e-02
2.593668199235796834e-01
4.816758295477905349e-01
6.443340656353078177e-01
7.168527570298544038e-01
6.818330339584959265e-01
5.454446831693979814e-01
3.242091466048828696e-01
6.546130502398184170e-02
-1.929905692011555374e-01
-4.001876964958852589e-01
-5.149101135249043448e-01
-5.180685282876335007e-01
-4.036232916353057476e-01
-1.951907891076641866e-01
7.741731214277858264e-02
3.572671679878056672e-01
6.012176832929523318e-01
7.649359578115080271e-01
8.144234226888504846e-01
7.429649420990183106e-01
5.565821946987958846e-01
2.977945262677497151e-01
8.230954755502395415e-03
-2.543521739989151875e-01
-4.483433459966351675e-01
-5.435168722493797233e-01
-5.187496754179592440e-01
-3.830100319199643000e-01
-1.543690750286605962e-01
1.152590239521393833e-01
3.804363494002047652e-01
5.919123773964838353e-01
7.147678235003156466e-01
7.317738177912613828e-01
6.374987329391377244e-01
4.605461494510572074e-01
2.273891239551220078e-01
-1.134031797652612639e-02
-2.128228865651318191e-01
-3.446448588602935015e-01
-3.849464744473265476e-01
-3.333623494512608643e-01
-1.991331719626865393e-01
-1.939793724716309953e-02
1.769381118445148005e-01
3.493276248305716702e-01
4.644450570979765658e-01
5.070994679725386867e-01
4.715837416581876163e-01
3.751275383399326202e-01
2.371129086716399215e-01
9.351660152492269340e-02
-3.150865148981230046e-02
-1.169020438662093930e-01
-1.449301530160252982e-01
-1.141895388789410104e-01
-3.025312246917710723e-02
7.810682550102177046e-02
1.869557558565413391e-01
2.718500438434714450e-01
3.183348904638247934e-01
3.218002303327163194e-01
2.794035862574451023e-01
2.041596286820870354e-01
1.094315707354491796e-01
2.193210445398730002e-02
-3.798539304661086025e-02
-5.976314288334672042e-02
-3.790591920926034142e-02
2.178187569711975691e-02
1.085504674257911084e-01
1.984084801434935486e-01
2.769466814499292884e-01
3.280857526785370126e-01
3.375418271401564585e-01
3.019672523003564812e-01
2.243547736648301427e-01
1.244857091066868815e-01
2.116591235217479827e-02
-6.291552651303178312e-02
-1.146992717983379428e-01
-1.268551436468186022e-01
-9.284262503241880182e-02
-1.751495042719075634e-02
8.979282612403483022e-02
2.047800040041671821e-01
3.067528958427292451e-01
3.769415940622555805e-01
4.031601794444785725e-01
3.800075317636879557e-01
3.085732955870827965e-01
2.060946219651502709e-01
8.576411511232961971e-02
-2.761675812603581193e-02
-1.119816233368866598e-01
-1.543495101009670911e-01
-1.466091657481751742e-01
-8.985138468186593119e-02
7.953213780499845953e-03
1.238208925805084348e-01
2.412133326402994271e-01
3.364705229550273291e-01
3.890581364885967730e-01
3.911461580483053257e-01
3.416532022781968436e-01
2.532606561949688473e-01
1.411907451605247665e-01
3.171909608341372255e-02
-5.830575452720399010e-02
-1.140743869166194191e-01
-1.222386078605717241e-01
-8.112175345482874889e-02
4.004347365375471313e-03
1.086684433462015154e-01
2.116749596337486050e-01
2.914053048477669439e-01
3.350023969430597770e-01
3.371458859196878599e-01
2.945628345888371413e-01
2.183343597027116445e-01
1.209153191830851792e-01
2.815324771642324642e-02
-3.953714205522473879e-02
-7.011568567821058195e-02
-5.687458925634614193e-02
-3.621246290813395774e-03
8.018387610452037961e-02
1.711633837338082387e-01
2.547372396633649227e-01
3.136220676410013120e-01
3.324341397970262957e-01
3.062598540904886146e-01
2.370895776893267026e-01
1.439898380913278153e-01
4.516283905816975697e-02
-3.678169486725979542e-02
-8.876117508445169335e-02
-1.033443213196731936e-01
-7.396146056138930280e-02
-5.394904376398779178e-03
9.317196119288317924e-02
1.980311228166247162e-01
2.895068241146181443e-01
3.506737348263282428e-01
3.709618784477406450e-01
3.466937493210529020e-01
2.799022400356292462e-01
1.874382280692701297e-01
8.157050876649885041e-02
-1.576279300080740686e-02
-8.530305797214776664e-02
-1.177166030485364834e-01
-1.074088610192508453e-01
-5.640809729339757439e-02
2.754922758015720952e-02
1.248556870135242303e-01
2.223243776258334581e-01
3.016721616286042185e-01
3.462396432612597774e-01
3.499212369715098969e-01
3.121250923241445374e-01
2.428484738144893740e-01
1.540782178758888232e-01
6.569832577117562522e-02
-1.022356223129317065e-02
-6.182788171062048033e-02
-7.726129686477822833e-02
-5.435262373143734393e-02
3.915895328845175882e-03
8.178597784423913275e-02
1.643248913539154810e-01
2.346475931966789386e-01
2.825315874564751084e-01
3.012405774611213172e-01
2.853549299615727453e-01
2.389689023743373220e-01
1.683188063671932078e-01
9.230604941450359924e-02
2.732295106884152780e-02
-1.454900561580463325e-02
-2.625824824162936721e-02
-6.428588422411896097e-03
4.241003169915402715e-02
1.065724676059573994e-01
1.763321555294210530e-01
2.344390336369310823e-01
2.657976747358474778e-01
2.645694214876144201e-01
2.294282798048596916e-01
1.683686062141844797e-01
9.278622490456100991e-02
2.304355965991433663e-02
-2.937817280514631868e-02
-5.469031276813107745e-02
-4.334924243863624849e-02
6.030032268600438172e-03
8.843841949784203571e-02
1.830482060604359251e-01
2.712892141907758958e-01
3.332048928379207631e-01
3.577398023805460348e-01
3.397289202400750607e-01
2.765315725974537564e-01
1.800707543061479399e-01
6.374856521540883669e-02
-4.513332868071584514e-02
-1.246747243617620793e-01
-1.604438247045566479e-01
-1.431964236501390708e-01
-7.348276144377496877e-02
4.021906483435544466e-02
1.725172453996008937e-01
3.045418859274295897e-01
4.084632366394502778e-01
4.610104110574964054e-01
4.532719918076197896e-01
3.840166259169810470e-01
2.667183476923840058e-01
1.187918824971316845e-01
-2.755716007978570303e-02
-1.504324421330428541e-01
-2.284311445386921768e-01
-2.435109967522371965e-01
-1.924155175558672770e-01
-8.020137903977508920e-02
6.657027987868135988e-02
2.228870763307639891e-01
3.580894760023674017e-01
4.520704608071215436e-01
4.913536900831447785e-01
4.653097975726760982e-01
3.798554005781018539e-01
2.465091272774144748e-01
9.644460381352093492e-02
-4.388984768650316948e-02
-1.502568158000661125e-01
-2.056011010682616824e-01
-2.020026717346602441e-01
-1.390476814056893495e-01
-3.464799737152723935e-02
9.693041029549309684e-02
2.280393653399610532e-01
3.337687666276598630e-01
3.978103847560998663e-01
4.102381094239004877e-01
3.715433121693063612e-01
2.884668948487638662e-01
1.831930605175764448e-01
7.059934685490643069e-02
-2.765713712543105274e-02
-9.172074706417798762e-02
-1.134001476428491140e-01
-8.990113964987644923e-02
-2.963155395246841461e-02
5.605304862056725845e-02
1.462024104554311421e-01
2.280042529152297437e-01
2.883269212024972550e-01
3.142792379257215440e-01
3.026857754608616169e-01
2.553993769014650805e-01
1.873917934671665009e-01
1.127736684488525043e-01
4.765726297484706997e-02
1.219939091493538186e-03
-2.144196672496578859e-02
-1.501924237223017933e-02
1.831466835235895374e-02
7.383483596228557211e-02
1.361036016570815743e-01
1.916973648296707022e-01
2.300857059159637785e-01
2.451386791337095694e-01
2.342399569123614356e-01
1.984449805927173127e-01
1.489067356867639358e-01
9.259391638533975843e-02
4.342365191541697200e-02
1.402240933567155956e-02
8.698589914833965153e-03
2.945034139580515742e-02
7.288331344022624947e-02
1.314508862226297925e-01
1.900767375588696684e-01
2.400787409331146538e-01
2.709900821857929021e-01
2.727101992239699957e-01
2.425910900816041771e-01
1.836280867451185461e-01
1.110063690470639575e-01
3.886172755686323477e-02
-1.667872953706384109e-02
-4.694906930666653544e-02
-4.692893344659043731e-02
-1.217235761244894743e-02
5.222764826624337609e-02
1.378530479946955545e-01
2.234388231593336105e-01
2.913250640102362787e-01
3.283950939425757110e-01
3.272007185792362716e-01
2.869607923900086011e-01
2.116771014317602173e-01
1.182115463762554164e-01
1.941977471711586745e-02
-6.299151146266213086e-02
-1.103664907534602779e-01
-1.147072661538701688e-01
-7.341377138412930048e-02
6.243459714011745376e-03
1.121623934629958352e-01
2.198740037942517045e-01
3.135967616495973775e-01
3.757698358298071639e-01
3.908579362518307398e-01
3.552794687606499746e-01
2.722219729320056736e-01
1.612979016659741305e-01
4.202005989137536091e-02
-6.040101805900621734e-02
-1.303849263628554800e-01
-1.578944280668032052e-01
-1.342329483006349244e-01
-6.300982340034355644e-02
4.664004252664666339e-02
1.688539525097794147e-01
2.814246172187206962e-01
3.631657254699105497e-01
4.004628757060453292e-01
3.874861032453755794e-01
3.241105131775574577e-01
2.271439114860633879e-01
1.104596546042149185e-01
1.443522672894825831e-04
-8.159315418820467514e-02
-1.223711070373700860e-01
-1.146135516113354624e-01
-6.105415440655703740e-02
2.941682402636924820e-02
1.336378027633142729e-01
2.356683466205986566e-01
3.152384481353451839e-01
3.546568279163808679e-01
3.471718259469758205e-01
2.931927201965387475e-01
2.094070295642871393e-01
1.122521468427628566e-01
2.434476053098899584e-02
-4.076349313774829675e-02
-7.352130537899403961e-02
-6.508862761018330279e-02
-1.790107336335000632e-02
6.085261802615415938e-02
1.484998041675489322e-01
2.265622220585028490e-01
2.800849515279597579e-01
3.002217566797549253e-01
2.851750950795846062e-01
2.365775761423116741e-01
1.679838713725192445e-01
8.975880131519464733e-02
2.033439053776397998e-02
-2.454845169232644508e-02
-3.774670600078344762e-02
-1.648886929438775351e-02
3.316377646393142697e-02
1.017585939618794733e-01
1.717281049824870287e-01
2.333615860516426999e-01
2.758503375719445483e-01
2.883430326751001971e-01
2.683518371049218310e-01
2.178965203663081329e-01
1.496994745677178162e-01
7.639442250030770154e-02
1.239237574577778389e-02
-3.414883977466187659e-02
-5.610259219511881668e-02
-4.709985246953296567e-02
-9.244211228417009707e-03
5.357567698299114944e-02
1.288866195924947000e-01
2.040275895663921091e-01
2.670320816934159680e-01
3.098383095624392958e-01
3.241295515355928636e-01
3.057205851476547664e-01
2.602715195016469529e-01
1.913643352850784574e-01
1.090695423217142856e-01
2.652508309250189988e-02
-4.283261298798679562e-02
-8.991229958092583630e-02
-1.047353967743545056e-01
-8.229692376284136746e-02
-2.825157123936183901e-02
5.339100446531719335e-02
1.506123050201331193e-01
2.479324771513062853e-01
3.282633576274067710e-01
3.804554798396961868e-01
3.949204340439560479e-01
3.662551902996447062e-01
2.992366011174232288e-01
1.995379464830548955e-01
8.425039258327027270e-02
-2.792909063361592725e-02
-1.166658285875212808e-01
-1.686677200814403754e-01
-1.738205167820626729e-01
-1.274749413361632167e-01
-3.899138853640171654e-02
8.194879672362964662e-02
2.108253163420148457e-01
3.247799505614288318e-01
4.045776190233263403e-01
4.366945825780126356e-01
4.142399320068135271e-01
3.379064737016859166e-01
2.248593042535680375e-01
9.010049059570235386e-02
-3.786111365006938900e-02
-1.339231977999237877e-01
-1.814240576861918530e-01
-1.714149272962555148e-01
-1.067036205293873108e-01
3.457586385849698019e-03
1.321314071571639825e-01
2.602237336270629697e-01
3.616976330027339426e-01
4.140220289171865353e-01
4.091555633781607249e-01
3.465327508892102060e-01
2.419179121277772460e-01
1.136194789887936540e-01
-7.428943656294539899e-03
-1.010513248267299602e-01
-1.499179073886200975e-01
-1.398269624104521158e-01
-7.193338555978456839e-02
4.506290694055703483e-02
1.797330523215412423e-01
3.050960881800282021e-01
3.927663506336778187e-01
4.255867605602032810e-01
3.972976599898427885e-01
3.061214606142121930e-01
1.712376101826134089e-01
1.318657670822309669e-02
-1.293001092161141230e-01
-2.255927512978295191e-01
-2.544915139884449395e-01
-2.047087702572364387e-01
-8.334925105893231656e-02
9.399339168971798664e-02
2.868686248546290507e-01
4.648829775726177616e-01
5.883442859117735679e-01
6.262696924388171382e-01
5.698884664348207174e-01
4.213390350080894464e-01
2.090639883825826661e-01
-3.495293247361641598e-02
-2.575781083625594547e-01
-4.212290203364925656e-01
-4.945630640051944527e-01
-4.553903818935949310e-01
-3.080509917486133897e-01
-6.860291556007380720e-02
2.109031066110669261e-01
4.836878150570309565e-01
6.945195798005221466e-01
8.064813434205810871e-01
8.006838461121659201e-01
6.682507169518201451e-01
4.371355612376819355e-01
1.401030375459146882e-01
-1.588394586277780407e-01
-4.075496450740958565e-01
-5.620885411480214255e-01
-5.928445925935217353e-01
-4.977723623942866826e-01
-2.886211751960537919e-01
-1.523476097758447168e-02
2.806753205992316147e-01
5.393220371752860398e-01
7.126285919906008015e-01
7.754059062637106425e-01
7.168665063551318273e-01
5.590635910358781047e-01
3.290617214042121930e-01
8.126403206105048405e-02
-1.443420333266716149e-01
-3.095620125995999228e-01
-3.842576226674140338e-01
-3.620995880723948401e-01
-2.475605112353401749e-01
-7.923669781683473357e-02
1.093865842078136641e-01
3.148983748697313789e-01
4.892072036555861203e-01
6.067630798943595138e-01
6.420160129150365158e-01
5.694160120465996400e-01
3.634130866180320663e-01
-1.542754041682248278e-03
