-3.803737325956069171e-03
-9.515877986663567878e-02
-1.674502600889706816e-01
-2.202813490389318174e-01
-2.532552177624900480e-01
-2.659750373056158912e-01
-2.580439787142808639e-01
-2.290652130344563719e-01
-1.653324939471071398e-01
-7.098782168785733315e-02
4.795534891517094778e-02
1.765439065021756626e-01
2.975604797504822763e-01
3.891657396966152760e-01
4.365463174799335544e-01
4.269262745853130703e-01
3.535545209724964000e-01
2.237705987896101423e-01
4.919757748632758165e-02
-1.397326508133858169e-01
-3.142998955679571216e-01
-4.453711555837934766e-01
-5.125118191255448874e-01
-5.027285031803873094e-01
-4.112879947366627764e-01
-2.534952118169915281e-01
-4.775136449888583989e-02
1.672713034187895964e-01
3.572661120134976720e-01
4.916132777491695194e-01
5.493787528018474475e-01
5.223338876808560904e-01
4.124891020622956095e-01
2.456008736849242258e-01
4.293370028610188349e-02
-1.585643139268146928e-01
-3.249455887375960472e-01
-4.317046964328616898e-01
-4.635107464828660540e-01
-4.195384151537148165e-01
-3.067669185431735057e-01
-1.530368624134114119e-01
2.049953333813325784e-02
1.824546635396309124e-01
3.044577296275676748e-01
3.711017342686964149e-01
3.740337122219057342e-01
3.181800913613164195e-01
2.136596333620579546e-01
8.636686028277162919e-02
-4.559714251878255187e-02
-1.588540765582638903e-01
-2.319735118879835412e-01
-2.571121667099920405e-01
-2.316922531453760037e-01
-1.641437690789351311e-01
-6.626912546227692324e-02
3.902689478536403023e-02
1.367777038877979745e-01
2.097420166339638570e-01
2.417357622628995006e-01
2.291824239999773472e-01
1.732394054792643079e-01
8.532127713581916240e-02
-2.072956228675126855e-02
-1.224782880930813667e-01
-2.052234212282005865e-01
-2.531081716178402718e-01
-2.523335861689303128e-01
-2.024653419138322530e-01
-1.078253429015620934e-01
1.527832560736008816e-02
1.484875176514204309e-01
2.652848458250780528e-01
3.475324746509385054e-01
3.779658592502295189e-01
3.438936645744117282e-01
2.480640116583920918e-01
9.884934478261109270e-02
-7.717418960878208445e-02
-2.530904147616312994e-01
-3.952629738164572526e-01
-4.802666007315089525e-01
-4.899007424477239692e-01
-4.132975755007051166e-01
-2.592239892237250265e-01
-4.269823418745999355e-02
1.961022216205010604e-01
4.197838831453188924e-01
5.876235680191672639e-01
6.706241266785883948e-01
6.503910757402402432e-01
5.205526454131756964e-01
3.025429496052876033e-01
2.037816723421737031e-02
-2.747150557941712146e-01
-5.359375125937324569e-01
-7.174666781199965371e-01
-7.870522524464191871e-01
-7.296369374617056591e-01
-5.456754433376906910e-01
-2.700297280898964480e-01
6.459857976895877485e-02
3.989414072961405822e-01
6.794186629374625586e-01
8.590853576343340237e-01
9.066220177019839177e-01
8.141384070132779982e-01
5.884693566342826809e-01
2.734153997459372043e-01
-9.153371545871957782e-02
-4.429771567938670662e-01
-7.249611048955887371e-01
-8.933115453777633608e-01
-9.196071742338800536e-01
-8.024233716361132140e-01
-5.536647139660442196e-01
-2.218712771228492642e-01
1.503162249625884517e-01
4.996593707025389630e-01
7.708886820577556254e-01
9.238024509487219316e-01
9.331924739284553905e-01
8.016908545855983004e-01
5.440237428248191343e-01
2.098655861776501652e-01
-1.576683664550612152e-01
-4.972266026017415630e-01
-7.552290492619829765e-01
-8.944227396099394545e-01
-8.918480733875743249e-01
-7.520178279619964545e-01
-4.909552816720229584e-01
-1.584178597495866647e-01
2.025530651592681863e-01
5.316740227099989724e-01
7.763758916993703796e-01
9.009180467356769917e-01
8.838276489505549893e-01
7.314110054848732556e-01
4.613947542598948459e-01
1.253888030853611557e-01
-2.322050762639511490e-01
-5.503027809965836958e-01
-7.763483750166830788e-01
-8.762742239773233521e-01
-8.308833183862847083e-01
-6.508676997496269934e-01
-3.580082944081882657e-01
-8.844771766768455556e-03
3.487797729414043868e-01
6.521578389606097481e-01
8.488775788018927404e-01
9.090461492580537151e-01
8.182663629238045022e-01
5.956005658310159490e-01
2.698703469864811577e-01
-9.531906763423636519e-02
-4.476958364959328085e-01
-7.245272646681262252e-01
-8.754583760769397704e-01
-8.788367856760611607e-01
-7.283330399443916914e-01
-4.545174577998702947e-01
-9.514954395706809454e-02
2.795341529026340588e-01
6.138744178491799541e-01
8.486695515933879719e-01
9.386702193145652906e-01
8.742901026568772327e-01
6.598102422637808218e-01
3.384314565144255216e-01
-4.320561271014144999e-02
-4.117166291227739583e-01
-7.111900197315513816e-01
-8.928883107852697565e-01
-9.208201505084575578e-01
-7.934836846229047502e-01
-5.237250877709274111e-01
-1.695296308777546335e-01
2.144390289916726644e-01
5.584972607817828560e-01
8.105459667348504649e-01
9.328437361047023924e-01
8.996940255122878316e-01
7.220564291250974875e-01
4.214282885729465633e-01
6.019110225755297527e-02
-3.056989960859175515e-01
-6.139340245079104585e-01
-8.162704673986947990e-01
-8.825545423153450253e-01
-7.997734874867097332e-01
-5.930714333094477819e-01
-2.876609312211760860e-01
5.870143697713103847e-02
3.918280963618383517e-01
6.570996322312507854e-01
8.138251455298248782e-01
8.399464110513654713e-01
7.291327960758042792e-01
5.118951559000386453e-01
2.156390112153376837e-01
-1.051197828863550399e-01
-3.999493617600266004e-01
-6.236870528740794395e-01
-7.426074653406828929e-01
-7.412720185609315005e-01
-6.176149183759662709e-01
-4.013493824127698506e-01
-1.197923556124473876e-01
1.765173570798368452e-01
4.410495063657629000e-01
6.335700561712991341e-01
7.255625217210430744e-01
7.059309608693757898e-01
5.749212038283564308e-01
3.616956027349518266e-01
9.207581353383087475e-02
-1.877665957942340480e-01
-4.342232315877192494e-01
-6.099938626626250082e-01
-6.885952543489003430e-01
-6.589142662042797305e-01
-5.214434685870619202e-01
-3.041381962945909345e-01
-3.219589538890399449e-02
2.485752658750097766e-01
4.945780299644482181e-01
6.673577062197539878e-01
7.396898308399606492e-01
6.993236131307567494e-01
5.466086000883771945e-01
3.106165096606887666e-01
1.828266802968703253e-02
-2.809074086068825693e-01
-5.402142514916241645e-01
-7.174827589716221699e-01
-7.832934685420172016e-01
-7.251769233598472919e-01
-5.446193715107290334e-01
-2.752738907154925752e-01
5.134938724205073690e-02
3.790272209119518454e-01
6.558658036243607548e-01
8.358406153820581164e-01
8.877377900133542887e-01
8.015711503431652840e-01
5.822711298026321813e-01
2.711832971793357583e-01
-9.349587415990345818e-02
-4.480138869636397514e-01
-7.352680235931901009e-01
-9.075804688968449607e-01
-9.339995041064730330e-01
-8.103614280537163594e-01
-5.474101997457050395e-01
-1.957164501195844952e-01
1.992831754847617098e-01
5.680409395796313099e-01
8.501443655218563489e-01
1.000000000000000000e+00
9.898387487163946563e-01
8.240790125756278783e-01
5.208711465564668242e-01
1.395122175278900034e-01
-2.684472229222252260e-01
-6.312125041459757391e-01
-8.882199555487308995e-01
-1.000000000000000000e+00
-9.448746300334494030e-01
-7.373826562284577779e-01
-4.035986929794774802e-01
-9.460719325565691840e-03
3.896456305166033918e-01
7.238927351243138464e-01
9.360562845938973364e-01
9.961867356472056123e-01
8.910060570663109747e-01
6.454840612909327202e-01
2.932408306449132418e-01
-9.596473462286136957e-02
-4.655905863431013536e-01
-7.516230644868243660e-01
-9.032449976827114924e-01
-9.023435780099551273e-01
-7.455182026690111430e-01
-4.677183444600494511e-01
-1.092420913072910116e-01
2.592512356697893594e-01
5.826134245485663499e-01
8.062762834917784893e-01
8.883425826662390001e-01
8.219252698520262967e-01
6.132894685665826184e-01
3.077948862317638756e-01
-4.818170734305715630e-02
-3.863338544303419608e-01
-6.550933734104502637e-01
-8.120623722054751692e-01
-8.258495877139405694e-01
-6.976139770689169239e-01
-4.412033058874103020e-01
-1.120753633087160361e-01
2.384590813230038631e-01
5.475315423677689086e-01
7.675628730225105834e-01
8.644025265287571536e-01
8.165918884343974504e-01
6.373641440798483160e-01
3.473869655642007892e-01
4.178963241052713329e-03
-3.395545250117795177e-01
-6.258791879513181389e-01
-8.097428297051476598e-01
-8.613967714432750888e-01
-7.684406306374873541e-01
-5.549448858483154723e-01
-2.449738141502990629e-01
1.051673934727717086e-01
4.418067321014702564e-01
7.104146026211015652e-01
8.699148088150028268e-01
8.960061833938612885e-01
7.803889019137995042e-01
5.500648619678849549e-01
2.312895235322287579e-01
-1.203141370000999633e-01
-4.518787071252123866e-01
-7.117720725862262121e-01
-8.613277739734582772e-01
-8.788902456580950373e-01
-7.578788184905101977e-01
-5.256552410348184212e-01
-2.087210489458594109e-01
1.386571167914982805e-01
4.647211069851167053e-01
7.196672482307606700e-01
8.662774127482959496e-01
8.841184433091711092e-01
7.672722517038392809e-01
5.428950731716957190e-01
2.371281303012797714e-01
-9.709637317858887950e-02
-4.093447983387715761e-01
-6.518898673315056680e-01
-7.893966503405562829e-01
-8.036355471835696651e-01
-6.902439268987419219e-01
-4.773542698784261074e-01
-1.912355003119529107e-01
1.167301345953744018e-01
3.982889514821821297e-01
6.100712967402472930e-01
7.208809940732834320e-01
7.178430671125664020e-01
6.005694642443686337e-01
3.999405611876940547e-01
1.430587036560317937e-01
-1.215745833881602955e-01
-3.497542156617478026e-01
-5.063338614621175626e-01
-5.676765660543251490e-01
-5.300304543778978639e-01
-3.996830007827016917e-01
-2.112874036644050157e-01
7.094718160222113212e-03
2.121994897265264690e-01
3.662960352752677728e-01
4.463337863125460547e-01
4.393732907437730706e-01
3.533268846622124038e-01
2.028340675577851027e-01
2.592065143395760884e-02
-1.490490869936446083e-01
-2.865847571226283197e-01
-3.574281618003878336e-01
-3.521977641652678237e-01
-2.698720046934092176e-01
-1.309512769939888965e-01
4.132238760800244215e-02
2.074927878949572868e-01
3.401591237535117607e-01
4.149040604872333837e-01
4.123297262873728553e-01
3.312926349701235118e-01
1.795296930407395131e-01
-8.723355624279616194e-03
-2.021418666039157541e-01
-3.633864922959890720e-01
-4.668153191067840879e-01
-4.957674054957523779e-01
-4.388939499096369268e-01
-3.045773471465478277e-01
-1.072841158837611886e-01
1.155800243625071388e-01
3.303260631335798170e-01
5.012610054364086132e-01
6.013580641616418365e-01
6.121343822420064473e-01
5.273276618197941801e-01
3.649303958364531475e-01
1.412438088831509120e-01
-1.062603464298919054e-01
-3.409929377040736842e-01
-5.280534143087214360e-01
-6.401026314590414490e-01
-6.580746317916600363e-01
-5.754212006283655478e-01
-4.087041363510763858e-01
-1.743824355880527754e-01
8.942079471119401823e-02
3.447925212704605613e-01
5.541142914935974773e-01
6.886795228101487698e-01
7.272189120936900508e-01
6.605565538716595686e-01
5.033416440044307105e-01
2.701558859114479016e-01
-8.673019330838194207e-04
-2.706374014271932804e-01
-4.999080750178910293e-01
-6.576902538161008005e-01
-7.197311508294981230e-01
-6.743734275438668657e-01
-5.334800637662884260e-01
-3.097541545085080728e-01
-3.917935359156898834e-02
2.394773917378216765e-01
4.826968232785127100e-01
6.569938104235431009e-01
7.351473247856279425e-01
7.033525811670164885e-01
5.735361968381904596e-01
3.572158738164930014e-01
9.053195101913269482e-02
-1.871735134228722508e-01
-4.313735972648025108e-01
-6.072263215830495664e-01
-6.869304476613973254e-01
-6.558530569429759094e-01
-5.244848750284070160e-01
-3.057857116897166883e-01
-4.106859991880174032e-02
2.284536623013260215e-01
4.576686814667971781e-01
6.120694594795412780e-01
6.676012921305449765e-01
6.130636111114566855e-01
4.643002398472237946e-01
2.382669260094361086e-01
-2.155709922643223031e-02
-2.731906764433554846e-01
-4.726691052566984741e-01
-5.873577629864750183e-01
-5.974149067233021082e-01
-4.976370271040354565e-01
-3.143653193471692697e-01
-7.078077997541809552e-02
1.850259326724155162e-01
4.088506150518711468e-01
5.616768416322024393e-01
6.160076152744424771e-01
5.623457559169124931e-01
4.043975937742043669e-01
1.776113662965335127e-01
-8.674378556407025265e-02
-3.360143668478118295e-01
-5.248135841683624347e-01
-6.194887755052280731e-01
-6.004385260003464175e-01
-4.724998107412451409e-01
-2.506643997207870234e-01
1.820740568408063531e-02
2.957641138298274797e-01
5.292214228663707498e-01
6.746728798365184687e-01
7.080771863738326566e-01
6.189474764110680649e-01
4.249793426825321241e-01
1.516453910340960221e-01
-1.463704800232480396e-01
-4.259359329213682210e-01
-6.366212201085861278e-01
-7.381887482821583024e-01
-7.169322287023074391e-01
-5.714233626555879075e-01
-3.300547613659644552e-01
-2.622280617652283929e-02
2.819407328990799488e-01
5.499187782962708937e-01
7.332079368596542412e-01
7.971061801927832313e-01
7.357958729943701037e-01
5.546762060185816967e-01
2.901786584272008085e-01
-1.952809527569887571e-02
-3.181404375088253689e-01
-5.633114056068870834e-01
-7.185434853329160099e-01
-7.555375635316866623e-01
-6.730081829484320100e-01
-4.800231528226027722e-01
-2.172111304207692273e-01
7.614563067482671421e-02
3.498939120780364398e-01
5.656656905369128463e-01
6.932303487343887127e-01
7.109187762109658859e-01
6.220305340921408188e-01
4.366974172968234313e-01
1.941017349241631607e-01
-6.841445547527513771e-02
-3.080836513179923131e-01
-4.910715257561855118e-01
-5.914121491615674797e-01
-5.936143522591756927e-01
-5.055047510961367951e-01
-3.367728222252098780e-01
-1.221465219173443195e-01
1.041168229059949990e-01
3.058363342366325899e-01
4.542520498529585282e-01
5.276967180629525966e-01
5.154322985833430515e-01
4.281304438366817511e-01
2.752376459153758059e-01
8.739299474072503848e-02
-1.043707044012016638e-01
-2.693511046042366130e-01
-3.835917736140237455e-01
-4.298062357966236924e-01
-4.010859321961041113e-01
-3.101457643874009351e-01
-1.669690382588525646e-01
3.258978870979145626e-04
1.631985136758076216e-01
2.952616301041881552e-01
3.766644823024614119e-01
3.943516332695431448e-01
3.448802347652348832e-01
2.432801157106112555e-01
1.010673766406318119e-01
-5.438676687047239167e-02
-1.958190675050766050e-01
-2.999087912156773728e-01
-3.500209296499381395e-01
-3.371030476595155978e-01
-2.611442438389540710e-01
-1.402090484385597469e-01
1.171622759093682298e-02
1.663527854310737908e-01
2.963070342625178100e-01
3.799790361565726915e-01
4.029853611262188551e-01
3.599903684213330290e-01
2.543360818840332271e-01
1.077408143386353601e-01
-6.263627040440655769e-02
-2.263407878582365251e-01
-3.546729806596368162e-01
-4.265900829583491038e-01
-4.290065673904868149e-01
-3.598474428296720706e-01
-2.256017140274937383e-01
-5.204906152281341125e-02
1.401310107169984054e-01
3.176089335410885450e-01
4.497088110457541088e-01
5.153488652605164866e-01
5.021617121577057752e-01
4.110610767580609171e-01
2.515204949206046869e-01
5.352728805708384385e-02
-1.587041042873654773e-01
-3.489466697235211745e-01
-4.845797910365934325e-01
-5.447639887669872838e-01
-5.179891176530424524e-01
-4.084190439391937044e-01
-2.285744732623492537e-01
-1.247753140775231806e-02
2.125188512530087337e-01
4.082112331273919370e-01
5.409444782382877293e-01
5.914085946686411521e-01
5.498857040898468274e-01
4.244764489369194926e-01
2.309578215067693563e-01
6.701397847212575698e-03
-2.187593309943395292e-01
-4.071876177825956011e-01
-5.256410677508784879e-01
-5.583623364609070494e-01
-4.988596766924723314e-01
-3.597944428107677783e-01
-1.602448756550989284e-01
6.046072079846820380e-02
2.721381680105450229e-01
4.390745281842352021e-01
5.311953197664378568e-01
5.383413153954965669e-01
4.585995363945898351e-01
3.093731974462525791e-01
1.126794802228889836e-01
-9.231551685281969011e-02
-2.767414088974331499e-01
-4.107952871016242735e-01
-4.695738124110661049e-01
-4.478037117566171510e-01
-3.479226151618914908e-01
-1.929365043857469431e-01
-7.450176138033004491e-03
1.725822922739852494e-01
3.216161152965213432e-01
4.176047278947137009e-01
4.420910534388393653e-01
3.938483483315373679e-01
2.787147763936563827e-01
1.238037999254004706e-01
-4.522578407933108835e-02
-1.980682122585091243e-01
-3.128062969673295335e-01
-3.731696356419534899e-01
-3.676888430929801110e-01
-3.004322515435304819e-01
-1.789050863176359085e-01
-2.998203532672405469e-02
1.212958275463329461e-01
2.503278926298679874e-01
3.385413500882634708e-01
3.731058789750227866e-01
3.482180590725350022e-01
2.727135621023004663e-01
1.541687903848107943e-01
1.496914666348247991e-02
-1.221534148891417759e-01
-2.362968836459561350e-01
-3.113574052411495208e-01
-3.350300025101142776e-01
-3.035200810249936154e-01
-2.274118978164839655e-01
-1.134443389648671641e-01
1.887137897051371915e-02
1.482963114934512383e-01
2.563289527309322580e-01
3.282197639295727498e-01
3.512825922278279833e-01
3.212077779451123494e-01
2.471849819984381913e-01
1.356579030067202041e-01
5.501842880256235802e-03
-1.224775883253854669e-01
-2.292027360268099612e-01
-3.002393337728832545e-01
-3.235338126569748951e-01
-2.946717259962828850e-01
-2.223302797798523134e-01
-1.127388337632050375e-01
1.535566452587411312e-02
1.410217203178012468e-01
2.448059278517424886e-01
3.126953124994074074e-01
3.334994275388203366e-01
3.031071068036823579e-01
2.308115238483214871e-01
1.235537216578166397e-01
1.038586577961853052e-03
-1.158214230813321421e-01
-2.092288641530404281e-01
-2.663831759044320568e-01
-2.781912163793457404e-01
-2.425538140453095126e-01
-1.706474450111351571e-01
-7.042962972603106220e-02
3.881602517287308096e-02
1.372673305975935509e-01
2.102652438278391767e-01
2.481031592445137601e-01
2.458288202779945752e-01
2.045292387383328414e-01
1.374970215685087371e-01
5.293267519530520104e-02
-3.275748855124305248e-02
-1.026897607697603299e-01
-1.477421083041182692e-01
-1.628474811982995041e-01
-1.477900930049695916e-01
-1.066642726836707356e-01
-5.266749480221954993e-02
7.211199588406769223e-03
6.241821373898193137e-02
1.010589404694917093e-01
1.177778450160047452e-01
1.112284636574389918e-01
8.696092750331896326e-02
5.177094788210756526e-02
1.578441804914776370e-02
-1.683979672648250325e-02
-4.184122304811954685e-02
-5.263077559423001706e-02
-4.737640223819128416e-02
-2.740893383154696661e-02
-5.528702654710171416e-04
2.603767671279388907e-02
4.631252462694313010e-02
5.806354032642779828e-02
6.046983554461893284e-02
5.241093138066688084e-02
3.646355850886973116e-02
1.432943219536841895e-02
-8.622226615584205334e-03
-2.626726807070722813e-02
-3.483943578713744049e-02
-3.355335447178664499e-02
-2.410939098070474795e-02
-8.736104636309360849e-03
8.252016935059058866e-03
2.563411949281091395e-02
4.110086406559076977e-02
5.053340058236965859e-02
5.211336802934174450e-02
4.588174539908984606e-02
3.395994251200940006e-02
1.933996751921585044e-02
5.922274871697830179e-03
-5.386429746638166094e-03
-1.385608985687158956e-02
-1.762133224758699601e-02
-1.671759023101648811e-02
-1.122877133971300623e-02
-2.232784123546327493e-03
7.882244858002929178e-03
1.643846954848449116e-02
2.291402267397768533e-02
2.723179113255036476e-02
2.880504696839802925e-02
2.830250135920486798e-02
2.568507870190561704e-02
2.106524211810234526e-02
1.573399973779854299e-02
1.109418561114039470e-02
7.429544294401679849e-03
4.857969764884062513e-03
3.585988576846776965e-03
3.089806239421344358e-03
3.491780755908280298e-03
5.024874374774279673e-03
7.181990358283929510e-03
9.381539027832008770e-03
1.145263349651215457e-02
1.310846656895092721e-02
1.411998708734296670e-02
1.465364439207594849e-02
1.462112007065741182e-02
1.397409236040947356e-02
1.295852623213900046e-02
1.183767490277354284e-02
1.070293795551746641e-02
9.719167671446982126e-03
9.065602577546405527e-03
8.747625904219846760e-03
8.645131535797823119e-03
8.765423055433041455e-03
9.115804046279318840e-03
9.703578091490028257e-03
1.053604877421809860e-02
1.162051967761712490e-02
