-3.278981671313974111e-02
-6.787964161663306850e-02
-7.663392186658857241e-02
-6.415941058626550841e-02
-3.556286089892291002e-02
4.048974072179412076e-03
4.956934120378253539e-02
9.589148737262775946e-02
1.325749370654880632e-01
1.587550919606146582e-01
1.697609988679367188e-01
1.595908785849273759e-01
1.251058364983075322e-01
6.839061286242786863e-02
-6.418642891737769141e-03
-8.923869120148741896e-02
-1.697552620547961855e-01
-2.355489135148173263e-01
-2.775426569492244200e-01
-2.864313490556805730e-01
-2.567399144434463487e-01
-1.916025131723569919e-01
-9.536136880800316629e-02
2.145230884270965532e-02
1.456378819101336042e-01
2.594965890642877415e-01
3.493172587482751279e-01
4.003221785280435263e-01
4.023878610828237612e-01
3.557723076514749394e-01
2.626402703429755459e-01
1.322131482252293377e-01
-2.189616360908175352e-02
-1.784172835798100154e-01
-3.202169635779206214e-01
-4.277125893119826383e-01
-4.847902084684336810e-01
-4.846593591442435178e-01
-4.246474475092982814e-01
-3.104967469208181896e-01
-1.531822596831061700e-01
2.597285969766494063e-02
2.087270509953296216e-01
3.717442337759311322e-01
4.934168059504200343e-01
5.588796636905271065e-01
5.588879567900608691e-01
4.924527679654184809e-01
3.646326020400421086e-01
1.928779923704535548e-01
-6.398547941466881106e-03
-2.082086559758462574e-01
-3.878973563636596289e-01
-5.239749730662159877e-01
-6.001635095785409213e-01
-6.060534445008494142e-01
-5.384687237587422182e-01
-4.078925471998883223e-01
-2.255096805616714217e-01
-1.433215474419125002e-02
2.009857558011927114e-01
3.948778965703338972e-01
5.457808326233100082e-01
6.340962439848647492e-01
6.479370127739780827e-01
5.902258418602814860e-01
4.648540852128604239e-01
2.851972044989843358e-01
7.038403198036236041e-02
-1.523871695053318209e-01
-3.596034809713568592e-01
-5.256033392441580299e-01
-6.308363860352821373e-01
-6.675012875857851968e-01
-6.293263044317403132e-01
-5.191686896373259863e-01
-3.478315738630819443e-01
-1.372960117496958565e-01
9.242985418845584000e-02
3.143980880872689898e-01
5.026766450223085769e-01
6.364668420957309003e-01
7.003806788953184093e-01
6.865524872766293196e-01
5.942908339986774369e-01
4.360121389335831488e-01
2.251765774672924714e-01
-1.357276946170127285e-02
-2.538153761274917208e-01
-4.679429142406399400e-01
-6.325384815961002660e-01
-7.261363408010418352e-01
-7.357728223613539953e-01
-6.642490432292665892e-01
-5.159579311009492297e-01
-3.057921897015921653e-01
-5.494047830967463408e-02
2.060236368504841931e-01
4.494723309536194922e-01
6.444462229992302671e-01
7.673607533178918860e-01
8.069000190698201180e-01
7.552156609236482243e-01
6.160821052481806337e-01
4.022460840183954556e-01
1.409677035598559947e-01
-1.424728238793678825e-01
-4.140261980358580507e-01
-6.413485808760793772e-01
-7.976737900900665590e-01
-8.636387596016666945e-01
-8.299643402243683799e-01
-6.965525870083205673e-01
-4.810687913124752635e-01
-2.029054198033112266e-01
1.032408232759609579e-01
4.020798799706717386e-01
6.576903674582588177e-01
8.404680584081880568e-01
9.262778771406250389e-01
9.016687996684387141e-01
7.739547269569957422e-01
5.533577253509596172e-01
2.652558445886057381e-01
-5.929693907967137356e-02
-3.786921404053441575e-01
-6.571089972548842528e-01
-8.588151856191506006e-01
-9.581816934627291893e-01
-9.480761712365199934e-01
-8.254801796576071160e-01
-6.042798061659896414e-01
-3.073729420863480222e-01
2.613448309844601525e-02
3.611182184852390620e-01
6.561971368548558114e-01
8.748400340986755008e-01
9.921026452690910880e-01
9.923035797989150364e-01
8.765719875122766069e-01
6.550004990918563141e-01
3.580888572750624554e-01
1.610638844433864847e-02
-3.277705504724248708e-01
-6.326401276654851635e-01
-8.624270927110782026e-01
-9.896374218767572950e-01
-1.000000000000000000e+00
-8.896367034329286660e-01
-6.761133327746966515e-01
-3.797339538860018404e-01
-3.899027097745111359e-02
3.066820351404029310e-01
6.152018713522633409e-01
8.511835532818963213e-01
9.854017852171390590e-01
1.000000000000000000e+00
9.003772107945393621e-01
6.950849300115871099e-01
4.097053373203403126e-01
7.567547251587547485e-02
-2.640838953655292309e-01
-5.715091549310243879e-01
-8.082760439252981710e-01
-9.459295994786038886e-01
-9.745870286721513009e-01
-8.888687803157955258e-01
-7.006787938974327057e-01
-4.305063858608891847e-01
-1.151654902749078557e-01
2.122199596796607857e-01
5.124106116073017247e-01
7.496046484011391620e-01
8.987007899312002834e-01
9.426816806366395962e-01
8.792894665840216284e-01
7.144667861253377605e-01
4.725762326822100512e-01
1.780702476159348180e-01
-1.327653866780122982e-01
-4.240828360838871935e-01
-6.632507108499084980e-01
-8.240543822971899690e-01
-8.887228394059025760e-01
-8.487582112615092989e-01
-7.150577678751059985e-01
-5.002505483149822796e-01
-2.311993109472766372e-01
6.188077881451747864e-02
3.445985987818356300e-01
5.867506162467834852e-01
7.600079354204325455e-01
8.444449797133177782e-01
8.366943261686223821e-01
7.360280685318314475e-01
5.543610548143214078e-01
3.110463770913793891e-01
3.691916889729252027e-02
-2.403256688535416741e-01
-4.884536024012388067e-01
-6.795476066729004838e-01
-7.960305005251625543e-01
-8.241722495031711393e-01
-7.607911368501086846e-01
-6.115277642540853931e-01
-3.960447090051206764e-01
-1.341939230999561472e-01
1.434920936197199293e-01
4.061199511001603035e-01
6.245287823253493631e-01
7.748545321815727416e-01
8.384506099268977941e-01
8.059295276124793794e-01
6.859849348554063475e-01
4.886255876433365231e-01
2.348800633758043599e-01
-4.881907040043709234e-02
-3.281703049464460564e-01
-5.729305535062891863e-01
-7.522744933778099385e-01
-8.441663435648205649e-01
-8.419064132746214568e-01
-7.423263740646475206e-01
-5.557456405305913893e-01
-3.008824083758425694e-01
-1.062165271500226105e-02
2.855027976023138958e-01
5.516054084301247329e-01
7.550890837480548345e-01
8.724646334247045942e-01
8.884614481633068550e-01
8.011898562186026140e-01
6.173575720801109945e-01
3.620374176310883207e-01
6.049484394797755016e-02
-2.492199745958474377e-01
-5.302488733333539095e-01
-7.487027399544612383e-01
-8.783963770612439603e-01
-9.032840242896909011e-01
-8.174274792281185364e-01
-6.349012307188695026e-01
-3.725403390257905345e-01
-6.553752702064918889e-02
2.497206511669149975e-01
5.339732988634480204e-01
7.541402170857098852e-01
8.820546643098778894e-01
9.003482237188051851e-01
8.132771313508788680e-01
6.281492832666717430e-01
3.687564148311694989e-01
6.464751498260601359e-02
-2.431914436520764555e-01
-5.193835920829008579e-01
-7.284779484825597562e-01
-8.446337258675946646e-01
-8.605746645188829813e-01
-7.723047947429343418e-01
-5.923175447854314157e-01
-3.412587512535232293e-01
-5.483429533014971824e-02
2.355364994762996211e-01
4.934676084584157518e-01
6.867329044074157451e-01
7.949727950979432745e-01
8.054333766003125561e-01
7.205584359359380464e-01
5.497780951549853246e-01
3.196170696389000199e-01
5.512866464257015764e-02
-2.092378675924075893e-01
-4.409599148454758089e-01
-6.139506444954401232e-01
-7.086226933103203507e-01
-7.167782424334171454e-01
-6.376341779317408198e-01
-4.868650510886033400e-01
-2.804577497163504018e-01
-4.670629992673114295e-02
1.857220458531425589e-01
3.894823212281828262e-01
5.419673613200615137e-01
6.264985675014440591e-01
6.337531002904839283e-01
5.702065188703611121e-01
4.426934756892322298e-01
2.688941578637333851e-01
6.986818598284449955e-02
-1.294118805395030325e-01
-3.071209153660340307e-01
-4.420640234206822949e-01
-5.193923876325841071e-01
-5.377260450826765181e-01
-4.955325955188472076e-01
-3.990756368099056539e-01
-2.603291107298004725e-01
-9.864455233789759525e-02
6.921753468813962584e-02
2.235752765696505939e-01
3.470056099110823133e-01
4.301144998403405584e-01
4.650100428079140258e-01
4.489315823654682625e-01
3.845712486988834833e-01
2.827932032323092759e-01
1.530063648824955269e-01
1.062695878648112213e-02
-1.276097914740124128e-01
-2.482734922709858294e-01
-3.400281860280223167e-01
-3.927375968674872153e-01
-4.010882373608174456e-01
-3.692392593028074321e-01
-2.999422908808240251e-01
-1.990275006849866468e-01
-7.727944899894945152e-02
5.111551054309582121e-02
1.739951003461355228e-01
2.767588152669420154e-01
3.486950795121912527e-01
3.865184631221352252e-01
3.852752071260399092e-01
3.425183355894307891e-01
2.624887366587087545e-01
1.551183287214830120e-01
2.895916070748549842e-02
-1.019050703244522849e-01
-2.225048303161747398e-01
-3.199798354116047960e-01
-3.839195549297241827e-01
-4.047438019070358495e-01
-3.785893233653666590e-01
-3.112664893849689252e-01
-2.077049978005403030e-01
-7.787344701595921848e-02
6.427011304494767430e-02
2.013686430665464488e-01
3.186707994296757995e-01
3.997933493556304896e-01
4.341198354307060914e-01
4.210386415937474869e-01
3.598951521656876817e-01
2.557933857439649294e-01
1.197207659095185228e-01
-3.004284765072973151e-02
-1.783832853475431079e-01
-3.065206029294761381e-01
-3.978434196166519277e-01
-4.428635535941751744e-01
-4.354949176150875179e-01
-3.759388902808245003e-01
-2.698435653865056683e-01
-1.324693876174373175e-01
2.280905884889916635e-02
1.763404436801416786e-01
3.086768440146940851e-01
4.045058602407962667e-01
4.527166023298703212e-01
4.471696388707162573e-01
3.873859226411744405e-01
2.835557544522213647e-01
1.453416829358491480e-01
-8.441585307433774332e-03
-1.582615843920425203e-01
-2.865125673531006001e-01
-3.789715962108703984e-01
-4.244273220405467839e-01
-4.173420078392969801e-01
-3.630565403719907547e-01
-2.665069436231330968e-01
-1.402437209907749782e-01
7.938868335899407214e-05
1.364186150854127533e-01
2.540133997112561381e-01
3.381583776499350602e-01
3.794178871236286721e-01
3.795324816580152305e-01
3.383408821063138561e-01
2.603260096148858338e-01
1.552259035710179536e-01
3.755082104439222412e-02
-8.069713275750756143e-02
-1.851873847272303975e-01
-2.639512459597278538e-01
-3.123458490742149207e-01
-3.260088697923532175e-01
-3.041829928545490835e-01
-2.504302881231192934e-01
-1.735040443122253251e-01
-8.008379855781022627e-02
1.965321417378640412e-02
1.141337680654059827e-01
1.951094218879818598e-01
2.557403440945984485e-01
2.893362576622906523e-01
2.929289918562349992e-01
2.704408450405628717e-01
2.234898293105240796e-01
1.547408411281001595e-01
7.108840708156760613e-02
-1.924533423758345574e-02
-1.087551476941068795e-01
-1.870358348439303819e-01
-2.465538213553600810e-01
-2.848416323449231013e-01
-2.972806489396689900e-01
-2.781263858749953854e-01
-2.281031668112215582e-01
-1.541142475624261987e-01
-6.120375156765922586e-02
4.208846865308779606e-02
1.449884250322692747e-01
2.368192123889971690e-01
3.080666245559673388e-01
3.473812157880529217e-01
3.487558118240914329e-01
3.139168307036306338e-01
2.438374196184422971e-01
1.428739480052780841e-01
2.102299653054529038e-02
-1.060910849916036902e-01
-2.262608974363259362e-01
-3.239273718930772983e-01
-3.860797297557558849e-01
-4.063639762012298817e-01
-3.801465457955528482e-01
-3.074214055009972801e-01
-1.943853924040378489e-01
-5.565835068690494492e-02
9.594327049662099149e-02
2.410744112889933177e-01
3.609809935357357613e-01
4.405256909998938042e-01
4.691392040067652314e-01
4.415419802460587295e-01
3.584709139762145558e-01
2.314093869535285286e-01
7.167925193986501853e-02
-9.978751345593550592e-02
-2.615619082516511540e-01
-3.929670446737280054e-01
-4.777879549084004251e-01
-5.035160467773304172e-01
-4.647243955265996096e-01
-3.689189360291610376e-01
-2.240989818420948687e-01
-4.886030097313809328e-02
1.357166720414606509e-01
3.051651370679173692e-01
4.391617467302282307e-01
5.182989436648393067e-01
5.309148224082993472e-01
4.801664178684836859e-01
3.697015901966276274e-01
2.127977038105453023e-01
2.770241408567586383e-02
-1.594310344909725119e-01
-3.268540669938366783e-01
-4.516668426948168280e-01
-5.167263938650381583e-01
-5.175429319641859927e-01
-4.524182958853778524e-01
-3.300646898277547203e-01
-1.646243361314334575e-01
1.931815424609206744e-02
2.013396901565831509e-01
3.576013221170117884e-01
4.667038666332727903e-01
5.165238241436105326e-01
5.004352868762373951e-01
4.218384081619397374e-01
2.891944040035576702e-01
1.230055745223059827e-01
-5.861913813334995726e-02
-2.313153048346214824e-01
-3.721646758715836389e-01
-4.645011007235423373e-01
-4.968964097934600588e-01
-4.662239130896755901e-01
-3.751503247185570267e-01
-2.389670742522260749e-01
-7.187770351985955930e-02
1.031369831014983252e-01
2.632834901244673897e-01
3.888526309782367463e-01
4.647446304418900720e-01
4.814809037946636838e-01
4.358980764026534338e-01
3.373062241127440242e-01
1.950816602324898508e-01
2.976342368897499924e-02
-1.371519721471428088e-01
-2.846954998687897254e-01
-3.955529463871331197e-01
-4.549933137711468234e-01
-4.548286854779912680e-01
-3.998944809412838808e-01
-2.949167096568924284e-01
-1.530169977914414003e-01
8.663329957296017625e-03
1.681195150944481131e-01
3.071418073154479345e-01
4.070219167044708541e-01
4.551193384789427032e-01
4.508970436124282166e-01
3.931983444259414817e-01
2.878978082028378349e-01
1.470201748382609086e-01
-9.889195943778350539e-03
-1.663956163463948812e-01
-3.025038350529650755e-01
-4.006489253638273462e-01
-4.509096658628012344e-01
-4.466536925943227487e-01
-3.880502055032066799e-01
-2.806780768409451454e-01
-1.395827562619346152e-01
2.171832480212954053e-02
1.830882352466258745e-01
3.244373655769539067e-01
4.292843961716052981e-01
4.852072541006260398e-01
4.844673092127929070e-01
4.253402934310133165e-01
3.169794157619403308e-01
1.684771376129972076e-01
-2.454409366297372053e-03
-1.759954936473192566e-01
-3.311132693664083915e-01
-4.502234274271321723e-01
-5.164838931522427456e-01
-5.201278109994864618e-01
-4.645016846495795271e-01
-3.530862282861730872e-01
-1.969900580287317071e-01
-1.274192481241032127e-02
1.759141986796521895e-01
3.484412134559822238e-01
4.817698050158016887e-01
5.585537034533492040e-01
5.721423763363242543e-01
5.182917920229928033e-01
4.016312020571426444e-01
2.336502918190330735e-01
3.683217151710427295e-02
-1.691545468525426088e-01
-3.586436962280686869e-01
-5.075472504842506449e-01
-5.980480532444082398e-01
-6.182625367470337974e-01
-5.648703474206513420e-01
-4.413259490025158716e-01
-2.646558277167726514e-01
-5.160323410630229812e-02
1.709135113200599410e-01
3.760228251488790807e-01
5.388110555266256707e-01
6.398701736504026627e-01
6.655374352803136162e-01
6.102141463315873260e-01
4.837392923302097358e-01
2.971465862252664625e-01
7.466448462883779058e-02
-1.574162930598803634e-01
-3.702629463102853347e-01
-5.395440546079234290e-01
-6.430687712142644230e-01
-6.669685012463260065e-01
-6.136013397296387062e-01
-4.868192857100986926e-01
-3.018037579036892959e-01
-7.938852912018323771e-02
1.505279527344862700e-01
3.626016345982383537e-01
5.300346949838532495e-01
6.323266806847738231e-01
6.624056584147661741e-01
6.154002463178533944e-01
4.973649603018153176e-01
3.214169640922022175e-01
1.120818439392903265e-01
-1.090551109880903979e-01
-3.149438990523811821e-01
-4.805037906888054433e-01
-5.884777647258703226e-01
-6.269596933474754774e-01
-5.934986429430922916e-01
-4.916088338225265142e-01
-3.371705708667493973e-01
-1.453943452499679712e-01
5.989161097816531054e-02
2.545562776538501382e-01
4.174623402047448195e-01
5.314614140283220323e-01
5.842838017867635347e-01
5.701653289297015093e-01
4.963618602439197058e-01
3.697820352944878319e-01
2.053035583112772233e-01
2.135400141431831322e-02
-1.609296920771885464e-01
-3.228694961874540859e-01
-4.455500112214273445e-01
-5.158643251505976579e-01
-5.320387868126049691e-01
-4.919206124263207913e-01
-3.992741171493223717e-01
-2.640423026047802324e-01
-1.030764459592613536e-01
6.852268928059479514e-02
2.315639281444581421e-01
3.684387573873562083e-01
4.673773815160175982e-01
5.182455260786451579e-01
5.141596597575035510e-01
4.547681101225948819e-01
3.495175189464339027e-01
2.069798220043435055e-01
4.215565298217849310e-02
-1.271837378489987236e-01
-2.831898086362732991e-01
-4.104938149709819184e-01
-4.935698964361214802e-01
-5.226113862731804893e-01
-4.980097162057643967e-01
-4.203227408512675289e-01
-2.955224109495000473e-01
-1.358749279443950408e-01
3.950062895322936640e-02
2.140781623106124965e-01
3.673533017700674197e-01
4.819814073929016285e-01
5.476730153116655675e-01
5.556016969772115122e-01
5.021678043632913369e-01
3.913351787218466438e-01
2.366694192319300782e-01
5.124009196608581007e-02
-1.435666433410970333e-01
-3.256050064966903301e-01
-4.738831545610681095e-01
-5.716189621837890478e-01
-6.047402806027708522e-01
-5.667154442705091277e-01
-4.649317071078810093e-01
-3.072802909508969282e-01
-1.102874467599733732e-01
1.051410480506127509e-01
3.123535665200045663e-01
4.884766993556985959e-01
6.098042937863266122e-01
6.602256473178751417e-01
6.370666171572052505e-01
5.396827359427560644e-01
3.777076696980932180e-01
1.677178422794614043e-01
-6.278745268233243415e-02
-2.900236390940483799e-01
-4.856867985039804436e-01
-6.248931538207913583e-01
-6.919916153423035787e-01
-6.773593186817659095e-01
-5.821845435257501089e-01
-4.148318667424354400e-01
-1.981553787382562826e-01
4.629505739709238732e-02
2.877401971142623527e-01
4.966072910823999820e-01
6.478400277206821656e-01
7.229558100669104537e-01
7.122531192044319059e-01
6.142874967796445596e-01
4.440131616870084397e-01
2.174143509888279979e-01
-3.539467624906211807e-02
-2.838154715061721456e-01
-4.973296424428260698e-01
-6.509669528727027865e-01
-7.250126424978634576e-01
-7.087473705088322973e-01
-6.093834847671055766e-01
-4.357820091984846433e-01
-2.100735672266998977e-01
4.143976294761686496e-02
2.852985933174805311e-01
4.934164552443884855e-01
6.388879263343261172e-01
7.033614746712564259e-01
6.855546163457080233e-01
5.856513869299355690e-01
4.166711384780825700e-01
1.983375407776675203e-01
-3.853874938981871612e-02
-2.675374314640489581e-01
-4.594636601292224620e-01
-5.898144551588362372e-01
-6.462882038067483403e-01
-6.218587119177254596e-01
-5.221999741307528087e-01
-3.589333825216488583e-01
-1.571417285261614838e-01
6.084742314034929933e-02
2.664972181819029728e-01
4.334570276418789891e-01
5.433689983659986122e-01
5.836386910314430576e-01
5.522981078531903343e-01
4.533337557037622201e-01
3.045150995516783254e-01
1.223646487560874352e-01
-6.768463883796582703e-02
-2.409621406029298640e-01
-3.772277090296549673e-01
-4.609999430753620731e-01
-4.844991104110669689e-01
-4.457872699331371091e-01
-3.554851706872040884e-01
-2.236846939521123234e-01
-7.052280427957380304e-02
8.332603649651715294e-02
2.188388895283484015e-01
3.204978579828379193e-01
3.770813133912596093e-01
3.828535381128248538e-01
3.433065520398954629e-01
2.631135775894821727e-01
1.556618890554199997e-01
3.627352587140797446e-02
-7.905686415123513999e-02
-1.768479787454583230e-01
-2.448291929799830680e-01
-2.756415146817324802e-01
-2.718715911059041979e-01
-2.344882481719360312e-01
-1.704361216155019232e-01
-8.977880216879419173e-02
-4.838428030156438631e-03
7.443129682575033712e-02
1.375132321070506869e-01
1.769740271793092123e-01
1.930732174972906723e-01
1.848464774611442429e-01
1.552059704590238454e-01
1.100766907379271409e-01
5.789282553616370564e-02
4.637955529691595302e-03
-4.246747371284376182e-02
-7.702143959607166135e-02
-9.779402686028360048e-02
-1.033740748939505627e-01
-9.479537775409296874e-02
-7.520988056444066761e-02
-4.961461606880168684e-02
-2.079773187985778371e-02
7.079966309779583966e-03
2.946660809079748589e-02
4.505920727599899145e-02
5.265945570177721358e-02
5.239820394501704115e-02
4.595533731840317770e-02
3.513395771238658760e-02
2.223322674353278572e-02
8.531617049302608891e-03
-4.692398732843106046e-03
-1.616034796544274510e-02
-2.459375801103524939e-02
-2.871415623215956003e-02
