-7.910287357953993403e-02
9.403757689780789519e-02
2.178066803825087216e-01
2.970407562763845988e-01
3.365761239812579131e-01
3.412491028989510511e-01
3.158960124312855111e-01
2.653531719800856781e-01
1.927279226526203981e-01
1.005407634724451160e-01
-4.808441162034271521e-03
-1.097640379120499166e-01
-2.023037470444992714e-01
-2.751669240318864729e-01
-3.201361264467215140e-01
-3.314257789728469739e-01
-3.071026032112500470e-01
-2.517808113070412190e-01
-1.700425407183410176e-01
-7.092234072983938376e-02
3.480439837627780086e-02
1.356075022421792120e-01
2.215773400956626560e-01
2.826434735769542961e-01
3.120952554661555745e-01
3.096847936414592883e-01
2.750711126555143160e-01
2.112228555186959067e-01
1.249150632772562108e-01
2.693980477214497071e-02
-7.364772284203213726e-02
-1.656320435002133218e-01
-2.390996009461392457e-01
-2.884022308825925363e-01
-3.083754440927677365e-01
-2.963408885490327327e-01
-2.535849695665300940e-01
-1.861988255937642167e-01
-9.971318208431112495e-02
-3.595497241256739862e-03
9.164614133752224667e-02
1.763375469785881666e-01
2.423049143149427209e-01
2.816415322275518385e-01
2.899353367675201465e-01
2.694498637515319039e-01
2.217056486544368710e-01
1.506237574695517001e-01
6.338669013880471326e-02
-3.003305105208931014e-02
-1.207516737201931312e-01
-1.981680871243567399e-01
-2.542485714429358890e-01
-2.858572681757061140e-01
-2.895474035752013675e-01
-2.641477142007682133e-01
-2.124438269860078332e-01
-1.413734028901291184e-01
-5.667797471550384270e-02
3.285206491224146319e-02
1.174248675940492426e-01
1.888770727338613398e-01
2.405910626175169487e-01
2.662188633950368644e-01
2.627475121966189597e-01
2.333495896040835849e-01
1.803348375066908815e-01
1.086626335174509794e-01
2.594853182832057570e-02
-5.889813470760008052e-02
-1.380072072903837377e-01
-2.022961643238844198e-01
-2.452621102657900343e-01
-2.651972617068277804e-01
-2.598599103944478905e-01
-2.289432736108154565e-01
-1.759311687529846457e-01
-1.077702966321898437e-01
-2.984752316095407032e-02
5.003916756242943187e-02
1.236022084346961591e-01
1.847937421818763859e-01
2.279933575042170091e-01
2.476374260407419037e-01
2.416457864517396192e-01
2.130412761210569439e-01
1.638730773699639265e-01
9.798735058920460261e-02
2.186735942998963012e-02
-5.657041917373795137e-02
-1.302965716988023770e-01
-1.907322652609425573e-01
-2.317678238612487229e-01
-2.518138304395324267e-01
-2.485037074155280745e-01
-2.207718642647039653e-01
-1.713120514216741608e-01
-1.060683925028286234e-01
-2.996338604206594258e-02
4.939655867889070073e-02
1.238031647206030428e-01
1.866567205924281048e-01
2.321267116216731985e-01
2.538450377556968895e-01
2.489989525971629813e-01
2.205466972983263219e-01
1.702939001893888360e-01
1.019260771406966803e-01
2.213968561358026221e-02
-6.076824603360253541e-02
-1.394319085055928387e-01
-2.047681235049046977e-01
-2.500831375985269611e-01
-2.728536019004880187e-01
-2.701854995839851892e-01
-2.408048031143362744e-01
-1.874893482917111553e-01
-1.168465001730956132e-01
-3.399531036048097921e-02
5.318247513396867632e-02
1.357018811280288340e-01
2.058946727963992807e-01
2.570047247072277941e-01
2.819157958900861960e-01
2.772759229429309080e-01
2.456366473515383397e-01
1.888562285566497412e-01
1.108109911825583271e-01
1.863495743659582260e-02
-7.777772538374294609e-02
-1.696001656605558017e-01
-2.460057849087446957e-01
-2.987739127486914725e-01
-3.242091258762638262e-01
-3.186883763136980630e-01
-2.808902603027074729e-01
-2.138177317485110418e-01
-1.250910842276194979e-01
-2.144103079537840184e-02
8.666116228225373419e-02
1.877569296051211367e-01
2.714317561274477431e-01
3.292647544312512498e-01
3.530420469464612410e-01
3.387694007851624889e-01
2.901102508132102908e-01
2.103836991342249441e-01
1.064122249689023469e-01
-1.171900670319026005e-02
-1.310071053211034897e-01
-2.399030963114731074e-01
-3.253666341105185822e-01
-3.778087029846934897e-01
-3.933755927411517472e-01
-3.689817905196657311e-01
-3.055643726723383802e-01
-2.088385703187924936e-01
-9.034227711967379726e-02
3.999814470459739368e-02
1.685211242289297306e-01
2.812109177531794124e-01
3.663803359517876501e-01
4.148138119288899972e-01
4.196351105836153561e-01
3.787061462102516707e-01
2.978846172216536026e-01
1.833553567377963489e-01
4.636890099401180798e-02
-9.941744799622609374e-02
-2.378974894653377303e-01
-3.550530230282101796e-01
-4.365284469299470782e-01
-4.725093082846061332e-01
-4.611229085027507280e-01
-4.015912866782176405e-01
-2.986081516881368136e-01
-1.615954298037352022e-01
-6.366364752782627257e-03
1.526397920130215802e-01
2.974262425777338681e-01
4.118360212669402998e-01
4.842603958570974587e-01
5.060251475667287835e-01
4.734087476236081837e-01
3.880434909434364865e-01
2.601976308858837683e-01
1.005446270871759307e-01
-7.291965369930941687e-02
-2.414526961233927072e-01
-3.867496414215590983e-01
-4.935145919696303229e-01
-5.486008030593749751e-01
-5.444830035887737729e-01
-4.840059455359873031e-01
-3.712818293843173079e-01
-2.173323121844439321e-01
-3.729334388762683972e-02
1.479251229461686634e-01
3.196796986490058057e-01
4.577613378616760542e-01
5.467441487249955490e-01
5.794485716398034558e-01
5.503961753226020992e-01
4.613494434626623786e-01
3.202644170114956612e-01
1.439591841352096946e-01
-5.145926257751332056e-02
-2.441386664395936990e-01
-4.129551581720065645e-01
-5.396602014117990453e-01
-6.102521866352992319e-01
-6.162687345157105145e-01
-5.551606721340809347e-01
-4.355097287719205124e-01
-2.673136723217770516e-01
-6.906503274049435870e-02
1.386795787760950471e-01
3.325735785333949757e-01
4.923012333253171668e-01
5.987343906044688691e-01
6.389164669370199778e-01
6.111534333754053971e-01
5.160938876293257316e-01
3.633335171529323837e-01
1.676068449510839109e-01
-4.801518573650542798e-02
-2.620903721553317078e-01
-4.497442249361017774e-01
-5.899645872065496510e-01
-6.689429864247403712e-01
-6.766829199811865703e-01
-6.117844916615136075e-01
-4.793689308721587050e-01
-2.958968895793445686e-01
-7.809675503835333821e-02
1.494200268238878859e-01
3.620122486169936593e-01
5.362533521969274908e-01
6.532256456995308991e-01
6.986504776889539414e-01
6.654029902174880551e-01
5.606910248260579266e-01
3.934038728129851670e-01
1.818420723840326048e-01
-5.221874450835828352e-02
-2.815954025369974412e-01
-4.822392679996142517e-01
-6.306427701005644648e-01
-7.095528021434294175e-01
-7.130595662438401483e-01
-6.386667002796222459e-01
-4.945179966166748375e-01
-2.948290577531197387e-01
-6.431735302640140262e-02
1.745685526429305856e-01
3.949767074983829840e-01
5.720491171992170276e-01
6.871308341615220971e-01
7.268937169526754616e-01
6.872170904730574570e-01
5.705194470874737078e-01
3.917962017242264672e-01
1.674623247295805584e-01
-7.633547714687771713e-02
-3.132374889963657205e-01
-5.168491334752486344e-01
-6.651797337508799091e-01
-7.408793225352988676e-01
-7.339589750071808805e-01
-6.489954031675997381e-01
-4.928771396062643362e-01
-2.828536723045494972e-01
-4.033704481574973411e-02
2.060299525120012909e-01
4.303601083927504067e-01
6.061536768899846717e-01
7.133074283277018868e-01
7.430431485576869388e-01
6.901467065665658485e-01
5.605668132610235332e-01
3.668525394180557342e-01
1.332412236740114775e-01
-1.173374826970046136e-01
-3.560801390196446370e-01
-5.560552094860247152e-01
-6.955908915273359971e-01
-7.588354803571674134e-01
-7.390928663046256730e-01
-6.365357698449726209e-01
-4.651965452149666724e-01
-2.408615858584155500e-01
9.470161675297683601e-03
2.582782794016151851e-01
4.775203515255039832e-01
6.434915358827180132e-01
7.369274494873947479e-01
7.460453278508232255e-01
6.737901683490870042e-01
5.258687947632461057e-01
3.192554355296055579e-01
7.543784209027570853e-02
-1.759866516037563722e-01
-4.084625498823016843e-01
-5.945064330029103949e-01
-7.129721339694621296e-01
-7.541913739557729590e-01
-7.117413805779849723e-01
-5.906074361933217887e-01
-4.027656216521708910e-01
-1.721686720450527064e-01
7.826079138489627773e-02
3.190932803314352473e-01
5.229530006934670627e-01
6.675580186767173796e-01
7.363940352807996081e-01
7.225483378314829785e-01
6.258807277949831605e-01
4.599625310875121720e-01
2.402212006199688776e-01
-6.780132548901529610e-03
-2.538570630237975134e-01
-4.727373920216338954e-01
-6.394748498570699269e-01
-7.344138297466805687e-01
-7.454888495200573395e-01
-6.755994759715195919e-01
-5.302227531656726889e-01
-3.261278344106365301e-01
-8.451255089446230162e-02
1.652866334637996815e-01
3.965508008359295289e-01
5.814278404451491689e-01
6.985771652790451203e-01
7.380382961939233599e-01
6.935262760818090566e-01
5.704328415114428008e-01
3.809001622685925792e-01
1.493936093402312704e-01
-1.008616948007026171e-01
-3.403262780732514425e-01
-5.414728596804898597e-01
-6.820336767948144141e-01
-7.456921494325416955e-01
-7.256784249866319314e-01
-6.221758148226570473e-01
-4.497106990602728338e-01
-2.245301200372934458e-01
2.560548090121228526e-02
2.726363343181310572e-01
4.880725713808344857e-01
6.480273941015606276e-01
7.335327417077488477e-01
7.332748697428081996e-01
6.512464620948874572e-01
4.941772674092517192e-01
2.804129406662667634e-01
3.253838340194392664e-02
-2.188761339290776764e-01
-4.467077051066570270e-01
-6.235339024208008674e-01
-7.286377950426923267e-01
-7.535937832921650870e-01
-6.933821456782256476e-01
-5.550304295928818465e-01
-3.523702029897421983e-01
-1.113266657701204032e-01
1.436808221011258713e-01
3.823638106904077016e-01
5.770286624492342309e-01
7.060680873779547895e-01
7.540840119534526487e-01
7.163126417937282220e-01
5.948406935505829995e-01
4.061109221885972342e-01
1.680782526763398010e-01
-9.043430447365319313e-02
-3.406034474058449169e-01
-5.534642627771504397e-01
-7.050900668260762227e-01
-7.772089733941884848e-01
-7.595651440554855860e-01
-6.581256373727595310e-01
-4.814678683942057447e-01
-2.499389588004043983e-01
1.221246314278445766e-02
2.731373455381456150e-01
5.044633014766535251e-01
6.781093486909635093e-01
7.732413796901997927e-01
7.821169255199589276e-01
7.011588744560652842e-01
5.397892067716578701e-01
3.139885401458901715e-01
5.227773167656390996e-02
-2.187995841949411657e-01
-4.673954797757496893e-01
-6.645748809121572176e-01
-7.884276260427808269e-01
-8.238438172889674949e-01
-7.673201576474981689e-01
-6.225278901764812467e-01
-4.084532802807243623e-01
-1.454913279749100452e-01
1.350150935878751124e-01
4.019855081477243797e-01
6.246871633185597794e-01
7.780321607608731149e-01
8.432938963199405613e-01
8.104344601767645706e-01
6.872147784508337853e-01
4.842624644955630941e-01
2.251430539659722285e-01
-6.288144840201248531e-02
-3.452684212617820325e-01
-5.914340899504123561e-01
-7.719583858380101304e-01
-8.651545714133284104e-01
-8.634958842006128510e-01
-7.643186595134390249e-01
-5.792653886884799874e-01
-3.267882852036756436e-01
-3.861970554041127546e-02
2.561574178260561663e-01
5.235379458058004865e-01
7.327685324912962539e-01
8.611658961444750293e-01
8.930105498203180225e-01
8.252683783036434129e-01
6.627066397420711130e-01
4.262124586865978504e-01
1.383194834682013319e-01
-1.669397723254979482e-01
-4.561422130689094523e-01
-6.964241329169014172e-01
-8.609537262450177586e-01
-9.303957221029615088e-01
-8.944474855027844118e-01
-7.613179816640314179e-01
-5.425037258771732152e-01
-2.629081450840821121e-01
4.860475213221371327e-02
3.550268006046641833e-01
6.234476208402968123e-01
8.221106651646690189e-01
9.274621459861227546e-01
9.310025455393093896e-01
8.294590876191580975e-01
6.347410250868734671e-01
3.659044203394519190e-01
5.612748656736710196e-02
-2.634521476372251314e-01
-5.560695052995163756e-01
-7.884123928652756463e-01
-9.351868748896391415e-01
-9.789277092744231856e-01
-9.156972277422039674e-01
-7.496433829540473104e-01
-5.022741919838307201e-01
-1.970072169337215851e-01
1.304347452331289237e-01
4.445553785797384805e-01
7.099601397778880774e-01
8.974838425435143208e-01
9.852945551783851563e-01
9.611325216054180665e-01
8.322787724344384852e-01
6.097420569374429888e-01
3.193166729667065162e-01
-8.938365573227358141e-03
-3.363743370059234516e-01
-6.282582711875926984e-01
-8.507427194914943813e-01
-9.782065281342691154e-01
-1.000000000000000000e+00
-9.111661883387928151e-01
-7.226314758837464325e-01
-4.529897421678552583e-01
-1.358722932085836277e-01
1.971174508033761708e-01
5.080903313855578141e-01
7.623305473993242654e-01
9.328402444127044113e-01
1.000000000000000000e+00
9.575511126894760139e-01
8.077985129977944823e-01
5.705447948226740618e-01
2.681492901880466739e-01
-6.374018325980579380e-02
-3.894678915510091377e-01
-6.726341561119713042e-01
-8.826558729468833020e-01
-9.959322537414043719e-01
-9.982082254511892572e-01
-8.940794307279116282e-01
-6.921551795297373744e-01
-4.157424411524748287e-01
-9.303945106702227186e-02
2.379579428053815171e-01
5.425228942870432558e-01
7.855345354077811759e-01
9.397593609381527102e-01
9.920885380107105078e-01
9.347816892380262921e-01
7.753445423275975301e-01
5.292613804242813913e-01
2.273292592378513000e-01
-1.005538092792888083e-01
-4.169283929976398406e-01
-6.868829867597235905e-01
-8.816147551359004853e-01
-9.795744877790366623e-01
-9.712665723504815274e-01
-8.556341660792726733e-01
-6.491276291544789689e-01
-3.710390594132884079e-01
-5.475701682716405116e-02
2.655919129989539051e-01
5.543393190032135376e-01
7.808503624792459963e-01
9.200636077782704536e-01
9.556679176231210882e-01
8.887622469121765345e-01
7.245372635965214858e-01
4.825256846803198663e-01
1.876728128076052826e-01
-1.247058037617485571e-01
-4.221726367074581932e-01
-6.707145149532751649e-01
-8.432336339691670624e-01
-9.251764885785678239e-01
-9.062996077013999452e-01
-7.900147779144212068e-01
-5.878687598135368120e-01
-3.258939258398795280e-01
-2.992543800162517087e-02
2.658483043709303217e-01
5.290312007562085750e-01
7.316890700009655024e-01
8.520351838064585959e-01
8.785573406957716269e-01
8.074054110671602391e-01
6.502741971164163193e-01
4.217182790922988644e-01
1.493526948410046629e-01
-1.376159318789312858e-01
-4.070554806991478758e-01
-6.307259479086695375e-01
-7.837778848123302389e-01
-8.490731349607664180e-01
-8.245936896737050548e-01
-7.116446738680538564e-01
-5.240154962389640403e-01
-2.810314890943560462e-01
-1.202902420100471215e-02
2.552091855325031577e-01
4.898098756067954529e-01
6.664971700585970993e-01
7.698121376263129534e-01
7.880215318907488609e-01
7.206190971046393390e-01
5.744589075401536071e-01
3.694976986469549196e-01
1.257913446567477944e-01
-1.284172477709371041e-01
-3.653413582270097493e-01
-5.597241943914705864e-01
-6.911631594947504897e-01
-7.459787354453570885e-01
-7.175254296348670957e-01
-6.138491643833610123e-01
-4.448717652766259745e-01
-2.310635321412225496e-01
4.427628604618094599e-03
2.345692563956904841e-01
4.353680789521248151e-01
5.844291046878551388e-01
6.654757315364292491e-01
6.743281045306221966e-01
6.094858125960140871e-01
4.796541034003851678e-01
2.989118718355314730e-01
9.038111416675320697e-02
-1.248820782484927339e-01
-3.225262434676682277e-01
-4.809106638041176218e-01
-5.856280914777585167e-01
-6.256477562195039699e-01
-5.982726995328904174e-01
-5.066454822714838713e-01
-3.643092667961111975e-01
-1.851613333054069610e-01
9.479797232518238914e-03
1.980946744756781897e-01
3.605958815131613537e-01
4.802433768814446946e-01
5.444396529034540855e-01
5.462610283978404091e-01
4.906296762918957999e-01
3.831223751965844304e-01
2.362687327653785196e-01
6.593123960580160592e-02
-1.077462198782825897e-01
-2.667171511257013794e-01
-3.928910123960590584e-01
-4.728319530259811332e-01
-5.021889388658316022e-01
-4.777779084939726140e-01
-4.032318022341705444e-01
-2.870068346811301963e-01
-1.447168159520315633e-01
9.591737739045091971e-03
1.584976034499649966e-01
2.852850295404465442e-01
3.777522596860749537e-01
4.267673105519145249e-01
4.282190187416117233e-01
3.821947283075459723e-01
2.968407629561971017e-01
1.804185005974476841e-01
4.753197711445955598e-02
-8.641111823788272250e-02
-2.071145850924950294e-01
-3.024141266753178625e-01
-3.619873749478642599e-01
-3.796957938251275255e-01
-3.581128182098114454e-01
-2.996668092593937072e-01
-2.111952347761758553e-01
-1.028734545197653727e-01
1.158171583095057855e-02
1.203449949728769841e-01
2.107811514568469491e-01
2.734510600745536646e-01
3.056255725044745297e-01
3.040484706206956211e-01
2.691685029714627753e-01
2.056751425560041646e-01
1.229683283692009077e-01
2.899215611117877955e-02
-6.543520442640760049e-02
-1.493234263992839761e-01
-2.146779492384891519e-01
-2.553659339886026336e-01
-2.677366138157715181e-01
-2.510261562873531416e-01
-2.098206080159722431e-01
-1.480944411315147091e-01
-7.337861511762377997e-02
5.371342093416942021e-03
7.956290257914577779e-02
1.418694565593294765e-01
1.850066644763537216e-01
2.046053189520073978e-01
2.021697627233203232e-01
1.781497778399832033e-01
1.351183252137833080e-01
7.848481512642724311e-02
1.576111953877035177e-02
-4.673210113096293306e-02
-1.012309443432316547e-01
-1.417159649679387012e-01
-1.665353724358639154e-01
-1.734140451003054473e-01
-1.614547555647587451e-01
-1.327700497297240601e-01
-9.241119531272901089e-02
-4.396666861330789100e-02
6.853476196472252369e-03
5.369375049141433820e-02
9.239549775216837624e-02
1.195163568245500851e-01
1.316226924271661769e-01
1.277070948198355538e-01
1.107074489033978981e-01
8.215267497914791051e-02
4.560369693756372023e-02
6.195400423903540954e-03
-3.173641701921192659e-02
-6.464745263989457591e-02
-8.837987787657242134e-02
-1.006821567348500368e-01
-1.027397599882466928e-01
-9.436604055881303577e-02
-7.633829967378114034e-02
-5.178219777520931544e-02
-2.463965883690799608e-02
2.741068724006368029e-03
2.696878501099919667e-02
4.522587548561074478e-02
5.759541895954978230e-02
6.294321438250194412e-02
5.998833002569159412e-02
4.980252685609243279e-02
3.495547086460781827e-02
1.666854523980809688e-02
-2.889298612609225714e-03
-2.106443841630478708e-02
-3.654502030549044989e-02
-4.794254767558592256e-02
-5.350336861279247902e-02
-5.312762568253570628e-02
-4.854821930576513900e-02
-3.999070173796170913e-02
-2.808066466028003028e-02
-1.478656073961281958e-02
-1.798082978495263440e-03
9.837282309796080426e-03
1.869493126647192582e-02
2.400111957128792106e-02
2.637907421359853011e-02
2.553699688740596052e-02
2.122910320105564352e-02
1.447586088989027964e-02
6.669018271207471926e-03
-1.594938270726875551e-03
-9.456168289411870376e-03
-1.600708268576978011e-02
-2.112244577011701541e-02
-2.431310921582519047e-02
-2.488557731088292257e-02
-2.306233324040418697e-02
-1.973246053191024529e-02
-1.512994183599447595e-02
-9.750033954857739715e-03
-4.422104080800570713e-03
4.041934238436795113e-04
4.293797057774328962e-03
6.610985551839476670e-03
7.195452483980568914e-03
6.469798477547028526e-03
4.496415746308768391e-03
1.650971947949386731e-03
-1.371658076557147332e-03
-4.054395573428570820e-03
-6.173747754630420914e-03
-7.589516710521992948e-03
-8.226938152252616376e-03
-8.298685834105978820e-03
-7.798736805086026180e-03
-6.815392145243737154e-03
-5.740687853382886452e-03
-4.977967179279674248e-03
-4.578445137208952964e-03
-4.460915221779937490e-03
-4.581449711222873589e-03
-4.707051904309089707e-03
-4.865116492936971682e-03
-5.149640159283541685e-03
-5.434637688940924249e-03
-5.624090617398658232e-03
-5.708003462718380661e-03
-5.684362300097056675e-03
-5.583862856411547781e-03
-5.495184833333333074e-03
-5.407375995776453337e-03
-5.287074645781819626e-03
-5.163370952258383717e-03
-5.046932117159452780e-03
-4.943538176679362905e-03
-4.866704787959919010e-03
-4.810597417826523170e-03
-4.755541633484239306e-03
-4.706113595372429792e-03
-4.660814699506077297e-03
-4.618146341900941643e-03
-4.576609918572560609e-03
-4.534706825535916863e-03
-4.490938458806770228e-03
