3.774084576416452119e-01
8.698052760635999192e-02
-1.467924734038024148e-01
-3.262613934429413609e-01
-4.537770805651565320e-01
-5.316903828245476138e-01
-5.623521482752136258e-01
-5.481132249712583615e-01
-4.833267883967848899e-01
-3.661772994494826294e-01
-2.054665150828548503e-01
-2.055135941028041202e-02
1.687567435510590741e-01
3.425787244307056945e-01
4.816915597206814503e-01
5.695461869609341754e-01
5.951140702334893895e-01
5.572810937615608751e-01
4.575990346309339873e-01
3.064238562302046276e-01
1.181029347311759459e-01
-8.563287417433640414e-02
-2.841678046462345897e-01
-4.542781828477571171e-01
-5.770031172766922900e-01
-6.399940827042538416e-01
-6.345258674368499108e-01
-5.606206393126278442e-01
-4.240918839477301194e-01
-2.412274840977829404e-01
-2.897441726196203771e-02
1.886566952416330878e-01
3.883588302654481517e-01
5.479141909056080006e-01
6.495278855679682550e-01
6.810817946273042267e-01
6.368222216906809230e-01
5.237426489827479159e-01
3.513105482841385463e-01
1.382141103589853426e-01
-9.425906415534424099e-02
-3.194030692595123400e-01
-5.134920765818047350e-01
-6.539149612699604042e-01
-7.240052338506699492e-01
-7.177091810642126646e-01
-6.331016258865929114e-01
-4.792374088015523004e-01
-2.703987380327591561e-01
-3.117093449540642158e-02
2.150179229251887314e-01
4.404521764709552478e-01
6.200534161517448073e-01
7.342054835064288909e-01
7.692116273470233079e-01
7.211920569578602613e-01
5.926197147099878659e-01
3.991399552771759396e-01
1.584237307014211282e-01
-1.018271910074295405e-01
-3.540445355473422762e-01
-5.701523881924525083e-01
-7.266864418357106281e-01
-8.057303269571172155e-01
-7.965891679901482281e-01
-7.026071815839015633e-01
-5.309393092394452118e-01
-3.006193024321195395e-01
-3.443974216106404640e-02
2.367638175283734991e-01
4.849026089188395172e-01
6.815714184571146639e-01
8.045882941342707984e-01
8.425247083619338273e-01
7.887219067789850158e-01
6.490814451782687122e-01
4.361447680306056451e-01
1.751876583548948041e-01
-1.084957383875113646e-01
-3.827575524837710796e-01
-6.178723174847515764e-01
-7.881883541556302664e-01
-8.743089595236456235e-01
-8.671649823234192089e-01
-7.649915246209431086e-01
-5.808139205473157318e-01
-3.310227813377706330e-01
-4.444710372771043527e-02
2.492163185737008568e-01
5.170930348312983149e-01
7.306294409714313431e-01
8.655590984413283895e-01
9.054194926932612741e-01
8.484809285215444419e-01
6.978849876053361267e-01
4.706573839425289840e-01
1.887869150724568179e-01
-1.150144081396387019e-01
-4.096214173579648676e-01
-6.611866182624316357e-01
-8.420022722218324374e-01
-9.341439652932829185e-01
-9.254279347914222686e-01
-8.172384842189566179e-01
-6.186349212835484668e-01
-3.538143851059272205e-01
-4.810721892804203925e-02
2.637621566380614624e-01
5.485460948396081449e-01
7.749371592773366402e-01
9.179521330728108719e-01
9.617311001030997009e-01
8.989011976859375697e-01
7.396918714394564720e-01
4.982092359156060635e-01
2.020280283393802723e-01
-1.186102879376762509e-01
-4.271155715260370744e-01
-6.909463781215702260e-01
-8.804512502160991572e-01
-9.737387478095431703e-01
-9.632868603215266612e-01
-8.475369228906323160e-01
-6.403675130894816991e-01
-3.618241921452183263e-01
-4.515616065401328871e-02
2.779036285251885730e-01
5.711776180674597025e-01
8.024700219674314461e-01
9.475135630233977313e-01
9.892762767279370539e-01
9.243520816953267882e-01
7.572216694462963194e-01
5.088549673738980150e-01
2.028277056407703505e-01
-1.255245574961288968e-01
-4.415388916603372182e-01
-7.102886644391650517e-01
-9.026922040211712295e-01
-9.977046580656077079e-01
-9.830472463984986087e-01
-8.639835322918428817e-01
-6.505457901780801189e-01
-3.673447819707654771e-01
-4.291120894311850620e-02
2.853018608794781752e-01
5.829896757976944510e-01
8.165381911400777515e-01
9.598090117086592876e-01
1.000000000000000000e+00
9.305145322234746885e-01
7.603814825948114198e-01
5.056970484773060104e-01
1.973298104014373777e-01
-1.340001543849927979e-01
-4.508046442902882145e-01
-7.186419500096767887e-01
-9.088116657704028434e-01
-1.000000000000000000e+00
-9.834872376920082981e-01
-8.587766270555357018e-01
-6.426797071044323406e-01
-3.554595478095866623e-01
-3.103402677208477733e-02
2.962721414582396573e-01
5.900286757472097410e-01
8.188786770891107736e-01
9.577948491295067424e-01
9.903433989071999122e-01
9.167459401660320584e-01
7.425717026878002613e-01
4.886984233733442373e-01
1.807402968661209197e-01
-1.449749711141512520e-01
-4.546364233669694110e-01
-7.132030983857634565e-01
-8.923662546710522392e-01
-9.756281639831491104e-01
-9.522973564862454721e-01
-8.265160038234428130e-01
-6.101257679797421618e-01
-3.302219733615195940e-01
-1.457455582682876116e-02
3.004595060305355059e-01
5.808422453673602881e-01
7.963272300865451570e-01
9.232637819042384120e-01
9.493414830171933438e-01
8.701515843541922646e-01
6.977331852199930573e-01
4.480535041834947663e-01
1.511481376600631865e-01
-1.617303334144493121e-01
-4.552883635322486633e-01
-6.984109297686689199e-01
-8.642624143652264390e-01
-9.339116788794643575e-01
-9.037053294909545009e-01
-7.750160047446945644e-01
-5.638971516748592094e-01
-2.915756400403135551e-01
9.391195148397368797e-03
3.077636921128603653e-01
5.692754351060542728e-01
7.655385167025419157e-01
8.778553579924224248e-01
8.929005654580599582e-01
8.108321429143285908e-01
6.392290466486738598e-01
4.006087663949813304e-01
1.185972683407183759e-01
-1.739710792937724237e-01
-4.455161273247877363e-01
-6.664069607859095523e-01
-8.127275468702822581e-01
-8.693036768452150342e-01
-8.286252243063438883e-01
-6.995604026699135947e-01
-4.943415513702607011e-01
-2.378090769946903382e-01
4.293444059068440843e-02
3.153993865322541890e-01
5.506690648599401605e-01
7.226196394207315965e-01
8.119356899483638479e-01
8.125710522554103754e-01
7.231856294676870522e-01
5.558779387266734595e-01
3.279564661566747308e-01
6.782415811114317350e-02
-1.977866218836368262e-01
-4.387157605441168728e-01
-6.284106864159749728e-01
-7.480119385492529638e-01
-7.840949339320122391e-01
-7.348598069470222427e-01
-6.048229653961183505e-01
-4.118538774400982705e-01
-1.752166010928132289e-01
7.689400134374335671e-02
3.170378397105211299e-01
5.188158599675329885e-01
6.604988413179744278e-01
7.273462813056263965e-01
7.113286542356709319e-01
6.187965479971866412e-01
4.587140505342395258e-01
2.505042191918045447e-01
1.623271582778285094e-02
-2.164088686452947385e-01
-4.226054445812850169e-01
-5.791717505782288944e-01
-6.687103400475391535e-01
-6.850434310720004971e-01
-6.256089042403372158e-01
-4.989891692319728955e-01
-3.185260246143447604e-01
-1.072891766675089231e-01
1.129542420702740468e-01
3.170076193944098009e-01
4.820670502209369879e-01
5.912699252413680107e-01
6.327276004653403785e-01
6.039823597335731709e-01
5.076548500333113445e-01
3.578052365050532480e-01
1.695819259572446391e-01
-3.421646734627270536e-02
-2.310383395347510582e-01
-3.989950890443150211e-01
-5.200070409320841636e-01
-5.811140022634755375e-01
-5.750230732861121297e-01
-5.067993339526872809e-01
-3.833272286001609963e-01
-2.201597947987298243e-01
-3.520766814716891346e-02
1.491483685571013407e-01
3.130097545157042305e-01
4.377198062689704461e-01
5.093034080896294835e-01
5.231437821613624806e-01
4.773032450203096300e-01
3.787438890365659727e-01
2.384330657709958778e-01
7.515929129422271870e-02
-9.405010044474271247e-02
-2.496715596491752009e-01
-3.739046728016931498e-01
-4.543034169667972133e-01
-4.821084983678026736e-01
-4.559707046660766983e-01
-3.786323526579796761e-01
-2.616932900309233423e-01
-1.172259367234393945e-01
3.676996378446051317e-02
1.826989497951621022e-01
3.042659643847751560e-01
3.882359094002816313e-01
4.259554008193831010e-01
4.130641371195959977e-01
3.543496381156892028e-01
2.557326784125275587e-01
1.300163426817839696e-01
-8.503042214837108759e-03
-1.429940941813174771e-01
-2.586852792948381996e-01
-3.419901537761887989e-01
-3.833436602439723728e-01
-3.812876305772219254e-01
-3.356990371503746351e-01
-2.529141987553944482e-01
-1.422999665224042865e-01
-1.863113133746319150e-02
1.047097197838480209e-01
2.127650480858711557e-01
2.929027258115382004e-01
3.377711202954463143e-01
3.422207912969852384e-01
3.068372487603732157e-01
2.355800070035516391e-01
1.390976271537325282e-01
2.749919364070274597e-02
-8.524563713817689958e-02
-1.856617729878091705e-01
-2.625496801286946180e-01
-3.073260441140186483e-01
-3.154563625289436013e-01
-2.857324190612178239e-01
-2.238523113155139743e-01
-1.360047119594638421e-01
-3.413859398306129389e-02
6.938190815058131733e-02
1.621661888073469004e-01
2.337732098470968189e-01
2.755311293815205786e-01
2.822411528697028604e-01
2.559561368530998138e-01
1.991808215573365182e-01
1.190679997652739353e-01
2.492284201356542717e-02
-7.067282174019373642e-02
-1.569426674310113734e-01
-2.229577717999022823e-01
-2.607900572990239363e-01
-2.684835980687356738e-01
-2.445678053342101865e-01
-1.920794393793914256e-01
-1.170729084255227592e-01
-3.015629338689862493e-02
5.946757631557675339e-02
1.406451224866303029e-01
2.031491004914918186e-01
2.402078662784858931e-01
2.473903328229904997e-01
2.243965643087746376e-01
1.734514117403593847e-01
1.021596184092181669e-01
1.777138371358488733e-02
-6.882583624284610568e-02
-1.469508556016310141e-01
-2.074372398176130838e-01
-2.432071314360743086e-01
-2.500656282167741384e-01
-2.266773448770144084e-01
-1.772275005058148167e-01
-1.061986678494319936e-01
-2.276473939254097800e-02
6.318086756182661468e-02
1.411582297334197378e-01
2.023073567555286889e-01
2.385753592668189427e-01
2.451080144530140004e-01
2.233116024510386488e-01
1.747919853353796515e-01
1.050019945594398152e-01
2.160654350215240882e-02
-6.455562961073479933e-02
-1.439618854709611151e-01
-2.062604302168957737e-01
-2.437556870808207377e-01
-2.536907527762448655e-01
-2.341235756460864348e-01
-1.870930444461911257e-01
-1.175298737016929884e-01
-3.492438708105827239e-02
5.241673819784997690e-02
1.338729344396634158e-01
1.993902968367904371e-01
2.416184883770720049e-01
2.554956107653010289e-01
2.394135923597271454e-01
1.944315482270264628e-01
1.269208076531429530e-01
4.319363105998386132e-02
-4.649143443461056791e-02
-1.316273515670750571e-01
-2.023164684749225728e-01
-2.505914707815651843e-01
-2.701090686177295419e-01
-2.577544916182479273e-01
-2.167758177635473738e-01
-1.506686114368935847e-01
-6.726237549498914614e-02
2.409047690890231408e-02
1.122671491670763633e-01
1.876515286661575299e-01
2.407220971183718916e-01
2.649322453412752409e-01
2.593212684133965329e-01
2.236461464291601420e-01
1.617815543350309415e-01
8.036229938907579751e-02
-9.874928561335649668e-03
-9.976948858387701957e-02
-1.786072611613743755e-01
-2.369799043470127708e-01
-2.692878808944084712e-01
-2.714821023838210889e-01
-2.432004973973336259e-01
-1.870496836950364949e-01
-1.105932116881369609e-01
-2.107613435270272451e-02
7.073036225319717651e-02
1.541724582294068391e-01
2.199660665743563559e-01
2.608320171718006009e-01
2.719485175398796972e-01
2.514852321608587182e-01
2.033480000354370709e-01
1.317092544247338015e-01
4.491442301671644266e-02
-4.746272970590825757e-02
-1.346279692560036212e-01
-2.072640114385310151e-01
-2.564031482757557212e-01
-2.761465793766730847e-01
-2.664027986857583352e-01
-2.274888651346702595e-01
-1.635103302113570800e-01
-8.117811487842196971e-02
9.162515592221254224e-03
9.827130356409696788e-02
1.754261677900426086e-01
2.317054478226912018e-01
2.621208221598199106e-01
2.629590265510741709e-01
2.340620477930535070e-01
1.782312400134302699e-01
1.030780679930096699e-01
1.568377602670567583e-02
-7.372382512915709452e-02
-1.548629605784265229e-01
-2.189226525204214235e-01
-2.590230085761909828e-01
-2.704124180130840216e-01
-2.512766541051912883e-01
-2.054695210061275867e-01
-1.370261189796111445e-01
-5.415246690279551522e-02
3.381343532058367352e-02
1.167859561175830230e-01
1.860643012418738973e-01
2.333604894106253713e-01
2.531997786712076870e-01
2.455379264669870221e-01
2.106960563304605127e-01
1.524698058547666601e-01
7.720059144654123351e-02
-5.415039030210011539e-03
-8.702600474435151501e-02
-1.580507531961640177e-01
-2.104863493980768663e-01
-2.401772077330754929e-01
-2.436683750341757104e-01
-2.204975877872524803e-01
-1.731195028442943373e-01
-1.081295598523305257e-01
-3.161551101089088434e-02
4.743798153860923073e-02
1.199565818889476443e-01
1.782479362827471547e-01
2.162297089375539993e-01
2.296502390689352247e-01
2.168099391478088833e-01
1.809089832914927420e-01
1.251302732556962560e-01
5.587027470608441071e-02
-1.917372222311319874e-02
-9.136134882834368032e-02
-1.532175639885835494e-01
-1.972560675662916596e-01
-2.184876468909584535e-01
-2.167863570247218208e-01
-1.920183447944940891e-01
-1.467272589236512381e-01
-8.586310164811450374e-02
-1.725544369679543610e-02
5.225330676767070415e-02
1.144153239267713396e-01
1.621485798748458773e-01
1.915176520247761083e-01
1.993543496402212511e-01
1.848110001965908022e-01
1.495041357285022965e-01
9.866938821237547508e-02
3.693683742645870183e-02
-2.853609007713331369e-02
-9.014468870020719837e-02
-1.414019647614572772e-01
-1.771128897314510064e-01
-1.929705434970331313e-01
-1.870240468446303650e-01
-1.618343571455060914e-01
-1.196325483186403416e-01
-6.534521169119367201e-02
-5.265737759355682002e-03
5.366214314149475584e-02
1.054329841754730879e-01
1.437688071259504152e-01
1.644533933898846279e-01
1.672732356345361104e-01
1.517910023424007271e-01
1.195438271612170311e-01
7.436768041735053458e-02
2.251342935991762495e-02
-3.102769079696365839e-02
-8.004450968179388504e-02
-1.189391303309911274e-01
-1.448098429736379700e-01
-1.550113404753387103e-01
-1.483306558412110787e-01
-1.257406500747577649e-01
-9.086344309464444713e-02
-4.675502207686621503e-02
1.319718415324633298e-03
4.761562832308596782e-02
8.735942541851793308e-02
1.166455761309763695e-01
1.319672557458537732e-01
1.316895275902847384e-01
1.176266255030737895e-01
9.096697368143735751e-02
5.445628624519782690e-02
1.232823477466649109e-02
-3.043977014740728571e-02
-6.955824957975198508e-02
-1.000102804551715741e-01
-1.184866460568858582e-01
-1.249432690490470677e-01
-1.186259092440677954e-01
-9.974294693758689601e-02
-7.061713812605974194e-02
-3.538792847139393682e-02
2.720518855899412003e-03
3.917179016312299922e-02
6.964678767654119973e-02
9.176643053275546080e-02
1.034185445469415487e-01
1.029304249087488188e-01
9.047200025224566566e-02
6.870274653453134484e-02
3.944627929040511738e-02
6.236968745997106822e-03
-2.662478991084249458e-02
-5.572384851412581774e-02
-7.830807115582594236e-02
-9.158287290070055153e-02
-9.422013350310298740e-02
-8.749081364401645189e-02
-7.190879102798564126e-02
-4.896075238319730349e-02
-2.164865691491946187e-02
6.442690516019311531e-03
3.269502503618260114e-02
5.375935513357421591e-02
6.730218916871089085e-02
7.364501173365600728e-02
7.213388448932267494e-02
6.231500046764537615e-02
4.561017326360494728e-02
2.458015151810388765e-02
1.008681133988886813e-03
-2.211917248840034045e-02
-4.191436949409621526e-02
-5.705234130153413741e-02
-6.617454301031311381e-02
-6.785871010831101557e-02
-6.216991717408515417e-02
-5.096361914527147707e-02
-3.504823274709156777e-02
-1.597582924367879631e-02
3.697072067192497258e-03
2.188995259744053179e-02
3.699878884889407082e-02
4.689499596393176262e-02
5.060962493144982588e-02
4.912840755297787076e-02
4.241831226973968860e-02
3.076976045831902873e-02
1.587251454136895390e-02
-2.676667799601517572e-04
-1.634068663934051813e-02
-3.029715029229285150e-02
-4.051495031691454418e-02
-4.691490675960674483e-02
-4.886688097868086000e-02
-4.560014890654162656e-02
-3.774312756676712066e-02
-2.696537636441431740e-02
-1.406802921983163479e-02
-4.253545148947823762e-04
1.223000703627707964e-02
2.297947820074330849e-02
3.084816253479583104e-02
3.429551462409707874e-02
3.299830903011891081e-02
2.812844329949548694e-02
1.999023146527956207e-02
9.512023557586291034e-03
-1.628733713791796767e-03
-1.216257437055989765e-02
-2.121156659560086144e-02
-2.759733701681144069e-02
-3.064352982992091246e-02
-3.072053732992452435e-02
-2.774752584261885868e-02
-2.184599114576080137e-02
-1.409461551380453148e-02
-5.964567869504500131e-03
1.948507811959654390e-03
8.839154103098989523e-03
1.390213113857252658e-02
1.727762958150780292e-02
1.859689209551951272e-02
1.732695586486721062e-02
1.385165711967295543e-02
9.016455521881239221e-03
3.164090229682114952e-03
-3.061687123931733367e-03
-8.835677190976665152e-03
-1.373262463764524099e-02
-1.733358862198330907e-02
-1.911012546038037829e-02
-1.901957661874487115e-02
-1.757847583230953692e-02
-1.485260723230064084e-02
-1.099903595842299797e-02
-6.601386001474751630e-03
-2.194875208092694763e-03
1.877130339359434075e-03
5.143256561372266944e-03
7.323087421981178124e-03
8.561162955889045634e-03
8.718045100466698116e-03
7.594466752885775662e-03
5.427289365434573298e-03
2.657726447857777785e-03
-5.140831790246824795e-04
-3.787237543567023579e-03
-6.801163379758778937e-03
-9.399946877048925842e-03
-1.133494714134497539e-02
-1.213304063507769648e-02
-1.168929188622613857e-02
-1.030794560508996316e-02
-8.093698856136199993e-03
-5.400034261750508158e-03
-2.693697824178609146e-03
-2.429534394819965470e-04
1.728950791306083090e-03
2.918525066198052187e-03
3.177000480811376093e-03
2.609147727290928032e-03
1.270974852829231949e-03
-5.660405284840797080e-04
-2.480106928938963229e-03
-4.072007925487675095e-03
-5.228174867278556626e-03
-5.930076279223150948e-03
-6.140513065423958139e-03
-6.033168659536070066e-03
-5.602616348868827423e-03
-4.846674373084947085e-03
-3.980953764374350889e-03
-3.224529633566119990e-03
-2.629002042194850119e-03
-2.228743061610249931e-03
-2.040536172852935870e-03
-1.946030316900548840e-03
-1.965829329459656272e-03
-2.120825544574711508e-03
-2.320043497367918484e-03
-2.504658090865530262e-03
-2.662135917800956264e-03
-2.803055643817886633e-03
-2.935469713341354314e-03
-3.073291893306961953e-03
-3.202910766196720438e-03
-3.300195874516353989e-03
-3.381150280365119443e-03
-3.481568712657368003e-03
-3.587674287654496474e-03
-3.655390623082288570e-03
-3.660600764357480053e-03
-3.576172486567608111e-03
-3.414400283332619246e-03
-3.222552950449042442e-03
-3.026964099022144694e-03
-2.855897318412181640e-03
-2.721537509586258174e-03
-2.630675819931260762e-03
-2.594957433505684641e-03
-2.608683519713106413e-03
-2.668302808054856534e-03
-2.760125335271479408e-03
-2.859272226405806805e-03
-2.942243432211832932e-03
-3.002969157566925951e-03
-3.041369946742422670e-03
-3.055882362321682422e-03
-3.056507226602778182e-03
-3.042639573765160144e-03
-3.014267216809196626e-03
-2.983515048900819977e-03
-2.961874538892628195e-03
-2.950829896436468758e-03
-2.948447325177516731e-03
-2.953030062894157481e-03
-2.957527805446336089e-03
-2.962969466530851470e-03
-2.972485281028669490e-03
-2.982630342823311409e-03
-2.990743378268101438e-03
-2.996706957386852110e-03
-3.000942400966266632e-03
-3.004619174929445968e-03
-3.010210872063656673e-03
-3.017144841368279984e-03
-3.023754303406400723e-03
-3.030210194754245911e-03
-3.036298185233321512e-03
-3.041845393562447875e-03
-3.046850778976040175e-03
-3.050854667293600997e-03
-3.053422704250130515e-03
-3.054655930851857271e-03
-3.054940053315968740e-03
-3.054550782901621631e-03
-3.053849611224235261e-03
-3.052877499755801693e-03
-3.051377144834721555e-03
-3.049334615730647791e-03
-3.046759627771677970e-03
-3.043752171299929365e-03
-3.040547248605807162e-03
-3.037188488470121683e-03
-3.033598315040908489e-03
-3.029909473978409373e-03
-3.026420621403680400e-03
-3.023302178846942745e-03
-3.020628360819621605e-03
-3.018137871575787834e-03
-3.015802441303727655e-03
-3.013593800191061156e-03
-3.011483678425852517e-03
-3.009443806196276938e-03
-3.007445913689843486e-03
