1.572579688352957472e-01
-1.016078846999663998e-01
-2.626011633874814066e-01
-3.402332927550127950e-01
-3.490156983303237537e-01
-3.034598056411774714e-01
-2.180770402153373588e-01
-1.073788275805682702e-01
-1.010524066141771371e-04
1.026230920764723553e-01
1.869808393253742373e-01
2.354527565344108897e-01
2.365545892919251880e-01
1.933569261185243970e-01
1.104905297462865921e-01
1.554944972686667093e-02
-6.751471983088030981e-02
-1.232853767016015567e-01
-1.448494962800365160e-01
-1.346908548546237316e-01
-9.506465079552239850e-02
-3.930484707878412198e-02
2.040407776925756700e-02
6.733960671966832123e-02
8.784072163364298191e-02
7.423159708422089054e-02
2.761514939830389537e-02
-2.917464084062271201e-02
-7.592415956899878360e-02
-9.587739567215491920e-02
-8.624768103104962780e-02
-5.226595682004597787e-02
4.629761178664315580e-03
7.000932624953049022e-02
1.295257316996858421e-01
1.640652036103487088e-01
1.604579623821387191e-01
1.150421323667971674e-01
3.176865560891228846e-02
-6.233007306999294173e-02
-1.430142247941598166e-01
-1.905729706301398929e-01
-1.984521954924292064e-01
-1.697065125883507886e-01
-1.044276291758597930e-01
-1.498549126518511354e-02
8.217306525780210258e-02
1.634862166752435453e-01
2.119836594609052494e-01
2.161081320709865583e-01
1.742274091370057398e-01
1.058684654849835205e-01
2.940256900588078537e-02
-3.560259028084278299e-02
-8.230823580897661529e-02
-1.083451314851231473e-01
-1.077874035682774290e-01
-8.485592020001797575e-02
-4.657789553261038051e-02
-7.158496289657478862e-03
2.318292927837850570e-02
3.714282121231637923e-02
3.286622871475142205e-02
2.357649402548722684e-02
2.006822272806263463e-02
2.998651163800136743e-02
5.186465754610347645e-02
7.712661372760010181e-02
1.035633408650153964e-01
1.270850330333039846e-01
1.403361611136648701e-01
1.331984694546355374e-01
1.002761268425176322e-01
3.957296513931063409e-02
-4.390731865634078801e-02
-1.289555357055608420e-01
-1.972054422793149131e-01
-2.325827981304476877e-01
-2.297215245840968922e-01
-1.872021970575712402e-01
-1.047556012250020485e-01
4.356736038524156029e-03
1.265549552367013497e-01
2.332748499913359641e-01
3.015891917578741310e-01
3.222160801618021431e-01
2.897097613204804301e-01
2.052468574036503401e-01
7.934379768136867739e-02
-6.132198366168617465e-02
-1.992653600621862031e-01
-3.073749087411642433e-01
-3.603666001345472436e-01
-3.493062306790242211e-01
-2.745227820271701757e-01
-1.523512767391600464e-01
-3.215090118490970816e-03
1.401601332158131097e-01
2.589201059926069526e-01
3.361970237224582991e-01
3.536892382065159879e-01
3.069769259723849064e-01
2.022047548115886162e-01
7.050218185635737100e-02
-6.072213936867121298e-02
-1.668207896585772732e-01
-2.343202829830096645e-01
-2.583325218542484869e-01
-2.342685893559386390e-01
-1.713332334352545283e-01
-8.021048759849525034e-02
1.475409380189440789e-02
9.285669931604778604e-02
1.413234463023267384e-01
1.544366107950136957e-01
1.420293948132724804e-01
1.153301224499512223e-01
8.833595662514737157e-02
6.396509402858918669e-02
4.183138726697310794e-02
2.711585583065412308e-02
2.110815180483660569e-02
2.107081471323191124e-02
1.736783220838944430e-02
2.100786799818621375e-03
-3.190474693526978989e-02
-8.061002117900828434e-02
-1.238850211133487589e-01
-1.490756887051878365e-01
-1.467908308136671724e-01
-1.152992723800327912e-01
-5.756298323033970377e-02
2.416448074691768255e-02
1.179506864910351283e-01
2.106856578338551778e-01
2.775018122335104476e-01
2.995272553912977642e-01
2.708770225757419770e-01
1.920629745565156643e-01
7.480098165978144031e-02
-6.426504896543583367e-02
-1.971379605932612744e-01
-3.061099084282458138e-01
-3.697194695804816300e-01
-3.690980438556037413e-01
-3.013517570541487389e-01
-1.726232685970084946e-01
-9.239366462585496542e-03
1.617593231036031920e-01
3.068225383620306612e-01
4.058912121297841846e-01
4.444730606755908919e-01
4.100522249095805982e-01
3.061847151657259847e-01
1.435827067115185152e-01
-4.286187000054675345e-02
-2.204511446675606612e-01
-3.566385319291776046e-01
-4.306558993458579065e-01
-4.295451403634041876e-01
-3.487257426204064537e-01
-2.084967641725362641e-01
-2.682694898996618171e-02
1.560199438196478994e-01
3.040868073609277467e-01
3.946907059252844352e-01
4.125632284942850614e-01
3.553897116588349281e-01
2.325362413080909185e-01
7.693486608444111141e-02
-8.844790756722176184e-02
-2.295407318382722828e-01
-3.154339886984864894e-01
-3.314694613628225150e-01
-2.751083785093384471e-01
-1.676491195399575362e-01
-3.201947864869425509e-02
9.745075163772232152e-02
2.015943454007624869e-01
2.654210747764900180e-01
2.732267314710548067e-01
2.244501013463182648e-01
1.273321476374671413e-01
1.496215870997996689e-02
-8.605840306028034181e-02
-1.551774542549746450e-01
-1.819252887482950554e-01
-1.647121330072601753e-01
-1.050639889313197406e-01
-2.097393727537699704e-02
7.400068478260646287e-02
1.532011978377201267e-01
1.943490042132509643e-01
1.892381427038787312e-01
1.360227455963636256e-01
4.620892742772353401e-02
-6.317751484492217795e-02
-1.614526261163212739e-01
-2.332058674998351844e-01
-2.637471263448509795e-01
-2.374706894780120869e-01
-1.531207176251500046e-01
-1.914970414373151630e-02
1.322804696929382740e-01
2.710980588271914016e-01
3.623313964882433069e-01
3.871252392334989523e-01
3.364044105706833765e-01
2.061107765703653616e-01
2.035699973427029796e-02
-1.941470589853740991e-01
-3.828662562530716906e-01
-5.022724437382861673e-01
-5.251048705868192057e-01
-4.375477790512602994e-01
-2.520049628895243421e-01
7.600541997870635669e-03
2.817305394417075615e-01
5.237907779233363925e-01
6.781436560019373783e-01
7.025947651794650639e-01
5.840813949097072300e-01
3.315385637342864733e-01
1.006147204171070619e-02
-3.199714368982478074e-01
-5.807910710163393109e-01
-7.221175245135463827e-01
-7.157493860568127086e-01
-5.468763197295422041e-01
-2.537894131891170746e-01
1.160558999566769778e-01
4.666964495561041204e-01
7.234208002960924588e-01
8.302363532281473724e-01
7.570702873084811380e-01
5.244388647635329637e-01
1.690361280601728744e-01
-2.151073569069027469e-01
-5.579234846466599729e-01
-7.830972985813573484e-01
-8.345106674545287317e-01
-7.007183787035237144e-01
-3.959801470873344220e-01
-7.553185298905473744e-03
3.867069554525857100e-01
6.882874602013131504e-01
8.350662871742327020e-01
8.002036829428960107e-01
5.746208863320472204e-01
2.194563868765071479e-01
-2.017113788375022310e-01
-5.753690008213550033e-01
-8.179167873799251254e-01
-8.791472683679848465e-01
-7.352690268971772136e-01
-4.261246745475296693e-01
-5.326867860624417972e-03
4.145739546634004125e-01
7.522850992570084827e-01
9.306771867058918346e-01
8.986351462992352435e-01
6.663559470689635056e-01
2.669696975470836620e-01
-1.874713023946975587e-01
-6.038748695912676823e-01
-8.823370115096688115e-01
-9.639072713168065354e-01
-8.417018130991087421e-01
-5.235420781395092593e-01
-9.071976997723341096e-02
3.786342305381298345e-01
7.659301309181802964e-01
9.865674953858740714e-01
1.000000000000000000e+00
7.936938806217115339e-01
4.269446954158639951e-01
-3.408781565916063627e-02
-4.714226795661140557e-01
-8.036954464211889526e-01
-9.657804434962381501e-01
-9.148211316340041366e-01
-6.703814161437655628e-01
-2.695993627547244031e-01
1.805858894906702261e-01
5.917643479233298809e-01
8.724437363885335639e-01
9.683266720723588961e-01
8.722297390892865820e-01
5.903927064718699214e-01
1.967906337916467407e-01
-2.404970498797567302e-01
-6.162410296186566772e-01
-8.535873585430514554e-01
-9.156047936253901565e-01
-7.855136068953469941e-01
-5.022869123173598904e-01
-1.147136396392453017e-01
2.800798651814779827e-01
6.126716594770746926e-01
8.173379724120874990e-01
8.462782782536419912e-01
6.997749528012033871e-01
3.978608716445832805e-01
2.645448693226182257e-02
-3.415558590277711914e-01
-6.229997334934777031e-01
-7.656806231623457526e-01
-7.502224514988818926e-01
-5.675404684851411696e-01
-2.650340419797949654e-01
1.058121949684289742e-01
4.498377118067009572e-01
6.947389864886719391e-01
7.924563901004548772e-01
7.172662440408612561e-01
4.930759925071666050e-01
1.572518761921435360e-01
-2.005085149309390191e-01
-5.156880437799984396e-01
-7.204712399289631142e-01
-7.633567522111505133e-01
-6.341927149256515461e-01
-3.459891215559348643e-01
2.103211743825972313e-02
3.949795372591282661e-01
6.844772679621862199e-01
8.313014999886216838e-01
8.073135254794663318e-01
6.003685839908476929e-01
2.625875849743992685e-01
-1.493854686328095482e-01
-5.285590999875685592e-01
-7.937975951044846656e-01
-8.898306794499171168e-01
-7.865586666517178083e-01
-5.104863286193580540e-01
-1.052960565554424965e-01
3.248590449294117555e-01
7.017414728570938731e-01
9.407463390587571528e-01
9.813361173993284670e-01
8.139772854829077087e-01
4.563501392544642155e-01
6.006225387120922576e-03
-4.512249855261564191e-01
-8.094600317867168826e-01
-1.000000000000000000e+00
-9.912315409680027001e-01
-7.700391889183505478e-01
-3.940151190151092164e-01
7.381093310683950470e-02
5.160928485478881722e-01
8.433048598603150037e-01
9.921893408248834145e-01
9.282543023168436935e-01
6.779469702817135790e-01
2.840444256639222953e-01
-1.483158369961210532e-01
-5.424598379607310505e-01
-8.175553269585843497e-01
-9.132153009963080992e-01
-8.162440679362966689e-01
-5.377039761931814432e-01
-1.607510730194522397e-01
2.407535627327368477e-01
5.725643612720296982e-01
7.740251476360235916e-01
8.141525677509402481e-01
6.766446558603580463e-01
4.066012396889240321e-01
5.240305003451894983e-02
-2.909283307161154575e-01
-5.518702618499831125e-01
-6.828423731223390858e-01
-6.557248223870959514e-01
-4.875367871680874599e-01
-2.091245065670209735e-01
1.003517640096347474e-01
3.844871107125724663e-01
5.818360889105929079e-01
6.460861987317769728e-01
5.677750123637794744e-01
3.572221136283335596e-01
8.296628203106815036e-02
-1.968959956978385550e-01
-4.141395148649532620e-01
-5.278762495937208143e-01
-5.226010457576780732e-01
-3.901301701581191272e-01
-1.674624350291931130e-01
1.051144696333410344e-01
3.523578232513329134e-01
5.187690718900117570e-01
5.718091285019499814e-01
4.958729921784899020e-01
3.128369476397516724e-01
5.453554460415843685e-02
-2.094506228245116564e-01
-4.326825480096380128e-01
-5.702065686871793382e-01
-5.866988477192792706e-01
-4.773398456357841324e-01
-2.545343670294470950e-01
2.080160119937146668e-02
2.953850557021298062e-01
5.065135914883729384e-01
6.164662179205251391e-01
6.081511552335223669e-01
4.720451105179463980e-01
2.405628058622546472e-01
-4.974393646230301780e-02
-3.271744482956023825e-01
-5.365892613737908157e-01
-6.408457994609690900e-01
-6.165336272105440552e-01
-4.700521990868065103e-01
-2.227026764169196538e-01
6.466260257583167359e-02
3.471455001248582306e-01
5.664001924176549352e-01
6.750574804986291255e-01
6.552785535752094770e-01
5.065166476388616168e-01
2.691184312170216142e-01
-1.540667271134432692e-02
-2.831370350945433545e-01
-4.916449849200326128e-01
-6.070519470999409251e-01
-6.020055548840421711e-01
-4.810362219663248950e-01
-2.612450569999101857e-01
-1.014391823702887052e-03
2.502623097701015542e-01
4.440669220491304525e-01
5.491115366396464026e-01
5.528301309084004966e-01
4.513195167981354228e-01
2.743429750459791538e-01
4.942075850741312060e-02
-1.701237875696300916e-01
-3.402024488412438430e-01
-4.345653825299323758e-01
-4.380835551983888188e-01
-3.573153740589177785e-01
-2.085443340210849650e-01
-3.473279924805861008e-02
1.372015369164814036e-01
2.752095385314086151e-01
3.494980179882396509e-01
3.487085934132396758e-01
2.731449684849209802e-01
1.526286394754392539e-01
1.495573380029635580e-02
-1.060048471166907813e-01
-1.921290311972437825e-01
-2.346807114490028212e-01
-2.231578244671551525e-01
-1.633721914984448409e-01
-6.700354485580273245e-02
3.343325696910715017e-02
1.127982110882705946e-01
1.556355887741318611e-01
1.547514334780983880e-01
1.142880262933774205e-01
4.334487148089327668e-02
-3.122692399883431058e-02
-9.492249452569245793e-02
-1.316546276789886116e-01
-1.265885968561591968e-01
-7.723335416659005137e-02
1.140378633500671590e-02
1.086747865229487076e-01
1.882478344246136803e-01
2.276634133549957362e-01
2.180931026108048343e-01
1.622624956700704502e-01
6.194169532021831515e-02
-6.278429739526625308e-02
-1.890053730722427439e-01
-2.787377082102936443e-01
-3.055755352229886368e-01
-2.598677900413497444e-01
-1.422363267955568666e-01
2.063301619425450539e-02
1.980293954535818912e-01
3.426389876001116885e-01
4.271879076938269737e-01
4.333143674357631259e-01
3.470534587076576916e-01
1.812003287138226337e-01
-4.115963979203918210e-02
-2.626462016699832036e-01
-4.362495876479203227e-01
-5.215161973864181899e-01
-4.978880072089744147e-01
-3.706002177984150103e-01
-1.526710818444312334e-01
1.054483780686541472e-01
3.599760194118630796e-01
5.497350683553177131e-01
6.297063635071047383e-01
5.837858514353413408e-01
4.113672579639995330e-01
1.542368260687372317e-01
-1.421831009247782607e-01
-4.079022121545647916e-01
-5.959671886399364737e-01
-6.697712745871707840e-01
-6.042310076800332386e-01
-4.136562324168748805e-01
-1.257822557372775263e-01
1.842379972030745439e-01
4.549529547539019614e-01
6.291057666127974901e-01
6.730051426695449202e-01
5.841659630799522773e-01
3.708337316132468420e-01
8.672320712548753363e-02
-2.207024985960578389e-01
-4.779936115401227648e-01
-6.291877831655136033e-01
-6.494811785830043593e-01
-5.306854425108805673e-01
-3.044448866353225425e-01
-1.004599759436330952e-02
2.784161153042992165e-01
5.114187616573850903e-01
6.462596313686606031e-01
6.496637525065853680e-01
5.226826622644540343e-01
2.821930189986012749e-01
-6.231660750899647994e-03
-2.861113940156886359e-01
-4.946097606645699640e-01
-5.944000812262857369e-01
-5.728063386309039107e-01
-4.239149189164727050e-01
-1.859397037059450364e-01
1.006426823449741992e-01
3.618649351789324786e-01
5.422367086768984379e-01
6.097321425729989031e-01
5.463314289036311777e-01
3.696698845619941221e-01
1.095787939772630004e-01
-1.651810334994008311e-01
-4.058228207823091349e-01
-5.603228503185246900e-01
-5.886883721593947350e-01
-4.833985421220401424e-01
-2.562427244141090021e-01
2.602623081322508192e-02
3.056330227872110505e-01
5.152905303494388356e-01
6.141238783066667040e-01
5.864553986430065535e-01
4.252929215688046050e-01
1.704978722271275338e-01
-1.338172642088273356e-01
-4.059152945447455085e-01
-5.846507080683439606e-01
-6.330036312621688532e-01
-5.335403985009961048e-01
-3.126340820482248484e-01
-8.648777500743665136e-03
2.957259795300370975e-01
5.436658545543502363e-01
6.808829876994324515e-01
6.675409051948453243e-01
5.045499388188872114e-01
2.122941793581312186e-01
-1.294315084308357289e-01
-4.515565761542384982e-01
-6.751807665676230474e-01
-7.536833350108314011e-01
-6.740548962783440290e-01
-4.354792518726217088e-01
-9.599580209177283052e-02
2.859578169567742467e-01
6.125560689802946879e-01
8.122753203242847331e-01
8.470378537094376270e-01
6.998126517384042344e-01
4.065509116423093872e-01
1.567539824832464568e-02
-3.745955066943953415e-01
-6.934494957347052679e-01
-8.727653693390401424e-01
-8.649365948228412426e-01
-6.731293276462078090e-01
-3.224152474845569660e-01
9.261647900749236939e-02
4.914537877317874948e-01
7.837339863601862078e-01
9.137236938926296403e-01
8.642349108135254365e-01
6.309416399397116404e-01
2.720874672002995265e-01
-1.513192023838451084e-01
-5.343476276362844057e-01
-7.983887512360923200e-01
-8.944670655853359520e-01
-7.981247548594812002e-01
-5.400253934519916310e-01
-1.635074369234081892e-01
2.349709077034189963e-01
5.861567490320476193e-01
8.205136716291561161e-01
8.855322871174198252e-01
7.719460212048863124e-01
4.925781298714495549e-01
1.256937856774893447e-01
-2.592291693064064928e-01
-5.751202260738321748e-01
-7.657177548210946094e-01
-8.013457844063174296e-01
-6.653579068543734598e-01
-3.974170385703404973e-01
-4.211776853867688075e-02
3.098664991974708904e-01
5.884330348531288113e-01
7.422743559936724189e-01
7.389035301742710171e-01
5.864851860531654637e-01
3.095736642534530070e-01
-1.748076724320768438e-02
-3.391770220995574681e-01
-5.862315410993451659e-01
-7.041306679587623352e-01
-6.717019986345789118e-01
-4.892033988747618301e-01
-2.125192440456372678e-01
1.057160636526379704e-01
3.903248527180591676e-01
5.916748657019557101e-01
6.753847550916232123e-01
6.172263796450814244e-01
4.360592619641212586e-01
1.608834787697142055e-01
-1.336118483502977128e-01
-3.875346679935227634e-01
-5.491239374671048612e-01
-5.865851953261875806e-01
-4.994323723180345009e-01
-3.000570600353902329e-01
-4.461764969106551959e-02
2.234582152957795831e-01
4.420073268267752375e-01
5.617462333910090422e-01
5.614991126620136885e-01
4.370492939778032326e-01
2.270267140702315611e-01
-2.778097193800943554e-02
-2.622254210314119982e-01
-4.346776846584788911e-01
-5.148627027876604423e-01
-4.798568112720609236e-01
-3.403929665914282587e-01
-1.182627277716572500e-01
1.241213939776046882e-01
3.358308305059152232e-01
4.696690862027386171e-01
4.991986572971609526e-01
4.243341493829897448e-01
2.530976776012592300e-01
3.273053069074371990e-02
-1.977835816016663140e-01
-3.814474734734476513e-01
-4.754384145487633440e-01
-4.630996909501282621e-01
-3.409399502752928912e-01
-1.445865695990394828e-01
8.748738898592689495e-02
2.957484868026460934e-01
4.416335306486955936e-01
4.957187208577367166e-01
4.374336684160691213e-01
2.805602540714400295e-01
4.997182763984553411e-02
-1.879727801681073673e-01
-3.809439256900715165e-01
-4.847791378054026046e-01
-4.760383800096470441e-01
-3.614484174258530969e-01
-1.553848554104434454e-01
8.917597070675498117e-02
3.286263895343439767e-01
5.041510092112269081e-01
5.719851156650015422e-01
5.157865477706036206e-01
3.369472142073799414e-01
8.438559748563889684e-02
-1.934145757061657145e-01
-4.269710257378581675e-01
-5.722880222590411847e-01
-6.011913713355405697e-01
-4.953411236580865795e-01
-2.765614093897192927e-01
2.281972693231337779e-02
3.263483865008192097e-01
5.721036635547733784e-01
7.046425239851872302e-01
6.923593997733195060e-01
5.377935630559353974e-01
2.580103595806746419e-01
-7.853854321310815845e-02
-4.164746096482652149e-01
-6.765952506809695954e-01
-7.991768996758348287e-01
-7.635379454066099081e-01
-5.661844880719653084e-01
-2.508762288011222585e-01
1.307327637112871699e-01
4.886597553092388857e-01
7.595887747378031740e-01
8.889131423473826121e-01
8.387434161881108796e-01
6.192009334324690695e-01
2.591552218322892287e-01
-1.502387050465824325e-01
-5.316713110131698894e-01
-8.025217873168593030e-01
-9.118441001037471683e-01
-8.457154416651838647e-01
-6.019962868809676237e-01
-2.372719108375480612e-01
1.891991230071921049e-01
5.762182363123897755e-01
8.465151401171571166e-01
9.509926992121215950e-01
8.641217482013601181e-01
6.128988699975579379e-01
2.381054618724760541e-01
-1.668426056278280445e-01
-5.335771895043751600e-01
-7.905693149447496904e-01
-8.825325865010200665e-01
-7.950760475467899546e-01
-5.367779298371135877e-01
-1.819832086727994902e-01
2.021891778217512758e-01
5.306090408808801229e-01
7.470631842034323178e-01
8.198377334333959432e-01
7.292432046863017714e-01
5.069802150963000908e-01
1.910820640825623418e-01
-1.367429613973675240e-01
-4.126361175011974414e-01
-5.885792467695682983e-01
-6.336032020023192324e-01
-5.515920475836093573e-01
-3.609528084525114311e-01
-1.218440558335170953e-01
1.244283852531455903e-01
3.282608174088144093e-01
4.483402048788682759e-01
4.659069265892619160e-01
3.784795935147966528e-01
2.283120294718947729e-01
5.162866144269373514e-02
-1.521403531659253350e-01
-3.263366095838604597e-01
-4.434831718816135693e-01
-4.761031041296849287e-01
-3.967194703985748028e-01
-1.778553347587819022e-01
2.079662387191913986e-01
