-1.181418805121468019e-01
-4.127542696775589048e-01
-5.954048240438898354e-01
-6.803720806305808555e-01
-6.819345764570726720e-01
-6.143708485428067689e-01
-4.919594339072237421e-01
-3.289788695697645204e-01
-1.415456620106363417e-01
6.153576109815617201e-02
2.632596417156447544e-01
4.377829725648865189e-01
5.646594696046114414e-01
6.323337159734814250e-01
6.311897300258242360e-01
5.606269411219817478e-01
4.258226630954389247e-01
2.427817038095205771e-01
2.813965533040452272e-02
-1.935895335108690496e-01
-3.981698127710903146e-01
-5.627629116023584732e-01
-6.691910178172595369e-01
-7.038371639781243472e-01
-6.602669248007349001e-01
-5.463328051071052460e-01
-3.714170261719417221e-01
-1.544325956748368034e-01
8.225501678974334041e-02
3.112464005064761174e-01
5.084566843759281696e-01
6.502510535331140762e-01
7.196397680568180633e-01
7.115080933333037816e-01
6.240381804765615659e-01
4.661286173879317651e-01
2.530692158612288800e-01
1.079311897703272294e-02
-2.372260325347644860e-01
-4.628818760268694765e-01
-6.405877209973986908e-01
-7.516165222510015065e-01
-7.825364156338274757e-01
-7.294622882594195001e-01
-5.957083087316279446e-01
-3.976879423540465863e-01
-1.531431821216411304e-01
1.098957755270559833e-01
3.631910410197733974e-01
5.786236401199926771e-01
7.328513515947594481e-01
8.073937877068475544e-01
7.918803580751232474e-01
6.915788562382956250e-01
5.142188275222729921e-01
2.786201534697820836e-01
8.274072720514169532e-03
-2.654155411580273460e-01
-5.139855424788436489e-01
-7.080550305679864653e-01
-8.253846427203233027e-01
-8.559561635844483707e-01
-7.937711414054143821e-01
-6.450236730584093525e-01
-4.234645938757395367e-01
-1.559405906455970658e-01
1.318720279055558553e-01
4.073201007331590517e-01
6.397537333513336755e-01
8.038574162104845655e-01
8.809053563001010279e-01
8.621337527347494589e-01
7.467826452784147584e-01
5.497546630004084278e-01
2.884269873922600258e-01
-6.602003761666530579e-03
-3.037597253522610341e-01
-5.699336580036642452e-01
-7.767560701110254318e-01
-9.001744207515032237e-01
-9.247936588320710971e-01
-8.516325053791109490e-01
-6.854989484546998302e-01
-4.446166151381137910e-01
-1.530108865034435217e-01
1.548065328418524178e-01
4.471772097911250743e-01
6.900500984922419700e-01
8.564378275751973746e-01
9.314351669648714971e-01
9.044215817057310591e-01
7.779978330945418463e-01
5.635896199882217683e-01
2.876129736461154884e-01
-2.358637912513872337e-02
-3.343654875876624910e-01
-6.107405752713969127e-01
-8.225318517007389474e-01
-9.462384186123555807e-01
-9.682819814516496759e-01
-8.838082597354723902e-01
-7.052694197644376883e-01
-4.482916283496770626e-01
-1.424554211705082452e-01
1.802877610215967152e-01
4.833509889175648944e-01
7.346794428015011036e-01
9.051804852424505388e-01
9.746355168549207804e-01
9.394631103213979539e-01
8.005676876969116673e-01
5.735339160482355592e-01
2.806897294625851913e-01
-4.306269362574199899e-02
-3.648145477517392710e-01
-6.472807396823181403e-01
-8.591074973985943775e-01
-9.794620745468491929e-01
-9.934711671890679163e-01
-9.000354642485451917e-01
-7.069755464968006109e-01
-4.388730115588775904e-01
-1.211569510262806570e-01
2.096613738134822658e-01
5.177220645463322946e-01
7.690449665137175650e-01
9.362120906982973612e-01
1.000000000000000000e+00
9.508486181629367540e-01
7.990917264512105156e-01
5.581841879219766600e-01
2.556556384745001242e-01
-7.706114539687114462e-02
-4.013954848382297325e-01
-6.831480206906244135e-01
-8.900283557935473322e-01
-9.982688795565650697e-01
-1.000000000000000000e+00
-8.925929076393802619e-01
-6.889593643776108500e-01
-4.095276825838667367e-01
-8.889994056325312144e-02
2.410071483775897416e-01
5.430620864912900636e-01
7.835900814692149385e-01
9.377828058948178835e-01
9.879745930479277849e-01
9.299254890349666347e-01
7.679195005623618009e-01
5.233274813364185984e-01
2.194194374286608795e-01
-1.081274859758851736e-01
-4.238642672547621171e-01
-6.927569327627889351e-01
-8.857409217508818156e-01
-9.811181789539997755e-01
-9.665792205719644370e-01
-8.489660308798050448e-01
-6.385083508719168188e-01
-3.593336399751524413e-01
-4.023586939268386509e-02
2.811716141614735154e-01
5.709906636501036470e-01
7.956927570092298119e-01
9.298429756080168751e-01
9.628756549467925030e-01
8.891496198580406407e-01
7.179239850915755117e-01
4.662254577799951338e-01
1.656443920224890398e-01
-1.538830843215021060e-01
-4.558577782811170653e-01
-7.065138728578878036e-01
-8.792915816034344578e-01
-9.549232794883916187e-01
-9.264124409284311135e-01
-7.949972843943551304e-01
-5.791160310986145365e-01
-2.993184397317850687e-01
1.060235798245079408e-02
3.165785146930435445e-01
5.844071067974900835e-01
7.852808731663365460e-01
8.967429416894376892e-01
9.052041087802924491e-01
8.150416417835371075e-01
6.340153898971676583e-01
3.834943396640368984e-01
8.981012751342198897e-02
-2.115265761943883049e-01
-4.886666415656979456e-01
-7.094270233287431893e-01
-8.490745065593688912e-01
-8.968152838784382297e-01
-8.457488313269669877e-01
-7.026873309296017833e-01
-4.822352417089551535e-01
-2.126848882374701155e-01
7.892054862943043148e-02
3.585801786231135324e-01
5.947906329921912594e-01
7.624490470118177043e-01
8.429975773828275454e-01
8.292853641876494208e-01
7.216485856188719072e-01
5.359496140458313018e-01
2.899606286486318130e-01
1.359596939258622683e-02
-2.626374046659980532e-01
-5.075498391028907541e-01
-6.947115930678040563e-01
-8.028972261854018244e-01
-8.191231385115798069e-01
-7.470660821220798109e-01
-5.929480695607536322e-01
-3.750906915095010286e-01
-1.165404664666433998e-01
1.512726384034062121e-01
3.997518953571135292e-01
5.994731303408431522e-01
7.279007638395531554e-01
7.750117761728376742e-01
7.343220720874059637e-01
6.115419815321612163e-01
4.194121440988913818e-01
1.833057432299742828e-01
-7.291791065982677900e-02
-3.192014826100834091e-01
-5.273873965035347222e-01
-6.752359191724555121e-01
-7.463746205563031033e-01
-7.341157065677672566e-01
-6.386583464117225883e-01
-4.745670135899853204e-01
-2.577699382006148898e-01
-1.544819985829948283e-02
2.248187323314030373e-01
4.356984992573174065e-01
5.942614045685379320e-01
6.824610599323022164e-01
6.895822374567417423e-01
6.200481288736818808e-01
4.802346330897253601e-01
2.870472490568238833e-01
6.163248764093687271e-02
-1.677571378249863576e-01
-3.763203557159773283e-01
-5.392222386987101101e-01
-6.378509385664306031e-01
-6.656805422853016019e-01
-6.184122281203161542e-01
-5.022411917975598827e-01
-3.297305611221448274e-01
-1.239186915126522237e-01
9.407337100310564360e-02
2.982740076362682125e-01
4.647335575403943597e-01
5.757478741361736763e-01
6.187997296673475311e-01
5.904939155519537408e-01
4.931754778034127540e-01
3.413097544795851146e-01
1.499036494771179839e-01
-5.721429860244253707e-02
-2.561418997217441706e-01
-4.240987062605321434e-01
-5.424733075065863996e-01
-5.975833296355790303e-01
-5.822719997598935215e-01
-5.028185996936334057e-01
-3.666394059276201212e-01
-1.903120837356365724e-01
6.527672306167131566e-03
1.995638832128761031e-01
3.675278307517146903e-01
4.897700285909096785e-01
5.516885168705674136e-01
5.503083207903189944e-01
4.845187920702489492e-01
3.624352789278433296e-01
1.973381286331434836e-01
1.114651638233699060e-02
-1.766243330921075660e-01
-3.433006567410817889e-01
-4.688942999037434278e-01
-5.406646487647495114e-01
-5.499918388349911424e-01
-4.966093766433391510e-01
-3.856071531021340038e-01
-2.327914020209620460e-01
-5.343370767426036672e-02
1.303193514681564302e-01
2.967447239043949914e-01
4.268674895403690162e-01
5.059295839581861021e-01
5.247408748875004303e-01
4.799434906703807791e-01
3.797084666781500584e-01
2.332385495476896331e-01
5.949302973804559969e-02
-1.212208748891062671e-01
-2.872978161949593101e-01
-4.202716534751526067e-01
-5.035834745898521980e-01
-5.266780674553033226e-01
-4.907944450175746320e-01
-3.984522497836066046e-01
-2.604788183313982985e-01
-9.204494550589692459e-02
8.486087437303635461e-02
2.510626683180401386e-01
3.858277683490871635e-01
4.731297511149352708e-01
5.061725045376188614e-01
4.798451243486738793e-01
3.969939995192015569e-01
2.662711252248566307e-01
1.054450298828590871e-01
-6.927666058026682450e-02
-2.365304393520195614e-01
-3.761950716728486022e-01
-4.726461125217087389e-01
-5.145785978758592449e-01
-4.975206722494720513e-01
-4.221847754056302637e-01
-2.995957414489983650e-01
-1.412580299298348274e-01
3.312148584408558527e-02
2.033050182511930704e-01
3.493382485952816197e-01
4.547740368180404058e-01
5.062111757034941650e-01
4.963494885997787875e-01
4.301643271036967864e-01
3.132959500498513350e-01
1.588952470148998763e-01
-1.635931605536311562e-02
-1.906036383990772354e-01
-3.447135501302869276e-01
-4.591922553486869063e-01
-5.200714921759257425e-01
-5.235750125718596770e-01
-4.676359683187202299e-01
-3.583765021120091099e-01
-2.071961663587787994e-01
-3.396829343274798685e-02
1.438029758244632195e-01
3.049688236734344748e-01
4.300182884957046703e-01
5.053233320091010672e-01
5.217947960508546590e-01
4.777808864720753945e-01
3.767373836652014862e-01
2.324929412730389888e-01
5.879625480118089165e-02
-1.233560549558021524e-01
-2.928999314621388850e-01
-4.303618723242486066e-01
-5.202396112400804462e-01
-5.511727180127712344e-01
-5.179425824511144638e-01
-4.274874738357501425e-01
-2.876648805618174931e-01
-1.151924300686715252e-01
7.076783297484423585e-02
2.479460213314401695e-01
3.970588721756007633e-01
4.996554198195457541e-01
5.431090529005055956e-01
5.257722850515691437e-01
4.478058478013453581e-01
3.178969533090301169e-01
1.497605340461649615e-01
-3.490130851658190814e-02
-2.171372451598466702e-01
-3.752786327984269921e-01
-4.907539631129442803e-01
-5.525323489974129920e-01
-5.526719401788758868e-01
-4.909999445864218215e-01
-3.731813792288311005e-01
-2.148874789716967992e-01
-3.133214566872377649e-02
1.554942173655016191e-01
3.241055722047037069e-01
4.556026054192445773e-01
5.352310806440767621e-01
5.536983300560378574e-01
5.075560466116058045e-01
4.047295787119606914e-01
2.542267911549056514e-01
7.385365871651083935e-02
-1.165843612915510308e-01
-2.947729284761307911e-01
-4.414513631897886148e-01
-5.385704001970719190e-01
-5.741580216703860984e-01
-5.478357211993931664e-01
-4.607412761160386561e-01
-3.223475506069920504e-01
-1.469486065333562852e-01
4.362975287239523325e-02
2.296416730148296281e-01
3.886308101597817366e-01
5.021631129638057800e-01
5.598090079178001943e-01
5.540837181684334922e-01
4.855198379755885085e-01
3.605762684159485865e-01
1.958698985887461497e-01
7.189397346831327695e-03
-1.832722523980829799e-01
-3.536972065748981153e-01
-4.852334933879374201e-01
-5.633126029894477416e-01
-5.787956880063925835e-01
-5.285164402434527897e-01
-4.209317911582269867e-01
-2.655448886917666229e-01
-8.119681049629379199e-02
1.115486556839913046e-01
2.904947664924912853e-01
4.364971943152786693e-01
5.320198069925374806e-01
5.655299680166601117e-01
5.370002030625136147e-01
4.479766195222187886e-01
3.083608396401515961e-01
1.328567251229528789e-01
-5.651777309552663553e-02
-2.402180876021930978e-01
-3.963863373438966109e-01
-5.073067018035646303e-01
-5.636393154277916651e-01
-5.581354393391695368e-01
-4.912604819130036438e-01
-3.696196930892936550e-01
-2.093443825968297478e-01
-2.581380059063487220e-02
1.593011935338037866e-01
3.248946574512971974e-01
4.529502700452798791e-01
5.294664049807218387e-01
5.460207421321336962e-01
4.998009522587922859e-01
3.988322452761694503e-01
2.520638953012823702e-01
7.684023045301602295e-02
-1.076127441408752938e-01
-2.801376448653942752e-01
-4.224158403970307285e-01
-5.173911442949095107e-01
-5.538268948198324937e-01
-5.316116979805478593e-01
-4.517901715349769143e-01
-3.230477382038566825e-01
-1.587599227697303883e-01
2.081310666077662574e-02
1.972463830109938421e-01
3.495158954829147291e-01
4.604340643495603569e-01
5.203986964182980568e-01
5.221294032626435655e-01
4.654892781164559068e-01
3.560361140933778756e-01
2.085732278200835843e-01
3.711009075708693317e-02
-1.383832812818314162e-01
-2.979958319880768869e-01
-4.244644953231466733e-01
-5.042269249806060616e-01
-5.280866902457233003e-01
-4.923955117729014175e-01
-4.043496763058146426e-01
-2.718038070517689864e-01
-1.106316851166625481e-01
6.122422970662788622e-02
2.240560157903126459e-01
3.607499280781598650e-01
4.551162401337518482e-01
4.962399963897898836e-01
4.833696403485894244e-01
4.168652504507182055e-01
3.041303366296466137e-01
1.572495083883298506e-01
-5.091352370265034288e-03
-1.665205097004180956e-01
-3.082523894382280805e-01
-4.144289011328704531e-01
-4.761763734595891862e-01
-4.863675035530687918e-01
-4.439545279279506484e-01
-3.533154145804854318e-01
-2.269812758781800666e-01
-7.684187401407605034e-02
7.953411516854336227e-02
2.244546976669068439e-01
3.424415829550309098e-01
4.211155428824950864e-01
4.516834365646331673e-01
4.302957021711137919e-01
3.627550720870502676e-01
2.551108295587831698e-01
1.196699686895974502e-01
-2.873013357576914562e-02
-1.728598352115227055e-01
-2.976823654360167826e-01
-3.882020034129004538e-01
-4.341125672037584593e-01
-4.341708162109512159e-01
-3.876525596912541172e-01
-2.995085195561244529e-01
-1.791869530910739083e-01
-4.208129464342647008e-02
9.817649627936964052e-02
2.251633326730260176e-01
3.244386374122139038e-01
3.871619278777287398e-01
4.065389711573921261e-01
3.806683665171020081e-01
3.122277079911386366e-01
2.112334904150590109e-01
8.696956158368962519e-02
-4.611540833427152375e-02
-1.728156488715275607e-01
-2.795972952748316809e-01
-3.555000146445278508e-01
-3.915143916064116603e-01
-3.832189949239193094e-01
-3.352065121620915189e-01
-2.518000065861133452e-01
-1.426909375464338048e-01
-2.025499352275661469e-02
1.011328462556535523e-01
2.089389019179126450e-01
2.902344732896169344e-01
3.359988732508607523e-01
3.447635503231913923e-01
3.151947774725651907e-01
2.504206016271581792e-01
1.578922414474104308e-01
5.023202720791219988e-02
-6.215418289682805852e-02
-1.663583083752301350e-01
-2.504674975993035346e-01
-3.073542571588413486e-01
-3.311021522915221782e-01
-3.191718444227730211e-01
-2.730696584802299043e-01
-1.999543626378630368e-01
-1.063696872480996980e-01
-3.500111856209131567e-03
9.667637704722453762e-02
1.835939913256221523e-01
2.485247867626698692e-01
2.838325439543076811e-01
2.856246784063263267e-01
2.571943695116680750e-01
2.010403951412311763e-01
1.230774203936058075e-01
3.209380369005332412e-02
-6.101817525494679373e-02
-1.467465894822335137e-01
-2.143916728057410070e-01
-2.565490602965828648e-01
-2.720819592933438891e-01
-2.591163106917901970e-01
-2.184720025652938658e-01
-1.549500842454103466e-01
-7.741910930769768662e-02
6.895207575827955182e-03
8.816066577751913158e-02
1.568345518821585571e-01
2.068513244495295833e-01
2.332973883588835839e-01
2.328720754309212548e-01
2.056862585685501621e-01
1.570196495285449689e-01
9.108600732399896316e-02
1.595357636607364071e-02
-5.907946810183251074e-02
-1.261092445541167617e-01
-1.785985972071206795e-01
-2.102431131462927372e-01
-2.177436582418917910e-01
-2.033855325920426171e-01
-1.683934474395700764e-01
-1.163191450458956888e-01
-5.359335898171890822e-02
1.163944527743954183e-02
7.300013583702491538e-02
1.228605307096268806e-01
1.557731060028617609e-01
1.714869374547249858e-01
1.683133169031854059e-01
1.457657450220286588e-01
1.069487278280734088e-01
5.764455093833520394e-02
2.221508672695771125e-03
-5.252627677900267855e-02
-9.989231198654868749e-02
-1.360284977700695341e-01
-1.575632028710047816e-01
-1.616960741281224800e-01
-1.483607574496830228e-01
-1.212652566520773245e-01
-8.258685466675841358e-02
-3.646034549908339084e-02
1.129141286498169805e-02
5.555157977328328833e-02
9.216600805000685348e-02
1.162970137569445672e-01
1.255215582652284834e-01
1.216395447453200163e-01
1.047883186842133441e-01
7.615148932240889401e-02
3.954531995270937905e-02
-2.648035366001888491e-04
-3.971656047933558309e-02
-7.367876887422541987e-02
-9.821621667648394727e-02
-1.129601995353874955e-01
-1.165622957184359043e-01
-1.077108229132612838e-01
-8.787140345579258494e-02
-6.080018126840347481e-02
-2.870584960027433574e-02
4.672541358899273689e-03
3.506234878924474607e-02
6.019023610162710369e-02
7.781275959881850390e-02
8.474055195752905334e-02
8.032110870231146116e-02
6.724766044599905790e-02
4.641635845499281210e-02
2.015847515921120880e-02
-7.525561087329935006e-03
-3.357666965567918105e-02
-5.580071611113879282e-02
-7.116184083405052707e-02
-7.801535984201812823e-02
-7.744608451454737530e-02
-6.931622445787499753e-02
-5.400836655735541392e-02
-3.416101963862216984e-02
-1.320739634429246578e-02
7.254476381255869910e-03
2.492306213820749683e-02
3.769951905314883334e-02
4.583685605438314603e-02
4.845099828029053590e-02
4.437915876387776848e-02
3.469799981371957109e-02
2.169314630818153233e-02
6.306152990911195744e-03
-9.740835435165573486e-03
-2.426992115722259591e-02
-3.624403833994338520e-02
-4.460943897896862964e-02
-4.802971053087801145e-02
-4.649826595714590116e-02
-4.147516522198113620e-02
-3.323142113738575265e-02
-2.236750539275766947e-02
-1.052534217288136897e-02
9.163523745832069523e-04
1.104227943805469181e-02
1.858565706215187241e-02
2.289102861199965311e-02
2.450103145784998659e-02
2.317698653991873137e-02
1.865938365671948596e-02
1.179335373211043425e-02
3.802159876132860106e-03
-4.717917071483945790e-03
-1.286564218886598887e-02
-1.973242939388719641e-02
-2.511839294196904770e-02
-2.850582822459812871e-02
-2.904914293625582289e-02
-2.681764953345833202e-02
-2.267722161472263132e-02
-1.693041853683940889e-02
-1.029507712127120111e-02
-3.785151851753987273e-03
2.018375890836754394e-03
6.583564738736891186e-03
9.100081642403834437e-03
9.281755437775318640e-03
7.575010344898158721e-03
4.117244857875235198e-03
-4.746728713874714956e-04
-5.233702410170626429e-03
-9.400670198808525058e-03
-1.264804794113927322e-02
-1.475430444419145726e-02
-1.557213602224483129e-02
-1.539086990595994742e-02
-1.421378482953750133e-02
-1.215279086845222345e-02
-9.771274292912912607e-03
-7.692769146813827064e-03
-6.056198513561317220e-03
-4.910235363200787795e-03
-4.312122027247511369e-03
-3.958132335622921438e-03
-3.910098847341059169e-03
-4.273232127904647015e-03
-4.823511435211536025e-03
-5.379796809615533526e-03
-5.892824573732191595e-03
-6.308216181882042584e-03
-6.593296304926443696e-03
-6.801039941082831497e-03
-6.900598479382624717e-03
-6.877576911326399589e-03
-6.815838501408322259e-03
-6.810858546499876098e-03
-6.853589495151912736e-03
-6.880325599439407469e-03
-6.869384342630624474e-03
-6.787746249452553116e-03
-6.650485262409633336e-03
-6.510445879718829154e-03
-6.370540014841497012e-03
-6.219827282906154053e-03
-6.075008159037276201e-03
-5.963422860949640913e-03
-5.906741855736141744e-03
-5.926878131193857868e-03
-6.016592669664699855e-03
-6.142620365785722569e-03
-6.278437557158733640e-03
-6.390498137812894441e-03
-6.472601852938741906e-03
-6.532221244774483182e-03
-6.566355378466393056e-03
-6.586234281710789951e-03
-6.591196353348038883e-03
-6.579108478427686535e-03
-6.563109300792069334e-03
-6.555669193678337336e-03
-6.557895361494092690e-03
-6.567300867008518672e-03
-6.581578460278847409e-03
-6.592718904017025316e-03
-6.601786586553970437e-03
-6.612424878841172138e-03
-6.621113360695485284e-03
-6.625202396005946959e-03
-6.624512261249160261e-03
-6.618476259433458964e-03
-6.608038337999722067e-03
-6.596436293764940118e-03
-6.583690632830485612e-03
-6.569439607985172458e-03
-6.554995277364916717e-03
-6.540580020725661470e-03
-6.526904066931016324e-03
-6.515533902565984192e-03
-6.506891353742605411e-03
-6.500530324707876062e-03
-6.495691887633658901e-03
-6.492236540692419844e-03
-6.490024782056402763e-03
-6.488917109897851532e-03
-6.488774022389343088e-03
-6.489456017702899260e-03
