-2.385662157139246675e-01
5.006004307710183454e-01
8.937099372998609237e-01
1.000000000000000000e+00
8.787083149988317299e-01
5.890725784237529350e-01
1.903304864021604370e-01
-2.582802649385464999e-01
-6.137293500122804613e-01
-8.745611439211412597e-01
-1.000000000000000000e+00
-9.674625394991677174e-01
-7.813503633911645929e-01
-4.957457465067149904e-01
-1.602686866914575514e-01
1.450880281869955102e-01
3.619972386401002495e-01
4.570243874836219522e-01
4.135222905770274959e-01
2.560894887850317936e-01
1.430676611376591190e-02
-2.485136039541291364e-01
-4.875526782490594568e-01
-6.593837697759049599e-01
-7.309662709882562837e-01
-6.969601475697508874e-01
-5.627558162173300627e-01
-3.726335025136461310e-01
-1.641149573264573114e-01
1.743593965798684309e-02
1.421432323923599306e-01
1.945835989006718947e-01
1.632881809783444105e-01
6.265839025262454065e-02
-8.989542865525401716e-02
-2.535355945354254015e-01
-3.957561813929717509e-01
-4.903426715729337637e-01
-5.194998941260744463e-01
-4.821673485079376320e-01
-3.859110863050534412e-01
-2.631821382468592097e-01
-1.356393731019407412e-01
-3.202711000950442255e-02
2.313327076377058589e-02
2.004986762600524663e-02
-4.266503236842789093e-02
-1.412491887082535369e-01
-2.528398843925150352e-01
-3.468819670297492719e-01
-4.044502200729874763e-01
-4.148101757253075395e-01
-3.711050183857841356e-01
-2.867589218427214481e-01
-1.788414172819429160e-01
-8.266172329947252262e-02
-2.386817392182472020e-02
-1.707104441710827203e-02
-6.708635047537836460e-02
-1.585013693341292829e-01
-2.732422532006636429e-01
-3.769624801514024348e-01
-4.474301830641558286e-01
-4.674678533577064643e-01
-4.259418209296974567e-01
-3.312271230032728386e-01
-1.984540026913312882e-01
-6.633742409646936622e-02
3.456011506198297667e-02
7.863831541593668817e-02
5.518001726987775690e-02
-2.654350062582488956e-02
-1.557004406473242453e-01
-2.992259042524219037e-01
-4.291353369240908933e-01
-5.131360446791892738e-01
-5.300707099053058036e-01
-4.768058177613970772e-01
-3.587738962310754731e-01
-2.111479990660446449e-01
-6.510375391424449987e-02
4.434221428787865626e-02
9.640474143442956390e-02
8.409698401841558812e-02
5.066666472515635178e-03
-1.191500410591530557e-01
-2.653041477810298421e-01
-3.933997762146277388e-01
-4.746851035495767146e-01
-4.933444462214799930e-01
-4.435564918109622390e-01
-3.433351607959890250e-01
-2.134340132477976493e-01
-9.044299803032862517e-02
2.685676799786484992e-03
4.830946976262495696e-02
3.340736748429606884e-02
-3.639304584368119322e-02
-1.491917805270395192e-01
-2.708703955851878842e-01
-3.744178927436766502e-01
-4.365225139394401932e-01
-4.456958891899351904e-01
-4.053537533343932742e-01
-3.213159865555302863e-01
-2.181440068101326846e-01
-1.153619573650126462e-01
-3.763772165251411117e-02
-2.851009186788155958e-03
-1.755041646649702081e-02
-8.135057390802258315e-02
-1.714328599510869244e-01
-2.672687945999886461e-01
-3.453035340851839941e-01
-3.920506453792422796e-01
-4.003995652095965196e-01
-3.651264551096027322e-01
-2.956168613760847830e-01
-2.043004733522802985e-01
-1.182942116613852068e-01
-5.735560834740038860e-02
-3.249908620308938900e-02
-4.929850451074113682e-02
-1.026638578805455504e-01
-1.826187962444839608e-01
-2.660098808231430301e-01
-3.394861387250378559e-01
-3.892823521028906386e-01
-4.023509969079255288e-01
-3.745072568589882245e-01
-3.084751372388482293e-01
-2.230190508000221561e-01
-1.352016431689775366e-01
-6.526989284020934257e-02
-2.396239767136232324e-02
-1.731637153577936239e-02
-5.095412047751413098e-02
-1.178542598604930269e-01
-2.080510957323098431e-01
-2.976819200660260067e-01
-3.680517626968068390e-01
-4.070742301341572222e-01
-4.066621548572001421e-01
-3.658655149611286239e-01
-2.899121459199953676e-01
-1.978537770781871874e-01
-1.033880755111544758e-01
-2.815521611522298073e-02
9.254645293832686193e-03
1.590059089974227291e-03
-5.169723166052941909e-02
-1.380578013794413472e-01
-2.425741340634787191e-01
-3.399047034743916118e-01
-4.146694407969444551e-01
-4.537157239181455193e-01
-4.451044030601264412e-01
-3.891432277244528670e-01
-2.930904998585429633e-01
-1.836460310436837107e-01
-8.350015118587594820e-02
-1.433331460749742714e-02
1.174414408608082105e-02
-7.732198776474907831e-03
-7.291589370025775008e-02
-1.675859342772564320e-01
-2.755403457409596468e-01
-3.685792589618412940e-01
-4.249640471363542726e-01
-4.345212887652752931e-01
-3.937247088267711304e-01
-3.147277969619937110e-01
-2.133118504291563466e-01
-1.179594838707306304e-01
-4.587925157693106826e-02
-1.021579462786259551e-02
-2.199397119622426011e-02
-7.823671371581486511e-02
-1.695717022710306887e-01
-2.676135838468941541e-01
-3.493302376291685940e-01
-3.950448407688299524e-01
-3.960617438029330195e-01
-3.566042636445636571e-01
-2.816004748639211464e-01
-1.918203798146043138e-01
-1.050682842222652180e-01
-4.337372473197576017e-02
-2.197394488365655985e-02
-4.518188563841718519e-02
-1.110370295775583438e-01
-1.964339792594256284e-01
-2.808004852158531017e-01
-3.426491713924363358e-01
-3.706541793284708897e-01
-3.618939314935720741e-01
-3.147617781744441734e-01
-2.418113100216235933e-01
-1.574580634755194941e-01
-8.650264723567890890e-02
-4.638712758049134965e-02
-4.678222815270471902e-02
-9.013453074154453848e-02
-1.615206499813892638e-01
-2.452180476005478837e-01
-3.182615633912634356e-01
-3.681761159194786304e-01
-3.870315678317549635e-01
-3.678671491584909470e-01
-3.148295737738566746e-01
-2.365124442341117739e-01
-1.560557108674158755e-01
-9.151534332195665478e-02
-5.640996318213808980e-02
-5.710120943905516722e-02
-9.140818799466421396e-02
-1.541462318035845547e-01
-2.274845848387104796e-01
-2.994262032944250418e-01
-3.539736894007556867e-01
-3.779747886403537205e-01
-3.673330991267470536e-01
-3.222430372214514227e-01
-2.565216976749599143e-01
-1.841360857122268380e-01
-1.217907850929255131e-01
-7.862110049305992554e-02
-6.076412802305586336e-02
-7.435696668335567416e-02
-1.170627740002644357e-01
-1.823225055451285215e-01
-2.505960989811483186e-01
-3.067502576048511953e-01
-3.410896716265794382e-01
-3.484302323193034789e-01
-3.292076329529659562e-01
-2.867542687588165995e-01
-2.333845498070762359e-01
-1.767588787932821148e-01
-1.288813825290178183e-01
-1.011775695524606000e-01
-9.844817439043385132e-02
-1.212581799555718653e-01
-1.605301852429378284e-01
-2.062789746285245140e-01
-2.459089198661853493e-01
-2.744695617280257238e-01
-2.900214498444609879e-01
-2.879340571422659423e-01
-2.680149132435974968e-01
-2.336881337496871103e-01
-1.969778854433347215e-01
-1.676883307461658479e-01
-1.522730778394072448e-01
-1.526879759594347297e-01
-1.666858339449933668e-01
-1.914924209354452733e-01
-2.187712609945640096e-01
-2.441156976189957639e-01
-2.617763320936319360e-01
-2.659442804168488106e-01
-2.551279010433945560e-01
-2.303542111607881360e-01
-2.018698123944028255e-01
-1.789518815316538669e-01
-1.675027843179901499e-01
-1.685275145294381494e-01
-1.798434333155994880e-01
-2.009281319422667744e-01
-2.269510171766646600e-01
-2.522762566921188387e-01
-2.685035031953081353e-01
-2.693636042708856815e-01
-2.516673102095473569e-01
-2.168842592910608102e-01
-1.768674691091595141e-01
-1.422195430924877435e-01
-1.234598919189341393e-01
-1.239923178150836858e-01
-1.437772462289383935e-01
-1.836805171828230776e-01
-2.360593922531645239e-01
-2.919031993961767046e-01
-3.345897774290773619e-01
-3.520468366506921409e-01
-3.399497553713882736e-01
-2.981079663251999801e-01
-2.367705470017993363e-01
-1.676309085543579158e-01
-1.080745634708258907e-01
-6.870450591295507170e-02
-5.847011406767088637e-02
-8.457776170134712057e-02
-1.440662362653425399e-01
-2.282307331127585437e-01
-3.124229696455208538e-01
-3.771036114727306376e-01
-4.071675435528011588e-01
-3.959604373202060268e-01
-3.469861655478773121e-01
-2.655864123048671255e-01
-1.709235268532107721e-01
-7.917105085875553172e-02
-1.220087851542883683e-02
1.308636542869323627e-02
-9.979802649280333782e-03
-8.049492694900284295e-02
-1.794517911328971094e-01
-2.874849629819962171e-01
-3.772393705928034358e-01
-4.327004245612061650e-01
-4.436773840054507589e-01
-4.024516111910646510e-01
-3.177261836409628337e-01
-2.027341541100157185e-01
-8.900494796621905014e-02
-1.353016196503076252e-03
4.187888033668829557e-02
3.082992065804179838e-02
-3.053331523091618038e-02
-1.335591560044367965e-01
-2.515266214901199504e-01
-3.636644297475475351e-01
-4.444070620309487074e-01
-4.741145371917447893e-01
-4.451771372895031442e-01
-3.593000764402739522e-01
-2.435078302942300654e-01
-1.222512991240425340e-01
-2.471659196369258016e-02
3.150006908349278767e-02
3.742213213020928464e-02
-1.268303998077136008e-02
-1.056928384695261514e-01
-2.252137706940650075e-01
-3.375083059391686957e-01
-4.173668719506011815e-01
-4.500782043508170238e-01
-4.283533148422554726e-01
-3.605218196922763685e-01
-2.604546571922004006e-01
-1.585501624694958256e-01
-7.342716606785915090e-02
-2.178036116847559267e-02
-1.747995185595707657e-02
-6.092431106117446316e-02
-1.451734155864938813e-01
-2.426845187128086057e-01
-3.306517766466975372e-01
-3.868314441542752835e-01
-4.010122938281749372e-01
-3.748237129282950830e-01
-3.099391425904912678e-01
-2.241597084325114286e-01
-1.344045137443066196e-01
-6.504108395562890887e-02
-3.284452579013341644e-02
-4.469315500174908529e-02
-1.013861196733152337e-01
-1.837618979505881711e-01
-2.731791204669280493e-01
-3.459554061009492143e-01
-3.884112421844162499e-01
-3.923027856977270300e-01
-3.519246390355832421e-01
-2.765620642723051192e-01
-1.792114686312048510e-01
-8.918834999606162217e-02
-2.817152343908957413e-02
-9.256989909098178870e-03
-3.818077794408236691e-02
-1.071352074308181690e-01
-2.042616670243507793e-01
-3.023923687567424690e-01
-3.836580398373100609e-01
-4.303212516244731001e-01
-4.281164788621978357e-01
-3.748815108983323263e-01
-2.765766422259392510e-01
-1.611163470525754926e-01
-5.289661568696302218e-02
2.114895349411982650e-02
4.657037918607809246e-02
1.936043080996774357e-02
-6.194738204375394020e-02
-1.787296453118331074e-01
-3.111979956801325109e-01
-4.242373974336975939e-01
-4.921791803272647092e-01
-5.032927080120990215e-01
-4.521981841069875330e-01
-3.502150393110641247e-01
-2.146751291977585518e-01
-8.032987109369327250e-02
2.935571691138139094e-02
9.193901842905405353e-02
9.021520947892192055e-02
2.402164914864490797e-02
-9.762641688240147886e-02
-2.400409258837763460e-01
-3.740949021332775626e-01
-4.699762484253732220e-01
-5.111629738181420191e-01
-4.946606101241827202e-01
-4.192693052215162863e-01
-3.037051009272043745e-01
-1.682527690168327261e-01
-4.734336343523770640e-02
3.363397272621360123e-02
6.133753759071036704e-02
2.993751564285029865e-02
-4.874785843455287093e-02
-1.591896718363247087e-01
-2.717815116055599667e-01
-3.681870149107728807e-01
-4.324923489442581426e-01
-4.506844002017880157e-01
-4.207867503906620454e-01
-3.475537280811908936e-01
-2.544298218496704456e-01
-1.610923289558683358e-01
-8.738535537061731251e-02
-4.398639037291063314e-02
-3.429344299295933318e-02
-6.091513426029215861e-02
-1.135091579565589148e-01
-1.823479589963007408e-01
-2.485831160521942973e-01
-2.976932298783894204e-01
-3.226250496776141841e-01
-3.192512974259338332e-01
-2.929089855539785958e-01
-2.514416236647125658e-01
-2.084672855982432349e-01
-1.706442539677186510e-01
-1.444252432557331378e-01
-1.372573806532083607e-01
-1.510204336048028839e-01
-1.829454292935694948e-01
-2.183077861500549721e-01
-2.460451739176494623e-01
-2.592371982337805525e-01
-2.562216674937696226e-01
-2.407244841673793490e-01
-2.155134878410812638e-01
-1.892313828898645189e-01
-1.679636354567151102e-01
-1.588834912703038782e-01
-1.680724402406613693e-01
-1.976045228171868784e-01
-2.448074251017914316e-01
-2.945569704102086739e-01
-3.334554139962998542e-01
-3.489196731410306729e-01
-3.369557259595007404e-01
-2.989123429053440750e-01
-2.357377518218544132e-01
-1.598159727931676155e-01
-8.396381312432266153e-02
-2.976276480530137825e-02
-1.272293820390002494e-02
-3.733129883838115504e-02
-1.034593650756912009e-01
-1.977475718703031182e-01
-3.035189687703497841e-01
-3.943026980540303983e-01
-4.534457537404844585e-01
-4.674561856900286694e-01
-4.262871203072208237e-01
-3.352394912574454544e-01
-2.069813091383234660e-01
-7.550968979460848107e-02
3.150049880722938234e-02
8.998992820073703491e-02
8.777676654398613998e-02
2.784782978239586093e-02
-8.386649649894406533e-02
-2.216814435077302248e-01
-3.620402641123056098e-01
-4.720580776420030267e-01
-5.271872068086291829e-01
-5.165263791161974760e-01
-4.388082083026058067e-01
-3.167998341826208097e-01
-1.740535640959327557e-01
-4.522322498076036812e-02
4.776160016040131850e-02
8.995196670662664040e-02
7.009769175296320931e-02
-5.322333624861341761e-03
-1.240738900780203879e-01
-2.534772944806860107e-01
-3.672023107467360381e-01
-4.426171024662334252e-01
-4.669252852932640474e-01
-4.402319692507242754e-01
-3.671139775097193025e-01
-2.704004346563438910e-01
-1.668850761780594771e-01
-7.972326738879786934e-02
-2.738203903090696834e-02
-1.779092836594087235e-02
-5.310456411755604123e-02
-1.174004660731334804e-01
-1.951295041448996015e-01
-2.662670534679065781e-01
-3.194255643391755717e-01
-3.473254901514992721e-01
-3.432175870329514655e-01
-3.111570278181315929e-01
-2.585410593996108064e-01
-2.052944592749230690e-01
-1.659654665399701301e-01
-1.494614396506706022e-01
-1.591237540275696194e-01
-1.873380403460002119e-01
-2.259729940463741649e-01
-2.603020296902550657e-01
-2.826388235462503618e-01
-2.872686578266205881e-01
-2.689273443939862451e-01
-2.302806708841361738e-01
-1.778270336181577704e-01
-1.305975199503522921e-01
-1.033100356941828446e-01
-1.047202360591588111e-01
-1.356685085073823238e-01
-1.878361537774976275e-01
-2.533965761283623053e-01
-3.140091088751058024e-01
-3.563420088761197757e-01
-3.675574110782349191e-01
-3.393856820533737162e-01
-2.755957073144628122e-01
-1.845664632876333755e-01
-9.297649178433486927e-02
-2.320849630784860285e-02
6.221957531657995588e-03
-1.221334608283097811e-02
-7.257123523848596491e-02
-1.689197226402533447e-01
-2.794238796239773004e-01
-3.824333556924071065e-01
-4.509116155941363946e-01
-4.665604469515415298e-01
-4.222509990978545735e-01
-3.207760427008634618e-01
-1.915715360520467980e-01
-6.178091545552277797e-02
3.450403396837220527e-02
7.727453761111169328e-02
5.759408844472080347e-02
-2.830574742009761557e-02
-1.591176337228696891e-01
-3.114887712101696016e-01
-4.424251868387195641e-01
-5.205489039567494647e-01
-5.296863802145523881e-01
-4.630306127597939581e-01
-3.370796878587648537e-01
-1.746714865040339681e-01
-2.063951343396641658e-02
9.442599820749952855e-02
1.435952183260993387e-01
1.089386853670648581e-01
-2.250121173540065023e-03
-1.730767567948225949e-01
-3.545786880422147069e-01
-5.072174404474460996e-01
-5.937861098001098181e-01
-5.952765923404190751e-01
-5.174540288264476429e-01
-3.691159881258803122e-01
-1.877122017111541030e-01
-7.817315396210555711e-03
1.264064611649913239e-01
1.844049415853421525e-01
1.529057924858645556e-01
3.207807472123058723e-02
-1.411315755863117305e-01
-3.318620236424351111e-01
-4.917751909173448954e-01
-5.901314928254872694e-01
-6.081917555591702662e-01
-5.357469414145461517e-01
-3.939784317882691900e-01
-2.072534668510750411e-01
-2.632447748529287423e-02
1.103087053469622436e-01
1.756695802916798943e-01
1.542297373949010897e-01
5.466364201652806898e-02
-1.057335874862104230e-01
-2.825810847987272334e-01
-4.441277731634362125e-01
-5.553246426589550921e-01
-5.899245038205939151e-01
-5.419469920731545542e-01
-4.171597603604171312e-01
-2.545726286825916729e-01
-8.754517550524010261e-02
4.474980513046888930e-02
1.185963412333905787e-01
1.243760276692000843e-01
5.683295416387457166e-02
-6.423583388844145148e-02
-2.170884178976170142e-01
-3.603209059717662477e-01
-4.632163881857800369e-01
-5.076429617383407811e-01
-4.842449096235478256e-01
-4.032956997807159993e-01
-2.806413083375739470e-01
-1.518591776170270524e-01
-3.970973762649454564e-02
3.412415041720939790e-02
5.187995928020727732e-02
1.100923694829414323e-02
-8.280947151374273840e-02
-1.999257855798690642e-01
-3.150778634024863356e-01
-4.002467138832686011e-01
-4.401765501344022669e-01
-4.305177768330183952e-01
-3.687632197547642265e-01
-2.722090894205203560e-01
-1.586468240491553106e-01
-6.054440507085501189e-02
-1.289519318086851385e-03
9.137862594378765024e-03
-3.392637256239039445e-02
-1.195104341380359703e-01
-2.317911324086180391e-01
-3.393159164518274595e-01
-4.219084506115480249e-01
-4.613415116246855074e-01
-4.436894575026208987e-01
-3.719338517213353068e-01
-2.567787792450356710e-01
-1.330821822056454939e-01
-2.909436919657892862e-02
2.895343697862484689e-02
2.831015023354743754e-02
-2.673484102721235267e-02
-1.309901041470621363e-01
-2.582416595747397681e-01
-3.833988903517875357e-01
-4.734401296658998781e-01
-5.051504518044631631e-01
-4.683129671298308372e-01
-3.637658780709844830e-01
-2.220260601981839388e-01
-7.220278109369160369e-02
4.604483574502959975e-02
1.082575183760314808e-01
1.006751418310478652e-01
1.647057274208463262e-02
-1.232236404981125188e-01
-2.941365726787601442e-01
-4.486679304348764052e-01
-5.512665903215436813e-01
-5.799736607975192193e-01
-5.240432256801386135e-01
-3.973359041170182460e-01
-2.211826626524163730e-01
-4.236201232137493111e-02
1.055582819706710751e-01
1.891305207401738908e-01
1.851620736303438708e-01
9.487059291090149671e-02
-6.911519413760947028e-02
-2.597896008148790070e-01
-4.378971756205265464e-01
-5.615918252712117642e-01
-6.070282398243058708e-01
-5.706624482471096549e-01
-4.536393282659290094e-01
-2.864349827825914963e-01
-9.945716073807664426e-02
5.929757192304241364e-02
1.554070387252717289e-01
1.716162305235693353e-01
1.019658136154761863e-01
-3.128277595402539912e-02
-2.028948020876852887e-01
-3.677331931150791267e-01
-4.961081980574778560e-01
-5.640286744463990365e-01
-5.540683919703981442e-01
-4.715570204752281835e-01
-3.294663028833965113e-01
-1.686685652045729622e-01
-2.259084124581267616e-02
7.560233416513861826e-02
1.071026108142538735e-01
7.030144802150717354e-02
-3.201744474849999023e-02
-1.710624274609261475e-01
-3.215234137682214666e-01
-4.447212882316240457e-01
-5.123903935415554667e-01
-5.131024618330454201e-01
-4.435691013746688727e-01
-3.253490828155822800e-01
-1.821175434194863829e-01
-5.308973736580990810e-02
3.612804634126653980e-02
6.601490126137266046e-02
2.345914917856983806e-02
-8.059321827929000204e-02
-2.285102365447629902e-01
-3.755136961418596986e-01
-4.867591524399332847e-01
-5.333788911499441898e-01
-5.014511860649133457e-01
-4.010975228606947773e-01
-2.460081210256903628e-01
-7.702950582413492508e-02
7.217975361354289632e-02
1.630096385586465857e-01
1.689578890648877341e-01
8.492460510351285130e-02
-8.112874443684336967e-02
-2.829530169652159088e-01
-4.791935726937897044e-01
-6.183797725967929981e-01
-6.690556381077290560e-01
-6.197876712689140977e-01
-4.687588855844181390e-01
-2.531116397134246521e-01
-1.102251241970009232e-02
1.929369456631475632e-01
3.117674999125468194e-01
3.204038688563408677e-01
2.090562715311887754e-01
5.921991296688799977e-03
-2.536320068387563076e-01
-5.021997981877273087e-01
-6.915849619092941936e-01
-7.804499693240405378e-01
-7.428004771511440563e-01
-5.909963460405471825e-01
-3.492409853124385233e-01
-8.493065546339373384e-02
1.472710422357337290e-01
2.948337009313153345e-01
3.287379484943449004e-01
2.538038535823825548e-01
8.030263378375357419e-02
-1.439922989235407069e-01
-3.759845525646918762e-01
-5.615429979915517178e-01
-6.633369871890786307e-01
-6.656874310587794774e-01
-5.673158085159870634e-01
-4.071426177238456345e-01
-2.204604899350509628e-01
-5.501526203236750678e-02
5.982159168902723145e-02
1.089120929275002592e-01
8.314081055656719066e-02
-2.033431580636002600e-02
-1.436701413857811582e-01
-2.712881671284909091e-01
-3.876098939812814281e-01
-4.770568228909475295e-01
-5.240504548042819177e-01
-5.130122906680770756e-01
