-2.038200006544904630e-01
2.578700027490028468e-01
5.800434749033791526e-01
7.775459044270749409e-01
8.652227799385274754e-01
8.579195900561733534e-01
7.704818233984498388e-01
6.177549685837961935e-01
4.115191512487110792e-01
1.586990230816343050e-01
-1.189305229443579082e-01
-3.845457634743297826e-01
-6.066143329728257427e-01
-7.629226642183211116e-01
-8.335903889782009246e-01
-8.100339919835944924e-01
-6.921732326104619304e-01
-4.963460605587135532e-01
-2.407641004571265952e-01
4.239565627687369442e-02
3.208087297415258554e-01
5.621708536071450268e-01
7.397525215641040930e-01
8.323598221350456683e-01
8.277867053262328856e-01
7.323312927609657574e-01
5.543526960048232866e-01
3.147411246925040373e-01
3.949204533627859171e-02
-2.370310555232969518e-01
-4.850216923978355466e-01
-6.748549436367423660e-01
-7.847540442223012169e-01
-8.082761484338538693e-01
-7.413181620628221946e-01
-5.923809047975714392e-01
-3.776050675803995782e-01
-1.252484489150547109e-01
1.391981617502933144e-01
3.850170948962885475e-01
5.838908885351967726e-01
7.158861490004779782e-01
7.670056721429283630e-01
7.340775283006195640e-01
6.204813471131676028e-01
4.432142666899248074e-01
2.194554616564141636e-01
-2.414814402182252628e-02
-2.604813379369436133e-01
-4.646092044652356812e-01
-6.157669053549603699e-01
-6.981629985907171765e-01
-7.031448687175352319e-01
-6.369624262316719854e-01
-5.061141169291256681e-01
-3.252516698772430770e-01
-1.135766101934690964e-01
1.048555595811015984e-01
3.083004727352731678e-01
4.744136577682369627e-01
5.863752884292241507e-01
6.382944665542022999e-01
6.248955602036787571e-01
5.479341964761996753e-01
4.157643616088697591e-01
2.449064412086139342e-01
5.052843734964529432e-02
-1.474337602173915185e-01
-3.285941828090764849e-01
-4.763485772868045753e-01
-5.768700217012807663e-01
-6.186802869637368918e-01
-5.966902075480886580e-01
-5.177540654785354191e-01
-3.882662230824254213e-01
-2.196561380534600705e-01
-2.816012342439644378e-02
1.664506449662606080e-01
3.461798800291502332e-01
4.912078025208761467e-01
5.865080775589031070e-01
6.252821152328953414e-01
6.019367664680850272e-01
5.165082072867623886e-01
3.763947749970517620e-01
1.975021439693953607e-01
-5.768287997870658046e-03
-2.127406294147388133e-01
-4.017186422912760735e-01
-5.531256263281432162e-01
-6.508559154961566229e-01
-6.810356373673889241e-01
-6.375890649029088975e-01
-5.275916488271092941e-01
-3.589974415496229865e-01
-1.473398533155949597e-01
8.694452382856598938e-02
3.170070193849439111e-01
5.191367487477653864e-01
6.680134620894986330e-01
7.454589839797050033e-01
7.449726623259653735e-01
6.629387274922167173e-01
5.058590926880155436e-01
2.880509164987616888e-01
3.580863564476288730e-02
-2.269572419917876838e-01
-4.697961083777386637e-01
-6.642659111622819523e-01
-7.881076317813074938e-01
-8.259681848785160874e-01
-7.723883097190283875e-01
-6.299020459617317158e-01
-4.165015662722381107e-01
-1.513532442630033392e-01
1.342203643986157324e-01
4.083964113554046094e-01
6.392438807700133729e-01
8.007300720893404389e-01
8.717110863912249652e-01
8.408885978568325648e-01
7.165003231089523972e-01
5.089184027581661329e-01
2.418003079272681433e-01
-5.642922124382587779e-02
-3.493723162479861477e-01
-6.051723093246319518e-01
-7.924290806790034170e-01
-8.884330452241678833e-01
-8.864290488683207458e-01
-7.838508332841731541e-01
-5.927561285775756472e-01
-3.330088155684697293e-01
-3.841103050510485950e-02
2.612788271320647393e-01
5.313945004033828745e-01
7.402961493566311280e-01
8.661385385235049750e-01
8.940805115523955404e-01
8.222196621974042774e-01
6.567125351404352607e-01
4.201244523262381847e-01
1.354834034382101926e-01
-1.630038760649149543e-01
-4.417297157314489242e-01
-6.696191252783982861e-01
-8.216874789437726978e-01
-8.809629929309736873e-01
-8.393639074888614715e-01
-7.069575668762890786e-01
-4.957982309945425659e-01
-2.308990680867206713e-01
5.910136274616695218e-02
3.400696622423722282e-01
5.820268816414617685e-01
7.564514226870659996e-01
8.431317774225584039e-01
8.379574029030840698e-01
7.397588067089877484e-01
5.601012547431365451e-01
3.176616642161722570e-01
4.285822160661401092e-02
-2.364624464857387753e-01
-4.878953107353757312e-01
-6.830389918590862308e-01
-8.030974870152631784e-01
-8.344205664137325229e-01
-7.744755274406992518e-01
-6.286496025563655943e-01
-4.168995560778460119e-01
-1.592144568781529435e-01
1.145198815522205926e-01
3.739919701053222578e-01
5.908943963657353748e-01
7.421687146152149417e-01
8.101609795948165882e-01
7.857852180417022048e-01
6.774435818120683184e-01
4.948390337339783063e-01
2.587529968062807217e-01
-5.577338466462133937e-03
-2.671409792953177709e-01
-4.985240220381171872e-01
-6.726427224410072014e-01
-7.697085065147143412e-01
-7.836578244236429569e-01
-7.113282939439784514e-01
-5.609925852671853175e-01
-3.483458722722586609e-01
-1.007287185614914593e-01
1.576137994164048539e-01
3.974049312132694745e-01
5.914291030616176670e-01
7.202257878077973352e-01
7.694121318908222484e-01
7.341014432736836515e-01
6.169161661311584055e-01
4.339409237769233929e-01
2.020654982444927139e-01
-5.132339708178679238e-02
-2.982081017473660056e-01
-5.113675626771794214e-01
-6.681499658944449749e-01
-7.502111978031270612e-01
-7.472686419438218097e-01
-6.652410906253246603e-01
-5.111639316851235293e-01
-3.017897161060429934e-01
-5.896985610712113246e-02
1.883756460600787275e-01
4.144094177382271482e-01
5.923279912796388658e-01
7.021694722526585775e-01
7.365968808240588306e-01
6.905168820039508937e-01
5.690217770896686122e-01
3.845924325671727928e-01
1.609745207277191170e-01
-8.031068843568311966e-02
-3.120029053150469300e-01
-5.078676735298924827e-01
-6.477139010485122306e-01
-7.167002089802100295e-01
-7.078260459919942793e-01
-6.208902050096991587e-01
-4.686653441153562083e-01
-2.647665916688436427e-01
-3.348366950053882629e-02
1.995608362626153376e-01
4.092864738079036169e-01
5.742056353597686513e-01
6.755413469314812680e-01
7.016744894398367904e-01
6.549237934753833201e-01
5.387144714147524827e-01
3.651054418634855914e-01
1.519284789967718652e-01
-7.561278398978699133e-02
-2.948339364126367768e-01
-4.805142331219908192e-01
-6.129351335142081414e-01
-6.825232526104039188e-01
-6.806635908687139747e-01
-6.064815834431436237e-01
-4.671050535608787246e-01
-2.798702280028811940e-01
-6.137440201915278504e-02
1.644008659672835382e-01
3.731019248212761319e-01
5.429213925566653831e-01
6.562157572121547489e-01
6.992195473070610401e-01
6.655021679029060611e-01
5.627695198692044265e-01
3.993095809512987593e-01
1.909288896595882079e-01
-4.172300062632305906e-02
-2.723124612800139621e-01
-4.774456211399119576e-01
-6.326460368162051262e-01
-7.200584223646750992e-01
-7.333187762617948691e-01
-6.683676108724175835e-01
-5.302569189703933983e-01
-3.316806061290454855e-01
-9.632636932889715453e-02
1.540755272378251384e-01
3.914320526319454707e-01
5.888431403590972391e-01
7.246596289117248624e-01
7.831590950492279823e-01
7.564192708567059054e-01
6.443303621199816256e-01
4.608983314197334646e-01
2.217008950113037447e-01
-4.516950794859297957e-02
-3.103851753152396808e-01
-5.438780279599975120e-01
-7.202673406966818570e-01
-8.173913153114147345e-01
-8.219716894867092893e-01
-7.371903391570830966e-01
-5.688080505979697943e-01
-3.346971727618198722e-01
-5.877953370997102134e-02
2.251917980883022530e-01
4.872153943982169277e-01
6.950346932009159318e-01
8.242541534822958038e-01
8.641124769306895992e-01
8.070906415525824773e-01
6.585323289404672042e-01
4.327480905141207757e-01
1.583975863289950325e-01
-1.376077088492502210e-01
-4.200926700328239116e-01
-6.563272550220026202e-01
-8.200952650637465258e-01
-8.923231883889806149e-01
-8.654067620066869804e-01
-7.400970378089829493e-01
-5.338133012402945798e-01
-2.655744409689118068e-01
3.221875947201557899e-02
3.264664643113448506e-01
5.836353044820359326e-01
7.756542443304899059e-01
8.797713209720701144e-01
8.827251122253652049e-01
7.901864124412638635e-01
6.099120423187498474e-01
3.624079897211132106e-01
7.363793904661353196e-02
-2.215630267698932565e-01
-4.918695212244069692e-01
-7.051398387053986472e-01
-8.372297484393138589e-01
-8.786039543186187073e-01
-8.230661217171031385e-01
-6.773964004705668174e-01
-4.564698736402276191e-01
-1.886661611244191405e-01
9.979419084388796435e-02
3.761594223010202853e-01
6.093695760698121244e-01
7.753163892774512789e-01
8.562157322016770156e-01
8.442232848043711435e-01
7.392328571011048677e-01
5.564276875307130332e-01
3.123963010351245018e-01
3.602014115101748182e-02
-2.425460839858391004e-01
-4.933515690497193296e-01
-6.906425529773100314e-01
-8.123935825123793641e-01
-8.446779345819862561e-01
-7.893815200190262837e-01
-6.504551431035974218e-01
-4.425655585823408122e-01
-1.867162211619709522e-01
8.717660594037845989e-02
3.517887180042980066e-01
5.769561693658569190e-01
7.387066609463177613e-01
8.241701251787163507e-01
8.225706298457049481e-01
7.329060223117116468e-01
5.632568636558630271e-01
3.343340865160364661e-01
6.666324626526431985e-02
-2.101990108612191710e-01
-4.665756342924695099e-01
-6.750398926295644308e-01
-8.134101017090180630e-01
-8.648395680948776088e-01
-8.212119532372301745e-01
-6.914161178388287254e-01
-4.860289038355056768e-01
-2.258389805215409440e-01
6.321729176888735147e-02
3.478600557216895428e-01
5.985771495992873170e-01
7.853214160072858885e-01
8.860918385695439881e-01
8.930054826740130292e-01
8.020420294728007882e-01
6.217480612740617918e-01
3.690927962859267275e-01
7.479356302041195725e-02
-2.328143515816823994e-01
-5.184734766160032926e-01
-7.492985228647225382e-01
-8.995799728983432386e-01
-9.513355624486806716e-01
-8.979586224781724857e-01
-7.418179487955219864e-01
-5.029401059553559872e-01
-2.030279086936263022e-01
1.220086271183487003e-01
4.359385661605175155e-01
7.027595222475615522e-01
8.928006958654490788e-01
9.827576122016892235e-01
9.596839616903651837e-01
8.309513624883690941e-01
6.070874348484176508e-01
3.133603311324102414e-01
-1.940155825817846402e-02
-3.503969015022782019e-01
-6.439693988868018248e-01
-8.646333897805640323e-01
-9.862660142709145372e-01
-1.000000000000000000e+00
-9.011692803506375915e-01
-7.011243990865914100e-01
-4.201683645153636570e-01
-9.421641818670356550e-02
2.436182000793485347e-01
5.534224740607538440e-01
7.990900782624508203e-01
9.540343793142986861e-01
1.000000000000000000e+00
9.334708022653768200e-01
7.597076664601762896e-01
5.028346630385485128e-01
1.880262845330227250e-01
-1.463177785292578692e-01
-4.623905229631092295e-01
-7.242895243858583632e-01
-9.029418332007072001e-01
-9.782665105199234157e-01
-9.401396961586083734e-01
-7.989795587339045824e-01
-5.678446844255402581e-01
-2.748654026335983769e-01
4.800433911467139048e-02
3.620579551079381453e-01
6.333183907573289861e-01
8.298871884914367225e-01
9.290326913977187129e-01
9.259305107099971011e-01
8.193558027244702835e-01
6.230264304562362909e-01
3.579704859433059383e-01
5.824987703687334317e-02
-2.451014010494924067e-01
-5.167761631173901637e-01
-7.259503605126726988e-01
-8.528031900511077179e-01
-8.833560872874157699e-01
-8.166416186463788529e-01
-6.595733703861068609e-01
-4.347796412689366452e-01
-1.646412766359119928e-01
1.186678167674699580e-01
3.832674754821578933e-01
6.007532150032406371e-01
7.482661068637517232e-01
8.104634788631042142e-01
7.800953469508025151e-01
6.667572876363296874e-01
4.814403674847342884e-01
2.473087917773015842e-01
-9.425887775150298964e-03
-2.593686851306583607e-01
-4.765694199124037578e-01
-6.367243542817098145e-01
-7.226015043216755807e-01
-7.313224555858091058e-01
-6.617620350107100702e-01
-5.230751129547644984e-01
-3.307976466154738393e-01
-1.096469194382390100e-01
1.183187895354784747e-01
3.275345408326704177e-01
4.956223362584541992e-01
6.091308765548113513e-01
6.567231638010415651e-01
6.348087057890983154e-01
5.466293469725411747e-01
4.055472635333277065e-01
2.245940322714763404e-01
2.428953194591998432e-02
-1.737211240513555355e-01
-3.497662907483692907e-01
-4.870027394231037920e-01
-5.710884204495343397e-01
-5.936842783970257553e-01
-5.585176853205957581e-01
-4.688465470602739549e-01
-3.331943996019488541e-01
-1.652700779033617895e-01
1.639169714677590761e-02
1.945641059616829427e-01
3.496146689935535345e-01
4.662216931690783550e-01
5.370875156680920970e-01
5.548497341506797298e-01
5.164064283489084861e-01
4.255116936829477226e-01
2.935791343849285528e-01
1.311701972328127574e-01
-4.471557133552439556e-02
-2.155737807550901497e-01
-3.650142167174854624e-01
-4.790528437281514895e-01
-5.445898382913945124e-01
-5.541653030856080742e-01
-5.103370277657550691e-01
-4.157076399594981098e-01
-2.776874255964523197e-01
-1.093131292400971732e-01
7.084347687797132309e-02
2.460348250492538913e-01
3.961640451615933145e-01
5.055779315203792201e-01
5.660704139320138495e-01
5.695665336702202541e-01
5.127891210423702884e-01
4.002224455835297068e-01
2.448865541521827449e-01
5.936934244504432634e-02
-1.361729968250157130e-01
-3.206484049876990872e-01
-4.739260079238958312e-01
-5.795854098215962313e-01
-6.232086280477668883e-01
-5.975621435102421719e-01
-5.085036815986077041e-01
-3.625009029590506859e-01
-1.734621751875131679e-01
3.977021681070502801e-02
2.519659653243200292e-01
4.408953909653554604e-01
5.826020171115555701e-01
6.598463681969199968e-01
6.666843526426675659e-01
5.994646076381036082e-01
4.639267530702118059e-01
2.730748524294543955e-01
5.095963856923124702e-02
-1.809722084326047531e-01
-3.954574036580886798e-01
-5.669255306220365442e-01
-6.760114088659673337e-01
-7.094786043759899741e-01
-6.630777644855367914e-01
-5.395919891407943147e-01
-3.556599156979984855e-01
-1.283534582574455962e-01
1.147307323408897073e-01
3.456708035595317252e-01
5.374790027307243534e-01
6.684387239298272831e-01
7.217561833833714413e-01
6.890517103048905412e-01
5.785599079550181045e-01
3.999439386457690482e-01
1.750618441620452881e-01
-7.083295529919420019e-02
-3.074910776909201005e-01
-5.087747189445970264e-01
-6.496287280586129365e-01
-7.127841296019615802e-01
-6.958738947356215565e-01
-5.990034925460333559e-01
-4.341465174434870899e-01
-2.195796598105500541e-01
1.581809578930104543e-02
2.472573993495590372e-01
4.470452762589338658e-01
5.914084969009121284e-01
6.671859086529416949e-01
6.653468342425630233e-01
5.875475990414311678e-01
4.422070950496024277e-01
2.503236211859352078e-01
3.153772868598769819e-02
-1.870926131908463574e-01
-3.796308453433226981e-01
-5.251857907334900322e-01
-6.078985169301589497e-01
-6.200672370652509091e-01
-5.602607343480233704e-01
-4.397699132672207023e-01
-2.703839388356774620e-01
-7.408298017966141735e-02
1.260042120491997597e-01
3.069534829321818314e-01
4.493541390859441265e-01
5.366442811175426986e-01
5.589068489658293171e-01
5.201857935053164628e-01
4.244372127909978865e-01
2.831837440853566257e-01
1.124746037150159417e-01
-6.613931427173080912e-02
-2.335761630082728857e-01
-3.696149098252312637e-01
-4.592874948290960324e-01
-4.981201700420476719e-01
-4.819262545018624389e-01
-4.132013620783265839e-01
-3.003340457424003018e-01
-1.595060263207223050e-01
-4.431410092024856695e-03
1.472171563041719811e-01
2.777614899516462899e-01
3.746496385185735800e-01
4.284736656523633336e-01
4.340854784830796564e-01
3.910870639732535459e-01
3.078289899378441330e-01
1.919971156214024255e-01
5.782528253762975190e-02
-7.878172831941654408e-02
-2.032686928363574008e-01
-3.032349682185448980e-01
-3.670002594623249514e-01
-3.876942941497679707e-01
-3.680103529070328783e-01
-3.096931787472325670e-01
-2.183602972976037560e-01
-1.043368562536581834e-01
1.782336164283604418e-02
1.359023353284187774e-01
2.355659580551132670e-01
3.059118131873881374e-01
3.434558170445178860e-01
3.437904887330069936e-01
3.058520687966921336e-01
2.342367901462014679e-01
1.392190652226892311e-01
2.928058084226292657e-02
-8.256885416568993108e-02
-1.827819170524929149e-01
-2.609541244736386378e-01
-3.091369007493325327e-01
-3.216537485253110340e-01
-2.970370342562649313e-01
-2.411617928725185989e-01
-1.588921820620671221e-01
-6.005499123357593838e-02
4.334266094604144470e-02
1.391307832958006419e-01
2.171835758634992342e-01
2.672335620538135448e-01
2.834755330988663058e-01
2.684796095012351724e-01
2.234487251609555969e-01
1.533166419275751036e-01
6.684546630206811280e-02
-2.402550163938066419e-02
-1.096531703209082664e-01
-1.787578449689369853e-01
-2.228882991372646005e-01
-2.407349734144555997e-01
-2.306495876160258307e-01
-1.940703994056366399e-01
-1.362962948732014956e-01
-6.712116559366776425e-02
6.294491325722795239e-03
7.447079395992139972e-02
1.281761652160415821e-01
1.631979217794021775e-01
1.766224392673192423e-01
1.679750971118212366e-01
1.395723210273895898e-01
9.823195921506089334e-02
4.842117693814107504e-02
-2.714890129741576175e-03
-4.724580531487909685e-02
-8.099317521696036692e-02
-1.011942108195817980e-01
-1.065157409213545181e-01
-9.776527106552834745e-02
-7.954172918672264281e-02
-5.411725528411803765e-02
-2.608057161043020322e-02
-1.116992965074725674e-03
1.788499100978890866e-02
2.931071896566095347e-02
3.279403642890965642e-02
2.941101283093328078e-02
2.275276508893697702e-02
1.391599097373141802e-02
5.505798806031858561e-03
1.245164390289099643e-03
2.536317518025299478e-03
9.354629301379091544e-03
1.982551467289916935e-02
3.137776553196403029e-02
4.015621261926760610e-02
4.469002094210616782e-02
4.262900056977136920e-02
3.143874205473129457e-02
1.143351203630360580e-02
-1.597457902763954607e-02
-4.675459274047055747e-02
-7.625133089239766182e-02
-9.911293935207521333e-02
-1.122958938392576433e-01
-1.121662611375101593e-01
-9.622055931221462632e-02
-6.601009819743419715e-02
-2.362926945314591798e-02
2.558031393003790122e-02
7.511183783994512808e-02
1.175241691682398226e-01
1.477847743800071445e-01
1.602182024023484086e-01
1.512003362504512616e-01
1.224506284272346424e-01
7.591655123645590919e-02
1.706850412612426204e-02
-4.668620984450722045e-02
-1.060925393503696634e-01
-1.544699323342400010e-01
-1.841425837766882401e-01
-1.897135450438248716e-01
-1.720062553331013211e-01
-1.320970039633575510e-01
-7.438045898660228250e-02
-5.917836993006519997e-03
6.313260882591542611e-02
1.253440706833675033e-01
1.717570929697336268e-01
1.951804477150600459e-01
1.947820631078580611e-01
1.703228385106310139e-01
1.243378617445123346e-01
6.244932677290759848e-02
-5.548278723199961959e-03
-7.264016488526447990e-02
-1.298407829721277551e-01
-1.687983947945284058e-01
-1.864657760977862511e-01
-1.811191742623057266e-01
-1.535721957803239945e-01
-1.075214175757375212e-01
-5.112251807160972383e-02
1.003482941845090792e-02
6.789336366208376106e-02
1.138874983052142742e-01
1.435312881389534390e-01
1.541255543497630498e-01
1.448377078517200101e-01
1.173373323980766436e-01
7.757865909553163242e-02
2.939775772987252012e-02
-2.049110818914923193e-02
-6.444140307275270096e-02
-9.794438821417694729e-02
-1.179036393155076246e-01
-1.219506720587166804e-01
-1.101924992615154197e-01
-8.688721881437355687e-02
-5.415633623622684301e-02
-1.667482767180483716e-02
1.939556423083166337e-02
5.009980283424364522e-02
7.260553143027004275e-02
8.353635051056351735e-02
8.198084016709872301e-02
7.121058334484597907e-02
5.216078365632270675e-02
2.788664792873718490e-02
3.280205049554396624e-03
-1.831630754414104167e-02
-3.493315353019821323e-02
-4.456836105927464153e-02
-4.656268589449674700e-02
-4.294340790160156018e-02
-3.391873552239887957e-02
-2.078533268567550607e-02
-6.928319742421362726e-03
4.601896229166513308e-03
1.289895387198769505e-02
1.750908301390530220e-02
1.820795153422305468e-02
1.646305554333515886e-02
1.292163966053228030e-02
7.900069740229831439e-03
1.714711636844112874e-03
-5.318068795208019672e-03
-1.288190570151104275e-02
-2.066043322764832268e-02
