3.992433194111799644e-02
-1.425386804421405751e-01
-2.679073914779033228e-01
-3.424613047869728977e-01
-3.724799239901522840e-01
-3.642427527082441330e-01
-3.240292945620516507e-01
-2.581190531723794868e-01
-1.722489144582894927e-01
-7.001700925409903853e-02
4.100512471387784963e-02
1.463166117290251034e-01
2.337479478053383630e-01
2.966130329047358405e-01
3.276863668425276099e-01
3.236114111814916150e-01
2.844455079506689188e-01
2.159706016421345520e-01
1.242329148828977825e-01
2.042899296697031630e-02
-8.363184315567995242e-02
-1.768989603536211819e-01
-2.500460355228364406e-01
-2.947180788828187570e-01
-3.060024567416169683e-01
-2.859123023247703843e-01
-2.362391336326750135e-01
-1.621289001140941988e-01
-7.172525748923186395e-02
2.377249719656560067e-02
1.147229612228470863e-01
1.903850440058929561e-01
2.427854112721306024e-01
2.694585585326079169e-01
2.674469870471525290e-01
2.367595385314575918e-01
1.812129809707281325e-01
1.087008716612827275e-01
2.591156324871723982e-02
-5.768098526082832134e-02
-1.324121569118835717e-01
-1.910348546845785922e-01
-2.279544861124862543e-01
-2.395626472935804552e-01
-2.249319565094618500e-01
-1.880082670449909621e-01
-1.321786346428143188e-01
-6.395286851710790810e-02
8.740308792869022625e-03
7.799281786332090682e-02
1.370302221331138881e-01
1.789692077734519327e-01
1.996099771856896243e-01
2.000944865439280296e-01
1.805871222357131600e-01
1.430712853090871928e-01
9.220998849805006614e-02
3.479789715951020490e-02
-2.348650793573836548e-02
-7.562979447734208271e-02
-1.159847388296046944e-01
-1.426871018536852720e-01
-1.534837313851847851e-01
-1.474165599397875281e-01
-1.260957339296522317e-01
-9.379989264956023476e-02
-5.348640557193717893e-02
-9.973611911144653064e-03
3.118294213201400211e-02
6.634589876522722918e-02
9.260561507267794923e-02
1.071507379753402489e-01
1.090533772272928026e-01
1.006498983496686428e-01
8.297130792804474630e-02
5.882344117277837903e-02
3.222631632510886135e-02
6.103255855468781022e-03
-1.722003966046525836e-02
-3.519292352764391563e-02
-4.660042143726861319e-02
-5.256669892961318702e-02
-5.287824059526513576e-02
-4.826917550531217849e-02
-4.099090493423307446e-02
-3.325835511630048646e-02
-2.584026734151856353e-02
-1.915286052261611083e-02
-1.356736549000936431e-02
-8.209606642163747026e-03
-3.403116742180523069e-03
8.251843446831497175e-04
5.560370696120031653e-03
1.164804814269415623e-02
1.888812914995008363e-02
2.714329476535248808e-02
3.608994641951324134e-02
4.443776751677996906e-02
5.138743143408519565e-02
5.470918498506338601e-02
5.250590335452143265e-02
4.458975326907022030e-02
3.099738492026937742e-02
1.151630094176914199e-02
-1.294949318703275676e-02
-4.014372378194064339e-02
-6.791615902489267498e-02
-9.193144920999463121e-02
-1.083011418872199538e-01
-1.145676475809686012e-01
-1.091463731437583018e-01
-9.051018002315147637e-02
-5.917891482394488367e-02
-1.862983623959790780e-02
2.852297658483271547e-02
7.752619959538575856e-02
1.225049199496324182e-01
1.577788327802311930e-01
1.791050242047276253e-01
1.814468443279946275e-01
1.626891347188268444e-01
1.256818431886805865e-01
7.253325262300114318e-02
7.688712279348974832e-03
-6.210753859305750968e-02
-1.284567824894996546e-01
-1.845732859822266647e-01
-2.225200493133403512e-01
-2.367096163027634370e-01
-2.259744975881495810e-01
-1.897362514713086812e-01
-1.300735463748829979e-01
-5.237715637394224633e-02
3.386929591232279435e-02
1.210088776101654329e-01
1.989482891957350397e-01
2.581638045943168702e-01
2.920943928276582557e-01
2.959183819018265105e-01
2.673665404759344444e-01
2.078410905499892269e-01
1.239660562613362771e-01
2.232372656242964659e-02
-8.579176964259205285e-02
-1.884713519019185490e-01
-2.739850955143922073e-01
-3.327895571204335656e-01
-3.561419348878666069e-01
-3.395694754666220838e-01
-2.863638708876250494e-01
-2.000748658105354627e-01
-8.853765871498375795e-02
3.735598234254289274e-02
1.627513754510243604e-01
2.745690375836826735e-01
3.583950909055766409e-01
4.037878458877763865e-01
4.068963782999046597e-01
3.652437637725154396e-01
2.816919220768205889e-01
1.636871431775710484e-01
2.540706911315471217e-02
-1.203773992370711365e-01
-2.569797397850971388e-01
-3.684389674952136540e-01
-4.420009165779215099e-01
-4.686632924402821532e-01
-4.441752647759074080e-01
-3.689692932078060261e-01
-2.520474457546535429e-01
-1.031793583587874430e-01
6.040840198602626110e-02
2.208139474063079977e-01
3.599164962923524502e-01
4.625505951875565902e-01
5.156125206518258342e-01
5.114534900109286575e-01
4.524618574684200478e-01
3.425488253713431241e-01
1.928555075323872270e-01
1.827317271953776689e-02
-1.603957185604423241e-01
-3.246324724382169125e-01
-4.545299766174615286e-01
-5.349789987304275352e-01
-5.590194944746595951e-01
-5.217727502852054222e-01
-4.260688619321978399e-01
-2.805256887034958124e-01
-1.027570918059365068e-01
9.041262925455773036e-02
2.766504281113346675e-01
4.349091077591671350e-01
5.474845606802931641e-01
6.012031968167790286e-01
5.895640140491136272e-01
5.117009571255979328e-01
3.773949099176954203e-01
1.981329507143387847e-01
-5.293254717044892921e-03
-2.111329109665324166e-01
-3.959926604929828731e-01
-5.398572058265199702e-01
-6.251105247615771354e-01
-6.405692235431978965e-01
-5.870270090854865508e-01
-4.676845936172233653e-01
-2.951761452634076299e-01
-8.649872402097635860e-02
1.336193861990522258e-01
3.422814558775753024e-01
5.143399097227727701e-01
6.300787796892335368e-01
6.786077640145651291e-01
6.524390390357426295e-01
5.538280385386920024e-01
3.915349690098388624e-01
1.857116809346424091e-01
-4.393322014105116580e-02
-2.707855897988011851e-01
-4.694564714186093557e-01
-6.176974791557470201e-01
-6.985232911611469753e-01
-7.024629584132591198e-01
-6.267462877698880552e-01
-4.816646775967443617e-01
-2.798439406855459666e-01
-4.539577407320516400e-02
1.963872539226596547e-01
4.178495220228171103e-01
5.950577033898283297e-01
7.069176409294790631e-01
7.394119601931898877e-01
6.917709669049101340e-01
5.665612989994144311e-01
3.778025792499803970e-01
1.444455301616458520e-01
-1.052577008876685039e-01
-3.452911755570186036e-01
-5.470958252408213429e-01
-6.878059092443976619e-01
-7.541802882625867621e-01
-7.367675762807801565e-01
-6.372645836379902118e-01
-4.646249780968559895e-01
-2.405844113150651387e-01
1.310822950296519629e-02
2.666124334396702267e-01
4.916355799394811488e-01
6.629621695570901974e-01
7.610419006726854008e-01
7.749663452445578748e-01
7.010362896122455112e-01
5.498510549954056525e-01
3.347719933506156931e-01
8.141961234569805583e-02
-1.831097562968556636e-01
-4.282339039732926400e-01
-6.273429403702237561e-01
-7.568009205367236536e-01
-8.006008410386622476e-01
-7.570697904470452544e-01
-6.282654668434142220e-01
-4.288965808727732698e-01
-1.788900130931709853e-01
9.154199403786678069e-02
3.541007278331402830e-01
5.774729556008171283e-01
7.362345121844913187e-01
8.147879209177582016e-01
8.023872199476322908e-01
7.006194740187867698e-01
5.185040528356734679e-01
2.792669646831766883e-01
6.299619997790939507e-03
-2.682609228813154223e-01
-5.137830260656440773e-01
-7.026255544550140675e-01
-8.132588466085460821e-01
-8.331913651122526687e-01
-7.577792167591436145e-01
-5.981809757823779439e-01
-3.686576105878365262e-01
-9.710958704975425348e-02
1.871103591781275721e-01
4.510171643787914686e-01
6.658787660411558118e-01
8.063634365651064506e-01
8.551422096145588903e-01
8.100523888219450797e-01
6.732637750024965673e-01
4.608277285526007905e-01
1.942684940504932900e-01
-9.376652222759007671e-02
-3.730641229957861738e-01
-6.105095283451216215e-01
-7.791207466250325009e-01
-8.625305038612034458e-01
-8.493107804872753741e-01
-7.412657962590822880e-01
-5.481230007595488951e-01
-2.945300254096425707e-01
-5.439412261882381472e-03
2.849534702451057555e-01
5.442924238477790944e-01
7.434214304361033143e-01
8.596191010034492930e-01
8.802492164774111671e-01
8.007325750464513447e-01
6.327684454525304147e-01
3.914403711342060443e-01
1.059069798422991315e-01
-1.931846408494523049e-01
-4.710620573447747983e-01
-6.974041345639092615e-01
-8.454673827693306443e-01
-8.969518967507934537e-01
-8.496297109962867022e-01
-7.058037060148363295e-01
-4.823647536392109414e-01
-2.017756161722703556e-01
1.018776002893100330e-01
3.965783135984541907e-01
6.471313865267869225e-01
8.249614804020619641e-01
9.124769946193920234e-01
8.976883716552952475e-01
7.827580066225683364e-01
5.779535689294021950e-01
3.094703202146933396e-01
3.745248490094610361e-03
-3.032011255452975451e-01
-5.771759977819774790e-01
-7.873632573659499201e-01
-9.097970707532329060e-01
-9.310197842212579733e-01
-8.461179784970497275e-01
-6.675320278285452602e-01
-4.113385973269280127e-01
-1.088616997935245578e-01
2.072276949726281625e-01
5.003526859007645378e-01
7.386148976915376529e-01
8.942111339130294212e-01
9.480831084995071656e-01
8.978348727228779858e-01
7.460295229185716082e-01
5.107118024997503447e-01
2.157128859740153892e-01
-1.029629668576309554e-01
-4.117625690700414953e-01
-6.740590678599900354e-01
-8.601790411828350580e-01
-9.521393283372815430e-01
-9.373640322099986433e-01
-8.180423985757956373e-01
-6.049511886414578044e-01
-3.251758151751108494e-01
-6.296741980941877870e-03
3.140129290218933722e-01
6.002270891981567047e-01
8.203409645733732436e-01
9.493680024667316975e-01
9.735773726975636144e-01
8.879305763913381000e-01
7.050818269304657271e-01
4.414936609797821543e-01
1.289034188012914139e-01
-1.993760457277904408e-01
-5.054793988698823570e-01
-7.562716789407040174e-01
-9.226579233528435786e-01
-9.845657599584372033e-01
-9.390660458244698416e-01
-7.882326421704020092e-01
-5.499740802166480647e-01
-2.481753867618047282e-01
8.071102230976534564e-02
4.021947316232770131e-01
6.782872154413057686e-01
8.779399435537673657e-01
9.815354646341616363e-01
9.755037225522211752e-01
8.614080780094757195e-01
6.494074396516948955e-01
3.666783720018176318e-01
4.102595609985626446e-02
-2.893563213118475197e-01
-5.880563904579614309e-01
-8.217602856116530408e-01
-9.642380884234357241e-01
-1.000000000000000000e+00
-9.226228704702289507e-01
-7.443867158132335682e-01
-4.814404921132954263e-01
-1.655932260633832254e-01
1.694405290107730000e-01
4.850034983666877686e-01
7.471510386747872712e-01
9.258700778569539658e-01
1.000000000000000000e+00
9.653022199048386653e-01
8.229217062268394667e-01
5.901972982359182662e-01
2.906962455344213048e-01
-3.895577723141896431e-02
-3.645121360575590552e-01
-6.481615014138097930e-01
-8.582770530857745106e-01
-9.743097911998612748e-01
-9.817287597706326752e-01
-8.808790368295716933e-01
-6.807349891976545164e-01
-4.071567152118766852e-01
-8.703167269472500411e-02
2.420090254678479713e-01
5.439497811966038654e-01
7.853080888355261635e-01
9.393450091678920977e-01
9.895824335426555152e-01
9.284548460581472096e-01
7.669928791892930420e-01
5.199554356473250483e-01
2.166968816016510146e-01
-1.108492754231061861e-01
-4.246374380141397786e-01
-6.910783634853884250e-01
-8.797289776426674424e-01
-9.686415183361329895e-01
-9.521647778821999974e-01
-8.298266083337573207e-01
-6.167943639763868724e-01
-3.345631809073024154e-01
-1.771072634317394368e-02
3.011150785988072620e-01
5.851005240921400841e-01
8.025131736275454841e-01
9.313865917221610946e-01
9.564322813805898882e-01
8.765483433693552762e-01
6.986165438950870943e-01
4.461616947554245538e-01
1.439244655491547231e-01
-1.726211567011167736e-01
-4.689255616066635435e-01
-7.121384972391772150e-01
-8.756590432429436355e-01
-9.415281359149276774e-01
-9.006081810716695113e-01
-7.624049356817685918e-01
-5.397136405279581162e-01
-2.590967719179534390e-01
4.977586961787738851e-02
3.507799187918736461e-01
6.118560086587130353e-01
8.034026335686801357e-01
9.035793536481415700e-01
9.054504420142293064e-01
8.070611359541504104e-01
6.212152212044756983e-01
3.670624820000938371e-01
7.650835875875161562e-02
-2.208676052074450835e-01
-4.913233482358952964e-01
-7.047061054846424089e-01
-8.394103044821832338e-01
-8.801358036780062566e-01
-8.242997111586841674e-01
-6.766761831618297585e-01
-4.573232489411602764e-01
-1.877875327903235636e-01
9.991495137513739522e-02
3.743758099087477476e-01
6.052319016184330991e-01
7.674975228827383145e-01
8.435959733198783450e-01
8.239321051013959174e-01
7.157719099575592381e-01
5.292100595627347026e-01
2.862843479817744896e-01
1.251870117349995759e-02
-2.597205935875553928e-01
-5.015028234762748394e-01
-6.852543682692222582e-01
-7.903013070855184896e-01
-8.091910925030725288e-01
-7.385725976412700344e-01
-5.879163336996369171e-01
-3.727547309177554613e-01
-1.203418937851591375e-01
1.437633051391744576e-01
3.894853601884327166e-01
5.893085437144205407e-01
7.225919926650476999e-01
7.746998581850745857e-01
7.416928273690663875e-01
6.260961138954699301e-01
4.443943152987128720e-01
2.144189805077305611e-01
-3.595773466915774819e-02
-2.790051019460938475e-01
-4.878649743470147016e-01
-6.401782937629201253e-01
-7.195273144830347523e-01
-7.164758728524969200e-01
-6.362320731154474940e-01
-4.863531796753576275e-01
-2.848100721870445717e-01
-5.314056876730932633e-02
1.807308476368114647e-01
3.920426110155799115e-01
5.566863137482356283e-01
6.564337210037389791e-01
6.845855598365835348e-01
6.371793211942442525e-01
5.208180245866094182e-01
3.478522484877415444e-01
1.405831411918112561e-01
-8.003157681167760717e-02
-2.885480057531334408e-01
-4.615242101068599556e-01
-5.812218077274334815e-01
-6.347726910221457297e-01
-6.181686067852238953e-01
-5.328153212596433708e-01
-3.915094189208957465e-01
-2.080722937852174104e-01
-4.736906456510037167e-03
1.959494824150229686e-01
3.718027545448645554e-01
5.041571061927019315e-01
5.785180320372700358e-01
5.863574949087806409e-01
5.315174746023882957e-01
4.191979292937828561e-01
2.627691231259063898e-01
7.899875180159465771e-02
-1.099608352370078368e-01
-2.841032076267253625e-01
-4.232083244319421178e-01
-5.119650471452477092e-01
-5.443617662981814487e-01
-5.163947212381968521e-01
-4.322138452702274369e-01
-3.009475897304282332e-01
-1.400846767311157981e-01
3.424263534523563912e-02
2.019761272323714607e-01
3.441103063531503192e-01
4.461353329874242490e-01
4.973462905225813913e-01
4.933016633197324641e-01
4.341648009100091965e-01
3.295168196778950342e-01
1.895445782617031227e-01
3.174959783514585965e-02
-1.258468623056259172e-01
-2.658755987447294356e-01
-3.736607100233437784e-01
-4.373510521448644717e-01
-4.498604123481403372e-01
-4.140254598403262376e-01
-3.333859909420691103e-01
-2.176016975440537848e-01
-7.954037080302944762e-02
6.355166522536870310e-02
1.965816340586350464e-01
3.040576034233344327e-01
3.743020091253193016e-01
4.033332268715925650e-01
3.877532886423105118e-01
3.298352174413639037e-01
2.362894446089549572e-01
1.199992936576594893e-01
-7.466407142365349969e-03
-1.312682639620984526e-01
-2.371439039584322117e-01
-3.144683770270843004e-01
-3.553505565322198079e-01
-3.564072242408899971e-01
-3.176974484326275938e-01
-2.459850390097145789e-01
-1.481500816764801387e-01
-3.633030677989124158e-02
7.655661682901460097e-02
1.781056834497778407e-01
2.578097585213448006e-01
3.065322139035537852e-01
3.189157262260742254e-01
2.974021810565630197e-01
2.441812519107657842e-01
1.653071668928396409e-01
6.966087376871232806e-02
-3.079823789337154949e-02
-1.254685899407075311e-01
-2.028288082225420119e-01
-2.543871214638301348e-01
-2.775617390330925582e-01
-2.697972222402555964e-01
-2.321239365381330133e-01
-1.691620281814998350e-01
-9.006024325137096387e-02
-2.460251510572941669e-03
8.352331191265993660e-02
1.576840525706484364e-01
2.127500485779652006e-01
2.433189573670095918e-01
2.463802066193609974e-01
2.217296104439274718e-01
1.742494879109668382e-01
1.083639350277216806e-01
3.258435767443890185e-02
-4.375281939368524942e-02
-1.124301427475278281e-01
-1.665344828232250274e-01
-1.998087177950539362e-01
-2.087873174230852058e-01
-1.954517805657858265e-01
-1.611337463525277514e-01
-1.097544860075450046e-01
-4.763703395026319676e-02
1.709833062900112388e-02
7.778537117456951755e-02
1.268716027033722771e-01
1.590424935137459972e-01
1.738331265839121453e-01
1.696555858380579540e-01
1.465881529283148410e-01
1.078333646350335684e-01
5.923903299891231100e-02
5.395039731320494525e-03
-4.709247736100619086e-02
-9.178812205369446531e-02
-1.248957426838942508e-01
-1.432938748014735975e-01
-1.449956589731092871e-01
-1.302466064529492762e-01
-1.025553476821600141e-01
-6.435583892414020735e-02
-2.017958440849665358e-02
2.433805492551943672e-02
6.447095895420451583e-02
9.636190940045219477e-02
1.160292201588206673e-01
1.215669069166696037e-01
1.147662771610149512e-01
9.617144686676448728e-02
6.759979741061616920e-02
3.284368769518386522e-02
-3.678728391156127486e-03
-3.844969859517877175e-02
-6.685547604588093495e-02
-8.570266556014816128e-02
-9.511079110033726636e-02
-9.419779545349837857e-02
-8.252950086188270973e-02
-6.194564811456215736e-02
-3.586156450426725151e-02
-6.538643009821432095e-03
2.228915469398362603e-02
4.690480935898344583e-02
6.577639027421344764e-02
7.723397341041238207e-02
7.915987981063588030e-02
7.154478904742256340e-02
5.695781501887697829e-02
3.654611409000652067e-02
1.285571941074881153e-02
-1.054617335361718311e-02
-3.136858179590229501e-02
-4.779694473819029454e-02
-5.751296904337088733e-02
-5.969236620867168774e-02
-5.579752680048299940e-02
-4.600222672062825868e-02
-3.109918204109540785e-02
-1.364072777852454177e-02
3.635472241393600257e-03
1.937407302173532742e-02
3.175962682373723034e-02
3.947067972379336709e-02
4.323646298682159994e-02
4.257026330597124542e-02
3.690867486189408631e-02
2.751686495427740908e-02
1.629386867528448413e-02
4.101312997243145020e-03
-7.597833261293818197e-03
-1.727353360485761602e-02
-2.453352200777958458e-02
-2.869329370221540554e-02
-2.894639835892209856e-02
-2.565943413563320785e-02
-2.015618931343299280e-02
-1.280763700106912761e-02
-4.328077851396994191e-03
3.994615336696094587e-03
1.136776275971485006e-02
1.716482996154478080e-02
2.058185648590526995e-02
2.145172538718087552e-02
2.045995587795057524e-02
1.761944151813676918e-02
1.307718509089439429e-02
7.660004590562596860e-03
2.169133151111113378e-03
-2.964557970409287257e-03
-7.172858633530676542e-03
-1.007100665447369092e-02
-1.184335742139996928e-02
-1.229996806689293010e-02
-1.120826273065644862e-02
-8.911489286856033587e-03
-5.991858299561392265e-03
-2.659602989057097133e-03
7.940811867561681225e-04
3.972596929191496429e-03
6.734459076069621020e-03
8.814213089386235822e-03
9.738472590296254339e-03
9.447856450768732373e-03
8.287103799363260137e-03
6.339733796339785954e-03
3.904547004628833307e-03
1.421179769288016814e-03
-8.701900113163851813e-04
-2.763892375773124854e-03
-4.000241797510017960e-03
-4.465141424715213248e-03
-4.255250810925259586e-03
-3.400560643202821254e-03
-2.101015544549222902e-03
-7.082250728863703770e-04
4.327042199754327356e-04
1.242834900340383797e-03
1.747210523320052999e-03
1.939017844047041805e-03
1.978612744262919776e-03
1.852355862555166155e-03
1.534692065170206732e-03
1.182477188182540218e-03
9.393914253519319857e-04
8.220836827539379499e-04
8.080986796341615985e-04
8.706784759779928606e-04
9.141540494306266140e-04
9.524693689841878808e-04
1.028849530350539609e-03
1.102147959380905817e-03
1.143327283454675936e-03
1.150585778754598110e-03
1.123171651579601971e-03
1.074628130229404732e-03
1.037390009570815508e-03
1.007076662345340878e-03
9.696340992668694980e-04
9.317226712262094424e-04
8.927090171322316081e-04
8.542291768502963123e-04
8.225325093136337529e-04
7.958071873046534961e-04
7.682710213161580981e-04
7.418625643897946986e-04
7.163724480763189462e-04
6.915913039260424000e-04
6.673097634897207087e-04
6.433184583174433868e-04
6.194080199597440384e-04
