3.507671675238914766e-01
6.887764941890228698e-01
8.713990361663199735e-01
9.213450974729575638e-01
8.613249821261090844e-01
7.140489941429488674e-01
5.022274375406516889e-01
2.485706163363932131e-01
-1.373610940823333237e-02
-2.722231328447104470e-01
-5.003832153017321316e-01
-6.706161164728081658e-01
-7.638493330098975465e-01
-7.711847383019929669e-01
-6.907811901258598120e-01
-5.338479383934993105e-01
-3.164452191936003578e-01
-6.546237152360545597e-02
1.924289862229553449e-01
4.274234784179986590e-01
6.129420003651597781e-01
7.289951663999725273e-01
7.622312775812245533e-01
7.106628594511028574e-01
5.787614852765647910e-01
3.842014514840401684e-01
1.469874531492603165e-01
-1.045628618295508794e-01
-3.426618048377736425e-01
-5.404328907065059084e-01
-6.759505330781447885e-01
-7.345055407733398489e-01
-7.086512855503548369e-01
-6.047889240557489110e-01
-4.330264996590542648e-01
-2.145913214763253141e-01
2.700098380392090824e-02
2.631556353732236175e-01
4.681850517319077198e-01
6.189528263953483211e-01
6.983902866270172982e-01
7.003203837479652361e-01
6.236425445526962985e-01
4.790769798966854065e-01
2.818415673066878568e-01
5.678146792496074902e-02
-1.723945771813583105e-01
-3.795359212568309992e-01
-5.414217432723817947e-01
-6.413584060632794293e-01
-6.681390567517697665e-01
-6.207951588322975223e-01
-5.037449769282258405e-01
-3.330592898638214949e-01
-1.262465786044095761e-01
9.184079591128346820e-02
2.973304194939230261e-01
4.674251892195342428e-01
5.835583448522430050e-01
6.338734103978933554e-01
6.123151693581034838e-01
5.247531640961360377e-01
3.798505859145873131e-01
1.955765386358843116e-01
-8.425822688980511010e-03
-2.081973571646809074e-01
-3.823293654624255744e-01
-5.115735783637458400e-01
-5.816183071109101155e-01
-5.877146606309677779e-01
-5.285988311192353351e-01
-4.128290015429145754e-01
-2.525330819024280693e-01
-6.780262223573430003e-02
1.222339238039049647e-01
2.961138146584467723e-01
4.347995787730909445e-01
5.245538280331751846e-01
5.556949663453847332e-01
5.268165163119997718e-01
4.406949653890070984e-01
3.095223824747697083e-01
1.465135877371379625e-01
-2.910580368515880423e-02
-1.984551221062703652e-01
-3.432903612703199769e-01
-4.484219534471536317e-01
-5.032404355075111857e-01
-5.015805541938147538e-01
-4.470065499834685596e-01
-3.449434781291379482e-01
-2.079549659694882591e-01
-5.047927074811309200e-02
1.093561319672229359e-01
2.550395740336670602e-01
3.709111241604023945e-01
4.447602597624109588e-01
4.712735885384273793e-01
4.475366344526980900e-01
3.776637258775989991e-01
2.690587680906519896e-01
1.354325369144184776e-01
-1.006442464452239616e-02
-1.516688481408738909e-01
-2.745188618207451414e-01
-3.668039584343500970e-01
-4.193219431886950899e-01
-4.279335761739645472e-01
-3.918212856764656804e-01
-3.167807765295602707e-01
-2.098503093757059235e-01
-8.329423157680648782e-02
4.992943233757007881e-02
1.760786835254408711e-01
2.828422572651565492e-01
3.594765319249690894e-01
3.983059759939771016e-01
3.977563567560051805e-01
3.576394139284253537e-01
2.825886629368723479e-01
1.798664465063979367e-01
6.082761696924698924e-02
-6.321774435142812898e-02
-1.791689800035117797e-01
-2.757302137548968135e-01
-3.447346450082093838e-01
-3.792390825121615405e-01
-3.758378836907539933e-01
-3.345813812937203924e-01
-2.609169266891400163e-01
-1.610585414189249498e-01
-4.531339935717060285e-02
7.508406530613132013e-02
1.882670917846711589e-01
2.835873766287391184e-01
3.513054229782806015e-01
3.844392754463343831e-01
3.809585421509360526e-01
3.403109288766654750e-01
2.661187005178202725e-01
1.648452189934359602e-01
4.705930490085896700e-02
-7.674722252106580545e-02
-1.938529939144890690e-01
-2.928747471691992565e-01
-3.646465242699910014e-01
-4.014227572603837890e-01
-3.983726886380858367e-01
-3.545644294266607766e-01
-2.751499254295416419e-01
-1.663309147402918242e-01
-3.848108106457215349e-02
9.654501509865709430e-02
2.246333477893436292e-01
3.331887085086746580e-01
4.100329807889719902e-01
4.462962111197075199e-01
4.385743879986951921e-01
3.857456597107968843e-01
2.921632645341589729e-01
1.655810553162482268e-01
1.948754978379341196e-02
-1.328487017893024147e-01
-2.750382844100091040e-01
-3.920346023108345346e-01
-4.711016165065747829e-01
-5.028137353007959831e-01
-4.826171405500463418e-01
-4.103003878906994473e-01
-2.934108008336254736e-01
-1.413730537741944016e-01
2.942878799038495252e-02
2.019463724176646657e-01
3.573107366438958987e-01
4.791474246943525639e-01
5.529908846207391981e-01
5.691561499826518489e-01
5.261510753197824464e-01
4.256905410468434514e-01
2.777199143399828873e-01
9.564026067560460476e-02
-1.001374963835337528e-01
-2.901306232045002265e-01
-4.524542820464553250e-01
-5.691035263571402325e-01
-6.275984813671015017e-01
-6.192629003276144406e-01
-5.438220194343381664e-01
-4.065524263465610799e-01
-2.228860496907136834e-01
-9.664257440144208289e-03
2.092489263499985874e-01
4.106843455735618154e-01
5.718740479031212409e-01
6.744453603485411897e-01
7.058397558194380306e-01
6.597879908917878566e-01
5.422784702065668316e-01
3.626997024525155933e-01
1.404807789546964614e-01
-1.022676192881822876e-01
-3.378767254198860037e-01
-5.411754417047486276e-01
-6.883706011030570338e-01
-7.616878995842439881e-01
-7.535396384207383447e-01
-6.617183839205664775e-01
-4.960141083713019983e-01
-2.715911442096548001e-01
-1.434130906655295412e-02
2.497591597877892866e-01
4.907399183448664104e-01
6.815606594741299151e-01
8.006146996575715935e-01
8.330837925089624729e-01
7.749796987168422469e-01
6.294859184317687095e-01
4.137261241115264276e-01
1.482014605740968882e-01
-1.367165515814251497e-01
-4.103291333162853993e-01
-6.416775427600660553e-01
-8.048757293650211642e-01
-8.808596176226803909e-01
-8.589459187891103076e-01
-7.430453804081773583e-01
-5.425427141189558267e-01
-2.801420712624220766e-01
1.736520884457037894e-02
3.157434455379937166e-01
5.827987590751115832e-01
7.878349131905248992e-01
9.071823725528993521e-01
9.286701221761894942e-01
8.474092761387714834e-01
6.726598666294336670e-01
4.210167038544327944e-01
1.220944269557275863e-01
-1.933288418818830401e-01
-4.893806040782227029e-01
-7.329564768044259937e-01
-8.969938802736320271e-01
-9.622187363338685628e-01
-9.217550874237262493e-01
-7.776235502461631421e-01
-5.475362102792951102e-01
-2.540468099458320639e-01
6.893624977727297320e-02
3.864575358387480897e-01
6.626145013094442149e-01
8.668922031874768397e-01
9.760020496597625606e-01
9.762626691644664678e-01
8.698793120276848700e-01
6.659783605348656987e-01
3.883214583436820355e-01
6.575811893251537477e-02
-2.644280840746432437e-01
-5.664148670262563190e-01
-8.057068524123038866e-01
-9.552672103634743950e-01
-1.000000000000000000e+00
-9.332632357376640098e-01
-7.635924584020190586e-01
-5.076651492388792875e-01
-1.963402782668927093e-01
1.379008800741881036e-01
4.569521847263182668e-01
7.252720818557383264e-01
9.133881105961849656e-01
1.000000000000000000e+00
9.764738768788621126e-01
8.437268944831077810e-01
6.190813707650693054e-01
3.251140705196502445e-01
-3.468927166966118136e-03
-3.307550267832674029e-01
-6.198009735718399416e-01
-8.389835872316889764e-01
-9.639802130886776510e-01
-9.801270291932586698e-01
-8.886627840011315227e-01
-6.979175447880779926e-01
-4.310223227994349759e-01
-1.162772972420499373e-01
2.093877213785657609e-01
5.106038950303068980e-01
7.532547688067146030e-01
9.104144006441814430e-01
9.669679014994836397e-01
9.157456070854501640e-01
7.643436388849309537e-01
5.282461414362955576e-01
2.367003534471305848e-01
-7.956017357059630424e-02
-3.841300022904079459e-01
-6.431633847082129929e-01
-8.286279281082045145e-01
-9.200448817646709188e-01
-9.091080940005628053e-01
-7.962718317209735996e-01
-5.973388259143482815e-01
-3.327284028144426031e-01
-3.421677840210490817e-02
2.654722937257929516e-01
5.324673680219771388e-01
7.377719559365385482e-01
8.590729462846082853e-01
8.827287886291155239e-01
8.098960354554580743e-01
6.476083152045204461e-01
4.163692438384973826e-01
1.410022986229502173e-01
-1.457555911639082380e-01
-4.127560988498004679e-01
-6.297748549013790775e-01
-7.729537258843954817e-01
-8.291638687778440930e-01
-7.919144835029011675e-01
-6.678939155481853351e-01
-4.701628649233650092e-01
-2.242042413747925567e-01
4.391296082412665669e-02
3.030138543066043244e-01
5.243762310682020811e-01
6.843719342581826570e-01
7.656804030324220189e-01
7.614471584224193901e-01
6.718779223144759616e-01
5.106800127577231230e-01
2.946925810289890979e-01
5.075563199658672531e-02
-1.940933330294414283e-01
-4.121521858792780435e-01
-5.797777844332757669e-01
-6.793561422763207958e-01
-6.999837924036709236e-01
-6.434738689808565670e-01
-5.156646010404978275e-01
-3.336148839606632999e-01
-1.172625866935979033e-01
1.068408217018432804e-01
3.144071330874971260e-01
4.820122818709433599e-01
5.913179779852164586e-01
6.334557155588875776e-01
6.037618666500332854e-01
5.082177616745289228e-01
3.574230951909864729e-01
1.716485748471976436e-01
-2.928403598344142544e-02
-2.216481602151199048e-01
-3.839217184010615957e-01
-4.992189057641250871e-01
-5.551892465897855233e-01
-5.481275585979918930e-01
-4.789203875196237359e-01
-3.589643843135948975e-01
-2.010437949371912669e-01
-2.521899152966322610e-02
1.487713275447788419e-01
3.012227716391944199e-01
4.155923480296646044e-01
4.802450496223802379e-01
4.881042790905796291e-01
4.423700622092969770e-01
3.481569623182370066e-01
2.183210560845956216e-01
6.747336297402872773e-02
-8.563999059543281334e-02
-2.241764446265851474e-01
-3.324642493533888077e-01
-3.985413729088906898e-01
-4.181403470849078818e-01
-3.892483681934099105e-01
-3.174473255806143923e-01
-2.111812473828238446e-01
-8.519117428299205486e-02
4.680967114712131227e-02
1.692470785798723121e-01
2.680757990339457386e-01
3.334742249196867014e-01
3.585828190237643209e-01
3.427071243387374011e-01
2.879799402905480754e-01
2.035015594466542677e-01
9.860482852985374969e-02
-1.320338220579975186e-02
-1.188422853019218683e-01
-2.065260344664462400e-01
-2.667282067971322723e-01
-2.938048884129448313e-01
-2.849943993197401326e-01
-2.439742797002710795e-01
-1.753170308644996789e-01
-8.907544288088453666e-02
4.226770708817051414e-03
9.321594436180635768e-02
1.679612827693752752e-01
2.199984435542408079e-01
2.435284300559199533e-01
2.385871130546788343e-01
2.059542191090026897e-01
1.507829064567001165e-01
7.989831185340157127e-02
3.208070059506296090e-03
-7.048867674654824000e-02
-1.320611240388493979e-01
-1.744483906854795707e-01
-1.948837117894548498e-01
-1.911346782864968841e-01
-1.646665283056604201e-01
-1.190777313368038826e-01
-6.161756729626055584e-02
1.255866353257362178e-03
6.146634461884947775e-02
1.114957208203988248e-01
1.460838125764467588e-01
1.614719193941085429e-01
1.568324413008721496e-01
1.329639365740988843e-01
9.441249312876176525e-02
4.551209627315566664e-02
-6.906921122812881286e-03
-5.608726625352355999e-02
-9.622795184347610054e-02
-1.227349093432265059e-01
-1.328818870161344590e-01
-1.255785239282768417e-01
-1.031107514528655233e-01
-6.781650415919082686e-02
-2.491480341953200561e-02
2.000548621491127221e-02
6.125301572372454650e-02
9.402741958890614704e-02
1.141217507837346545e-01
1.190504105914960142e-01
1.098735604847524971e-01
8.749327541613061143e-02
5.491607557957989272e-02
1.622687762475960582e-02
-2.318437856213206860e-02
-5.869259164019224873e-02
-8.541250255255394830e-02
-9.997269836243116714e-02
-1.020054046094981404e-01
-9.108500806147890039e-02
-6.859345667671101765e-02
-3.733268717325977093e-02
-2.027436225861434238e-03
3.350148380965967121e-02
6.467058935454317314e-02
8.732370355418517249e-02
9.927519313681321123e-02
9.912190786695940226e-02
8.703138814149746771e-02
6.435732000353566740e-02
3.467103100304624874e-02
9.773927729976872314e-04
-3.238623941466967082e-02
-6.105743183463507862e-02
-8.183048574703288836e-02
-9.237670298281464021e-02
-9.140459731003969246e-02
-7.887133339052032621e-02
-5.705036657709028347e-02
-2.795643241161616110e-02
4.418164286954739950e-03
3.583968263784331754e-02
6.268485177125193708e-02
8.201896028104727066e-02
9.138682571801259868e-02
8.962411886627408286e-02
7.798612349073130723e-02
5.746964778771412874e-02
3.056049052771059316e-02
6.076763628575232445e-04
-2.850850217379308216e-02
-5.366080045011301092e-02
-7.153125798039672301e-02
-8.003773668408686870e-02
-7.963744644989689814e-02
-7.021447469969321897e-02
-5.254439127456056458e-02
-2.878771112009093081e-02
-2.260760893903479563e-03
2.437818934469704324e-02
4.776783590923283640e-02
6.505310066216996034e-02
7.505714938603036401e-02
7.675770170165074902e-02
6.995407902866768168e-02
5.557107145013118199e-02
3.595347166838736008e-02
1.286871094390651393e-02
-1.090598786732865921e-02
-3.234164585832932648e-02
-4.931077868010269594e-02
-6.019727225910886936e-02
-6.374887506226467604e-02
-5.967794696335948501e-02
-4.935749787532772714e-02
-3.368387716666221277e-02
-1.448783924603469497e-02
5.778628864285595412e-03
2.484583871206957895e-02
4.084654661610365167e-02
5.171470851287751636e-02
5.632772364808102949e-02
5.530606939594973070e-02
4.870510347330370138e-02
3.713155524572364641e-02
2.216671965027039448e-02
5.810958324819592846e-03
-1.041171781484606651e-02
-2.443535999359958133e-02
-3.466170657486555839e-02
-4.091243016706902491e-02
-4.265727875548663839e-02
-3.949657892751112787e-02
-3.204805598365589869e-02
-2.177190157483765987e-02
-9.530754771066574094e-03
3.272594391264593838e-03
1.503347746399241736e-02
2.494415009672645844e-02
3.218645233814254603e-02
3.564638891102256402e-02
3.510383749343937154e-02
3.151310973136900451e-02
2.514039537450618589e-02
1.668578471117410089e-02
7.473911881767048015e-03
-1.482410611290396751e-03
-9.464336590088384682e-03
-1.559312117442468448e-02
-1.939099368745345053e-02
-2.115875184298154910e-02
-2.071859663894837222e-02
-1.797194946043345620e-02
-1.361078512174451749e-02
-8.620081340523610969e-03
-3.317880414733243022e-03
2.013863234547885739e-03
6.947570096611066504e-03
1.149147893712920698e-02
1.527859613096449465e-02
1.778506730452944495e-02
1.903834214840682826e-02
1.931591247027264480e-02
1.853289169131699943e-02
1.640180624182852043e-02
1.301198062041186709e-02
8.677791434074322297e-03
3.695083035321511389e-03
-1.413208672410015687e-03
-6.232426674984026249e-03
-1.059917510857333323e-02
-1.415500087976429011e-02
-1.633854941331180921e-02
-1.690741721979638346e-02
-1.592229741582573688e-02
-1.339627440692447991e-02
-9.314587261485041125e-03
-3.990472744532569394e-03
1.949963315198477432e-03
8.099752980940566616e-03
1.383119390201104082e-02
1.855862668621766076e-02
2.211740593388289433e-02
2.413320835822063692e-02
2.386511259999801737e-02
2.115848763031724644e-02
1.645726552301662871e-02
1.003248585194249642e-02
2.409190533277483226e-03
-5.623505989495902746e-03
-1.331271378430409769e-02
-2.002140145732755894e-02
-2.464593681154181315e-02
-2.649743742005217229e-02
-2.572998063660769663e-02
-2.226477413194860588e-02
-1.601040548592580492e-02
-7.563301480196904514e-03
2.014096091510042541e-03
1.201410730476548672e-02
2.118057692954189442e-02
2.834249926550169718e-02
3.310216822963640837e-02
3.494995669107292535e-02
3.302487581889290702e-02
2.737598266344476450e-02
1.906462840061040609e-02
8.654975487633498332e-03
-2.705180675988794192e-03
-1.352939220266380360e-02
-2.277355257737834204e-02
-2.958405595017365997e-02
-3.272760916729167135e-02
-3.170632239977266842e-02
-2.718686432910644157e-02
-1.939521449159975486e-02
-8.958358744423300379e-03
2.730861842580534216e-03
1.416431364889003675e-02
2.440235956040881504e-02
3.204117611237955465e-02
3.606335612144007108e-02
3.667945476490763745e-02
3.370769127741901627e-02
2.701186266516941714e-02
1.743724170347271674e-02
6.402174541878968839e-03
-5.245530791518460134e-03
-1.604173900920657925e-02
-2.458168739115207391e-02
-3.042732650711876818e-02
-3.298866895700136581e-02
-3.149145399466624085e-02
-2.613567756738333081e-02
-1.808575371512599617e-02
-7.892104698448809685e-03
3.401207764303970649e-03
1.431367122376125955e-02
2.377583294062701746e-02
3.093669756363426337e-02
3.462810025178719719e-02
3.442929800190919210e-02
3.107175686197249931e-02
2.469678482222814608e-02
1.572219546215869457e-02
5.356217555192221980e-03
-5.124534106968448022e-03
-1.486658882895941503e-02
-2.252026271587892481e-02
-2.712971298081268134e-02
-2.882979849760436419e-02
-2.738326845078853378e-02
-2.256182213841051443e-02
-1.502310398835005056e-02
-5.978371946023020023e-03
3.880749077191714136e-03
1.336960138042719848e-02
2.127144287103122089e-02
2.713998479956214460e-02
3.040530940080521383e-02
3.020328689715201520e-02
2.657832492793521517e-02
2.054454029834085205e-02
1.251599905900957488e-02
3.418514910492165271e-03
-5.431106697586729481e-03
-1.319134682835665373e-02
-1.919564233021364696e-02
-2.250689059047972229e-02
-2.277252109650818035e-02
-2.055058292084499527e-02
-1.595299371639224972e-02
-9.385857318824797346e-03
-1.899526582870847413e-03
5.419154334769471504e-03
1.200401884060187108e-02
1.708521674784746480e-02
2.009723401833740652e-02
2.129112321633441773e-02
2.049472955241249394e-02
1.751650364514611979e-02
1.290935582088370559e-02
7.539505725367989797e-03
1.806015848780040400e-03
-3.631873767442117540e-03
-8.086919864849773099e-03
-1.140163511717873224e-02
-1.325660141694395833e-02
-1.321894078926244553e-02
-1.141722223601782105e-02
-8.442288103408968070e-03
-4.496853015615864813e-03
1.058211507198869583e-05
4.432066940022627577e-03
8.349487597851590337e-03
1.142733421104580316e-02
1.320123269759010398e-02
1.352936958580741589e-02
1.273805286923157531e-02
1.085275466892321461e-02
7.997027118592070494e-03
4.639537220311851229e-03
1.251954030821122998e-03
-1.898220842138087505e-03
-4.430677076351474675e-03
-6.073237164333278315e-03
-6.908251645907803606e-03
-6.835279367524593752e-03
-5.744829244238913724e-03
-3.864135938813739735e-03
-1.582270504632110608e-03
9.381465326652183023e-04
3.451007406601647176e-03
5.656669662577051838e-03
7.451460167714696325e-03
8.666835761699465124e-03
9.022953544705281104e-03
8.511938174703637117e-03
7.392552964872178833e-03
5.743913656648391708e-03
3.781506277153789952e-03
1.823679341415251898e-03
5.580164512575258584e-05
-1.366522074251919072e-03
-2.224600821476685475e-03
-2.434511869919608884e-03
-2.110849921969415455e-03
-1.286489245858946084e-03
-1.279134622925726106e-04
1.086840381174347669e-03
2.121168579494847606e-03
2.892668164838907430e-03
3.361444324037510256e-03
3.497671142861591420e-03
3.406194181823973821e-03
3.089200827500970803e-03
2.580727767909962722e-03
2.041698139281677982e-03
1.623750213121777364e-03
1.355335564582782482e-03
1.226372230194394675e-03
1.228227385944968830e-03
1.274908636082816571e-03
1.374179819250143098e-03
1.546339119599116074e-03
1.728662465148689265e-03
1.870192123910374704e-03
1.962621071582182353e-03
2.006728715020278386e-03
2.012552658334554323e-03
2.017498813379869915e-03
2.016219103249561329e-03
1.994749763168268686e-03
1.970569163973756588e-03
1.955447054469594548e-03
1.951004643651721437e-03
1.957753979294096780e-03
1.970809120039884732e-03
1.978227833663970259e-03
1.981978411044638122e-03
1.987487252634645429e-03
1.991450279789086508e-03
1.992519656357494284e-03
1.990471627830281420e-03
1.984309751494661711e-03
1.975384703337024206e-03
1.966614355741080900e-03
1.957688271066571062e-03
1.947715452980780526e-03
1.937278894698080123e-03
1.926149772047303088e-03
1.914642079532402619e-03
1.903694333697192320e-03
1.893356981097937819e-03
1.883219650406831036e-03
1.873118833942699624e-03
1.862996971282226966e-03
1.852796502002762580e-03
1.842459865680767805e-03
1.831929501893370116e-03
1.821147850217474939e-03
