1.566009156960201931e-01
6.014148585418548354e-01
8.751914595156222720e-01
1.000000000000000000e+00
9.979097613776641840e-01
8.909900250312923209e-01
7.013100723435603534e-01
4.509391846971464446e-01
1.666825693575730849e-01
-1.395728700844910408e-01
-4.392901120888998978e-01
-6.975588636747682703e-01
-8.869953755013718633e-01
-9.890250339455510797e-01
-9.913374702205378641e-01
-8.949688599699590075e-01
-7.078094207862102305e-01
-4.523296181944644889e-01
-1.527555148384429629e-01
1.574168123768475702e-01
4.458176081325497808e-01
6.815523497149049703e-01
8.395842843731149419e-01
9.030725317063315050e-01
8.632629913167226832e-01
7.281790628767141893e-01
5.096275782196053594e-01
2.321633561639930843e-01
-7.642964020123366176e-02
-3.815917325475450816e-01
-6.520639314287632882e-01
-8.582509681198020601e-01
-9.775193503731020028e-01
-1.000000000000000000e+00
-9.213511192776375758e-01
-7.512895815778032338e-01
-5.060035842794503580e-01
-2.145760664290239372e-01
9.472487116471750568e-02
3.880674244932149630e-01
6.343111700149408616e-01
8.081528523381029672e-01
8.906177007315900784e-01
8.741342643500051857e-01
7.586296762410453809e-01
5.590552727996627169e-01
2.935795941941830023e-01
-7.636760829312527754e-03
-3.137746271971013634e-01
-5.917912679025107980e-01
-8.129647561972328518e-01
-9.535758918276210361e-01
-9.976107746183411340e-01
-9.439227442781255029e-01
-7.959836700428247758e-01
-5.706582066044197932e-01
-2.897751985231340477e-01
1.476839512829819512e-02
3.124170568695738837e-01
5.701739744235840845e-01
7.607957605069839424e-01
8.665270890506211465e-01
8.748249360672948338e-01
7.858330399789199561e-01
6.071878349085437776e-01
3.607337604986864399e-01
6.969337428677446766e-02
-2.336628626647050400e-01
-5.178616939161032606e-01
-7.527854486279403901e-01
-9.137731859937555656e-01
-9.838056519579854164e-01
-9.537420263297267109e-01
-8.305760576768841386e-01
-6.250270000828019867e-01
-3.601603193599116626e-01
-6.236883782808855248e-02
2.351706180089285780e-01
5.022258939935362321e-01
7.097571341841171222e-01
8.353011323897545637e-01
8.683949655892360120e-01
8.038584612305543775e-01
6.498699706377859542e-01
4.210423036533010865e-01
1.445613111898178538e-01
-1.529467941840174650e-01
-4.390539582295570620e-01
-6.836015828887389567e-01
-8.615393602335827961e-01
-9.537399931681994625e-01
-9.515706294563430756e-01
-8.536678903712454636e-01
-6.729998830134771293e-01
-4.258228980260692076e-01
-1.402408270088419950e-01
1.546450612561689475e-01
4.270377647487504369e-01
6.489900467917371074e-01
7.966433101818259921e-01
8.534436514321994682e-01
8.167321405335354889e-01
6.883181694979867427e-01
4.828247486677348377e-01
2.199981115701148404e-01
-7.029057694633067399e-02
-3.591027087136012819e-01
-6.143718756879569254e-01
-8.093054004492590270e-01
-9.255673921618779998e-01
-9.496789765435378339e-01
-8.799259882128586119e-01
-7.220242914708672188e-01
-4.954868464247799142e-01
-2.214512398876721244e-01
6.961596656553603601e-02
3.476110592536627575e-01
5.829432904072833210e-01
7.510207848988248447e-01
8.338527161946691635e-01
8.210584568673411354e-01
7.176064901227297010e-01
5.322150290790488292e-01
2.857528869915137992e-01
2.701595476920504169e-03
-2.852157165208727418e-01
-5.487899130269100478e-01
-7.590946919125201031e-01
-8.933999343903362700e-01
-9.400382077844343653e-01
-8.924405494422981144e-01
-7.568126287835805766e-01
-5.458727921490655888e-01
-2.849000767996191508e-01
1.086949722627794657e-03
2.807074940257621165e-01
5.244736762025303811e-01
7.071518492570485481e-01
8.091301463475679689e-01
8.204989729650207231e-01
7.385198840750217819e-01
5.744437571804408282e-01
3.428831938613017272e-01
7.036830011437156251e-02
-2.152825327040341907e-01
-4.829627464796192315e-01
-7.051217772963667141e-01
-8.575786331044916722e-01
-9.232393403484454586e-01
-8.983245838607714084e-01
-7.834541193777200263e-01
-5.918408293858514746e-01
-3.419143819044624388e-01
-6.241882840483492512e-02
2.186644278601397318e-01
4.697715248634908303e-01
6.643488674094721880e-01
7.837534062463307194e-01
8.140997238072678055e-01
7.528821980846975848e-01
6.049431305473922382e-01
3.888288958001395734e-01
1.247492072604552416e-01
-1.576081765356683873e-01
-4.288265690316388490e-01
-6.597312111862434492e-01
-8.260208536626808540e-01
-9.096894332150825546e-01
-9.002261854754564085e-01
-8.022667068758360109e-01
-6.240934522464289813e-01
-3.860465298472333107e-01
-1.120138895579326777e-01
1.669008400249598623e-01
4.221385619804887135e-01
6.254178267308527772e-01
7.545747618605991303e-01
7.984152358648437531e-01
7.506929931223047525e-01
6.177739926145795479e-01
4.123551983711024604e-01
1.594881649287791525e-01
-1.162512347191206885e-01
-3.842171409064796261e-01
-6.157539156263476254e-01
-7.866914232531788675e-01
-8.784231396384544199e-01
-8.821129649811003670e-01
-7.958745729533761581e-01
-6.315779197314157489e-01
-4.041651292189000211e-01
-1.401155471068205038e-01
1.331650263680530522e-01
3.856005253099372698e-01
5.908447915169290354e-01
7.264052011242154716e-01
7.767894284093257440e-01
7.399531168264468217e-01
6.179266316273741566e-01
4.249872395107319178e-01
1.801274528184302337e-01
-8.812988891596118535e-02
-3.524611535470738577e-01
-5.828831770871487628e-01
-7.546703080220820148e-01
-8.516981703505300816e-01
-8.623716809476653644e-01
-7.865485074469702464e-01
-6.309446270386864786e-01
-4.153005012246044902e-01
-1.603470282549975812e-01
1.049027720256618945e-01
3.522426498826334296e-01
5.549358436338749367e-01
6.912750280831332361e-01
7.465940065906815359e-01
7.133864033865604526e-01
5.991252167759024694e-01
4.142163796724462888e-01
1.800385210225257104e-01
-7.930717093895289782e-02
-3.341026337667838408e-01
-5.577265197844094580e-01
-7.252747436014721494e-01
-8.180261168232083602e-01
-8.289037263321119564e-01
-7.552532179330114781e-01
-6.065388029324649821e-01
-3.976134925576658707e-01
-1.541124232106128034e-01
9.972220635132211797e-02
3.355501211269342754e-01
5.275725190366822304e-01
6.560620612844261235e-01
7.067426583438356502e-01
6.755590444513659421e-01
5.646243103076455938e-01
3.888073290451157238e-01
1.649054372830600634e-01
-8.083291132502701259e-02
-3.222223180298411371e-01
-5.327134056576479093e-01
-6.899038932690975123e-01
-7.767646860676884479e-01
-7.829182563657611782e-01
-7.114621280952495574e-01
-5.685116649613055628e-01
-3.708447313635158116e-01
-1.386757959690214648e-01
1.008156442281504805e-01
3.226187563852640494e-01
5.015271041610458447e-01
6.178401287642525386e-01
6.617449608228804792e-01
6.273149387773044872e-01
5.195164823685813893e-01
3.489187427945643627e-01
1.369825201145193905e-01
-9.522714356568340310e-02
-3.211985325268859048e-01
-5.161861024044556157e-01
-6.595324089378372667e-01
-7.355871059617751229e-01
-7.371488788080564625e-01
-6.629066302032159408e-01
-5.238315639806130353e-01
-3.330568877350277290e-01
-1.136979747211604996e-01
1.105473397996112883e-01
3.146147931083602689e-01
4.768639016433391387e-01
5.794696556614775673e-01
6.105950316509982656e-01
5.703600737213136984e-01
4.618626747121039600e-01
2.983126373972118106e-01
9.668797600246881174e-02
-1.186208764475832345e-01
-3.251098312496250031e-01
-4.990572516318579899e-01
-6.214280212528857650e-01
-6.816463028457777629e-01
-6.722252947970817072e-01
-5.951960060260539365e-01
-4.581845050028751087e-01
-2.790080788710792570e-01
-7.547740097666510994e-02
1.286794093976593167e-01
3.109863293679318019e-01
4.518406862865143037e-01
5.359310435993993593e-01
5.550967549340632967e-01
5.064704558397516987e-01
3.980354088317346051e-01
2.398849139701380029e-01
5.133310151930525755e-02
-1.472741459299032885e-01
-3.333920297446348879e-01
-4.872567163307500726e-01
-5.915271915559892069e-01
-6.342431867318669703e-01
-6.140331394020348554e-01
-5.320190350662250545e-01
-3.982744888864299115e-01
-2.266184816555675274e-01
-3.798710208369937558e-02
1.478570714149163301e-01
3.090866676232841836e-01
4.279386640044371415e-01
4.936638145230685115e-01
4.983625528994577447e-01
4.423787106234908784e-01
3.311941908046280858e-01
1.797413459641701294e-01
2.964888604650495196e-03
-1.784282257839240327e-01
-3.443528096230061841e-01
-4.767414797578458652e-01
-5.612461502158645477e-01
-5.889569015865371293e-01
-5.559932149352950770e-01
-4.688666534332385227e-01
-3.357037127868436333e-01
-1.728161021883518611e-01
2.065692370389449195e-03
1.688007293042308454e-01
3.096732604771026409e-01
4.086811504489500368e-01
4.545309542804041314e-01
4.451263675737733294e-01
3.805967827894278788e-01
2.690229508879833364e-01
1.221597315456477428e-01
-4.156594915958622405e-02
-2.052396671834437747e-01
-3.499069761717401583e-01
-4.595037153647206773e-01
-5.239300838423206486e-01
-5.356662428323257785e-01
-4.941658918293371228e-01
-4.034756607242216964e-01
-2.759163118311307450e-01
-1.239929741712796352e-01
3.430967347925761857e-02
1.814251681742873323e-01
3.013057146115429852e-01
3.810175663686770076e-01
4.120505027027876466e-01
3.903787760831587406e-01
3.212136335256943198e-01
2.109632143219142275e-01
7.265728839080809465e-02
-7.889487959071794787e-02
-2.260447101198382880e-01
-3.532079133916568026e-01
-4.457341905463528819e-01
-4.931320382944835989e-01
-4.929346632550772878e-01
-4.443772824122675935e-01
-3.533865532682786137e-01
-2.294177610973160419e-01
-8.797805282926318693e-02
5.657807892293043039e-02
1.875932412855356723e-01
2.904134242542235622e-01
3.550683197493376131e-01
3.743259117073003406e-01
3.467865206779630061e-01
2.749598730110447420e-01
1.688156366601980540e-01
3.854648400920157592e-02
-1.005932211606970217e-01
-2.332397869600352225e-01
-3.448994456044145451e-01
-4.237017294723506300e-01
-4.606886449150422447e-01
-4.511176653780862855e-01
-3.989966187633356975e-01
-3.091325602840910847e-01
-1.919756281389843888e-01
-6.007930976624986652e-02
7.107249973894314010e-02
1.877260705752299419e-01
2.763999996261135017e-01
3.271492632761625607e-01
3.367990790439077120e-01
3.036889906071944534e-01
2.319346416436418590e-01
1.291407996444782214e-01
8.538710914555824871e-03
-1.180446064634766978e-01
-2.363987456109311047e-01
-3.332692033051799507e-01
-3.991457704654539640e-01
-4.269530971725182811e-01
-4.142627062858343923e-01
-3.621326552274083399e-01
-2.779614525761292532e-01
-1.695643367078902841e-01
-4.966613048773860228e-02
6.863065831082959534e-02
1.725716542286048760e-01
2.513829557320852448e-01
2.962284020048928657e-01
3.019519089377835641e-01
2.707477520826027106e-01
2.053117135159217010e-01
1.127652638548577446e-01
2.710590027928283519e-03
-1.119284203426277324e-01
-2.193937708992528268e-01
-3.072134007387554711e-01
-3.658933319631108017e-01
-3.913707444122079826e-01
-3.805137727487089006e-01
-3.346067406608405070e-01
-2.583998280669047576e-01
-1.617686667930761102e-01
-5.383488833925131889e-02
5.337650730348264538e-02
1.480159556013354027e-01
2.204413753105025631e-01
2.632378902720053926e-01
2.719360022715282543e-01
2.452187234190557064e-01
1.878425392389411197e-01
1.049311646176722679e-01
6.173440076747471750e-03
-9.765638427817491252e-02
-1.952863855566604467e-01
-2.768750635237722246e-01
-3.332419985963345210e-01
-3.582457591148675569e-01
-3.516251042349672895e-01
-3.136517000019583001e-01
-2.484126196032996337e-01
-1.627790611254396058e-01
-6.721167596814159317e-02
2.892368293795111178e-02
1.147144585370096781e-01
1.810365797178854486e-01
2.227413585725419587e-01
2.353010437299560831e-01
2.173492250354838173e-01
1.708190492499397362e-01
1.020375130269701724e-01
1.711361663282451318e-02
-7.444086586363529712e-02
-1.627167895455523539e-01
-2.387137867139815794e-01
-2.949171059680383289e-01
-3.250552142381123444e-01
-3.257770848382731677e-01
-2.994704217192556417e-01
-2.484048630995769891e-01
-1.775491967362499146e-01
-9.409730142180550150e-02
-7.474542547330709219e-03
7.381747401642213546e-02
1.405280192252253979e-01
1.857459387276954033e-01
2.068465205788116990e-01
2.014144453688260228e-01
1.697669052118400135e-01
1.152207034286472087e-01
4.474664323358701346e-02
-3.543990360098148162e-02
-1.168172724606447721e-01
-1.905753185642713454e-01
-2.494850803942131323e-01
-2.878420371181884541e-01
-3.012653756622519774e-01
-2.880254762678091662e-01
-2.513762179264772412e-01
-1.944347518839427691e-01
-1.232108648814457252e-01
-4.525302407139453198e-02
3.107563045450412176e-02
9.839582336627916703e-02
1.490607793008784654e-01
1.777298426196158854e-01
1.833799413823877789e-01
1.651082769883884804e-01
1.244697048938214756e-01
6.572579964615599124e-02
-3.883039354333761572e-03
-7.813137754615229191e-02
-1.490323749705979584e-01
-2.091162569841807928e-01
-2.533756196658637494e-01
-2.773865004535558398e-01
-2.782333884991181616e-01
-2.557805639665841069e-01
-2.137398008605221333e-01
-1.555344920453781699e-01
-8.712308396074641692e-02
-1.562402512443361591e-02
5.158867603530636892e-02
1.081031770415650239e-01
1.474040946148305053e-01
1.653233661055604209e-01
1.620156881538894478e-01
1.373974923907155254e-01
9.330897259393888810e-02
3.409551677457622887e-02
-3.341128859865061251e-02
-1.030392335285746919e-01
-1.669824698365004467e-01
-2.185305879049477262e-01
-2.536179768992472550e-01
-2.685783714200296046e-01
-2.611656456949946747e-01
-2.319216637241112711e-01
-1.850213566095284534e-01
-1.242234448216815723e-01
-5.611296758597561496e-02
1.189241930982598561e-02
7.293093712673104356e-02
1.211770849845763554e-01
1.510002854661516292e-01
1.591099263117994322e-01
1.465486409538678814e-01
1.141282914429586626e-01
6.456379675269485752e-02
2.905007506810441953e-03
-6.362314298664362155e-02
-1.288116525663688394e-01
-1.852768224456111668e-01
-2.271756063120925484e-01
-2.519199143545327590e-01
-2.567244872648625220e-01
-2.404443274370340333e-01
-2.047823320180359730e-01
-1.543672550770770480e-01
-9.330618351991870618e-02
-2.817114394463060556e-02
3.394638326268029083e-02
8.683472677315884347e-02
1.253704850455006348e-01
1.448573212314854253e-01
1.429580131754388805e-01
1.217108609637103100e-01
8.274210152689276399e-02
2.945389302673695475e-02
-3.276970005717039225e-02
-9.693496865580497612e-02
-1.568398593006314901e-01
-2.053426377055690422e-01
-2.372752853626762803e-01
-2.510210496459531759e-01
-2.448043812363069893e-01
-2.186156682381841243e-01
-1.751202696327236463e-01
-1.198476599949213073e-01
-5.749088193230145194e-02
5.262709667934295510e-03
6.148548443897228211e-02
1.057372896924471117e-01
1.336841747854375928e-01
1.417666020843366681e-01
1.288054980592330256e-01
9.772580125532503992e-02
5.105472195511451261e-02
-6.268066187615328744e-03
-6.795409964485255028e-02
-1.273032279008398104e-01
-1.785276478402832989e-01
-2.155150942876076225e-01
-2.342395969535249201e-01
-2.345486299893925208e-01
-2.160824680393947927e-01
-1.802969924275386049e-01
-1.310645912436183558e-01
-7.467582958304441743e-02
-1.628214121387594471e-02
3.756550241738265683e-02
8.097665583240498677e-02
1.106256095292816877e-01
1.234330143091713072e-01
1.176158569688499078e-01
9.382780887132136094e-02
5.565472416050498694e-02
6.219574855821585757e-03
-4.902934520283863673e-02
-1.039223351481636248e-01
-1.528000293540469068e-01
-1.909285052146655337e-01
-2.136501264833259306e-01
-2.184307724439094045e-01
-2.067516975418123293e-01
-1.795102790174759599e-01
-1.390450182591456141e-01
-8.967134896130901645e-02
-3.725656049233638800e-02
1.310296035342117804e-02
5.528185134657381816e-02
8.471485036628201293e-02
9.996255075243842825e-02
9.931288144222238934e-02
8.235285073874987205e-02
5.103550710374582522e-02
9.753333337873426601e-03
-3.799199718809009862e-02
-8.693627792761271511e-02
-1.314222535428404282e-01
-1.671711176047718794e-01
-1.907730836795240581e-01
-1.991941283872922241e-01
-1.914041098100857097e-01
-1.698133975944843277e-01
-1.362016312236333793e-01
-9.426374571540885317e-02
-4.892641240856776541e-02
-5.165256009078578181e-03
3.278862816904881683e-02
6.025414784396265766e-02
7.430529979287370246e-02
7.537298245156720533e-02
6.326709985741030273e-02
3.885355264282330801e-02
5.114747415230214145e-03
-3.326105597909601030e-02
-7.276775052369988117e-02
-1.088347136477016974e-01
-1.374111084578086839e-01
-1.568401390754550206e-01
-1.652210980666621865e-01
-1.612288036927074231e-01
-1.455857727421341341e-01
-1.211001699647027419e-01
-8.975935230596010506e-02
-5.505571457874947061e-02
-2.119260631180086563e-02
8.435312159674301924e-03
3.108572235567819142e-02
4.391965162704591918e-02
4.564693643033757020e-02
3.770265215593959773e-02
2.067431625111337823e-02
-3.939656334140950733e-03
-3.315246027924878547e-02
-6.348247711466614707e-02
-9.209848224711902898e-02
-1.152792983523130976e-01
-1.304837059523199505e-01
-1.377896904263052891e-01
-1.364936557669835793e-01
-1.261636315986954804e-01
-1.082281138994450886e-01
-8.545663259674773915e-02
-5.975442510093054160e-02
-3.422101060533200290e-02
-1.197191715598799888e-02
5.462295042538478640e-03
1.653080451279231866e-02
1.939271587726532076e-02
1.387924831410924931e-02
1.956292640470369548e-03
-1.548031127481586111e-02
-3.646241017517881655e-02
-5.803303732386366764e-02
-7.793009878383405642e-02
-9.439924787102005332e-02
-1.052575142734606395e-01
-1.094817643231587034e-01
-1.080120195629900026e-01
-1.008627811490537818e-01
-8.851523672104433249e-02
-7.292854058088482638e-02
-5.645945307410982217e-02
-4.043299993146154403e-02
-2.676825362977408584e-02
-1.700267198309324268e-02
-1.091969459627961658e-02
-9.130929390927300382e-03
-1.240171693600689018e-02
-1.997476720141300177e-02
-3.022925330552539425e-02
-4.236941468930544019e-02
-5.497980696005611012e-02
-6.642178466575454632e-02
-7.593758705944297915e-02
-8.268009450720315012e-02
-8.553937637227881918e-02
-8.447071227941471694e-02
-8.058532071516943951e-02
-7.410438790644269247e-02
-6.554723789652361354e-02
-5.622082323806920634e-02
-4.722053575447560103e-02
-3.927908192676121679e-02
-3.342447721439700814e-02
-3.020000326371108379e-02
-2.918304677652683310e-02
-3.053994719216523990e-02
-3.439932993181038512e-02
-4.003546426012805082e-02
-4.644884156958928312e-02
-5.316043122737734716e-02
-5.945575516385270820e-02
-6.462267540099253527e-02
-6.854367010534878624e-02
-7.084616275222332948e-02
-7.097877432083710136e-02
-6.908915745435928457e-02
-6.587411942270648968e-02
-6.156045442484536778e-02
-5.662214179197633257e-02
-5.177600535936122128e-02
-4.742672918104762214e-02
-4.395981464831832941e-02
-4.196646572674689324e-02
-4.162216863825030089e-02
-4.255877615314884732e-02
-4.469395922100893870e-02
-4.762934116969530507e-02
-5.070540495051356622e-02
-5.343927260367220544e-02
-5.560145626141177466e-02
-5.702540483182838571e-02
-5.761340437102036027e-02
-5.754220486040007021e-02
-5.680969966857829512e-02
-5.549173169636523184e-02
-5.396821647303828851e-02
-5.267885040501663063e-02
-5.171153269739969804e-02
-5.108925269427511129e-02
-5.084764254425977459e-02
-5.076180997161905406e-02
-5.086996108018759788e-02
-5.124131691784716836e-02
-5.171917645539714226e-02
-5.219093387763606984e-02
-5.261893329246147832e-02
-5.295190605395416750e-02
-5.316394237841914894e-02
-5.328682487687907976e-02
-5.330625846868242146e-02
-5.323092653444860822e-02
-5.313106828684432958e-02
-5.308529102189052384e-02
-5.309404593783040305e-02
-5.312274362852120735e-02
-5.316155454601168007e-02
-5.317801659091792033e-02
-5.317862602086131929e-02
-5.318880008461512876e-02
-5.319434376416209975e-02
-5.317758373022629659e-02
-5.314270689538047598e-02
-5.309780590291357516e-02
-5.305233947410903372e-02
-5.302567870492891355e-02
-5.301533652148382458e-02
-5.300879530108548732e-02
-5.300314791957483340e-02
-5.298911611224998985e-02
-5.296712661991953564e-02
-5.294431860325343742e-02
-5.292068981927122717e-02
-5.289739124010361948e-02
-5.287385368104668970e-02
-5.285035027035112076e-02
-5.282715413626770662e-02
-5.280453840704690815e-02
-5.278277621093963035e-02
-5.276214067619633408e-02
