4.163193022876265914e-02
-6.275304388946678635e-02
-1.254978807906498295e-01
-1.531083044150194361e-01
-1.520900387028084610e-01
-1.289488075942500922e-01
-9.019033502957729542e-02
-4.232034494902192634e-02
1.071837226623628680e-03
3.900675033406564296e-02
6.660946824199909244e-02
7.740648554209328402e-02
6.769672291179107404e-02
4.038136267924663514e-02
-1.771416720914742449e-03
-4.743541875447454537e-02
-8.675738359922102738e-02
-1.121207542078506147e-01
-1.186136671855608782e-01
-1.033501859180395721e-01
-6.631580333830922047e-02
-1.425182450384421262e-02
4.691420315589778234e-02
1.041420375608885784e-01
1.455742242096884631e-01
1.632407584149271340e-01
1.525308193912819910e-01
1.123135101027485927e-01
4.607911190649982558e-02
-3.406410226434142263e-02
-1.195265386613837411e-01
-1.953868422347211364e-01
-2.472262728721895675e-01
-2.660480410772726456e-01
-2.471475821581161636e-01
-1.908016576270211706e-01
-1.021906672223366064e-01
3.780904909481241916e-03
1.158003878005007259e-01
2.160057113427733544e-01
2.873980374172335761e-01
3.190290032324119007e-01
3.047822889984705963e-01
2.446988767037585610e-01
1.442581702813752198e-01
1.994496823054170420e-02
-1.150760226446195800e-01
-2.401995656593506334e-01
-3.357399008597132806e-01
-3.878826896676551561e-01
-3.880874506384811573e-01
-3.346445458583711119e-01
-2.319762453645581868e-01
-9.686788948566427138e-02
5.663859331782861162e-02
2.056020077419375980e-01
3.278337081454847368e-01
4.061583049258563616e-01
4.290227277232108172e-01
3.919383850989444085e-01
2.972510825541618829e-01
1.609524476638484192e-01
-3.008939965098766933e-03
-1.701085220066782533e-01
-3.162348846240838895e-01
-4.210055040256310832e-01
-4.698648246834169484e-01
-4.551519981156540995e-01
-3.766211371154413179e-01
-2.486959075413102127e-01
-8.439612228512172187e-02
9.109941479175320822e-02
2.526382126556727670e-01
3.774839700184253743e-01
4.487331789094906043e-01
4.559248711729770864e-01
3.963375038228147407e-01
2.824292593268160623e-01
1.257626343979731942e-01
-4.870524564458023065e-02
-2.157393975730691471e-01
-3.515012885226483919e-01
-4.378189903856173348e-01
-4.623939282049608357e-01
-4.206743470195162260e-01
-3.231513578933864483e-01
-1.796785917973158231e-01
-1.410880124989977169e-02
1.491784286560056128e-01
2.865900264342524650e-01
3.798460127367688788e-01
4.158597106781627417e-01
3.890580867709145796e-01
3.081579555787541391e-01
1.811780780453509099e-01
2.995649753301998786e-02
-1.228383284445367929e-01
-2.550228712992630431e-01
-3.491472824892178917e-01
-3.919369357850243096e-01
-3.773338000950320348e-01
-3.126363620787845354e-01
-2.040400799211165017e-01
-7.035306766420412750e-02
6.821290991945860860e-02
1.915043515704877297e-01
2.834280527316186404e-01
3.305928284325938549e-01
3.265475748862458616e-01
2.775042352607504093e-01
1.879520436586303855e-01
7.281824507940570790e-02
-5.060533110899112508e-02
-1.641577242125342728e-01
-2.533350882550162719e-01
-3.047367539433519790e-01
-3.111914888234036392e-01
-2.773530883967130212e-01
-2.060485966355452003e-01
-1.082157183319998328e-01
1.863815952451775004e-03
1.076715488024642120e-01
1.962950346077181329e-01
2.542776857744544206e-01
2.730455588931781641e-01
2.549597017570652824e-01
2.012205125294423969e-01
1.187988160661919146e-01
1.889214918253245834e-02
-8.315826807962722889e-02
-1.756559755657358668e-01
-2.446538523260443077e-01
-2.795367984371655012e-01
-2.795269584824042752e-01
-2.438409069910166815e-01
-1.756468272080105031e-01
-8.315608975282262616e-02
1.913577743034955425e-02
1.204406218861693301e-01
2.062370941776561217e-01
2.633063233436598871e-01
2.857763396698034253e-01
2.699395689973973500e-01
2.159494745407108951e-01
1.292372519998699065e-01
2.325031376460584553e-02
-9.179614614150843899e-02
-1.998815776873288375e-01
-2.845957544595545397e-01
-3.343927996519409085e-01
-3.419189393451169678e-01
-3.037454771928473907e-01
-2.221901388299186708e-01
-1.096408873588318178e-01
2.348497423498208114e-02
1.580871529830980560e-01
2.744691774723626576e-01
3.557067443981016819e-01
3.898594212966683958e-01
3.690633874614990262e-01
2.925477253965620417e-01
1.720078643774372029e-01
1.826205557678473035e-02
-1.459461772148037406e-01
-2.971227874652246914e-01
-4.124543264734917836e-01
-4.750262919669991923e-01
-4.724202586822975336e-01
-4.007445747265477864e-01
-2.713285289668598832e-01
-9.568536345103484386e-02
9.933233796404783433e-02
2.860949600553548411e-01
4.357112843422312753e-01
5.262090544808819548e-01
5.408575206994787887e-01
4.728884914041351362e-01
3.337742163032120235e-01
1.360939749931275866e-01
-8.886514961301228421e-02
-3.091959813813686120e-01
-4.901547017155183372e-01
-6.050173478538458660e-01
-6.333967806792977218e-01
-5.662287372893366477e-01
-4.158818126302050722e-01
-1.965001454781274415e-01
5.582627251394112200e-02
3.048780646700401942e-01
5.108277734219215382e-01
6.429925299686483076e-01
6.789585773414172909e-01
6.085735933532134823e-01
4.457968431516787788e-01
2.067538657670000557e-01
-6.841966964778500859e-02
-3.398989078461205349e-01
-5.635803454274669333e-01
-7.057968916141112992e-01
-7.429006472473245193e-01
-6.644179849187110687e-01
-4.871296743682861363e-01
-2.295821675718823229e-01
6.405837568890304645e-02
3.507244902751898152e-01
5.839139307273901736e-01
7.280707518999973704e-01
7.596585382965874711e-01
6.689046413172317074e-01
4.753063518358331407e-01
2.002266438045507968e-01
-1.083454914352606213e-01
-4.045875914768032322e-01
-6.402316456218385410e-01
-7.790496178143491157e-01
-7.992102231461397643e-01
-6.926117174241446239e-01
-4.821629581120822072e-01
-1.919468495777151285e-01
1.274560892992038230e-01
4.283422126664340190e-01
6.621669070194815543e-01
7.928914827505886276e-01
8.007272458152179251e-01
6.795145462634333278e-01
4.549604690812478758e-01
1.533441279629750298e-01
-1.732177180472170841e-01
-4.760595131605300789e-01
-7.072296834062885562e-01
-8.313999908650404613e-01
-8.306974676422250736e-01
-7.005271741440313171e-01
-4.681677638384261764e-01
-1.610086351034041297e-01
1.687614069256615501e-01
4.725414131193657052e-01
7.035440507536514509e-01
8.272824312602731212e-01
8.268813137653507894e-01
6.982663308282255343e-01
4.683607674881347105e-01
1.640339572440665528e-01
-1.641678933096504256e-01
-4.688507864547794002e-01
-7.046844704887100796e-01
-8.378234096405027254e-01
-8.508129249047889919e-01
-7.384894554272942724e-01
-5.249703463181661922e-01
-2.345628908661276935e-01
8.567214970134706675e-02
3.907412279954083356e-01
6.368473241453014300e-01
7.903692649363853739e-01
8.310865477136692991e-01
7.507456658581967979e-01
5.681696797444095726e-01
3.030532781340169457e-01
-1.813328445083195462e-03
-3.044741189726500874e-01
-5.630614044418318365e-01
-7.440969070314855660e-01
-8.244896405521631166e-01
-7.921734947292840001e-01
-6.582649734575825029e-01
-4.357413924045843157e-01
-1.585178820495597440e-01
1.372294682618333539e-01
4.103920134739753589e-01
6.272861273361860501e-01
7.582422662479102460e-01
7.849312957379008804e-01
7.132222508043406517e-01
5.487928468902731893e-01
3.126241587213027806e-01
3.288701106365832239e-02
-2.510290395217247283e-01
-5.051460757434322879e-01
-6.937797007834682894e-01
-7.912860038233792137e-01
-7.910658078988960229e-01
-6.897344270917098452e-01
-5.000614632668551884e-01
-2.435675456137882389e-01
4.208127604212674733e-02
3.249010553569864346e-01
5.668132953613029823e-01
7.340714981621800916e-01
8.061631574540804035e-01
7.716320680047392688e-01
6.356606884229003551e-01
4.118792454018800342e-01
1.342656937783712756e-01
-1.662634728696108510e-01
-4.474190182234397684e-01
-6.706049148157550155e-01
-8.065356228475648592e-01
-8.357123908162794601e-01
-7.549030913818743915e-01
-5.709105170307899879e-01
-3.138255991191550853e-01
-1.224144307372931895e-02
2.894436957203752048e-01
5.498063635134240457e-01
7.334453209415940922e-01
8.149429752597869836e-01
7.842898675928937635e-01
6.423904185799789168e-01
4.149090591823434426e-01
1.271542247620227606e-01
-1.767066854342531634e-01
-4.547102440514928512e-01
-6.682598249663600498e-01
-7.883974617683058295e-01
-8.001141160385030204e-01
-6.995664084627779555e-01
-5.076141322993417138e-01
-2.454533801457253750e-01
4.529578608797701911e-02
3.242803165290177869e-01
5.523145988980187049e-01
6.989920883840317067e-01
7.456685497458326317e-01
6.847030943751821752e-01
5.318208813739586649e-01
3.034621409875817299e-01
3.685276110584911891e-02
-2.309143598921613583e-01
-4.619279493773986722e-01
-6.258068207738123334e-01
-7.010476054655756517e-01
-6.767621517384180274e-01
-5.632602904100354468e-01
-3.718655710352302135e-01
-1.340714996109696466e-01
1.173210082283702160e-01
3.463978038054102981e-01
5.234135063778617702e-01
6.232090021202478791e-01
6.313473742308526315e-01
5.546776899138912142e-01
4.002671739756797908e-01
1.915066923212178640e-01
-4.409616417614092843e-02
-2.717150991488775924e-01
-4.621240428769864961e-01
-5.868492784563584808e-01
-6.277040642046304297e-01
-5.869157520478112122e-01
-4.671274908241411783e-01
-2.847432450126534675e-01
-6.268319827451540593e-02
1.648201924743477598e-01
3.699371854143198579e-01
5.231812958296244709e-01
6.015095413395921131e-01
5.983536403611717791e-01
5.117459561125894396e-01
3.538088682753601777e-01
1.430681195204368539e-01
-8.771756567138655480e-02
-3.115755578224184141e-01
-4.969052709570740411e-01
-6.158513647624371812e-01
-6.534525032290132707e-01
-6.025224019464204828e-01
-4.702039702163930412e-01
-2.704119950366302705e-01
-3.416247260243698847e-02
2.115843195879745231e-01
4.314155568999238355e-01
5.933188335811652170e-01
6.753629825200713199e-01
6.642521961690079912e-01
5.609990350646987256e-01
3.749902339682533725e-01
1.354893818112714587e-01
-1.308605619840218504e-01
-3.849862189180149885e-01
-5.907571991709785753e-01
-7.192305535959465645e-01
-7.508753773952036026e-01
-6.803194118519289013e-01
-5.121180714490307651e-01
-2.733644453298590404e-01
1.001388424233495833e-02
2.957169938608976700e-01
5.438366751724141857e-01
7.186642471315600744e-01
7.945437966852846312e-01
7.595940574537392020e-01
6.133185547406794225e-01
3.801837212105876329e-01
8.491832100462093358e-02
-2.275882393155164163e-01
-5.142092147937531443e-01
-7.330156910326113273e-01
-8.525975880249532235e-01
-8.546159134899619092e-01
-7.334475801945635753e-01
-5.105398688168563126e-01
-2.089559387257473588e-01
1.245509053191005133e-01
4.442892717183393181e-01
7.028597354588135282e-01
8.636481936770497025e-01
9.018096325771729482e-01
8.065535364670404217e-01
5.961489115796088090e-01
2.917222747648569037e-01
-5.781520258661232425e-02
-4.043455065390126890e-01
-6.963425337580950725e-01
-8.930486395385318632e-01
-9.654915720596390916e-01
-8.990652839938312324e-01
-7.078776808979191371e-01
-4.102989068968563302e-01
-5.421486138592090942e-02
3.120150401285874953e-01
6.329955523570647280e-01
8.647131134010097586e-01
9.731273971577416582e-01
9.393220388789349506e-01
7.749588054491858280e-01
4.949628867849444891e-01
1.433277544467805864e-01
-2.333758714483316066e-01
-5.786792330406816953e-01
-8.458052702492795394e-01
-9.942927813152135919e-01
-1.000000000000000000e+00
-8.705532749732574072e-01
-6.173268842749064511e-01
-2.792877765233718890e-01
9.998786907281576042e-02
4.624457453690917763e-01
7.601517161362338904e-01
9.491244459114693832e-01
1.000000000000000000e+00
9.143616750914778102e-01
6.991689404963947752e-01
3.880091862059482644e-01
2.042591667092641394e-02
-3.460786044690981056e-01
-6.644642632530217696e-01
-8.895910562303536162e-01
-9.872743269495999341e-01
-9.507835540958690101e-01
-7.821207222058120800e-01
-5.098770141287268798e-01
-1.683427636953586104e-01
1.881251487277062484e-01
5.145652709295873706e-01
7.652722113644183644e-01
9.030444978490321795e-01
9.146230062705613673e-01
7.970032671880502573e-01
5.727310975784491998e-01
2.701650000304123278e-01
-6.109740670210128677e-02
-3.792870917743867976e-01
-6.391728464662473908e-01
-8.029203535515951895e-01
-8.535269683227116877e-01
-7.838376390836337970e-01
-6.103246670229245385e-01
-3.557100446582914799e-01
-6.403698425283976814e-02
2.274341160126285288e-01
4.760556042806147747e-01
6.454007574968736449e-01
7.170530883326553528e-01
6.816488418416841721e-01
5.510085206838808425e-01
3.431209602064484443e-01
9.629578598466004280e-02
-1.572657662080114704e-01
-3.790974670644153832e-01
-5.358813683672408734e-01
-6.100142738603004933e-01
-5.919524148318171530e-01
-4.906768204272947687e-01
-3.208827069962612022e-01
-1.157934654131939078e-01
9.716388248061180732e-02
2.843400887791123210e-01
4.163520486923399933e-01
4.778271382880909801e-01
4.604929225715794772e-01
3.720573130508784132e-01
2.254196852210166302e-01
4.997853109806671412e-02
-1.305321864748564265e-01
-2.865998253031493137e-01
-3.923458258712162472e-01
-4.346651524838852643e-01
-4.068749556716594329e-01
-3.161796197934058084e-01
-1.747119990826868641e-01
-9.474867644729045857e-03
1.579548402382047190e-01
3.004220206330470155e-01
3.939537342262873221e-01
4.261945776173599043e-01
3.909921757270982123e-01
2.945847563537491443e-01
1.484040179377386082e-01
-2.189602910729804286e-02
-1.955398077330536832e-01
-3.455398912809154455e-01
-4.476585098826827425e-01
-4.877965266294775892e-01
-4.582598678750480214e-01
-3.627445008151382044e-01
-2.110152101650393242e-01
-2.758873290821761692e-02
1.668662727369549792e-01
3.435852694166214860e-01
4.760468797346806280e-01
5.458236377744853929e-01
5.413568617760329271e-01
4.617755731164998600e-01
3.135763527810233597e-01
1.194253325111549469e-01
-1.003528308483454534e-01
-3.142906189157238517e-01
-4.924941103005766596e-01
-6.104979139500241736e-01
-6.511764914183790776e-01
-6.073714377513244056e-01
-4.806861487782666531e-01
-2.905957267879425432e-01
-5.591506799242051962e-02
1.898010644536602953e-01
4.136642094584828122e-01
5.851409908154487916e-01
6.811720519235358040e-01
6.875617288760424994e-01
6.000010939303921376e-01
4.332558516795510517e-01
2.029126611990457185e-01
-5.754920582363920456e-02
-3.141269185685430232e-01
-5.319476864806158556e-01
-6.831748030966202645e-01
-7.466908511077270383e-01
-7.120397843908988778e-01
-5.889841287758028621e-01
-3.885598852724180263e-01
-1.402851323211810053e-01
1.239049733992927393e-01
3.675450285005992246e-01
5.604221483926263847e-01
6.758581512362298316e-01
6.980314272083374405e-01
6.323448163258451604e-01
4.847924197753825659e-01
2.773643945498525110e-01
3.684330593986362423e-02
-2.017887972868033231e-01
-4.095168705360912043e-01
-5.580944391361595258e-01
-6.280185675280438584e-01
-6.193635967446190493e-01
-5.332430653621611505e-01
-3.837937979931255184e-01
-1.909346034037306961e-01
1.515938847875797357e-02
2.102379681674049205e-01
3.690483729548812430e-01
4.706362520346702993e-01
5.088818596334143685e-01
4.807758001292652406e-01
3.939182668377110286e-01
2.608200426543223482e-01
1.042263613647422815e-01
-5.803442875854736283e-02
-2.052584548528425534e-01
-3.175331099045982652e-01
-3.850714580849892155e-01
-4.019880878214511233e-01
-3.697498927538211966e-01
-2.940572819926648984e-01
-1.899727637149887238e-01
-6.915201120341207819e-02
5.195223993300257526e-02
1.562452893143779775e-01
2.330347774931271765e-01
2.747182413830584480e-01
2.778138801608094344e-01
2.432036597945468337e-01
1.800651664303112298e-01
9.501702526364774748e-02
8.748087218359845707e-04
-8.793318619579648665e-02
-1.605037468332815020e-01
-2.086055597349300017e-01
-2.254455663315538816e-01
-2.090275777091035181e-01
-1.659593459946635541e-01
-1.004078391210591059e-01
-2.311265563379183430e-02
5.296489124218184408e-02
1.163264965353147939e-01
1.584542158610207085e-01
1.716660643439975598e-01
1.532677028740072611e-01
1.090671618292602396e-01
4.289313625957169585e-02
-3.401169688764105192e-02
-1.082336017055479660e-01
-1.666072569243536305e-01
-2.002126881144311588e-01
-2.015002416978294297e-01
-1.676068645396467938e-01
-1.047517155286162849e-01
-1.829738359808075199e-02
7.684512083712613517e-02
1.648249312799361377e-01
2.304300349805237236e-01
2.628881687269672973e-01
2.536735628873567627e-01
2.000535950733768331e-01
1.099893977957886460e-01
-8.647117031330253667e-03
-1.364020732021578031e-01
-2.535625490069397525e-01
-3.407675938232941348e-01
-3.839965265590187249e-01
-3.727856780121776570e-01
-3.041791175372866585e-01
-1.886884300532423175e-01
-3.643379247522615660e-02
1.289675777542358404e-01
2.833835842552236972e-01
4.025223533048862823e-01
4.683503268814246390e-01
4.674288999579032655e-01
3.951818213683626624e-01
2.630472532526164642e-01
8.265337190968580217e-02
-1.184796250547365259e-01
-3.121602270724699313e-01
-4.689872382980754262e-01
-5.664617810425424116e-01
-5.869337977018941332e-01
-5.228867733586749500e-01
-3.853157267196182234e-01
-1.862808174503903791e-01
4.283661119956794217e-02
2.701136086304427586e-01
4.619243348679831218e-01
5.917835515778047117e-01
6.390180006593442208e-01
5.935387510560254931e-01
4.646568502181542826e-01
2.635860253665651687e-01
2.150722642356739378e-02
-2.285962537339172318e-01
-4.488067387511687212e-01
-6.093974859674717859e-01
-6.856569888275071412e-01
-6.642230816975206453e-01
-5.538396149514287492e-01
-3.638818982675213753e-01
-1.230287402654629547e-01
1.365179320345877301e-01
3.754757888617017425e-01
5.618872010607227629e-01
6.669986543587631544e-01
6.735851686361495894e-01
5.870117154787142244e-01
4.147836482735822727e-01
1.837754169431562445e-01
-7.526426886244397263e-02
-3.217810458025178733e-01
-5.232452229619787287e-01
-6.495746248649312271e-01
-6.804610757635392027e-01
-6.180691217268428073e-01
-4.681253908559265264e-01
-2.550609088435807914e-01
-7.352899586236638640e-03
2.349378972649980302e-01
4.400592485268592924e-01
5.780126074796096969e-01
6.267520889345521429e-01
5.857383748486217900e-01
4.591257865360878210e-01
2.688026442971072072e-01
4.048547046113126768e-02
-1.877872850104664870e-01
-3.862372790935392208e-01
-5.263394984656184494e-01
-5.857462479086747997e-01
-5.619997076318929974e-01
-4.579749106011629101e-01
-2.929837243835947680e-01
-8.972853246531709015e-02
1.170601742130747969e-01
3.005258605301117658e-01
4.346782658077679162e-01
4.981659557719233522e-01
4.875091354055856030e-01
4.045920227330648267e-01
2.660485526638662890e-01
9.144326401066682486e-02
-8.871573894278916850e-02
-2.511400785325974550e-01
-3.730613317929104555e-01
-4.351166289445136393e-01
-4.335603257763854801e-01
-3.695029947818206928e-01
-2.568324064762942394e-01
-1.119939861356983313e-01
3.923055730787639028e-02
1.774686650906216467e-01
2.835096858324248625e-01
3.405568602297861514e-01
3.450963676574734240e-01
2.976430794337028285e-01
2.093592624063471686e-01
9.368951151271365241e-02
-2.842948632209063575e-02
-1.415924559417687245e-01
-2.301928574400369243e-01
-2.802650565350607303e-01
-2.888388489639711620e-01
-2.559740877793090785e-01
-1.902475867825428324e-01
-1.023364847117854692e-01
-8.523544185716214194e-03
7.959707510937708008e-02
1.498983355465852707e-01
1.912769818189117288e-01
2.014761542688201512e-01
1.802509937923906236e-01
1.338881210469939909e-01
7.062799248634132887e-02
2.488144967220939918e-03
-6.242383563411102454e-02
-1.151874927894872558e-01
-1.474431247805783052e-01
-1.577482797668304793e-01
-1.457110878077321203e-01
-1.157336937711411773e-01
-7.403222180723145751e-02
-2.888440888527699091e-02
1.464487172592532360e-02
5.043574806615258588e-02
7.264443504553619313e-02
8.072870332677539729e-02
7.431520693108062403e-02
5.626432118754443046e-02
3.122263967895011483e-02
4.693389652235202547e-03
-2.057505844853935173e-02
-4.077227600364030646e-02
-5.220707764254961525e-02
-5.652245301356173535e-02
-5.512634702831975542e-02
-4.775842003181973716e-02
-3.415833236905818637e-02
-1.406574438503171987e-02
1.277968357526315657e-02
4.663829116683015918e-02
