2.045664966050186884e-02
4.975390059151645339e-01
8.061420795731233380e-01
9.667882758596457737e-01
1.000000000000000000e+00
9.262996572194537315e-01
7.662096527432757931e-01
5.402523917967394507e-01
2.717222194134125690e-01
-3.063800765242585822e-02
-3.367155626825640846e-01
-6.112789924540327213e-01
-8.250030553394730459e-01
-9.551703135133762235e-01
-9.867314203750442436e-01
-9.169816672670252355e-01
-7.513002828745412032e-01
-5.094960327020943147e-01
-2.153265111189518466e-01
9.814020812800650084e-02
3.975327701126072366e-01
6.500633373989253005e-01
8.285568320668053044e-01
9.133468562116164868e-01
8.938657209757985278e-01
7.747119431137530210e-01
5.664708860886669139e-01
2.930427853141652772e-01
-1.749489985734209441e-02
-3.302782591287141134e-01
-6.121394439188116987e-01
-8.319419112211483558e-01
-9.655169365080314980e-01
-1.000000000000000000e+00
-9.302579592825070964e-01
-7.651199538433560710e-01
-5.206588716092335201e-01
-2.257429303772824358e-01
8.960945908294148943e-02
3.905147803815716134e-01
6.443594278353916849e-01
8.241798009528904512e-01
9.102251876785343310e-01
8.941287322323665521e-01
7.762361041657495075e-01
5.715681078231515944e-01
3.000094890008710991e-01
-7.370812797399040051e-03
-3.180776711879055307e-01
-5.980344563665780377e-01
-8.174798655147904602e-01
-9.525959846418268206e-01
-9.881491982977091970e-01
-9.229641814053308746e-01
-7.623857174473684939e-01
-5.253343131817459488e-01
-2.359445880266524131e-01
7.283797068407471542e-02
3.685595988142036372e-01
6.183995041762269107e-01
7.955002346991844053e-01
8.824309517309938400e-01
8.690478053310657369e-01
7.582782178180924593e-01
5.606169789812096571e-01
3.001616562982758474e-01
3.235430284049600758e-03
-2.968984091551507554e-01
-5.679667008746580592e-01
-7.809484291174632054e-01
-9.130459842360496570e-01
-9.508139065762970521e-01
-8.893090209106844224e-01
-7.380187947138499016e-01
-5.114387765395084218e-01
-2.362310812367970358e-01
5.862682229015958590e-02
3.404063399412529112e-01
5.792897361107525178e-01
7.494595893277276044e-01
8.323542456614749785e-01
8.216548970417500986e-01
7.175150680070567777e-01
5.331359210637933721e-01
2.873230645960178631e-01
8.992495119880539178e-03
-2.729331091453941482e-01
-5.270466664033183202e-01
-7.261991111857938330e-01
-8.505092016729678406e-01
-8.863470550447954954e-01
-8.314684231773391554e-01
-6.909571767964552969e-01
-4.829204760751139025e-01
-2.282161316135009610e-01
4.396573944665993494e-02
3.045825901439176420e-01
5.254892290625043927e-01
6.833353234137367060e-01
7.617992772822264058e-01
7.520750457136633482e-01
6.586838440855249388e-01
4.904671154245994202e-01
2.675351114188493362e-01
1.301507971451631995e-02
-2.440868852086096608e-01
-4.767538634091222916e-01
-6.596291178698361346e-01
-7.731273725599905333e-01
-8.075997034937277830e-01
-7.588644763620522316e-01
-6.342696453903908793e-01
-4.464085790590202052e-01
-2.183563242769177570e-01
2.658708016510602512e-02
2.610217449041913884e-01
4.597438295876834502e-01
6.022014439316141221e-01
6.733161102372349216e-01
6.671343427340801213e-01
5.837881959154669342e-01
4.353392080925271301e-01
2.364848847995097980e-01
1.094605909788115561e-02
-2.172228832456500891e-01
-4.230352667987486992e-01
-5.848319633765368675e-01
-6.858296312603375799e-01
-7.150687432314641878e-01
-6.726921102894602988e-01
-5.625812749982006533e-01
-3.987557924701204959e-01
-1.982560492550979880e-01
1.516617978390688570e-02
2.193213647571572444e-01
3.916572741625796716e-01
5.138473594588663929e-01
5.753188186275812743e-01
5.692570559965273169e-01
4.982263744624131352e-01
3.695840324873507221e-01
2.001117059615025173e-01
6.976720838500316546e-03
-1.876096191034951621e-01
-3.627680163367431598e-01
-5.001884572869481627e-01
-5.854370515738953618e-01
-6.110133459241762210e-01
-5.740215843600138257e-01
-4.813663217274903872e-01
-3.421613489581601941e-01
-1.736385372438602470e-01
6.199228984947735555e-03
1.772122295291225225e-01
3.215256952729501627e-01
4.238170885515275543e-01
4.730736995349167362e-01
4.670695492873144783e-01
4.061557968028259857e-01
2.987373757812452624e-01
1.561181195519001363e-01
-4.279848554747056610e-03
-1.657022858264329823e-01
-3.098062379429068480e-01
-4.212665765249478111e-01
-4.901324330115074401e-01
-5.089977921797709248e-01
-4.774492802408422110e-01
-3.989548730924279418e-01
-2.846862690363062276e-01
-1.462573966689327820e-01
5.487684185245811364e-05
1.383723964622873837e-01
2.539725202912599400e-01
3.348122586910922127e-01
3.730544443389203213e-01
3.645521446291191126e-01
3.132812172023367037e-01
2.245679154377637765e-01
1.096638499217164053e-01
-1.887974507006717761e-02
-1.460870460896050993e-01
-2.585682887344650238e-01
-3.441438172568639375e-01
-3.936846668919280479e-01
-4.043366624210372740e-01
-3.749980848074542239e-01
-3.103896804644585838e-01
-2.177671292622836985e-01
-1.092857159856799321e-01
3.784322986486898799e-03
1.086418506018655972e-01
1.938057073840553368e-01
2.513301459368615376e-01
2.752867958367803958e-01
2.644207821286104210e-01
2.201781885097742197e-01
1.495106645660859712e-01
5.974132277353882969e-02
-3.811229787470860053e-02
-1.331153417817190210e-01
-2.149936984746546598e-01
-2.752053273839291103e-01
-3.077578862082317457e-01
-3.092800992880878619e-01
-2.821639106193121194e-01
-2.294086421638236173e-01
-1.578365207239392776e-01
-7.551157261087337869e-02
7.583363798887798879e-03
8.254436807901499584e-02
1.408911170969435744e-01
1.763295246305931485e-01
1.870707599442475999e-01
1.720837356125295425e-01
1.339860387624065563e-01
7.733704988398626412e-02
9.996262347207185428e-03
-6.092602244255151955e-02
-1.271274263812941507e-01
-1.810167161587339368e-01
-2.174957570784867844e-01
-2.328683100085138236e-01
-2.263488993664661830e-01
-1.989389847032110303e-01
-1.553577201605089719e-01
-1.002205297163287767e-01
-4.054921591352045329e-02
1.656023245596038862e-02
6.480265080657821031e-02
9.905551897028197494e-02
1.157278394383618458e-01
1.130446184015503341e-01
9.304533123547686913e-02
5.789268084833776307e-02
1.256649728568759450e-02
-3.727904358616562774e-02
-8.546596613921597640e-02
-1.266514905688095327e-01
-1.558442962450444780e-01
-1.696987164132620629e-01
-1.683153291211624270e-01
-1.518796411755397591e-01
-1.227160553151401823e-01
-8.452609622094475750e-02
-4.288650568476815028e-02
-2.432500144779248252e-03
3.171706046107813926e-02
5.540392831484153291e-02
6.701883795515084508e-02
6.521296644584406721e-02
5.043180103588951191e-02
2.460629883277953844e-02
-8.134755224736833767e-03
-4.429265804246107496e-02
-7.911962495767399517e-02
-1.080231628716997738e-01
-1.277878289642842002e-01
-1.361431701295080510e-01
-1.322852357792979605e-01
-1.166084124702120306e-01
-9.185600470760246772e-02
-6.051129380290143356e-02
-2.687064227998681165e-02
4.626863542668058216e-03
3.012158453245294965e-02
4.658086199370781166e-02
5.176506760520394046e-02
4.479255107420510029e-02
2.733070080059540885e-02
8.880323031938974765e-04
-3.119035296955596781e-02
-6.494464794509247074e-02
-9.602708012070360066e-02
-1.208133801323768575e-01
-1.356675344500867242e-01
-1.384431542329432885e-01
-1.298407522738097564e-01
-1.103695100299117993e-01
-8.196201976557482283e-02
-4.778622262498666284e-02
-1.246022104073574166e-02
2.016929110287857263e-02
4.569004104367091479e-02
6.068679430860246526e-02
6.395907860609306717e-02
5.468997908490291771e-02
3.359397313629131077e-02
2.779845221675847355e-03
-3.358132993010309875e-02
-7.198510090546117457e-02
-1.077386851494268605e-01
-1.362667246252583508e-01
-1.542552096297755693e-01
-1.594539172187169340e-01
-1.509530410499201336e-01
-1.291928124694102786e-01
-9.706019184795666721e-02
-5.731747562924616179e-02
-1.467741424197499533e-02
2.587143917281364836e-02
5.961198916616994303e-02
8.274425134013063676e-02
9.186774493437144251e-02
8.531361484775401571e-02
6.469430661484154577e-02
3.157727122969800071e-02
-1.052359836618854683e-02
-5.706322582425593648e-02
-1.024517793098708163e-01
-1.418560906745135464e-01
-1.701805688570308117e-01
-1.838934974821181401e-01
-1.822486960065826667e-01
-1.648073432478575073e-01
-1.330877944108872502e-01
-9.029654047151669527e-02
-4.191444537079069832e-02
7.449768682290747179e-03
5.208432692638820249e-02
8.670612779991349051e-02
1.077845324920354564e-01
1.127179786245073867e-01
1.006208268264974226e-01
7.232760394434101237e-02
3.138899434914188546e-02
-1.865832937016609350e-02
-7.205761989565062642e-02
-1.228633636875902102e-01
-1.654388520069725033e-01
-1.951775487920864860e-01
-2.081927217868574376e-01
-2.025039854005575846e-01
-1.797959509655706611e-01
-1.418163758404463737e-01
-9.225838772246519603e-02
-3.611240379083058283e-02
2.005079628144024184e-02
7.043445755740407321e-02
1.088690525999189695e-01
1.308846394042617600e-01
1.350039854564393238e-01
1.201907550607899111e-01
8.763806131191032023e-02
4.045463206369492859e-02
-1.555203284702533217e-02
-7.518847523930149990e-02
-1.317618358813994472e-01
-1.788036731135838053e-01
-2.112924261172496321e-01
-2.256092539233279792e-01
-2.199735734391621289e-01
-1.944225464666752279e-01
-1.522963216290517119e-01
-9.716168957438797715e-02
-3.543480244257068978e-02
2.610136395420625810e-02
8.071970130033245816e-02
1.227132715233811844e-01
1.470119766031992015e-01
1.505611236061417113e-01
1.340835791012693345e-01
9.866491238267172115e-02
4.782969544453763433e-02
-1.331565471777129694e-02
-7.753487032406680690e-02
-1.383567406836677671e-01
-1.885982262064439530e-01
-2.227338480249024810e-01
-2.381650254146787660e-01
-2.327077161698846153e-01
-2.065722358680461834e-01
-1.622065840814036486e-01
-1.050960610818048035e-01
-4.044579551114890759e-02
2.445941436622356413e-02
8.245741832772490731e-02
1.273757951601139915e-01
1.543992967170750852e-01
1.603760792820383418e-01
1.441736486600493361e-01
1.084918918398316556e-01
5.632544402203687461e-02
-6.682077985677437049e-03
-7.398287048645835196e-02
-1.380387534372427005e-01
-1.922568548595026128e-01
-2.302338977522643271e-01
-2.475737841570150310e-01
-2.435574008193444051e-01
-2.180009081787552816e-01
-1.733845387854424658e-01
-1.140573381377107953e-01
-4.706923508553439994e-02
2.108737102425628507e-02
8.263938324240815980e-02
1.307963957335758209e-01
1.609661055498898818e-01
1.696765831934849977e-01
1.558127285502206583e-01
1.204023931015163473e-01
6.802806894715551778e-02
3.348448777781065644e-03
-6.623177262246882080e-02
-1.331154388161380764e-01
-1.901159117365808227e-01
-2.312797935967459972e-01
-2.517670033088145187e-01
-2.489264879438476408e-01
-2.243789778488680664e-01
-1.801180730774371019e-01
-1.207700244714490223e-01
-5.240514476142188460e-02
1.699101893722021472e-02
8.035298529055134864e-02
1.303108387520279798e-01
1.613355947827803671e-01
1.712797450249166076e-01
1.585680609678685737e-01
1.243770513858941662e-01
7.206646123582327590e-02
8.095926934609920522e-03
-6.156538851534387735e-02
-1.291375602857294247e-01
-1.871388415537480476e-01
-2.295708804003382397e-01
-2.518985144824231748e-01
-2.517683029711560438e-01
-2.288204581315674835e-01
-1.863480894122951925e-01
-1.280123335993351708e-01
-6.043541176151490113e-02
9.199682343878246016e-03
7.329390780611100276e-02
1.252569844553226286e-01
1.590482203034631059e-01
1.707622321095896289e-01
1.604931952437600451e-01
1.287837101732165479e-01
7.887945049129818642e-02
1.575578980343905755e-02
-5.316447235572696606e-02
-1.209774637195997204e-01
-1.797650240716647252e-01
-2.231359940460503344e-01
-2.474080968038768757e-01
-2.496579954178934635e-01
-2.295207943790811278e-01
-1.888551312492290357e-01
-1.329201827217082466e-01
-6.681965773094422634e-02
2.032935158598148107e-03
6.612821413746750032e-02
1.186486507211927943e-01
1.541061590110570645e-01
1.683389306153595388e-01
1.593569732567550190e-01
1.294753064398994624e-01
8.128608465383768689e-02
2.011297301257175540e-02
-4.760032551208459584e-02
-1.141418657784756263e-01
-1.726980478788864293e-01
-2.165037237801603620e-01
-2.406718868073969286e-01
-2.438205173232240730e-01
-2.252115204469384846e-01
-1.868642790716339430e-01
-1.327435440031936587e-01
-6.966598893676290150e-02
-3.681892208318493509e-03
5.783619086620617189e-02
1.080640955018410398e-01
1.421786193700100842e-01
1.564760737655370715e-01
1.494909283964791502e-01
1.217438608076435447e-01
7.703754479550872780e-02
1.936180530379605358e-02
-4.461343839101628017e-02
-1.079348952526335559e-01
-1.638025179493848293e-01
-2.064595569975696820e-01
-2.309903524708921685e-01
-2.345144726777009803e-01
-2.181126865795537384e-01
-1.830888467962379362e-01
-1.330826950486053706e-01
-7.320496945278875955e-02
-1.045647415364725497e-02
4.878842932493832052e-02
9.759264639558162813e-02
1.306766808872414920e-01
1.457058263634780637e-01
1.407989132657572195e-01
1.164186888060150249e-01
7.505173546117926975e-02
2.207051427728057291e-02
-3.758086931577575562e-02
-9.722044631395476699e-02
-1.502129985681452951e-01
-1.910781476211916852e-01
-2.155839328517520359e-01
-2.210274631759039377e-01
-2.065418394776428190e-01
-1.747632344437541896e-01
-1.285040354146455011e-01
-7.317557380800354672e-02
-1.485937039442875029e-02
3.999658679862738708e-02
8.578336530305530339e-02
1.171925104936637485e-01
1.306954188083375712e-01
1.261776990100942353e-01
1.038162513060214565e-01
6.600609640999599570e-02
1.675877607273323910e-02
-3.781364689492572317e-02
-9.231312950155778907e-02
-1.404513537216321994e-01
-1.769759886403273752e-01
-1.990073569252663876e-01
-2.040891948816585533e-01
-1.916688449267013317e-01
-1.630865592213338600e-01
-1.222778751913214945e-01
-7.296535205003529256e-02
-2.082107304880453924e-02
2.834491130112004598e-02
6.941752766461384283e-02
9.822379616019172310e-02
1.115479207807690276e-01
1.078660088546825602e-01
8.891602035216950028e-02
5.637599557442718456e-02
1.373255213035573519e-02
-3.445626435723736503e-02
-8.265384261173902569e-02
-1.259572372202609758e-01
-1.592551324176563199e-01
-1.789422886575090521e-01
-1.842177446822510500e-01
-1.743445222794149929e-01
-1.502633434567843818e-01
-1.145552887166146894e-01
-7.182413026422085345e-02
-2.612925544721800275e-02
1.733353881411225927e-02
5.368480146411891418e-02
7.956117207057200602e-02
9.233397834423540118e-02
9.063103154104146242e-02
7.458505594064224198e-02
4.675475664447836799e-02
9.591114444026827002e-03
-3.240448977915355577e-02
-7.437418266156081703e-02
-1.119034658254759451e-01
-1.412581381247361989e-01
-1.590521170003190710e-01
-1.633535957169416353e-01
-1.550980636637777632e-01
-1.350368611329758606e-01
-1.051997048582971050e-01
-6.889762316850056578e-02
-3.065982635547370716e-02
5.656610057968469718e-03
3.573636181620520880e-02
5.640527092381852903e-02
6.677665278884203914e-02
6.566703611812441110e-02
5.299482511964126452e-02
3.030785068592911635e-02
8.033228456465479894e-04
-3.285579344839495430e-02
-6.685743239648012093e-02
-9.725738927914873155e-02
-1.210810195451383908e-01
-1.360356230727036708e-01
-1.405218891900611444e-01
-1.340949913450688591e-01
-1.183924270548548652e-01
-9.479307621483668012e-02
-6.592440672062760409e-02
-3.509477805793692617e-02
-5.707702529401670333e-03
1.933593956852819318e-02
3.696795739518088375e-02
4.528954846479349428e-02
4.470667881638479280e-02
3.524410688519830082e-02
1.768770360861493529e-02
-5.931875330582592198e-03
-3.252436768458599747e-02
-5.951854127009825746e-02
-8.365738720845383725e-02
-1.022197812015323004e-01
-1.140475541119713165e-01
-1.179743686822620763e-01
-1.134499447564133456e-01
-1.011390644445485654e-01
-8.306105759234383434e-02
-6.072150785007224272e-02
-3.664399274518492788e-02
-1.374904172799529256e-02
5.695203150448691076e-03
1.987910561455441538e-02
2.697470640077659354e-02
2.619962201536618629e-02
1.865216167275551840e-02
4.963687395832971916e-03
-1.333803072037831328e-02
-3.394862700257783583e-02
-5.451344850083206239e-02
-7.304343561520532102e-02
-8.716128238843723341e-02
-9.538071213570487039e-02
-9.793032050252381548e-02
-9.455662240944073815e-02
-8.539342236930558272e-02
-7.175039955180539941e-02
-5.575119777344184069e-02
-3.880453256844340615e-02
-2.290813578657635574e-02
-9.935029296992747838e-03
-5.294438791232369823e-04
4.441668478154525701e-03
4.135976672679619881e-03
-1.215956587298561153e-03
-1.032386056272471819e-02
-2.247171806139647288e-02
-3.634567854139292287e-02
-5.015356550022198601e-02
-6.251806537393334029e-02
-7.233494628035386231e-02
-7.827271668105417746e-02
-7.977061646633709646e-02
-7.754196902467436203e-02
-7.170328538796566509e-02
-6.269399960860011500e-02
-5.177042881559723586e-02
-4.029536630801255903e-02
-2.924512557009872893e-02
-2.007302603690008791e-02
-1.381525374524250616e-02
-1.039694472174845785e-02
-1.015456930791935886e-02
-1.341549646675799234e-02
-1.961226095987445017e-02
-2.758989616004359213e-02
-3.671734691121142369e-02
-4.594615553063929880e-02
-5.411814140624859881e-02
-6.073646121178022383e-02
-6.519627878044087499e-02
-6.659730601864588539e-02
-6.487541700821408686e-02
-6.089588228101516787e-02
-5.493226556254171555e-02
-4.768688390108344333e-02
-4.029285813108240966e-02
-3.351507704141942767e-02
-2.792044463059473181e-02
-2.423026826279028878e-02
-2.276561056642112391e-02
-2.317100322695597736e-02
-2.545596536943872668e-02
-2.948327405082928898e-02
-3.451033865258723576e-02
-3.962894132126448810e-02
-4.445843744030253397e-02
-4.851343632088866986e-02
-5.136474498634535646e-02
-5.318848380091800720e-02
-5.378030632210950568e-02
-5.284151712198259521e-02
-5.065735378957991752e-02
-4.775106918936589118e-02
-4.434091725938493767e-02
-4.082853898874128085e-02
-3.768221277294148130e-02
-3.509272500010507390e-02
-3.329300484859232245e-02
-3.257184136062540869e-02
-3.290661319205234747e-02
-3.396757022894281164e-02
-3.569147630189761777e-02
-3.793274199083984666e-02
-4.033267225385073207e-02
-4.261165428657054388e-02
-4.458475590972588165e-02
-4.601714360524788994e-02
-4.680500174663304591e-02
-4.708194109169661079e-02
-4.680435630810675374e-02
-4.592769290737419574e-02
-4.463266590999426242e-02
-4.315817722564696535e-02
-4.161083425579559236e-02
-4.012879173250227804e-02
-3.885407808780627636e-02
-3.780344729508444690e-02
-3.707735141639822984e-02
-3.685687142961380225e-02
-3.713899874059789497e-02
-3.777225035545228593e-02
-3.870993756567253641e-02
-3.982491597835347008e-02
-4.094502791493903615e-02
-4.198436423584406274e-02
-4.285023971542378796e-02
-4.341050787636446806e-02
-4.361534286833945728e-02
-4.351561434609174661e-02
-4.312717826407863608e-02
-4.254496654576911396e-02
-4.192145571229477508e-02
-4.139236334976803544e-02
-4.099934022310902648e-02
-4.074888743442706129e-02
-4.065184494119455927e-02
-4.065038360341544088e-02
-4.074778377095356063e-02
-4.093995920143378431e-02
-4.114895256169692761e-02
-4.129814571190759676e-02
-4.137827771772428775e-02
-4.140372652815427212e-02
-4.138523149531248002e-02
-4.136929536800870721e-02
-4.134949459668946226e-02
-4.130523849048495233e-02
-4.125889926330017499e-02
-4.122707266987279962e-02
-4.121082773591633330e-02
-4.120918692918118520e-02
-4.121515761948169043e-02
-4.121246232795083841e-02
-4.120396715222263140e-02
-4.119824957109663455e-02
-4.119240712462801657e-02
-4.118651918711158100e-02
-4.118060329502748473e-02
-4.117326939357834892e-02
-4.116647023182196108e-02
-4.116300483261869925e-02
-4.116228372207020314e-02
-4.116283908305151673e-02
-4.116435823628361579e-02
-4.116584897371522445e-02
-4.116731251537386616e-02
-4.116944782619669230e-02
-4.117209431672386177e-02
-4.117519983865181032e-02
-4.117871376573445374e-02
-4.118240931140770833e-02
-4.118636216519488968e-02
-4.119079003992998089e-02
-4.119557170066934226e-02
-4.120038349161969649e-02
-4.120505870501445234e-02
-4.120949671025553318e-02
-4.121395011593365076e-02
-4.121844341307567827e-02
-4.122300109270859991e-02
-4.122764764585884478e-02
-4.123240756355350811e-02
-4.123730533681957411e-02
