-2.289071302571347166e-01
-2.668924698901690151e-01
-2.654563173250085173e-01
-2.321481381921466358e-01
-1.745173981220766724e-01
-1.001135627452920396e-01
-1.648609769228581712e-02
6.881553140644824929e-02
1.413901625138278551e-01
1.962507705911946676e-01
2.280852319184250021e-01
2.325065817907561172e-01
2.076518755516996162e-01
1.574277976453810624e-01
8.636105365272994661e-02
4.445259684851876614e-03
-7.867621721490092312e-02
-1.527307571882651205e-01
-2.089077284208831209e-01
-2.394664242820894184e-01
-2.398916753165030169e-01
-2.118875480953971158e-01
-1.575631503207520767e-01
-8.315923188515839115e-02
3.138169771517373974e-03
8.997065700540396449e-02
1.673878151577923301e-01
2.248953145900465245e-01
2.549870116250163576e-01
2.553923239742270646e-01
2.248141959603178197e-01
1.664568780894171152e-01
8.633684761813897879e-02
-4.744174199259543201e-03
-9.730546907589932015e-02
-1.797614341256863479e-01
-2.415917683261458171e-01
-2.754783890832712689e-01
-2.767428561557484512e-01
-2.450255211177606585e-01
-1.827531015819234828e-01
-9.829345199385908227e-02
9.299957853325935275e-05
1.000664413469078973e-01
1.896342439428568838e-01
2.579492684631976562e-01
2.966891113248606437e-01
3.006565753840844124e-01
2.680480922616539363e-01
2.036431998452736813e-01
1.130263691712689589e-01
7.620777553758895095e-03
-1.004855651895062429e-01
-1.981013284069254032e-01
-2.740486947668665518e-01
-3.183663351325959345e-01
-3.247848764201267668e-01
-2.940261515624966737e-01
-2.279914575483347194e-01
-1.340377728699482240e-01
-2.199551333068394676e-02
9.387894669308294304e-02
2.009992038701713390e-01
2.858085531334961793e-01
3.378970842174249256e-01
3.525151449742791598e-01
3.265448497233156555e-01
2.624982150619046273e-01
1.664664699406475101e-01
5.071675096123628990e-02
-7.320553846273225584e-02
-1.902725993404627003e-01
-2.866333509026109949e-01
-3.512120954281285901e-01
-3.760678732472318986e-01
-3.583140409524553371e-01
-2.986344140930246027e-01
-2.049510633936344473e-01
-8.590361328373863348e-02
4.408498551196937676e-02
1.704649335397463439e-01
2.784850912197414097e-01
3.559410450845919005e-01
3.931969229549907574e-01
3.848551551422818573e-01
3.338883543941539855e-01
2.444224327832258403e-01
1.265323452217517186e-01
-7.510460799336593496e-03
-1.414287973020577072e-01
-2.607127966909528194e-01
-3.507617650293358702e-01
-4.008074887280235199e-01
-4.068781614160256188e-01
-3.669503771654049062e-01
-2.855291745699474193e-01
-1.706600729543160666e-01
-3.687005102900897668e-02
1.024016650189389921e-01
2.308694506615478481e-01
3.336472176152132096e-01
3.995110167309325888e-01
4.206663452082213261e-01
3.951158650193522526e-01
3.245515635093196849e-01
2.184620834142758650e-01
8.694809762532718089e-02
-5.430560830831876462e-02
-1.896271182192189597e-01
-3.036436744554770195e-01
-3.837809714048843190e-01
-4.205148700267414830e-01
-4.086915877133255881e-01
-3.522340346540598910e-01
-2.562071900232847366e-01
-1.318863960293147342e-01
7.451100993269621497e-03
1.450554275474147392e-01
2.661430390894037323e-01
3.564722139295846137e-01
4.055474882101004486e-01
4.099755190955733930e-01
3.683579210810967730e-01
2.859347240851211058e-01
1.713357105243802359e-01
3.938878645455368144e-02
-9.658631141683360344e-02
-2.210378648593531725e-01
-3.197154077730951505e-01
-3.824894806587899598e-01
-4.022636797530619868e-01
-3.776400497076868312e-01
-3.107302779631878620e-01
-2.108305967625693222e-01
-8.769871183031607842e-02
4.383720178948458113e-02
1.691173522526978612e-01
2.742615605888707453e-01
3.479298728952311404e-01
3.820773502916716691e-01
3.724922518721502929e-01
3.229647439976941481e-01
2.381751060344452497e-01
1.282610034885078854e-01
5.109852693730099205e-03
-1.165917217735435996e-01
-2.238603352044574724e-01
-3.042521608433828018e-01
-3.487342174246144122e-01
-3.549190249578328960e-01
-3.217174848957373712e-01
-2.535622717023174877e-01
-1.578530622118553550e-01
-4.706476015835736604e-02
6.745344026664445991e-02
1.724647949776196842e-01
2.560445335359118335e-01
3.100880807670878259e-01
3.288302464620711518e-01
3.111902955567913409e-01
2.590444270781731007e-01
1.802654582321725485e-01
8.272526254301060256e-02
-2.175469486434411515e-02
-1.212937582055212404e-01
-2.050650386582586471e-01
-2.642583734861191358e-01
-2.925656250206299935e-01
-2.867838928680321864e-01
-2.501896013706780275e-01
-1.864815879771087870e-01
-1.039502616837756355e-01
-1.216155257928996924e-02
7.793195016532306063e-02
1.567294564677343960e-01
2.151329021341428227e-01
2.467326827868656647e-01
2.506294246486717725e-01
2.264600140684371876e-01
1.777528385720792414e-01
1.104098698423223723e-01
3.381926693502323999e-02
-4.394898270726377287e-02
-1.136821584853757727e-01
-1.673975513723070518e-01
-2.008252210165050178e-01
-2.105531051618313443e-01
-1.962949733650920514e-01
-1.601592201503851953e-01
-1.081100405376911322e-01
-4.555893119126730451e-02
1.954446105531926214e-02
7.929266359903808237e-02
1.274291377020320137e-01
1.590338593481961382e-01
1.712669270720801329e-01
1.632352283244955515e-01
1.378480131928714325e-01
9.779735788089838344e-02
4.873265308655394534e-02
-3.047729773423490940e-03
-5.142998180916857898e-02
-9.120545762142251434e-02
-1.176725935783407007e-01
-1.280933532172917610e-01
-1.236623710718492974e-01
-1.050563982191419221e-01
-7.501229890787719512e-02
-3.768060434822939619e-02
1.596073836197087203e-03
3.828698170723465743e-02
6.737123997545579890e-02
8.537150216570066341e-02
9.214852465484923982e-02
8.711804058520034033e-02
7.115861542441948018e-02
4.679710985337282025e-02
1.838337966687908498e-02
-1.084278540523520018e-02
-3.678867730986790097e-02
-5.569757086401649904e-02
-6.609412876015485772e-02
-6.696068935405141698e-02
-5.846624534809397034e-02
-4.200522492575475830e-02
-2.094739430383474321e-02
2.346535053585396824e-03
2.437418073691066667e-02
4.148135591408541600e-02
5.164126099591048735e-02
5.363279172329837863e-02
4.713421308769127904e-02
3.293076384697180004e-02
1.382352413635690169e-02
-8.215203734360021492e-03
-2.976903955796483814e-02
-4.719461434476601713e-02
-5.807848719211072819e-02
-6.085612299463560859e-02
-5.461808438067750071e-02
-3.971028396455555942e-02
-1.859321609625941285e-02
6.929284136315105869e-03
3.327004975875924586e-02
5.648002930268614108e-02
7.341555811782352059e-02
8.181163042578298850e-02
7.961431875037416894e-02
6.635469661889192849e-02
4.423327667633625282e-02
1.491145575429286829e-02
-1.785882856957665688e-02
-4.968949798433042186e-02
-7.647483154186796028e-02
-9.500629512098812679e-02
-1.020700912524499238e-01
-9.617002376395900054e-02
-7.880593185652906563e-02
-5.107090154638671553e-02
-1.565916835548020192e-02
2.332575862581309778e-02
6.063457725947030141e-02
9.229265269774056257e-02
1.138246838599110689e-01
1.221500434183226957e-01
1.173248086276879043e-01
9.915552404098204597e-02
6.879338813157986898e-02
2.931135888423574976e-02
-1.421483982101701127e-02
-5.762837639302786918e-02
-9.545548682779225746e-02
-1.228373909439751666e-01
-1.370252817848306437e-01
-1.360997864445701033e-01
-1.196504624722228849e-01
-8.905404321420518077e-02
-4.834047625648962843e-02
-1.003569026209016890e-03
4.735106446352288501e-02
9.088045335103900335e-02
1.247172356819536976e-01
1.451252915549419154e-01
1.492088310261812101e-01
1.360175339304989794e-01
1.080230712015273209e-01
6.740357711997568835e-02
1.852035994798395535e-02
-3.318680144456376269e-02
-8.168630327144199565e-02
-1.218807164397487375e-01
-1.484217930329685409e-01
-1.580071691714536319e-01
-1.510950456405321107e-01
-1.278746470998876061e-01
-9.030876267958987125e-02
-4.233942372299026591e-02
9.972371655574407967e-03
6.149762503417410819e-02
1.059878332560575398e-01
1.382113963071323059e-01
1.555811044842487778e-01
1.560449992747305892e-01
1.392686269481024919e-01
1.069565780525361109e-01
6.365091928331700899e-02
1.322943674955667781e-02
-3.845206648451615639e-02
-8.526055528455811494e-02
-1.222362427016248088e-01
-1.455586730091495973e-01
-1.522781695105552835e-01
-1.413888368365259218e-01
-1.154315272962408434e-01
-7.663830826364648185e-02
-2.968802264490266740e-02
1.983640928646335233e-02
6.627992218014910897e-02
1.048630952571856234e-01
1.307683776927597297e-01
1.410512097505618456e-01
1.364297719422475907e-01
1.172631149428269293e-01
8.550699784054116570e-02
4.495497438669593393e-02
1.184729579907228825e-03
-4.140055127080688457e-02
-7.766952738444898863e-02
-1.034756495419100197e-01
-1.175235508491970782e-01
-1.183832985192719844e-01
-1.059316426611273121e-01
-8.195503539641135760e-02
-5.035745961545456950e-02
-1.417532030859758319e-02
2.209462357648783737e-02
5.379009336534368302e-02
7.776804769698686393e-02
9.172817309862724144e-02
9.435722378413191613e-02
8.567041524485974335e-02
6.796373490683049745e-02
4.297296420149976370e-02
1.423324441077644664e-02
-1.421761093171480805e-02
-3.908653357012126239e-02
-5.775751318772337495e-02
-6.789745641936717480e-02
-6.853502050320525729e-02
-6.113103962260291180e-02
-4.645953491680554492e-02
-2.678301117882464499e-02
-5.222754278789598636e-03
1.511223738085809565e-02
3.180764704835814527e-02
4.228826667630580793e-02
4.521995870152628605e-02
4.159656512857146105e-02
3.174587906596304521e-02
1.727191231609292998e-02
7.637625435978900867e-04
-1.477521032954576263e-02
-2.726772300633795165e-02
-3.430012204918841956e-02
-3.430559062917981628e-02
-2.790112958790758046e-02
-1.551427671174399059e-02
1.208016474941953078e-03
1.972679870042348682e-02
3.668193337280101218e-02
4.975699986000203801e-02
5.608238629182382695e-02
5.362082815255853063e-02
4.277995126013123262e-02
2.410386177713386147e-02
-7.414043904568901056e-04
-2.894983323806477049e-02
-5.617875711846442854e-02
-7.924078148782887077e-02
-9.412217452534776818e-02
-9.761747280739785371e-02
-8.894828357681205944e-02
-6.802237941209487992e-02
-3.620202999204003014e-02
3.626987196878594943e-03
4.618611517947246448e-02
8.727108064145849831e-02
1.212290442088572728e-01
1.428321578693096949e-01
1.487573469101635126e-01
1.371587604574175945e-01
1.079636572730500177e-01
6.304671789158455830e-02
7.651079463552035165e-03
-5.343855262286556496e-02
-1.128031326078324792e-01
-1.630228188137360368e-01
-1.975171834613848043e-01
-2.114798358006091394e-01
-2.014089073014471154e-01
-1.665134225763408304e-01
-1.107046402510960537e-01
-3.813548816630574212e-02
4.314720201986022019e-02
1.242443490243205773e-01
1.953345653780680369e-01
2.482343664225512558e-01
2.750683072717432509e-01
2.711174151639592633e-01
2.370427102059919910e-01
1.744208487983160971e-01
8.892340913780572009e-02
-1.127505214425617019e-02
-1.140573160243772977e-01
-2.088631268578492461e-01
-2.837316659207629321e-01
-3.291723919596502013e-01
-3.400673337230132320e-01
-3.131336051511979246e-01
-2.497038498140026208e-01
-1.547439553578214833e-01
-3.913628937467639179e-02
8.652035560390847202e-02
2.075566089536839964e-01
3.101211706282038794e-01
3.819735061332045767e-01
4.139983453033058147e-01
4.011413399375929334e-01
3.424265572200426710e-01
2.443240040923875256e-01
1.146624109477869524e-01
-3.215800163148507806e-02
-1.808758870767697147e-01
-3.142891250772540390e-01
-4.176648547293198011e-01
-4.776218370988468687e-01
-4.855422662931125899e-01
-4.411086229207715759e-01
-3.462888120776494993e-01
-2.104046074765983931e-01
-4.613042869948802416e-02
1.274864743157793079e-01
2.926765328423213131e-01
4.294947564719902022e-01
5.219045548532736944e-01
5.598322900156555981e-01
5.366584666662692626e-01
4.536060754957695895e-01
3.170311429963625915e-01
1.427698682178935030e-01
-5.301219364346865248e-02
-2.479438895975331070e-01
-4.206896179212801234e-01
-5.513529954646024800e-01
-6.245050224254800053e-01
-6.305117637931524355e-01
-5.657199188243778876e-01
-4.381710045408950815e-01
-2.583918059767695841e-01
-4.647636322384141039e-02
1.759268250817989099e-01
3.832438721927347025e-01
5.531271178259762333e-01
6.652172731826420105e-01
7.052425528619670203e-01
6.697073188686759604e-01
5.592636651334701448e-01
3.856389786065137493e-01
1.651501870521054904e-01
-7.630032188286961503e-02
-3.144201885508589589e-01
-5.217370178732576580e-01
-6.748030929163524316e-01
-7.570284074793793838e-01
-7.571222475453598388e-01
-6.745031787350871388e-01
-5.150931029158101193e-01
-2.977129339256361362e-01
-4.267024472972491544e-02
2.208033600597296697e-01
4.645579810756033101e-01
6.610115783324088667e-01
7.879412844402029492e-01
8.302762909850407436e-01
7.804482190246326834e-01
6.459734010773903190e-01
4.380238259345072827e-01
1.796716153622404111e-01
-1.031846715949346072e-01
-3.778735828918787787e-01
-6.151945637198259487e-01
-7.875607349396787082e-01
-8.744410508463468235e-01
-8.678257400141008437e-01
-7.652702838134008978e-01
-5.783470557914555110e-01
-3.244707242446753792e-01
-3.361099613793983032e-02
2.650946067716057897e-01
5.377389757598181053e-01
7.539369614517137386e-01
8.898738679616142733e-01
9.290489218060427046e-01
8.674652710496610908e-01
7.086443483251267939e-01
4.721170031768298081e-01
1.801488018791979062e-01
-1.334238968600678366e-01
-4.351097267461380147e-01
-6.911211263520153913e-01
-8.732686528165229944e-01
-9.610149653248635238e-01
-9.424611327019439821e-01
-8.223662162185717550e-01
-6.105423958694975450e-01
-3.312348888514179412e-01
-1.271453309925207886e-02
3.080710110383211298e-01
5.973104212008140124e-01
8.221117113388445308e-01
9.569917532519294223e-01
9.894662631508626127e-01
9.134620886702289333e-01
7.383005538000964041e-01
4.804507242658875299e-01
1.708052285578138818e-01
-1.594921998306242372e-01
-4.729018312810689961e-01
-7.351541333913800269e-01
-9.177807250925765770e-01
-1.000000000000000000e+00
-9.738902259945089179e-01
-8.399538552870925434e-01
-6.157073496517859734e-01
-3.224127021832807749e-01
5.679204766360523848e-03
3.337574209556297689e-01
6.251245365458333314e-01
8.482519310467018236e-01
9.784456413563480393e-01
1.000000000000000000e+00
9.139900225078143592e-01
7.272021722114272446e-01
4.618408560338400637e-01
1.448057403286879818e-01
-1.868975235664497303e-01
-4.983792903328769786e-01
-7.542900668552239285e-01
-9.262802655890849390e-01
-9.980666756100562420e-01
-9.602211363625627882e-01
-8.186081041092639898e-01
-5.866733448501915138e-01
-2.931933244047827403e-01
3.227551604614031788e-02
3.525057552783092962e-01
6.327508624531954506e-01
8.427533064763581550e-01
9.594601499011248258e-01
9.715431829644403106e-01
8.761504916624454076e-01
6.872924811798073463e-01
4.229660477548951025e-01
1.150708209039852381e-01
-2.035171321161292068e-01
-4.970204853707109738e-01
-7.341030791635696495e-01
-8.889627920554467044e-01
-9.440443778484874926e-01
-8.972688605722968225e-01
-7.520623338068794794e-01
-5.268158218851002328e-01
-2.446605564975583569e-01
6.053337136382852535e-02
3.568239779831774428e-01
6.105977626587408835e-01
7.942451935823555687e-01
8.908522366630782230e-01
8.890526092070691888e-01
7.912069336768023931e-01
6.069581456135468844e-01
3.603245522146563129e-01
7.618768269737485888e-02
-2.122975617746232224e-01
-4.738900340782497000e-01
-6.805221092052058385e-01
-8.099603738464911107e-01
-8.501338915030302035e-01
-7.960604091727804255e-01
-6.575911165464272123e-01
-4.480953283752069360e-01
-1.935919601603626194e-01
7.869795244945620993e-02
3.378587389626503956e-01
5.564703271521009853e-01
7.108289725475314125e-01
7.839546323797306204e-01
7.722160787530927273e-01
6.760930054509990406e-01
5.086830654597855883e-01
2.874942762282786113e-01
3.964822853931782021e-02
-2.088210738860057925e-01
-4.294006942791379622e-01
-5.983485234988963342e-01
-7.002357854982517171e-01
-7.237756553820150485e-01
-6.687860217801511187e-01
-5.410486357071955243e-01
-3.584728481922119236e-01
-1.396557871684480645e-01
8.954476129873367718e-02
3.041568522436461919e-01
4.811791303271890641e-01
6.019341428057207732e-01
6.547760680275447331e-01
6.338061907805148110e-01
5.457065775745086889e-01
3.994621797951627418e-01
2.137721819673270574e-01
8.965959179506599597e-03
-1.912292908263198976e-01
-3.656649124264312878e-01
-4.954586436470380661e-01
-5.666635020404899858e-01
-5.754996398055620688e-01
-5.210107920091191502e-01
-4.116246633544387024e-01
-2.595324252907798002e-01
-8.443493161137005654e-02
9.531416840914919142e-02
2.592477210225918594e-01
3.895299131475269405e-01
4.743955801887376200e-01
5.050195918364666081e-01
4.802542593306946550e-01
4.032704106422695389e-01
2.858468281942019296e-01
1.401765448928256053e-01
-1.603591134952564445e-02
-1.654299102280806233e-01
-2.921095385332640459e-01
-3.829568783144001731e-01
-4.293649854794732157e-01
-4.267343212186218704e-01
-3.792450847937463010e-01
-2.920992983023215084e-01
-1.766212976555380232e-01
-4.577163219427249352e-02
8.500894270302650213e-02
2.019109525004088024e-01
2.921113303035813846e-01
3.461718884567950294e-01
3.617057137242216669e-01
3.374386700709353093e-01
2.776755795577774411e-01
1.895797323322094829e-01
8.511609850099932650e-02
-2.470402851138542299e-02
-1.272074427689654508e-01
-2.110580798650063539e-01
-2.688622973807522909e-01
-2.949830114643915424e-01
-2.881119276231057791e-01
-2.496830700416261539e-01
-1.864981581392763932e-01
-1.052108506518831810e-01
-1.589338942440965408e-02
7.113657099419135044e-02
1.467027517659316160e-01
2.031877450200181290e-01
2.349568071471528352e-01
2.389543033390495452e-01
2.176879908689444143e-01
1.737092766164183288e-01
1.131613126742787578e-01
4.346501848301453919e-02
-2.701037794587057839e-02
-9.086507115088149344e-02
-1.408893532294165363e-01
-1.719299264543425743e-01
-1.832767359041963529e-01
-1.741877073759728889e-01
-1.464930045549220905e-01
-1.041229335624503927e-01
-5.355125986295150575e-02
-9.062300075501905638e-05
4.996130573754609117e-02
9.091302769241971227e-02
1.199025036619882911e-01
1.342826488806438956e-01
1.330823814972019736e-01
1.172030703123121409e-01
9.005023415041124579e-02
5.442099575251591048e-02
1.495133565712758461e-02
-2.334474323907376192e-02
-5.663852721854567562e-02
-8.178528121995254363e-02
-9.626527031957710090e-02
-9.896658714403927526e-02
-9.148560903541547162e-02
-7.473519636410475009e-02
-5.096823990471766042e-02
-2.348131664401675867e-02
4.404473457582325224e-03
2.986455981909408308e-02
4.970592623603531379e-02
6.198827831347686335e-02
6.723087505983960099e-02
6.506332721467278368e-02
5.577666012683923924e-02
4.108924596877394642e-02
2.341462181154430056e-02
4.477276777064220781e-03
-1.322683121314593979e-02
-2.754213489082735222e-02
-3.799281668816723023e-02
-4.371965826853563275e-02
-4.394453172329837454e-02
-3.913141315658108521e-02
-3.090206791831817679e-02
-1.999658883527843933e-02
-7.682429521365108371e-03
4.264632253248468174e-03
1.481356035107417313e-02
2.303179922910203459e-02
2.764170945901223142e-02
2.835925997252086717e-02
2.624097242483869330e-02
2.143252347316515483e-02
1.457946551002575752e-02
7.099115017410229100e-03
3.618302572849785292e-05
-6.006824272654642805e-03
-1.037148342056437578e-02
-1.270497533321279793e-02
-1.337316096116414332e-02
-1.229899846502180427e-02
-9.585287100103978553e-03
-6.052275122901629167e-03
-2.693632514573218728e-03
2.378654255856815780e-04
2.540959137359743991e-03
3.964988259749446797e-03
4.839311067585061465e-03
5.029211675355638178e-03
4.352880933318203915e-03
3.155191857669326083e-03
1.822957876409958544e-03
4.649211906151418106e-04
-7.316537019874669312e-04
-1.569259557226532209e-03
-2.065787131500074203e-03
-2.159720715513513412e-03
-1.864500786821654543e-03
-1.362643743125224738e-03
-8.810384705479901157e-04
-4.425385719705188237e-04
-2.952435823611043730e-05
2.886952459388858472e-04
4.613351030071655146e-04
5.868982776227049669e-04
6.733989230580661456e-04
7.288511925869212149e-04
7.612692394824982500e-04
7.786672170173591923e-04
7.890592784651762059e-04
