-2.933051685158738486e-01
8.998267135611803802e-02
3.796115425411812350e-01
5.826227596477546733e-01
7.060576372842763959e-01
7.569574900591846678e-01
7.423636325809184200e-01
6.693173794579199143e-01
5.364776618313107370e-01
3.470286218737521633e-01
1.129538805535501567e-01
-1.357183397331290786e-01
-3.711969425984318338e-01
-5.730816744457845058e-01
-7.188977937563314491e-01
-7.897746358335960837e-01
-7.758021916655618577e-01
-6.823940425682831767e-01
-5.160340953985977919e-01
-2.920569297866368874e-01
-3.252941533909048388e-02
2.322307749709469071e-01
4.759052684002329503e-01
6.693180401867366847e-01
7.907138565897067206e-01
8.315669496451836284e-01
7.844034896094613796e-01
6.511405873031266278e-01
4.440663547969305736e-01
1.883779803894027882e-01
-9.286652817766338774e-02
-3.677071361911350422e-01
-6.049577174698401727e-01
-7.787390178781083971e-01
-8.696544125792613489e-01
-8.663589097277156759e-01
-7.665771769448895823e-01
-5.843357537026800941e-01
-3.348763178557555564e-01
-4.677317405933634209e-02
2.486055831884714795e-01
5.176200828147812238e-01
7.316082807030068746e-01
8.637966287746454697e-01
8.974831869562616138e-01
8.348912875864564764e-01
6.798223408394505896e-01
4.483160377934398699e-01
1.641257055693507994e-01
-1.380034028228609433e-01
-4.269148243030145284e-01
-6.676598145780421323e-01
-8.327544643728769236e-01
-9.088821250891900849e-01
-8.861361674005249212e-01
-7.668860631312121034e-01
-5.632117917655244943e-01
-3.024896940962698011e-01
-9.663091563082204516e-03
2.813291358182237190e-01
5.371388032909356625e-01
7.307914675620701406e-01
8.418558383016758739e-01
8.587482644772186369e-01
7.786538023939966191e-01
6.155578002541468585e-01
3.842303804431059788e-01
1.133597176845420051e-01
-1.661663233901403691e-01
-4.236084339055615766e-01
-6.325282403945677867e-01
-7.691561468585844663e-01
-8.184770058862096409e-01
-7.829889323946217505e-01
-6.656782463294068641e-01
-4.796109123487332093e-01
-2.451238980647795218e-01
8.719044262351705044e-03
2.563199923991619222e-01
4.691310935558410389e-01
6.248553927393443175e-01
7.140739477848783157e-01
7.272920357008638703e-01
6.632577668752128730e-01
5.298261447388046275e-01
3.456937707836578166e-01
1.276421721520506480e-01
-1.000296333757199063e-01
-3.121894864872284403e-01
-4.881680446117314665e-01
-6.111835164388532693e-01
-6.683892590754518803e-01
-6.540194017915355040e-01
-5.760079309782716317e-01
-4.413230297708969907e-01
-2.636016556144684664e-01
-6.159795130593703760e-02
1.427373717420370447e-01
3.298529919987538417e-01
4.785969003767778229e-01
5.739049602330608124e-01
6.123617494073261280e-01
5.897163488023162703e-01
5.069980153440782900e-01
3.730172258606490043e-01
2.044089394946799754e-01
1.578313854437296548e-02
-1.727866184314116316e-01
-3.414893153302503981e-01
-4.757568046084564850e-01
-5.629084731365097127e-01
-5.920506778875860299e-01
-5.597785135105416421e-01
-4.745418249540279687e-01
-3.431816097673348054e-01
-1.786512313252434092e-01
1.572816262598975001e-03
1.787249644198301013e-01
3.363436543570350601e-01
4.564320409223328046e-01
5.266776049496226797e-01
5.452401362781338356e-01
5.094616318418478951e-01
4.211178388750687063e-01
2.894931882533120504e-01
1.308055122630580325e-01
-4.164031831483416823e-02
-2.098545738514629999e-01
-3.564307447808491291e-01
-4.697056569411675042e-01
-5.385754007840568569e-01
-5.533260980275241936e-01
-5.119099230202907025e-01
-4.225101643341374613e-01
-2.916995625185629937e-01
-1.308950873278962312e-01
4.393561690107294915e-02
2.147741770430793284e-01
3.658494009295003568e-01
4.791932449866471710e-01
5.426362695438338157e-01
5.543366931692914612e-01
5.114902953827984433e-01
4.151789610913874107e-01
2.741789160799588121e-01
1.044084316336753027e-01
-8.011008394717145098e-02
-2.596402548767415830e-01
-4.151445829941046162e-01
-5.323384876720396175e-01
-5.988826384793375368e-01
-6.036622713011002839e-01
-5.438870943088096599e-01
-4.292078806463099916e-01
-2.678769813224040064e-01
-7.485640857094222334e-02
1.300888232840096137e-01
3.247221592282185654e-01
4.898513774489734462e-01
6.044728947225403992e-01
6.546044144586709024e-01
6.380404004161421838e-01
5.532168772897958497e-01
4.055084579765642072e-01
2.087122298286685496e-01
-1.382722515210721426e-02
-2.421966744247131542e-01
-4.503415594041745296e-01
-6.144299627461420332e-01
-7.179786758124586665e-01
-7.479291712832993877e-01
-6.977073925144789968e-01
-5.698523460296072152e-01
-3.792998706336815351e-01
-1.412505318135200971e-01
1.174570384695845515e-01
3.684064732401419739e-01
5.832225883916528630e-01
7.383951490336460033e-01
8.124452283226799576e-01
7.938290272428696337e-01
6.888997403706222933e-01
5.047699736598594278e-01
2.591725531140169902e-01
-2.315972870001270500e-02
-3.080582539942373632e-01
-5.652014767771882386e-01
-7.612385662323692959e-01
-8.720637003529423392e-01
-8.887943942450787782e-01
-8.055286370326322221e-01
-6.292126123811359051e-01
-3.767880656332537326e-01
-8.054551625982919738e-02
2.306668433816834174e-01
5.196783547374146384e-01
7.516138635314297822e-01
8.998620466009203955e-01
9.461517792395508497e-01
8.843898527080562566e-01
7.180491075264423539e-01
4.695644601866455492e-01
1.619350481920116547e-01
-1.673585109184342334e-01
-4.803616661318316217e-01
-7.403029296434724404e-01
-9.176244023425617069e-01
-9.894180722032858144e-01
-9.442515114335714443e-01
-7.933639635920546329e-01
-5.498940735029440585e-01
-2.436069895044128408e-01
9.106161874517471055e-02
4.127843860359512451e-01
6.859059730156358281e-01
8.762311020183628507e-01
9.602346648228641257e-01
9.347605025492637942e-01
8.000366500662405844e-01
5.725105126372911357e-01
2.772911215714002342e-01
-4.593128953545333459e-02
-3.630782777960364083e-01
-6.359627608821554201e-01
-8.318743430276971385e-01
-9.327621845374867160e-01
-9.263228114741304253e-01
-8.150473939381797095e-01
-6.107186046363228815e-01
-3.423884488850212904e-01
-3.733195423891233489e-02
2.667721291095528358e-01
5.339272935765118078e-01
7.352355862816779553e-01
8.487988834721225118e-01
8.641569779807254381e-01
7.795055838782971591e-01
6.104847143407643451e-01
3.734283344881628164e-01
9.876360252605653756e-02
-1.814722682596818792e-01
-4.356074590482571507e-01
-6.367006419895633318e-01
-7.616967670838137305e-01
-7.967544727127341408e-01
-7.471926655386237348e-01
-6.180305179010883165e-01
-4.243898321811258034e-01
-1.878828708092544764e-01
6.226015706592136212e-02
2.998382602715357059e-01
4.967643079588395238e-01
6.320119653118625447e-01
6.983941819458439060e-01
6.889347329814474730e-01
6.053461959930550584e-01
4.576674823461337471e-01
2.664780795087338117e-01
4.953507697300474355e-02
-1.695463304605373533e-01
-3.663179189159841975e-01
-5.219647843610579763e-01
-6.217045636866407321e-01
-6.546152483582170500e-01
-6.168350114109943938e-01
-5.180102548628451320e-01
-3.667698127880771874e-01
-1.790562389339558358e-01
2.481754666505553431e-02
2.232167532089206485e-01
3.970484612150932957e-01
5.261256875034436842e-01
5.965506305061154535e-01
6.060122590523102648e-01
5.520534326607908771e-01
4.380388677047506452e-01
2.754269338981090165e-01
8.394837608344829505e-02
-1.194101170608884432e-01
-3.118516021647396164e-01
-4.722117453831230494e-01
-5.856841346157067862e-01
-6.391800868740598052e-01
-6.233804870481366445e-01
-5.379843795256336048e-01
-3.946683768121499458e-01
-2.046702697695438333e-01
1.170662866671423608e-02
2.309643331927961896e-01
4.276847615868770713e-01
5.805216240689421436e-01
6.681847289979967464e-01
6.781054454177066759e-01
6.130381714521189185e-01
4.763540504944399068e-01
2.807129379365800315e-01
4.610404585265115429e-02
-1.977642312490645038e-01
-4.251389364670653537e-01
-6.062107983324221960e-01
-7.176527868178421699e-01
-7.485462985721937912e-01
-6.920254871802808960e-01
-5.525500156016938114e-01
-3.434039716791721375e-01
-9.266690572629243672e-02
1.745998933637820105e-01
4.246117562107265542e-01
6.255866301760595327e-01
7.529009394987691284e-01
7.897619404137357080e-01
7.304176323214850441e-01
5.781638044727195336e-01
3.544745678922014420e-01
8.082777208909730504e-02
-2.072007743377151101e-01
-4.742129966193571189e-01
-6.866326427405256005e-01
-8.183042727549447726e-01
-8.508288675802877510e-01
-7.765243222690656477e-01
-6.082540284680514331e-01
-3.608608821295367086e-01
-6.758988116557362869e-02
2.360892496371940208e-01
5.110042262100582544e-01
7.243608808814603339e-01
8.467327638585484539e-01
8.601735349336665504e-01
7.690740496362244993e-01
5.803039020168967443e-01
3.171604986825040662e-01
9.795327398186337575e-03
-2.991711800119256637e-01
-5.738775598826308944e-01
-7.775357621796291641e-01
-8.831188018638777004e-01
-8.832247279251012051e-01
-7.742252252856509642e-01
-5.695658232915716823e-01
-2.918504444109292217e-01
1.965563145521875832e-02
3.308439741036268700e-01
6.014642366113958083e-01
7.959978038233446185e-01
8.920632810791750966e-01
8.763302725139172633e-01
7.523417666744323107e-01
5.321660671733945414e-01
2.479504989281500205e-01
-7.010866497476953008e-02
-3.801404606040046374e-01
-6.429541982483711893e-01
-8.268152197537341763e-01
-9.086923518188783078e-01
-8.795023412374993743e-01
-7.401122277785173731e-01
-5.125810244773018054e-01
-2.196366023935284462e-01
9.944012988122841179e-02
4.055244143728184980e-01
6.606704225809227893e-01
8.343879246833529884e-01
9.049255148149442096e-01
8.614991721202356345e-01
7.154793490006503554e-01
4.801465898757057982e-01
1.862985940970207643e-01
-1.316153411201353984e-01
-4.328786597982230422e-01
-6.826644775218679850e-01
-8.484394795487162355e-01
-9.087155796158165044e-01
-8.637172508277253247e-01
-7.159534977080940221e-01
-4.838174437023265995e-01
-1.933469668043371614e-01
1.162730789211938731e-01
4.108295036729430194e-01
6.530323435174449909e-01
8.128325527030271225e-01
8.761657688106234687e-01
8.341730370303597208e-01
6.932129562030815428e-01
4.683864500065222369e-01
1.915660371458383082e-01
-1.085619088000195909e-01
-3.950150175934971086e-01
-6.328663840389345818e-01
-7.959741882476061292e-01
-8.656795160198196282e-01
-8.353866141883918850e-01
-7.071280700515525375e-01
-5.009887231296491494e-01
-2.370459090324420481e-01
5.135674535196077528e-02
3.301921707451294097e-01
5.676727441942741592e-01
7.378061360587424566e-01
8.203956152906812793e-01
8.048169022102027448e-01
7.000623217812040888e-01
5.157366102533067487e-01
2.742480823999913220e-01
2.985839132944034802e-03
-2.651325518518944380e-01
-5.015497334181533429e-01
-6.779297576065388409e-01
-7.741946177264628082e-01
-7.866197056454237169e-01
-7.125473657509843184e-01
-5.602686175245137346e-01
-3.465458691890970222e-01
-9.942609549386871581e-02
1.567899163021979625e-01
3.926630826359025495e-01
5.813712132461978932e-01
7.056796944066372479e-01
7.520884755551724421e-01
7.156998591187280212e-01
5.998434272522104038e-01
4.206503447136877849e-01
1.939347810722082954e-01
-5.433730148360149670e-02
-2.966542511557153095e-01
-5.072566734219572382e-01
-6.645352483738136140e-01
-7.493862194533709165e-01
-7.512288146342814832e-01
-6.759423757116092002e-01
-5.291973881517885170e-01
-3.246726282276828357e-01
-8.293620135866652809e-02
1.679675978067998177e-01
4.027602340526632574e-01
5.929218654142724976e-01
7.171176227934645819e-01
7.664112057603429395e-01
7.331724848384952864e-01
6.184422776414730816e-01
4.328660073219132709e-01
1.995041835187960633e-01
-6.081893081288525238e-02
-3.188875033030087458e-01
-5.452555933985698822e-01
-7.150008454814011927e-01
-8.092134988134461748e-01
-8.147200912879742907e-01
-7.276032160731650267e-01
-5.607976728847656744e-01
-3.279938306200635978e-01
-5.557057959920874701e-02
2.265527325564065109e-01
4.855767702115587614e-01
6.935530317010838441e-01
8.236231134490834549e-01
8.586464792666352874e-01
7.990418208844487502e-01
6.474872269531974922e-01
4.192308580261476791e-01
1.378045647548216124e-01
-1.610848776373740021e-01
-4.465583205916145992e-01
-6.834065201190988592e-01
-8.429648329486696401e-01
-9.102040251362046863e-01
-8.745130402009413384e-01
-7.382770760243604347e-01
-5.141641177401015117e-01
-2.314829078468829682e-01
8.224113355728079888e-02
3.884756832026230455e-01
6.506104990597565418e-01
8.382830360158848304e-01
9.290630241472457307e-01
9.120304779679173635e-01
7.862044271925843208e-01
5.696381135542962770e-01
2.819436989026613549e-01
-4.084413709696954609e-02
-3.614527845877468781e-01
-6.416376064195035145e-01
-8.496015667082784661e-01
-9.585529515078485829e-01
-9.532906582108658933e-01
-8.414563497548679383e-01
-6.323057314470357237e-01
-3.499155781460500103e-01
-2.497428693616166040e-02
3.012637907027762019e-01
5.925842177462525839e-01
8.119009916162338580e-01
9.325413651263301240e-01
9.468266239820497532e-01
8.504116949409281645e-01
6.548521482387885673e-01
3.811724776591194352e-01
6.635007475783760711e-02
-2.571229699825534620e-01
-5.503721924663902421e-01
-7.777116932959537987e-01
-9.147752960536972289e-01
-9.455071403992747481e-01
-8.680960098573926587e-01
-6.894881221741393507e-01
-4.354369509496017754e-01
-1.311358502394027736e-01
1.858671251330501484e-01
4.783736001187952613e-01
7.132984092764660389e-01
8.645303433874698129e-01
9.145828695222411042e-01
8.560339559540011134e-01
7.016902257733872439e-01
4.657031898098860090e-01
1.779323648080912701e-01
-1.285409458245707626e-01
-4.176180648588281308e-01
-6.581032496820173883e-01
-8.210684531184486712e-01
-8.872187412785029759e-01
-8.562551482067775055e-01
-7.297354159035454035e-01
-5.222410834231059340e-01
-2.563992173330744695e-01
3.356533083623847169e-02
3.176983471452738961e-01
5.621965838102829238e-01
7.392156001761136519e-01
8.342710323505238001e-01
8.356520343388971206e-01
7.428911942759077736e-01
5.653267288532821677e-01
3.267551078244324003e-01
4.963046144540461668e-02
-2.336013685228985892e-01
-4.906237276981348927e-01
-6.935837628216442452e-01
-8.204973876218417672e-01
-8.562770347191693832e-01
-7.950434629915108520e-01
-6.486015508527342988e-01
-4.294550332361869449e-01
-1.617855682400437534e-01
1.256868641944846043e-01
3.995767807459493781e-01
6.308510369762290182e-01
7.907200214529384041e-01
8.597159686427204850e-01
8.353618627103649441e-01
7.171025950970468799e-01
5.162617084377798538e-01
2.529408653643330229e-01
-4.026506285632602822e-02
-3.340135524716524307e-01
-5.929469512371265960e-01
-7.864954285090289821e-01
-8.948109970696423998e-01
-9.036873177495670095e-01
-8.105342778015236505e-01
-6.227241547130826227e-01
-3.646931322751010285e-01
-6.033996148882991850e-02
2.540206507619302556e-01
5.420266436882417160e-01
7.701362683270558396e-01
9.120267447911747372e-01
9.486162456816868982e-01
8.718902691155288043e-01
6.949974373137681738e-01
4.330080972531529238e-01
1.175120109756047082e-01
-2.160802283847899075e-01
-5.270748462767678166e-01
-7.806809718095426565e-01
-9.441327261259093717e-01
-9.958731483055395239e-01
-9.352487571127494626e-01
-7.651399194986705510e-01
-5.049540638549334659e-01
-1.826236469352399139e-01
1.593702614703720322e-01
4.843804635436492756e-01
7.520494739877725543e-01
9.294667619866301411e-01
1.000000000000000000e+00
9.528628188457382020e-01
7.937779773043929232e-01
5.387679951523669519e-01
2.227580040522876281e-01
-1.218234472903076959e-01
-4.520172570169876947e-01
-7.278726420787409168e-01
-9.180478516376815445e-01
-1.000000000000000000e+00
-9.656564156773776997e-01
-8.169378660299232431e-01
-5.767712542085801086e-01
-2.688521570419076800e-01
6.715516974313118226e-02
3.915057407210140727e-01
6.659996983574907325e-01
8.595961107683738334e-01
9.497531560222340907e-01
9.247734470002013651e-01
7.951414171492150462e-01
5.730385104769457616e-01
2.869500578328370022e-01
-3.028844784784157085e-02
-3.393956085623369701e-01
-6.062718246802976108e-01
-7.984892673815442432e-01
-8.936455890016943293e-01
-8.894801098576359255e-01
-7.855307196527656632e-01
-5.955347040071037323e-01
-3.411436901113560349e-01
-5.634550827063877776e-02
2.289256831879062926e-01
4.809722514176277830e-01
6.709134312469386963e-01
7.829675905633006749e-01
8.055428324381104233e-01
7.387965227842332450e-01
5.908612496225416066e-01
3.840592221751566449e-01
1.387752939579729450e-01
-1.164371671337042224e-01
-3.525069333262261795e-01
-5.457030167200299653e-01
-6.770102666092341348e-01
-7.330100416182661061e-01
-7.079158710146543632e-01
-6.114911574344986667e-01
-4.528816702624440804e-01
-2.504337706273704889e-01
-2.667919725050915680e-02
1.944181426400029000e-01
3.914929958766644180e-01
5.427977051103149986e-01
6.329318554518319484e-01
6.590884712781497345e-01
6.181376042726336451e-01
5.131955221538075929e-01
3.553317961615609644e-01
1.634983773778841964e-01
-4.566236821791680445e-02
-2.501343909674579313e-01
-4.290541530974865125e-01
-5.675903630658453158e-01
-6.515563556070333995e-01
-6.686215958725887365e-01
-6.156375298218497161e-01
-5.021122873181551594e-01
-3.364371499857272685e-01
-1.329189097657289542e-01
8.858615645333300925e-02
3.037906599630129101e-01
4.913781810512583004e-01
6.276725929714894736e-01
6.963847979943424971e-01
6.933566560130459688e-01
6.154388390206575465e-01
4.672041481701338927e-01
2.621954690255057230e-01
2.505210289454118389e-02
-2.223328590484716649e-01
-4.507507313199509147e-01
-6.329724267199314802e-01
-7.483951196019973384e-01
-7.823122416164316473e-01
-7.282065295728410437e-01
-5.885962394277688414e-01
-3.813188111760824617e-01
-1.244302057746747847e-01
1.511517021612482914e-01
4.134478342600453882e-01
6.309362392718520507e-01
7.783987921534252230e-01
8.348592811003592296e-01
7.900243099115680234e-01
6.538220553708506966e-01
4.375280215302466136e-01
1.673409808913493002e-01
-1.259902313918400685e-01
-4.051741678980363970e-01
-6.384934644175803697e-01
-7.951067961435963616e-01
-8.544747180314971047e-01
-8.153783888509256172e-01
-6.794041109125191769e-01
-4.632692879913545836e-01
-1.915962367375485531e-01
9.747105561530311491e-02
3.722714313389998697e-01
5.982987816671425652e-01
7.467546800978341892e-01
8.042497824409051699e-01
7.628660304975070083e-01
6.295080994903909932e-01
4.192157502007647363e-01
1.632345292631898204e-01
-1.106185021444561212e-01
-3.667394979931404286e-01
-5.724957438097812989e-01
-7.051870085783045194e-01
-7.494289799499295190e-01
-7.030862510132773746e-01
-5.715699026104382741e-01
-3.775402671579775049e-01
-1.421637037806472437e-01
1.021643612634965947e-01
3.240723771000082465e-01
4.977242877518985864e-01
6.034164514497899479e-01
6.312353047441305876e-01
5.787848596625508879e-01
4.596732121154785133e-01
2.869853201855281366e-01
8.667382163472714396e-02
-1.146106067765033654e-01
-2.921137554126329583e-01
-4.256021403149726767e-01
-5.002813457877498537e-01
-5.084866614875801494e-01
-4.571283923807989424e-01
-3.522215103917607504e-01
-2.109597715536715157e-01
-5.314192273127127386e-02
1.001375225348073439e-01
2.310292438743675181e-01
3.230998010542474042e-01
3.662998089002695856e-01
3.636022977817221502e-01
3.160724151186617981e-01
2.324402445554900609e-01
1.256230615494300373e-01
1.202053361818178345e-02
-9.509318274655675918e-02
-1.815653755195080210e-01
-2.371028224221173319e-01
-2.614729219913319858e-01
-2.531612026084174571e-01
-2.156126857989745238e-01
-1.562613691971824759e-01
-8.638818390415647919e-02
-1.402239065571009302e-02
5.107958655298627804e-02
9.998912797355541393e-02
1.304931655652681322e-01
1.404996182632505253e-01
1.310396217146931885e-01
1.058957082997642463e-01
7.176686427110889888e-02
3.242316980739246013e-02
-6.488227349311759262e-03
-3.855705329536185388e-02
-6.153931715156957249e-02
-7.368968860975544377e-02
-7.500286515836418477e-02
-6.739203491129441836e-02
-5.329937297281617248e-02
-3.595670434181641451e-02
-1.705477077680195297e-02
1.715685963719959517e-03
1.866392412124140421e-02
3.209920193725568360e-02
4.033077765325443487e-02
