1.078978859790853395e-01
-4.896290410639942969e-01
-8.473587769556332194e-01
-1.000000000000000000e+00
-9.822613885012639878e-01
-8.288516207635950872e-01
-5.744793750911618702e-01
-2.538533297881355733e-01
7.963299769301412923e-02
4.102936154319982709e-01
6.983411740191038941e-01
8.956192879100057791e-01
9.698600645151151944e-01
9.162683895991854399e-01
7.364298584355530863e-01
4.596558101413750208e-01
1.198537757768696199e-01
-2.290539662936349474e-01
-5.419488625981287999e-01
-7.730744560133621102e-01
-8.863612742220049467e-01
-8.694192098434613269e-01
-7.208711030302893397e-01
-4.660431666149755792e-01
-1.355398896530952690e-01
2.182257768738800063e-01
5.507435612389657287e-01
8.144330910667310075e-01
9.701944504839010719e-01
1.000000000000000000e+00
8.968992301625531294e-01
6.794932057581355433e-01
3.731746639696820189e-01
2.664564229818044971e-02
-3.175121684618463780e-01
-6.100830115649541474e-01
-8.092993690462615408e-01
-8.908808964485460669e-01
-8.417149018207888966e-01
-6.726944337866980206e-01
-4.028271090474739857e-01
-7.587086903973672136e-02
2.687302944487013345e-01
5.811937456556162118e-01
8.179736134691135696e-01
9.491295653990672321e-01
9.557831343740683661e-01
8.411174209423935011e-01
6.174781911224223041e-01
3.229364103534906327e-01
-7.171127329089754809e-03
-3.239027224321077147e-01
-5.833280950467747417e-01
-7.514241817668083634e-01
-8.048881878848056504e-01
-7.402809401024883496e-01
-5.639285893459224930e-01
-3.081594124588841188e-01
-3.714364867888675370e-03
3.027068107464294666e-01
5.683264138245931463e-01
7.572252336210181234e-01
8.436296562761684825e-01
8.193826323412256585e-01
6.862053804432262094e-01
4.713344771734970795e-01
2.010334941319091850e-01
-8.129257946591572637e-02
-3.353548908150021379e-01
-5.256757785425999474e-01
-6.262293002945451548e-01
-6.266337357447504530e-01
-5.260135902399802887e-01
-3.478337368163723076e-01
-1.146281832479041363e-01
1.340266900800757277e-01
3.612276082156480328e-01
5.340191765367081622e-01
6.282156318754670288e-01
6.338054352694546534e-01
5.495306522988632203e-01
3.968368857650901305e-01
1.957458088752206393e-01
-1.795487733877132452e-02
-2.110828977848724364e-01
-3.547554476333049100e-01
-4.282065968195091221e-01
-4.239580118495719363e-01
-3.422908932448945896e-01
-2.042523917387596422e-01
-2.861991210343384218e-02
1.522422586489291518e-01
3.087832478840830674e-01
4.170407501735642342e-01
4.605722108407006576e-01
4.358212780057602043e-01
3.458666021287799541e-01
2.124312918109916293e-01
5.398585434540659200e-02
-1.001246929469948865e-01
-2.236383108945131371e-01
-2.976006342272152771e-01
-3.099843080808862839e-01
-2.613576922483832332e-01
-1.578588704724195324e-01
-2.211539594965539202e-02
1.273483158228954082e-01
2.638296475260955010e-01
3.638277087768828633e-01
4.126989750231653264e-01
4.020663011479808091e-01
3.355903546571110674e-01
2.216778425990451051e-01
8.315900930758868270e-02
-6.166801720852210789e-02
-1.884160250777731083e-01
-2.756921233612023014e-01
-3.116954260804786214e-01
-2.902588029307900941e-01
-2.162486265720424683e-01
-9.882052889769521453e-02
4.020111412585802846e-02
1.833928040402690307e-01
3.082583700935344062e-01
3.946964697463235527e-01
4.316985667063117926e-01
4.134104819987065582e-01
3.435580021657387295e-01
2.302273103486101036e-01
9.309877121589837934e-02
-5.183983129178215687e-02
-1.831293291311184568e-01
-2.808577282429186583e-01
-3.324748684619331929e-01
-3.303695224642908546e-01
-2.748742878482562935e-01
-1.713763144730888754e-01
-3.682127109725674696e-02
1.143463220349920650e-01
2.603109137956300945e-01
3.799715145425806018e-01
4.569937072416072610e-01
4.801835779463821119e-01
4.449771051548434553e-01
3.530888648023193799e-01
2.189869597598648188e-01
5.604898950691494797e-02
-1.118962810271180164e-01
-2.611574348023526504e-01
-3.699747018906822671e-01
-4.224114915368526457e-01
-4.086500237336652130e-01
-3.266590369286487272e-01
-1.894719949400966996e-01
-1.031747783033776233e-02
1.835251846736529746e-01
3.647483080757440987e-01
5.055950995528766256e-01
5.851748823849745040e-01
5.892158964879086192e-01
5.127036547516945486e-01
3.686640533563250166e-01
1.711920609591532916e-01
-4.823815849872581385e-02
-2.583967798346926692e-01
-4.262075202678685670e-01
-5.265950158828229810e-01
-5.424625781215399734e-01
-4.670864033528414616e-01
-3.147390746133422734e-01
-1.010844916351281153e-01
1.384620673507830357e-01
3.693151887930030686e-01
5.548109563372494168e-01
6.672169471505522420e-01
6.885615965999511978e-01
6.117824065747676787e-01
4.530537737767461604e-01
2.297371796224836338e-01
-2.003154339384438654e-02
-2.596159659737276026e-01
-4.510421979966591222e-01
-5.657754921485225186e-01
-5.866773384739106811e-01
-5.074359983644325389e-01
-3.460494425536747576e-01
-1.211364443801207225e-01
1.282242416457766154e-01
3.649799909981279455e-01
5.520184191516359640e-01
6.616618872042605570e-01
6.786335072019802350e-01
5.979267530059808600e-01
4.386490680968329059e-01
2.198569729161841124e-01
-2.020704143775819972e-02
-2.455532327689593508e-01
-4.214033983952446549e-01
-5.219772679334904186e-01
-5.340235362508120032e-01
-4.537832032332966836e-01
-3.003966308422578724e-01
-9.243418063309127852e-02
1.339910788052436352e-01
3.448727878359734156e-01
5.081803388497097007e-01
6.001947651891470503e-01
6.089560258322492814e-01
5.313052154910864466e-01
3.852681979705268045e-01
1.881403151455256495e-01
-2.659099213338678158e-02
-2.270450778918325918e-01
-3.832460290298550509e-01
-4.727884943742614032e-01
-4.835035143974657501e-01
-4.117006988740952167e-01
-2.732684000140309655e-01
-8.368539336876401613e-02
1.258630665120437087e-01
3.250250925820699077e-01
4.843380164377855124e-01
5.812920089945101676e-01
6.014477554640571544e-01
5.391511144365663810e-01
4.075273807681032423e-01
2.200739633145347707e-01
7.372092300587995695e-03
-2.002989503972663066e-01
-3.725124033620974551e-01
-4.853633451936292253e-01
-5.220295680642557112e-01
-4.746132495495738457e-01
-3.526656404639962883e-01
-1.673790466851202696e-01
5.215236035823411775e-02
2.758376772088710904e-01
4.701799491730787040e-01
6.087277839009401781e-01
6.699894316708865372e-01
6.424976505874271382e-01
5.346039432508133959e-01
3.554875082939605857e-01
1.314963095300369922e-01
-1.079561082899623825e-01
-3.267622421243110420e-01
-4.952729627309969684e-01
-5.866539629422438118e-01
-5.852537172122460607e-01
-4.965196555898316877e-01
-3.277834270563262375e-01
-1.042697766963306405e-01
1.448689612690179374e-01
3.805842199862581321e-01
5.715742892189388247e-01
6.889790024328354967e-01
7.133185483515089853e-01
6.464572876142462565e-01
4.943915581747411192e-01
2.816491416163755535e-01
3.625430853827515953e-02
-2.021694092617181138e-01
-4.022083979405350895e-01
-5.349533182522067110e-01
-5.791327022471028929e-01
-5.340589762629794901e-01
-4.044778545883630505e-01
-2.137629148129551737e-01
1.207150737180984201e-02
2.355205526414358985e-01
4.271051851556237899e-01
5.601314203100180578e-01
6.139379604223016429e-01
5.866570761462790440e-01
4.820273374713757164e-01
3.216330747055675676e-01
1.286719630888357724e-01
-6.390821397284940364e-02
-2.304053604723292903e-01
-3.481558523820019735e-01
-3.992663248933639997e-01
-3.821094037928388643e-01
-2.997709129945975715e-01
-1.714795235634419823e-01
-1.718170652312456248e-02
1.362290712215734612e-01
2.679179660208792502e-01
3.601184847843712511e-01
3.990431429638607863e-01
3.843761124972795429e-01
3.189011008335960184e-01
2.191604047476563011e-01
1.018977271084515746e-01
-1.224786224567120385e-02
-1.074109333304229530e-01
-1.705178794367372408e-01
-1.921379878293482113e-01
-1.737597644123595186e-01
-1.181216356318662841e-01
-3.906844177556789699e-02
4.937917936758684512e-02
1.318387545443444608e-01
1.966013230414072055e-01
2.341760510508859028e-01
2.387111077210175569e-01
2.133496605991427320e-01
1.608918144923983107e-01
9.280029544187939905e-02
2.110860761256194706e-02
-4.232380227914667170e-02
-8.857440412583661438e-02
-1.101940211863314811e-01
-1.034925813896093727e-01
-7.260428310548716624e-02
-2.033491336310533359e-02
4.373103444806236695e-02
1.088121870923119960e-01
1.647157218564145875e-01
2.038811013624566293e-01
2.194653104803723220e-01
2.084299711484254303e-01
1.750658147468318049e-01
1.220487120237150336e-01
5.764674626704602289e-02
-8.040321572760689151e-03
-6.501820569072536138e-02
-1.059705057270392548e-01
-1.236466809164210590e-01
-1.144812939989505729e-01
-8.220986984853073665e-02
-2.925894500176784430e-02
3.685828132966428861e-02
1.063440815672667128e-01
1.685368420613766460e-01
2.157205837577178542e-01
2.398167628998038037e-01
2.361451176504532068e-01
2.075075691331358385e-01
1.560801784750180943e-01
8.919940067366582959e-02
1.664465720424312956e-02
-4.991341324656228817e-02
-1.021400882326252146e-01
-1.312256337292545538e-01
-1.314070047143346409e-01
-1.046366117160126841e-01
-5.305308316945023250e-02
1.547183241246674612e-02
9.080752622161103460e-02
1.602309277103692864e-01
2.147576089317102532e-01
2.451847286355268718e-01
2.451285335944191068e-01
2.161615802394547536e-01
1.607792852949114781e-01
8.822865208008057181e-02
9.521574307970404050e-03
-6.157719336865785653e-02
-1.153893344530115828e-01
-1.426460198566080750e-01
-1.369784057900552687e-01
-1.002892604586734793e-01
-3.588125510066009216e-02
4.485725388853056828e-02
1.294215236676845571e-01
2.029126653746482489e-01
2.547687579229755972e-01
2.756943823083946032e-01
2.598191398809375219e-01
2.100872869540288956e-01
1.309383392911276367e-01
3.634854094911976752e-02
-5.916059039676646591e-02
-1.393213173245410053e-01
-1.923272929862488434e-01
-2.084954692026983469e-01
-1.825217322866949932e-01
-1.187743894371808828e-01
-2.286062550773826363e-02
8.873586335644434442e-02
1.992581081433779655e-01
2.907542493045818244e-01
3.497858608618185094e-01
3.656787456635051115e-01
3.333055218435934108e-01
2.583506572282838754e-01
1.472849745537418986e-01
1.847903367192427204e-02
-1.092849064991529007e-01
-2.161436717620118797e-01
-2.867894721098612765e-01
-3.089438348742932217e-01
-2.769428224324564924e-01
-1.971907258382541439e-01
-7.646188758062821833e-02
6.597687568379395628e-02
2.099567255990779646e-01
3.337662920500392705e-01
4.203116959093866623e-01
4.553858847493048589e-01
4.320450268659539184e-01
3.565041235852162149e-01
2.351627429407312508e-01
8.700110853172504655e-02
-6.741395185349119412e-02
-2.050002202339148427e-01
-3.073829885486234481e-01
-3.585729209615484692e-01
-3.498687087629079873e-01
-2.863905800171744342e-01
-1.735356952995070756e-01
-2.879727193110115380e-02
1.280252270851847118e-01
2.733539287288861974e-01
3.883786766712213900e-01
4.558638587003511766e-01
4.652433355686100835e-01
4.198429158248697668e-01
3.235799020783787228e-01
1.913751081569414758e-01
4.111368070738419256e-02
-1.042113841536099761e-01
-2.263517623461797079e-01
-3.075609437792933276e-01
-3.356099002213515092e-01
-3.116156391157622885e-01
-2.377266825835536723e-01
-1.254298174821921741e-01
1.024721219544311168e-02
1.479083192068351149e-01
2.707941453967048773e-01
3.614858949504813346e-01
4.064846300811455482e-01
4.041879110241874962e-01
3.547178921169240606e-01
2.659078175668085908e-01
1.494559474214052219e-01
2.433486046684296689e-02
-9.484984726606160432e-02
-1.916748621583885814e-01
-2.517469818272422000e-01
-2.701162590736506663e-01
-2.446241132216911973e-01
-1.797603481179080864e-01
-8.385364041824139303e-02
2.702680197498641412e-02
1.405194794445796536e-01
2.409593433872529999e-01
3.133311213192278011e-01
3.497139494886576383e-01
3.456712544929878561e-01
3.023627769302710266e-01
2.249631467143269337e-01
1.269042150842623062e-01
1.878532278279188006e-02
-8.379569277381748726e-02
-1.654269103705575672e-01
-2.159512183349312497e-01
-2.287816010332880401e-01
-2.021254122997643288e-01
-1.387246083986736211e-01
-5.020570923121214779e-02
5.407216077233245599e-02
1.582404718098833207e-01
2.463844695999504175e-01
3.065141206864299139e-01
3.304066785655710436e-01
3.143047940206435964e-01
2.593969782932841195e-01
1.764806288859690486e-01
7.437703321402167056e-02
-3.046669658311218498e-02
-1.215833615001986612e-01
-1.857584314293304617e-01
-2.138135486740627700e-01
-2.012007722955050371e-01
-1.485655471350220136e-01
-6.687979050289027949e-02
3.486480866629126929e-02
1.394530984531634488e-01
2.299074549480935037e-01
2.925274234988821664e-01
3.179388423862850033e-01
3.019837472601976103e-01
2.457552734675834127e-01
1.612731320018763181e-01
5.830743643493829786e-02
-4.510755911964214881e-02
-1.316009393712394004e-01
-1.877194276029044984e-01
-2.046034237562804892e-01
-1.794790207453280662e-01
-1.147079543233375798e-01
-2.398594524343666823e-02
8.169948558063566679e-02
1.835451682185846867e-01
2.639198644294875606e-01
3.101887467636126328e-01
3.145237994545080351e-01
2.761682594713448236e-01
1.992674184682301508e-01
9.948950277084223082e-02
-1.073964676942484875e-02
-1.119582745522378353e-01
-1.863681748644315794e-01
-2.224269766805639925e-01
-2.135417285784686481e-01
-1.611129120524239511e-01
-7.117036627276396299e-02
3.873331301805160720e-02
1.547748781287112685e-01
2.569841254535987218e-01
3.274307888627128182e-01
3.555979432478320046e-01
3.359790486192162362e-01
2.717536892525684866e-01
1.704992054441709648e-01
5.118221360589858548e-02
-7.128121041413615355e-02
-1.765839720476678476e-01
-2.466479744894012338e-01
-2.716097308994686044e-01
-2.465960388078147769e-01
-1.757637087755138383e-01
-6.753440784186404144e-02
5.848540065315366299e-02
1.868198338239643874e-01
2.970399815007171984e-01
3.709054682087900012e-01
3.986554152065064915e-01
3.754243506019352417e-01
3.053077935169101753e-01
1.966581920056438282e-01
6.879439528451070096e-02
-6.292881758093704647e-02
-1.782339060975609568e-01
-2.587680368696364530e-01
-2.943414251126439396e-01
-2.794944992167132103e-01
-2.172576050680742332e-01
-1.150188628191587403e-01
9.078636405500883910e-03
1.404908113055978180e-01
2.593999314576824755e-01
3.474863024582188764e-01
3.937901679310771286e-01
3.918629538384950095e-01
3.429639638842534310e-01
2.528641205978763296e-01
1.378728112138052353e-01
1.116155013380404348e-02
-1.082436586226331876e-01
-2.023096120706323608e-01
-2.592723917545388668e-01
-2.716241788830354720e-01
-2.386025855143956154e-01
-1.640945946289635859e-01
-6.227192848470131104e-02
5.539801410690681216e-02
1.709882948451471041e-01
2.670752803264040409e-01
3.313825609691860574e-01
3.556131594228268966e-01
3.372170709904440677e-01
2.783535884549603878e-01
1.911296008785101641e-01
8.526793218364825400e-02
-2.260201555802932027e-02
-1.159615109734960514e-01
-1.825062627193737574e-01
-2.136407380762972430e-01
-2.056135285547449065e-01
-1.593379415720296288e-01
-8.523932113847487724e-02
8.473097615124824955e-03
1.065020931545688221e-01
1.933970218533296315e-01
2.572894299062462586e-01
2.897855619386129344e-01
2.866065522470915283e-01
2.480219199767650373e-01
1.833282657291348539e-01
9.964108777046520871e-02
1.110783675361215472e-02
-6.782699983747297878e-02
-1.259613467041249546e-01
-1.553993389182786178e-01
-1.518344831158396913e-01
-1.153971801993268764e-01
-5.480936225851407162e-02
2.339974421735124821e-02
1.058035237218721836e-01
1.786222169150188943e-01
2.311510154612723689e-01
2.559246796027014881e-01
2.487426721202485869e-01
2.098269635945040346e-01
1.477382618613352072e-01
6.888862510105187020e-02
-1.342081496876257329e-02
-8.550106206512397833e-02
-1.365430395268623087e-01
-1.590336589034372361e-01
-1.485472534978800052e-01
-1.052476206489783017e-01
-3.770226604855531072e-02
4.749007142695305106e-02
1.365232314986080109e-01
2.151245054879207252e-01
2.714912026473788043e-01
2.972846912957036736e-01
2.871458178699133335e-01
2.406872872351248915e-01
1.663699766715327488e-01
7.106410137852225972e-02
-3.033845814241364902e-02
-1.223472121937687618e-01
-1.912394685706549913e-01
-2.270107886309942202e-01
-2.225662028953632188e-01
-1.763357331880788248e-01
-9.635558647544273381e-02
1.034347706649652032e-02
1.273728287867019748e-01
2.375775499261991719e-01
3.246058446835475841e-01
3.761231861622476025e-01
3.826144327809204437e-01
3.407594942163052476e-01
2.579190600830014723e-01
1.410600848026526410e-01
7.934553791721477012e-03
-1.226132477151599121e-01
-2.312481168352187311e-01
-3.029483079655498345e-01
-3.251915207689064502e-01
-2.924277677109140550e-01
-2.113953028551495139e-01
-8.873511701443403954e-02
5.742183974277592640e-02
2.071138969291925758e-01
3.380788346736802730e-01
4.327227984962329632e-01
4.754721962118944045e-01
4.581782707123729370e-01
3.863913651044807995e-01
2.658838617186114472e-01
1.140996252439476777e-01
-4.880703644347439418e-02
-1.983719494513715986e-01
-3.152049014790155868e-01
-3.812023591448179261e-01
-3.852432789760257270e-01
-3.307227808704777949e-01
-2.220227168552826313e-01
-7.467963393747678591e-02
9.231302108506911352e-02
2.535353613361155389e-01
3.887883496571522546e-01
4.780178498474672022e-01
5.071467095107078382e-01
4.766827615709416932e-01
3.889593559110409160e-01
2.562863215882797974e-01
9.516964117438253545e-02
-6.947583941037405175e-02
-2.179162962919425350e-01
-3.294600057693166661e-01
-3.874654147376861424e-01
-3.877327472020662968e-01
-3.294166839640740863e-01
-2.212019421136571795e-01
-7.612277643371290203e-02
8.332180544152678614e-02
2.391789644027861872e-01
3.707765263977347292e-01
4.592410422760020428e-01
4.951553289860881613e-01
4.738150128377254244e-01
3.988592301723949962e-01
2.784949268211633910e-01
1.312671336362125629e-01
-2.720400974605330369e-02
-1.759264220550641467e-01
-2.946320416436466472e-01
-3.693048524813282718e-01
-3.905406870078919068e-01
-3.553719675308804060e-01
-2.664513094938181226e-01
-1.375389613794748556e-01
1.894554395502945354e-02
1.821902827531749480e-01
3.308219217895880249e-01
4.460164065919780541e-01
5.133859048696280958e-01
5.221527205358553747e-01
4.686039872133909157e-01
3.620665393507846996e-01
2.117135350465555454e-01
3.789184084865571123e-02
-1.370539877116137006e-01
-2.895758410211654033e-01
-4.005608024926891053e-01
-4.524298485280430215e-01
-4.356935096866645374e-01
-3.560342739923003652e-01
-2.196201097790050349e-01
-4.321542729485450263e-02
1.516068227373559285e-01
3.357680333450130394e-01
4.863456664704413068e-01
5.803744111343047685e-01
6.025500001411394635e-01
5.538047858648040833e-01
4.366798867846717336e-01
2.658197195902458621e-01
6.179303606786890057e-02
-1.440349495080791575e-01
-3.265422976534095856e-01
-4.589880145071897344e-01
-5.201932986858395225e-01
-5.038049057146044563e-01
-4.094951952729662947e-01
-2.515760299930858146e-01
-4.902861971767646931e-02
1.656865681653982847e-01
3.660807054851960007e-01
5.229785276674210337e-01
6.120452742260313883e-01
6.233608561078403110e-01
5.540094558167050209e-01
4.165977970985481615e-01
2.283030525482931949e-01
2.085487824048937178e-02
-1.796557380525836134e-01
-3.437389760524846016e-01
-4.464638840755665861e-01
-4.769152487345007518e-01
-4.307884237905195146e-01
-3.189041167837842750e-01
-1.563584091671413878e-01
2.772439384427838327e-02
2.097047852704319038e-01
3.627433768517844825e-01
4.638220720554611098e-01
5.032133636187443582e-01
4.767513869061688059e-01
3.936335712967680145e-01
2.665913533381385481e-01
1.203568300037061167e-01
-2.570251196905315449e-02
-1.499300798632826615e-01
-2.333873552716760891e-01
-2.693264492913636232e-01
-2.550242743368057452e-01
-1.981819931416175518e-01
-1.090629530930393720e-01
-6.758201275562814025e-03
9.474217595285461258e-02
1.802501870302903875e-01
2.360332680032213304e-01
2.644928174855485370e-01
2.700625000537744125e-01
2.505279915560738591e-01
2.036749678406235553e-01
1.272891047556001798e-01
1.915607814918041107e-02
-1.229384361304594053e-01
