-1.674647066168222231e-02
-4.833714330244587298e-02
-6.856068835940132278e-02
-7.854028184643702115e-02
-7.939909977744208369e-02
-7.226031816630473781e-02
-5.824711302691409909e-02
-3.848266037315906107e-02
-9.415373742583832417e-03
2.663860145689311842e-02
6.587245020063003942e-02
9.460373654406861732e-02
1.033835950864825382e-01
9.235205891779596499e-02
6.237550223661925131e-02
1.969061284004514079e-02
-2.871123499674288482e-02
-7.456267381739389855e-02
-1.107264148125031156e-01
-1.259779123778325127e-01
-1.115143970098856352e-01
-6.528475057379068414e-02
7.657633602380808924e-03
8.368869366967346402e-02
1.433230425271381225e-01
1.744726751189145109e-01
1.737058045004520324e-01
1.436444965044287869e-01
8.632612204756218155e-02
1.448609807931733329e-02
-6.004389095910589447e-02
-1.189169394682356717e-01
-1.458090740620503478e-01
-1.319350696887559016e-01
-7.811011970096881640e-02
-2.319781041927981846e-03
7.726596522797835043e-02
1.383330561936715331e-01
1.722293409296784539e-01
1.744666457512897839e-01
1.379697076723331861e-01
6.986243238734002325e-02
-1.774489995011063748e-02
-9.659946538572239394e-02
-1.454666082228829316e-01
-1.542528901632461702e-01
-1.205505206582571098e-01
-5.767898178092834005e-02
2.072943594159504244e-02
9.359608362341886867e-02
1.474830378316045465e-01
1.695799582803942940e-01
1.488764451211261886e-01
8.688354462987391003e-02
-5.823343604269171081e-03
-9.508978744596996435e-02
-1.549681103869251508e-01
-1.701042754015643643e-01
-1.377374327034812662e-01
-6.998990338824317980e-02
2.256489817316631452e-02
1.150684452474612929e-01
1.886395783204826149e-01
2.242456272993429423e-01
2.073006755015784908e-01
1.350572298706509411e-01
1.577294417750740863e-02
-1.139810681158186512e-01
-2.229538992737837289e-01
-2.825456495414008229e-01
-2.819525651222453133e-01
-2.235447618679944348e-01
-1.090687512466129716e-01
3.674247738909741656e-02
1.886102462049437101e-01
3.061620354663248111e-01
3.604618064835261038e-01
3.409512307658055796e-01
2.458243068854981672e-01
9.960798160266182144e-02
-6.885912321797893476e-02
-2.176727337422833530e-01
-3.221269123371039989e-01
-3.623732804396446738e-01
-3.216326807171380198e-01
-2.055722266137970378e-01
-3.142950554782375505e-02
1.508565524680338665e-01
3.016967582097485057e-01
3.899625615403712331e-01
3.999711206136631336e-01
3.344345872518539320e-01
2.009807745567162574e-01
3.338208041143375659e-02
-1.410336406391748953e-01
-2.820072504459755214e-01
-3.569214478534421531e-01
-3.515692839769726241e-01
-2.642977783069506703e-01
-1.232631817088868376e-01
4.193586150815531433e-02
1.894773161536427164e-01
2.963649733608326731e-01
3.482725324428332936e-01
3.305241290052027825e-01
2.476914964624032933e-01
1.134320453331587597e-01
-3.131466821175665771e-02
-1.537306002182871056e-01
-2.289674707128649400e-01
-2.450183340954482647e-01
-2.047595712425308578e-01
-1.153479042274284661e-01
-6.501468978812652288e-03
1.017271733481643903e-01
1.837104892944103618e-01
2.179473334954653563e-01
1.965764970568695258e-01
1.207007519522815819e-01
2.159778636357456705e-02
-7.282537896620355777e-02
-1.365636321507909257e-01
-1.583990502461364303e-01
-1.388109439734936945e-01
-7.658664062582865029e-02
1.098710932265034579e-02
1.035737658515323290e-01
1.687228259235016292e-01
1.840313888880003024e-01
1.383971707155191577e-01
3.324029514992754564e-02
-9.840862858315158057e-02
-2.245573887768042010e-01
-3.046272253178686773e-01
-3.189407304953782996e-01
-2.596593782119335225e-01
-1.228833361924782652e-01
6.288656321655206050e-02
2.655840365105899270e-01
4.249898286436619710e-01
4.975530779210670662e-01
4.657294778832701265e-01
3.260762117819802075e-01
1.077403030987704735e-01
-1.525552482347126704e-01
-3.871486774289163435e-01
-5.493496000238959898e-01
-5.989857158827671668e-01
-5.096006258827113777e-01
-2.952592452524415156e-01
1.300432459373390692e-02
3.310075875531306444e-01
5.903139346322410219e-01
7.286851659337143516e-01
7.156794119804803511e-01
5.632446833280009280e-01
2.872707173794972757e-01
-4.723421716085973721e-02
-3.785621709311465244e-01
-6.285599781797375218e-01
-7.420386784972783367e-01
-6.932274400775391143e-01
-4.815887989596060459e-01
-1.723455353943676993e-01
1.727045291273605621e-01
4.685480698556894197e-01
6.608255639856712715e-01
7.156023676198706163e-01
6.128469868887735927e-01
3.865687410033809002e-01
7.747633409636267565e-02
-2.278116526396132269e-01
-4.640322019742882942e-01
-5.878601312957471015e-01
-5.739402894497920293e-01
-4.358513241318039411e-01
-2.016773288867201863e-01
5.795765269600283709e-02
2.953660078322746241e-01
4.603382004052976040e-01
5.145091893326587673e-01
4.518125627932894073e-01
2.836902380329635598e-01
7.173748435430704617e-02
-1.344079728845646304e-01
-2.846478191494620225e-01
-3.537642829980975900e-01
-3.416195704531297395e-01
-2.478168929451187719e-01
-1.035225275335855954e-01
6.050446290788213943e-02
1.982283723991762336e-01
2.772996057010768123e-01
2.796962052130589349e-01
2.014484122823751999e-01
7.506038070380038896e-02
-6.834865577715820706e-02
-1.858485694014798684e-01
-2.558373808624841983e-01
-2.649243756434871422e-01
-2.021240783346917036e-01
-8.415056008755084083e-02
6.825437740262141340e-02
2.066406304622412371e-01
2.956271665099678980e-01
3.179543497577779210e-01
2.655993298373104938e-01
1.500542876199058018e-01
-9.125022094337298384e-03
-1.675782038423342390e-01
-2.962921378480490864e-01
-3.644499612758476115e-01
-3.471820229374058542e-01
-2.411781186957525636e-01
-5.877627448810784916e-02
1.464841783694088573e-01
3.297988558667579451e-01
4.462808208687820688e-01
4.734442286946041190e-01
4.100962828599183929e-01
2.564111178469772323e-01
4.587828158356210828e-02
-1.845810700507636293e-01
-3.728754640762541595e-01
-4.738145153174138091e-01
-4.673332307235655847e-01
-3.481172773030403178e-01
-1.472784159978203222e-01
9.689770071578851507e-02
3.180064010288121690e-01
4.748094379446359259e-01
5.369979462110261448e-01
4.815248068552500094e-01
3.200503368993150577e-01
7.782595137848535849e-02
-1.762271602210967458e-01
-3.859368723873425333e-01
-5.017049574817271651e-01
-4.998964544080123362e-01
-3.903247740382366215e-01
-1.867570907360980303e-01
5.670445253085709680e-02
2.932669252365982526e-01
4.646503404501773904e-01
5.302845745159232571e-01
4.765472963805545970e-01
3.061091993157980529e-01
7.437234527142422280e-02
-1.679856871986270539e-01
-3.615288114543537823e-01
-4.704380191465216132e-01
-4.775730095215298121e-01
-3.737253078561523223e-01
-1.879863376971560029e-01
4.531736585561985109e-02
2.594027632794126959e-01
4.057492242707614327e-01
4.562157668337127880e-01
3.983219953605505737e-01
2.538049329510880803e-01
5.271748314867630292e-02
-1.458984785000896345e-01
-3.067632709171527194e-01
-3.995855540372349468e-01
-3.992985814582061810e-01
-3.066630356018227310e-01
-1.355072392407115078e-01
6.183768066012440556e-02
2.422391300417656712e-01
3.634374258548800363e-01
4.043186766640269880e-01
3.628153777982812134e-01
2.399323334376575190e-01
6.841204092150454663e-02
-1.219900707420936703e-01
-2.809886655351135909e-01
-3.715751164063051393e-01
-3.797654008492110655e-01
-2.999204986636768711e-01
-1.523750761525527464e-01
3.565096428162006781e-02
2.155779611760311187e-01
3.572774994255425440e-01
4.330767771396115684e-01
4.194971307376793579e-01
3.171312426341912349e-01
1.400343379144826095e-01
-5.886135561445871023e-02
-2.360421521443104576e-01
-3.510627688066215724e-01
-3.825605601771114861e-01
-3.298232738885696902e-01
-1.952869126172832592e-01
-1.292401841333279400e-02
1.844051323838598044e-01
3.439452078620190978e-01
4.258638864759272114e-01
4.124573273132086104e-01
3.004360597099604568e-01
1.230941364834989837e-01
-8.279446526718448052e-02
-2.603219872304540772e-01
-3.757801712810964201e-01
-4.078461796930865635e-01
-3.402524299535423236e-01
-1.884221766798668263e-01
2.181395704183453077e-02
2.279597414756668883e-01
3.809923728125157449e-01
4.443650039296231924e-01
4.027775253647971621e-01
2.717630193320954568e-01
7.156462743018976447e-02
-1.424463194590703807e-01
-3.283072972021279234e-01
-4.408330050197005745e-01
-4.490196242866603127e-01
-3.523804334900652036e-01
-1.634110084838366062e-01
5.839344013671099454e-02
2.617885776873036807e-01
3.962487389860283038e-01
4.353434901455330852e-01
3.790838643503788852e-01
2.309980977335510666e-01
3.080229641364717885e-02
-1.811739008283420604e-01
-3.480703148650197143e-01
-4.302000873372465728e-01
-4.056926284101262103e-01
-2.720326880579306827e-01
-7.519259195086192005e-02
1.412851671107688833e-01
3.185447806575716356e-01
4.227148541914726998e-01
4.339181542880792275e-01
3.399720061150546258e-01
1.677627944859452214e-01
-5.113698468146177234e-02
-2.511003945724097353e-01
-3.843953738662875264e-01
-4.254839355796560252e-01
-3.617992115963807320e-01
-2.102082620311528371e-01
1.432474961712948414e-03
2.130834465470914374e-01
3.857958925654483284e-01
4.812039468302442558e-01
4.703411018637098095e-01
3.538458474942822729e-01
1.484628371899696653e-01
-8.272896325186362976e-02
-2.884600802534091901e-01
-4.181664191792631158e-01
-4.465703989900525750e-01
-3.741882518551897796e-01
-2.036349565448229981e-01
2.479167520687863835e-02
2.698513976561442984e-01
4.639101348540757286e-01
5.589115037452405677e-01
5.357594228912250234e-01
3.902147924233210219e-01
1.563747432905671086e-01
-1.245718356351589451e-01
-3.788545534968206230e-01
-5.594964397915398457e-01
-6.294185040565345446e-01
-5.608038073644545651e-01
-3.642183210739607935e-01
-6.632537500599078317e-02
2.540685272546627793e-01
5.306657327476043129e-01
6.963776955240112976e-01
7.146044503779218626e-01
5.849142059477347999e-01
3.155072530488418625e-01
-3.056847084725389241e-02
-3.927737660305589129e-01
-6.788731679007793396e-01
-8.225283439800873397e-01
-7.974514668994122646e-01
-5.966936389760061354e-01
-2.680759575806791473e-01
1.312546378464309882e-01
5.019703068867080731e-01
7.751948560047450254e-01
8.945882826745314986e-01
8.229528786880861979e-01
5.785005776442451175e-01
1.981850900374642066e-01
-2.148988277282274373e-01
-5.766676698345392094e-01
-8.072896533420693688e-01
-8.623168774856561081e-01
-7.457543638222768889e-01
-4.700521316740940980e-01
-1.061773101286351828e-01
2.799355485754595474e-01
5.968972336623639130e-01
7.789411957445313561e-01
7.942718934774986028e-01
6.352463668585777157e-01
3.608384833720452711e-01
2.894994151926644221e-02
-2.745229116161727045e-01
-4.945402256709146016e-01
-5.952744780985201878e-01
-5.522872183618885433e-01
-3.886369116332473173e-01
-1.359946644228069434e-01
1.278877245965210907e-01
3.432510073517942573e-01
4.644457785006010919e-01
4.674420235146528046e-01
3.654297133895985095e-01
1.809537236727400966e-01
-2.119577289630780736e-02
-1.985155715466876414e-01
-3.073960313513552922e-01
-3.165527109225765301e-01
-2.297964633685476432e-01
-6.233732105096079223e-02
1.221453094952542617e-01
2.721847441132951850e-01
3.421603132491632948e-01
3.120729787025060542e-01
1.960705795100681215e-01
9.332059426800265456e-03
-1.949007736716121819e-01
-3.688872438858000757e-01
-4.565495446427531023e-01
-4.237962433058267697e-01
-2.689600978643746920e-01
-8.962085912786355024e-03
2.805336053480491643e-01
5.338386889757087417e-01
6.781048614907956296e-01
6.750054532779372618e-01
5.224184614702997997e-01
2.294270522792649647e-01
-1.353177609283412464e-01
-5.056850404224420004e-01
-7.841008116712447906e-01
-9.022136965872986636e-01
-8.308681117214979928e-01
-5.667663175879940063e-01
-1.762609371911897371e-01
2.698916890701510418e-01
6.616299529730391704e-01
9.236549499704482802e-01
1.000000000000000000e+00
8.581962569971954835e-01
5.329203911041175967e-01
7.553707600480441542e-02
-3.934635578111498333e-01
-7.786937357224101852e-01
-9.964380256451775830e-01
-1.000000000000000000e+00
-8.013239234450262316e-01
-4.278025010065281686e-01
2.425819060325729026e-02
4.752910694348848608e-01
8.247631625574567416e-01
9.988600382855674642e-01
9.660221205725587623e-01
7.241204789754287496e-01
3.516114730571158198e-01
-7.840302822855316212e-02
-4.625015772298024519e-01
-7.317392007391989583e-01
-8.413643951044313951e-01
-7.627195095590694196e-01
-5.260903786969539642e-01
-1.719776128906843615e-01
2.023238018444895037e-01
5.202992318806651806e-01
7.167648456475677055e-01
7.518760055078439475e-01
6.301274442360249584e-01
3.735795247014328524e-01
6.250516734537647778e-02
-2.464530962576699791e-01
-4.833615214583356634e-01
-5.936696117777569004e-01
-5.581822844211101753e-01
-3.778540160954574345e-01
-1.176251935998212650e-01
1.639094738889701475e-01
3.928660277181861282e-01
5.227767713197402077e-01
5.302682200039059435e-01
4.032522051047682243e-01
1.800083565973022992e-01
-9.628098504819448955e-02
-3.411120610764220018e-01
-4.935110246494991415e-01
-5.204039352990570411e-01
-4.086247799687228177e-01
-1.912132540961085647e-01
8.873375937896788024e-02
3.465556198894239603e-01
5.285162950660908798e-01
5.923830252865684987e-01
5.095432321212778337e-01
2.975190030131347196e-01
-1.046744564339530115e-02
-3.259942927959720294e-01
-5.779553604201552730e-01
-7.013043938947680633e-01
-6.658408872941592449e-01
-4.872863956392086138e-01
-1.860837573772960996e-01
1.639316382045916676e-01
4.969050682182205581e-01
7.309840070001338841e-01
8.112640523365453049e-01
7.196329962189154106e-01
4.600367331822667882e-01
1.062997821706532786e-01
-2.727189877576764454e-01
-5.881643527424587070e-01
-7.816184832514523340e-01
-8.173206616815931191e-01
-6.758830446875006004e-01
-3.941901499276018184e-01
-1.814510984563411089e-02
3.543745522706451823e-01
6.482822759760780151e-01
8.067535983677662781e-01
7.964841029043141507e-01
6.295113142501251868e-01
3.348264255601240968e-01
-4.912155570768850232e-03
-3.315354932080318839e-01
-5.786413338557767627e-01
-6.926561943007031319e-01
-6.530552774963989116e-01
-4.621847284095529362e-01
-1.835931845507199345e-01
1.252209320183379493e-01
3.885964455351116342e-01
5.592621115598730430e-01
6.104157474515594650e-01
5.248098915165646527e-01
3.347707467834528661e-01
7.682028430482734649e-02
-1.720072482681103132e-01
-3.544746740770150506e-01
-4.378450978278854988e-01
-4.036655332505955096e-01
-2.699779685670724572e-01
-6.658711238990522308e-02
1.390535529698959660e-01
3.035444676869354375e-01
3.874712915016149672e-01
3.622228675024983247e-01
2.369568986928267673e-01
3.547439655667061764e-02
-1.700724520109616611e-01
-3.241520615471575884e-01
-3.815224636910922174e-01
-3.257041697195468544e-01
-1.806508461069752380e-01
3.199781461755302203e-02
2.523605524389185284e-01
4.287365459809957535e-01
5.073531459213282968e-01
4.567779313865041324e-01
2.822470511558641260e-01
6.303258829555513643e-03
-2.909786538695605662e-01
-5.423155476120256058e-01
-6.782049304941546453e-01
-6.638458737386593311e-01
-5.044603991045406577e-01
-2.137936937045460395e-01
1.384694387418556882e-01
4.872457189271137690e-01
7.436361211299764573e-01
8.466589025950104208e-01
7.710200556991710918e-01
5.158949447110701136e-01
1.508284957422743044e-01
-2.553341473590950983e-01
-6.054636045534035338e-01
-8.340818349441818658e-01
-8.957514842087209717e-01
-7.646979907003872423e-01
-4.747859282101419831e-01
-7.228906750768238076e-02
3.376299342330122411e-01
6.729651012507280594e-01
8.664491486356420413e-01
8.787813078156820890e-01
7.190345517460055014e-01
4.133168027205078587e-01
4.574779033530917971e-02
-3.206128220492125980e-01
-6.079119010850522198e-01
-7.555386651165569845e-01
-7.378390322897954157e-01
-5.532675184997289941e-01
-2.658404882507763300e-01
6.571091366153747337e-02
3.623443186820691775e-01
5.733175455515946428e-01
6.677675099458177943e-01
6.237290421222561054e-01
4.627601394207696561e-01
2.141642385065920529e-01
-5.069071896516297304e-02
-2.762884839514941904e-01
-4.200539663383582312e-01
-4.562794759515235166e-01
-3.892404881729966126e-01
-2.358550400687542403e-01
-5.194238071920442845e-02
1.280253424379100835e-01
2.647934862116347876e-01
3.255083431344252265e-01
3.018563353104668501e-01
1.976773402837355142e-01
5.806150083079120172e-02
-7.890816677805190249e-02
-1.761338069989026867e-01
-2.156060618816584284e-01
-1.978799919198818147e-01
-1.229982529056353746e-01
-1.546648465783362347e-02
9.930062670928663238e-02
1.846333322176332281e-01
2.158498379370594744e-01
1.800279529649355670e-01
7.822148838334985754e-02
-5.184815008353427235e-02
-1.761468981696766578e-01
-2.559710799441728968e-01
-2.741785503505146382e-01
-2.272478567518904091e-01
-1.134819598250021988e-01
4.071578101471606814e-02
2.075102657391574290e-01
3.396612709552657705e-01
4.036549952243040362e-01
3.842727130880332354e-01
2.779931220761533428e-01
1.123299174003968837e-01
-8.053372597658137177e-02
-2.521755595754774371e-01
-3.734211031146631443e-01
-4.205065005826904567e-01
-3.751170473616066703e-01
-2.446369592493777834e-01
-4.834797187982320388e-02
1.587526529870129099e-01
3.331470466298585009e-01
4.391452171122420811e-01
4.579129937881041279e-01
3.903859928157142889e-01
2.439921960582778215e-01
5.564387741371534801e-02
-1.449043745793932025e-01
-3.110523910059094232e-01
-4.054875508498863024e-01
-4.129416360692982346e-01
-3.299514493356516809e-01
-1.807245126791831025e-01
5.943091045756743185e-03
1.817926703426753221e-01
3.185360897776818856e-01
3.935520381366448550e-01
3.854302948928973738e-01
2.939768978829571111e-01
1.311710237653715971e-01
-5.637151471745016629e-02
-2.289185293663315024e-01
-3.475219992169593652e-01
-3.907857594181397554e-01
-3.527750445146128344e-01
-2.328132120292903950e-01
-6.239158569396574539e-02
1.295907591368374856e-01
2.918685286609232765e-01
3.849921338883877109e-01
3.933445952006631163e-01
3.110438301464313327e-01
1.596794766580600378e-01
-3.100068701303226870e-02
-2.074241313683112820e-01
-3.360731821180951151e-01
-3.883108056800195218e-01
-3.417096696345551798e-01
-2.036980228188354225e-01
4.130531667229764281e-03
2.187097807832292240e-01
3.897741827636576062e-01
4.747388948403687969e-01
4.545178902666509035e-01
3.403298679506994162e-01
1.451008913446170112e-01
-8.327503410309733400e-02
-3.015070193533053722e-01
-4.562426190825655814e-01
-5.092670806266688110e-01
-4.439250676913816251e-01
-2.632724737675885551e-01
-2.104215437266154787e-02
2.329804623381948048e-01
4.350325833460557678e-01
5.472944878582866046e-01
5.491143331499113156e-01
4.284041167878835932e-01
2.157602227282742202e-01
-5.285153388348917680e-02
-3.044358896311497586e-01
-4.843074543704356527e-01
-5.595359632848342368e-01
-5.115305784248572740e-01
-3.541033540157997317e-01
-1.148831938874305125e-01
1.413957373917338334e-01
3.706597787874557071e-01
5.260293687826524955e-01
5.704491301373568746e-01
4.954461724514587218e-01
3.109297291176102984e-01
7.570871836653259024e-02
-1.606292647814259178e-01
-3.451496298404107543e-01
-4.482887758644942267e-01
-4.611345481283712910e-01
-3.768102727296870347e-01
-2.204276326678118458e-01
-2.072239232628203531e-02
1.688947550222854588e-01
3.086810663067625082e-01
3.753360243361087978e-01
3.573520404418022434e-01
2.709639249593520649e-01
1.379450201700449519e-01
-1.684593686426039127e-03
-1.266175442254181549e-01
-2.190343943527759407e-01
-2.598154738651478057e-01
-2.435089773187614215e-01
-1.742531126518355178e-01
-8.032410143704882266e-02
1.508461806519378889e-02
9.101833818044480218e-02
1.387709280521953747e-01
1.579328524377798804e-01
1.466908975981113805e-01
1.145062641132195136e-01
6.714047401484690702e-02
1.804969968713487916e-02
-2.058881779905641363e-02
-4.334699350372006599e-02
-4.695549721050551462e-02
-3.589227957858609486e-02
-1.734815135758616123e-02
5.859718467685404164e-03
2.814680687652448832e-02
4.612673873461314855e-02
5.641313890763344219e-02
5.561963226126742654e-02
4.035984366119738098e-02
7.247397973105362823e-03
