6.645970501293496646e-02
-1.257323851823182181e-01
-2.557501550021005210e-01
-3.308613211724540371e-01
-3.583336004194210833e-01
-3.454347094690437547e-01
-2.994323650473642573e-01
-2.275942838804269064e-01
-1.374659433047121793e-01
-3.287798357038318464e-02
7.730679898322345700e-02
1.771270550018859691e-01
2.535797745504040357e-01
3.004311766503466874e-01
3.112503507355974808e-01
2.850676810513073089e-01
2.243401474574677756e-01
1.381953926657366605e-01
3.531457683623617783e-02
-7.084343800384185208e-02
-1.670504470206257697e-01
-2.421412803530038627e-01
-2.876302749150858595e-01
-2.982531647535644481e-01
-2.723341542962369743e-01
-2.152606024671209761e-01
-1.324121754828639919e-01
-3.543499820072026907e-02
6.330035622218077584e-02
1.518780655972657989e-01
2.203826119272573880e-01
2.602222456437228715e-01
2.665258725136325779e-01
2.418237321038005927e-01
1.884203936265054224e-01
1.131894317411268336e-01
2.547352849417938714e-02
-6.268274042903820842e-02
-1.413468519134482015e-01
-2.001898080567797722e-01
-2.321903566637518734e-01
-2.371837273110916078e-01
-2.142597227594700282e-01
-1.660608541655361758e-01
-9.869745376842187223e-02
-2.216789969366106394e-02
5.539346572250036793e-02
1.240453874366649334e-01
1.749491156480154075e-01
2.036692054643580718e-01
2.071517182042967864e-01
1.855971098001838460e-01
1.418118168527569001e-01
8.307822854414181890e-02
1.538280779800382803e-02
-5.240637091492394983e-02
-1.112913986507741981e-01
-1.549139840672379975e-01
-1.786112760942899502e-01
-1.799434257918659519e-01
-1.589295241602790565e-01
-1.199711449794956808e-01
-6.668884329231428154e-02
-6.274499309889547405e-03
5.328544571037374666e-02
1.051102237017373930e-01
1.436039080658488842e-01
1.637167831565469189e-01
1.630941179562144239e-01
1.443318258539640908e-01
1.089617415070345263e-01
6.099028130068173681e-02
6.413594199387473438e-03
-4.787067163005709336e-02
-9.606755092669838625e-02
-1.314413728330443565e-01
-1.497592356088025545e-01
-1.516434913973226939e-01
-1.365762127519770663e-01
-1.054119995907109031e-01
-6.189650821240555434e-02
-1.218346193549635359e-02
3.897594721988473232e-02
8.511705864199248239e-02
1.204337823745802449e-01
1.422443856472432877e-01
1.481426434627250988e-01
1.366678862335606315e-01
1.089699836791089282e-01
6.937547322445225539e-02
2.099266171949998316e-02
-3.087089898177719505e-02
-7.981836515933471432e-02
-1.205854711793962197e-01
-1.490300569421345589e-01
-1.604989565150319875e-01
-1.529837737890720195e-01
-1.291481338855910987e-01
-9.055317573497412287e-02
-4.070529046187443267e-02
1.470963391337432036e-02
6.927152645784251384e-02
1.176581919890318240e-01
1.532821605452610036e-01
1.716857971561238649e-01
1.724645130157975714e-01
1.547095156372864100e-01
1.188405374946628346e-01
6.850540742581290310e-02
1.025036105701992994e-02
-5.107576470602659402e-02
-1.084806061777522368e-01
-1.551129035154523716e-01
-1.866342543248046271e-01
-1.991877489220598152e-01
-1.895216436089721679e-01
-1.577624751558842631e-01
-1.082607624234895871e-01
-4.458997195770386668e-02
2.683187003571996243e-02
9.810322747298183543e-02
1.609835707000721872e-01
2.087004019689495671e-01
2.338668747820018545e-01
2.324008207234948831e-01
2.059942720105520930e-01
1.558662272023534356e-01
8.567648536538219339e-02
2.289074214683273212e-03
-8.413818175586262882e-02
-1.650359420274077893e-01
-2.298885879295744505e-01
-2.703484605332002744e-01
-2.825417019633558180e-01
-2.636612134063478496e-01
-2.139811721453181992e-01
-1.376026149348452687e-01
-4.384885872209709490e-02
5.912304472738449945e-02
1.594031569199390042e-01
2.449667800569388376e-01
3.057577621420275449e-01
3.344001963875664618e-01
3.257948622024673391e-01
2.789156724648920171e-01
1.998333733525063938e-01
9.475778312099336631e-02
-2.431097695037287565e-02
-1.440718966182504834e-01
-2.505166723543372775e-01
-3.319158151609409302e-01
-3.770735444660605618e-01
-3.793330524830654804e-01
-3.401640210280072463e-01
-2.617419466907948689e-01
-1.515870689647521585e-01
-2.088495634585130212e-02
1.140975117040770037e-01
2.394217039469741515e-01
3.394330576554072110e-01
4.019221116749689404e-01
4.213709017601028339e-01
3.938001989291999294e-01
3.209239038990689963e-01
2.093518391162640935e-01
7.293503538522783103e-02
-7.551852508273448894e-02
-2.184426617708492557e-01
-3.391060216609267375e-01
-4.238711714003797759e-01
-4.627174469094588183e-01
-4.506985954313160736e-01
-3.875196066567826447e-01
-2.813646873445264651e-01
-1.412036352933899730e-01
1.653891427907794309e-02
1.745454367751249070e-01
3.148771059844457376e-01
4.223495228608735719e-01
4.834512776540151879e-01
4.901039695492803716e-01
4.444171143542958724e-01
3.494476809475779433e-01
2.149704202631812500e-01
5.454176091046680774e-02
-1.127032669077894234e-01
-2.693646677278016544e-01
-3.963519590672853754e-01
-4.791721197214099393e-01
-5.111220657445368909e-01
-4.872506570273479332e-01
-4.095410543128843450e-01
-2.853417255856495194e-01
-1.303019384315881046e-01
4.099666373192700775e-02
2.090871741907442960e-01
3.550852872207861388e-01
4.633258894680563067e-01
5.219552147651722596e-01
5.242062187593616862e-01
4.684342760525823657e-01
3.627451060465418653e-01
2.162152338807055152e-01
4.588800480097887657e-02
-1.298522395287727837e-01
-2.916835972689535428e-01
-4.228667828975587462e-01
-5.081770371964260402e-01
-5.376233307915254667e-01
-5.110789663332446775e-01
-4.298811789770208280e-01
-3.024506568975305898e-01
-1.415741525403299006e-01
3.360579698620203004e-02
2.056952732777383996e-01
3.549537679510952337e-01
4.652634779287798672e-01
5.273384027393801521e-01
5.335656007315012772e-01
4.826898458235706624e-01
3.792534255328667836e-01
2.362192777547955647e-01
6.646104407206521181e-02
-1.110836235433720898e-01
-2.773262780163725516e-01
-4.145736219695790314e-01
-5.084288043258986534e-01
-5.478572185492727176e-01
-5.273465626178612808e-01
-4.523395214314702706e-01
-3.291279434983671592e-01
-1.703232618440406743e-01
8.123492286135514107e-03
1.857888492601720287e-01
3.445248211820182149e-01
4.658350283990870810e-01
5.360642986953274569e-01
5.503811232924402663e-01
5.059076019798611767e-01
4.070592904960379510e-01
2.634588492191562992e-01
9.275649005885067133e-02
-8.888688408485612147e-02
-2.612371217229980669e-01
-4.050047522221085217e-01
-5.051702426016344560e-01
-5.508668397765503766e-01
-5.372601037622040110e-01
-4.646290858097162912e-01
-3.430339241631623626e-01
-1.833573576716416298e-01
-4.501890119852802741e-03
1.738702845408535147e-01
3.322841663541953316e-01
4.542432450634381613e-01
5.258416969701422694e-01
5.386658037438523117e-01
4.950858036723175815e-01
3.986591653673678959e-01
2.601289918728062478e-01
9.404050138447872520e-02
-7.958916013914463239e-02
-2.429647404925737719e-01
-3.773060606342054646e-01
-4.682200362208203126e-01
-5.096991269728163854e-01
-4.968424145824001936e-01
-4.315649081066814663e-01
-3.210383175292120805e-01
-1.800178359037065690e-01
-2.211590495853033023e-02
1.348171645993987422e-01
2.734861794109206823e-01
3.802535433007085963e-01
4.446143915671179059e-01
4.611789908827179651e-01
4.286536226482788869e-01
3.537462892010687643e-01
2.435789987240253307e-01
1.114690831577431762e-01
-2.800195155794982238e-02
-1.602032202964305263e-01
-2.722777328735085378e-01
-3.525022415278682431e-01
-3.931004358676319921e-01
-3.946044736963946198e-01
-3.573746423888246593e-01
-2.858865596395829822e-01
-1.881003652046825403e-01
-7.563722874655343098e-02
4.070119958317719444e-02
1.484576952052221177e-01
2.374313871275803844e-01
3.025272696586516208e-01
3.382199160703533991e-01
3.411624371396946298e-01
3.121023387681280958e-01
2.568224605300746255e-01
1.799635029479480508e-01
8.873913243919417937e-02
-7.770022991808289703e-03
-1.015719414283892119e-01
-1.853483171975167654e-01
-2.514449217351195642e-01
-2.944967860238379975e-01
-3.135164895130280183e-01
-3.066900395408685975e-01
-2.726687894927237732e-01
-2.141810660013880874e-01
-1.374183164540823121e-01
-4.780941933272253586e-02
4.763297761260920637e-02
1.412991043267404212e-01
2.261825792632219390e-01
2.945053366015122354e-01
3.369040317183003008e-01
3.483684449560993102e-01
3.284978274188288250e-01
2.768630291554305956e-01
1.952556365400743843e-01
8.974241610361266552e-02
-2.932275257929584100e-02
-1.522250529479181047e-01
-2.654637365278550432e-01
-3.568340070916496964e-01
-4.165425023972171292e-01
-4.367423705044937154e-01
-4.117295600247535825e-01
-3.412498042612001070e-01
-2.327912090431111247e-01
-9.423401019210519980e-02
6.009030631789058496e-02
2.142159149663216411e-01
3.505967911811347371e-01
4.545075440505736974e-01
5.118266992391813375e-01
5.139365788369294474e-01
4.614651611773927797e-01
3.568608561670947310e-01
2.098454783106091792e-01
3.451799891222395722e-02
-1.480666541779094292e-01
-3.194160933049789985e-01
-4.587072067402897524e-01
-5.492459134534335430e-01
-5.818866474307062830e-01
-5.506082669941705365e-01
-4.574799403557353594e-01
-3.104907778988017508e-01
-1.276658280393343503e-01
7.360891343962761013e-02
2.695316241467902163e-01
4.376980541513357803e-01
5.589790151525488859e-01
6.191376273405115871e-01
6.111402002206838269e-01
5.339132196340681258e-01
3.979856269927681822e-01
2.154524314158550169e-01
8.323729391974454828e-03
-2.006523413721528204e-01
-3.874292613732103208e-01
-5.316759548486802434e-01
-6.162049843090035006e-01
-6.304126072710749540e-01
-5.767115068241457365e-01
-4.593702492507464319e-01
-2.920715590094522529e-01
-9.238850937064435609e-02
1.152961004405348433e-01
3.089505995712173991e-01
4.656420883492951024e-01
5.678518282308222531e-01
6.080502017733406817e-01
5.811460785642306170e-01
4.913213181715005984e-01
3.482347710927038431e-01
1.710924059141212261e-01
-2.240101285974738232e-02
-2.100866562418359784e-01
-3.709393508377795134e-01
-4.888591405350095620e-01
-5.518499194933543794e-01
-5.548659688623146513e-01
-4.977223004115203242e-01
-3.904101310980767625e-01
-2.434683062920895980e-01
-7.507497370824078864e-02
9.591870772700339387e-02
2.516105564807462613e-01
3.766048561619479429e-01
4.583759098795436859e-01
4.890197285832860175e-01
4.706433374319092255e-01
4.057040166862895259e-01
3.022394381435300481e-01
1.717859132172090408e-01
2.983847379903670216e-02
-1.097375569509637661e-01
-2.323658761699308739e-01
-3.264801121230769265e-01
-3.873536767062949471e-01
-4.098360968892650336e-01
-3.927178853199742026e-01
-3.391751711484006782e-01
-2.571267609820783173e-01
-1.537387161274780256e-01
-3.930407874014252290e-02
7.479402754175290546e-02
1.790525494526682415e-01
2.650019698020449344e-01
3.247374771034499119e-01
3.533357801951042543e-01
3.517626831556857070e-01
3.202214594380035084e-01
2.603572099842157428e-01
1.774618226893309725e-01
7.915232743368916246e-02
-2.688877496648189869e-02
-1.305720464618875809e-01
-2.231903512917067234e-01
-2.987127109698863858e-01
-3.501881460667671808e-01
-3.699960067700234223e-01
-3.554627796166113241e-01
-3.096926709868715877e-01
-2.350332735887508129e-01
-1.360147560806959088e-01
-2.087728365256857899e-02
9.952770635520002962e-02
2.150014899944372448e-01
3.127882775230843571e-01
3.829252869663117842e-01
4.193191587579676582e-01
4.166377820813795818e-01
3.722496044243597257e-01
2.888491046827776909e-01
1.750584896312372685e-01
3.899151580302517850e-02
-1.062067127341220774e-01
-2.460453298428493252e-01
-3.658777259131955617e-01
-4.532289607456269076e-01
-4.960190942499442812e-01
-4.875200806672875808e-01
-4.294796349875840136e-01
-3.248586622322088280e-01
-1.823696245246738679e-01
-1.478991783741590016e-02
1.593790719978123160e-01
3.231466335923176558e-01
4.569026555458668426e-01
5.453568524268941342e-01
5.798496651487985432e-01
5.541827447892051506e-01
4.688406433099565618e-01
3.303645755412698559e-01
1.544562687883015428e-01
-4.353830610509512589e-02
-2.419137959307895436e-01
-4.192586709016458135e-01
-5.559164666211994232e-01
-6.365857415505442596e-01
-6.504096299233146361e-01
-5.930593780699968676e-01
-4.725611507377031062e-01
-2.985278728018938565e-01
-8.941227405221152669e-02
1.336570773952585611e-01
3.455547260389384423e-01
5.242732196404269462e-01
6.486467862732070433e-01
7.037219898761466474e-01
6.854746474952324586e-01
5.930832399974232949e-01
4.356213190152586900e-01
2.278823197488060170e-01
-5.723169212134449069e-03
-2.427692203560207762e-01
-4.567586289151354118e-01
-6.240560298713100362e-01
-7.274793639675380952e-01
-7.544954047733147817e-01
-7.014700031323624074e-01
-5.716512473786112825e-01
-3.804151859878915909e-01
-1.445861911951087375e-01
1.095074447515447247e-01
3.552685907462642678e-01
5.659246189979021402e-01
7.190850787799925037e-01
7.967794469686835246e-01
7.885114228556087124e-01
6.980116425040521211e-01
5.318203249669612998e-01
3.070593834722932236e-01
4.543238333707244614e-02
-2.234648452853857936e-01
-4.723874736810268482e-01
-6.726346780576869522e-01
-8.018754076027165834e-01
-8.483863840532506195e-01
-8.046363584220382892e-01
-6.744952908921930668e-01
-4.692726468078391999e-01
-2.131112932140203364e-01
7.010672903067982631e-02
3.488947680894276537e-01
5.931616221649766985e-01
7.763193209759835511e-01
8.779254393982525162e-01
8.859915821474289022e-01
7.966360441335098574e-01
6.217329389088417368e-01
3.761339590901413565e-01
8.750055457834560180e-02
-2.143864218838532620e-01
-4.956871182294209088e-01
-7.267907862788600681e-01
-8.808637127574003856e-01
-9.392811358231337726e-01
-8.983037237647649720e-01
-7.589609829662899987e-01
-5.362915448323372081e-01
-2.517503866718133754e-01
6.103243613924069777e-02
3.706147287395900047e-01
6.413645843116091427e-01
8.432098473852469578e-01
9.557910053977953790e-01
9.645769603414686699e-01
8.683987816333129661e-01
6.748855915238329839e-01
4.079434668518235885e-01
9.281089912754270088e-02
-2.339784330021247305e-01
-5.370399490583448454e-01
-7.824475377434045864e-01
-9.429080747448178590e-01
-1.000000000000000000e+00
-9.447249915529938313e-01
-7.873359088903020275e-01
-5.417030172163992408e-01
-2.359574950823746242e-01
9.830187942794577083e-02
4.218461590398001615e-01
7.000328535588709045e-01
9.005850932089236593e-01
1.000000000000000000e+00
9.911247241819276521e-01
8.723100749590271263e-01
6.581791080861096876e-01
3.702218806454791178e-01
4.407623667517612809e-02
-2.869743517792975318e-01
-5.849737171604321162e-01
-8.163052243018045218e-01
-9.569286631077980054e-01
-9.905881245439753791e-01
-9.158470104115206123e-01
-7.391365203279327556e-01
-4.844200642579534755e-01
-1.769774069736335109e-01
1.466260020229628314e-01
4.508562368877262472e-01
7.021237480265198894e-01
8.732195747068740577e-01
9.461888886367089135e-01
9.118503734071841116e-01
7.797475280382628604e-01
5.626195545724224090e-01
2.875546271454307856e-01
-1.564579378174157931e-02
-3.116651137778001512e-01
-5.691657093432056502e-01
-7.596953755023667654e-01
-8.623772529455546731e-01
-8.716217943428170578e-01
-7.859385243173020452e-01
-6.177660135087665871e-01
-3.854069289528418985e-01
-1.184895693992469301e-01
1.556287777396800909e-01
4.063137455633667461e-01
6.065760007613267835e-01
7.385527266032605453e-01
7.888222835897067409e-01
7.551598339314633535e-01
6.418420752636944115e-01
4.657817089447067183e-01
2.445554756708432365e-01
3.935408879983892660e-03
-2.303010452803561092e-01
-4.343346081555270466e-01
-5.880493637162780285e-01
-6.768713975218426659e-01
-6.922709004108671405e-01
-6.388922867224831048e-01
-5.225096126028654364e-01
-3.565778860380183213e-01
-1.583241949640264989e-01
5.033101105386506013e-02
2.490658842460864442e-01
4.173769626911052466e-01
5.389991645678533505e-01
6.063223501539656279e-01
6.131106787922691037e-01
5.598178400316815573e-01
4.523251973669861759e-01
3.039831400756167756e-01
1.278629782556794936e-01
-5.846134010772907619e-02
-2.365749309496366637e-01
-3.900620796945108992e-01
-5.049701738297579512e-01
-5.695291347015770667e-01
-5.769620933398695861e-01
-5.300331741574991762e-01
-4.323230895332791368e-01
-2.926801530328201340e-01
-1.241127167854702007e-01
5.620320733031691773e-02
2.318863898195435702e-01
3.843767938721909250e-01
4.985677143598699068e-01
5.650336109143900831e-01
5.760621275809116870e-01
5.291101138361877787e-01
4.277861424261015788e-01
2.835985238719302970e-01
1.080586124225151323e-01
-8.097501699119891150e-02
-2.644339988383322959e-01
-4.233154207945035719e-01
-5.413096542224589136e-01
-6.037260411076063038e-01
-6.021024028892054680e-01
-5.384113219962318730e-01
-4.165664911767312795e-01
-2.481173486149368390e-01
-4.895358285772899443e-02
1.582671456244897357e-01
3.526256104242848632e-01
5.107955291334513870e-01
6.147230429285328590e-01
6.545796956081622042e-01
6.236648581499892874e-01
5.240811889418046654e-01
3.645091582488226845e-01
1.645402948327925330e-01
-5.690466691666373755e-02
-2.740696021204632737e-01
-4.624142565690855244e-01
-6.006046246527066979e-01
-6.726404486430708207e-01
-6.699541552677554801e-01
-5.906585350947618496e-01
-4.458638754073228627e-01
-2.486319643077651298e-01
-2.345923054721066325e-02
2.044493535036746579e-01
4.083615343757187599e-01
5.656557639587342923e-01
6.573477665523015379e-01
6.716481994160741209e-01
6.108694599091999411e-01
4.799037807547339440e-01
2.947696225076463783e-01
7.553764246232841373e-02
-1.497983057358096559e-01
-3.564873533394311567e-01
-5.192224938765297448e-01
-6.189418034392948353e-01
-6.482527870141697734e-01
-6.025724801831124910e-01
-4.885797208532183245e-01
-3.188300258913527863e-01
-1.167075459169039098e-01
9.632938662872203572e-02
2.941585980666867606e-01
4.532044126873193690e-01
5.565835047183147477e-01
5.926421486076856038e-01
5.597525380984527121e-01
4.615272296026660115e-01
3.137025700949824802e-01
1.320488605930438819e-01
-5.969924038013352252e-02
-2.386056251476458279e-01
-3.842977767534691003e-01
-4.805886831403642923e-01
-5.182604313227330284e-01
-4.934326341368174829e-01
-4.135251444978466084e-01
-2.869954381081863959e-01
-1.319090968958926968e-01
3.279563052285827673e-02
1.871065754764940081e-01
3.137978029635424271e-01
3.982355891970186246e-01
4.310799528108406609e-01
4.144032182174663959e-01
3.505883575091897075e-01
2.491641942363664874e-01
1.227472785183714166e-01
-1.126694643942738328e-02
-1.374827729401755239e-01
-2.401862101157508089e-01
-3.078032071318772545e-01
-3.373210186545109179e-01
-3.260994987766799857e-01
-2.776129480559541562e-01
-1.990056374724762378e-01
-1.032153157404351873e-01
-9.546846796408825497e-04
9.516225904285224857e-02
1.730812483314292383e-01
2.257363643499465944e-01
2.483432049289620025e-01
2.406082402558922251e-01
2.046917508197250157e-01
1.483893553227970674e-01
7.827358656289229444e-02
3.998735957831289767e-03
-6.451543423547945189e-02
-1.201824516738699833e-01
-1.575222097335338134e-01
-1.733680110776286698e-01
-1.668967433119307175e-01
-1.421035502122146577e-01
-1.020188708567011382e-01
-5.349856572473887795e-02
-4.041339743106941995e-03
4.076326694126874983e-02
7.630328775440564648e-02
9.882283054546148193e-02
1.065431360391591031e-01
1.015811936658694847e-01
8.482763383168223648e-02
5.944699439427347798e-02
3.009035503682944146e-02
1.061255492743384821e-03
-2.449712733124409514e-02
-4.318457306551637398e-02
-5.329066946166016727e-02
-5.657843138470364241e-02
-5.273942375296780671e-02
-4.241548962387575727e-02
-2.823966278589873369e-02
-1.282565722449924284e-02
2.229082733401943628e-03
1.467036825469447692e-02
2.289746701372963322e-02
2.736393445182594419e-02
2.759750450025055812e-02
2.364939498678131358e-02
1.699882259501728221e-02
9.578001038811789769e-03
2.041010585707603298e-03
-4.674111144221115843e-03
-9.458955927224788063e-03
-1.281038960533320559e-02
-1.473987761348938275e-02
-1.503672213585538486e-02
-1.349022535659250011e-02
-9.889689459862238685e-03
-4.024416629826332858e-03
4.316290949353707163e-03
