-1.821487199458187156e-01
3.662966506876048634e-01
7.315809700929942760e-01
9.355376244654312057e-01
1.000000000000000000e+00
9.468014828917816761e-01
7.977754593358601376e-01
5.747553155273237291e-01
3.007348660039106392e-01
-1.318644552976688811e-02
-3.379628529098942513e-01
-6.291079950702980206e-01
-8.506183564450309209e-01
-9.803090262546176881e-01
-1.000000000000000000e+00
-9.079232767792969616e-01
-7.115846108383658830e-01
-4.382785019904257284e-01
-1.157736656357655214e-01
2.144299960420896767e-01
5.127493073530500212e-01
7.433259551307302981e-01
8.786394011352351985e-01
9.027769866753456718e-01
8.101868238571137137e-01
6.168011202656780156e-01
3.411226033559251469e-01
2.064040485332307995e-02
-3.061961983661277698e-01
-5.987438327597209842e-01
-8.229678260145522062e-01
-9.507629142830817948e-01
-9.651298376978293403e-01
-8.719753464420644251e-01
-6.799144702653614480e-01
-4.142667499808833087e-01
-1.059704423066685219e-01
2.030713685180531858e-01
4.770549202870875138e-01
6.810312503905779913e-01
7.898826844192590180e-01
7.981853542946868441e-01
7.033248199375614629e-01
5.192051906670258621e-01
2.676729143926859233e-01
-1.496735154058737027e-02
-2.972703825760059093e-01
-5.437487364895206010e-01
-7.231817488811143058e-01
-8.172964670319927682e-01
-8.152281297426842155e-01
-7.214330870420778696e-01
-5.469329389190331625e-01
-3.192050250260799471e-01
-6.361955150901443812e-02
1.859836627282900334e-01
3.980190086365278379e-01
5.486268284681397045e-01
6.204770825609446927e-01
6.080982111800237178e-01
5.131744902413619691e-01
3.535677861180230863e-01
1.466960279716269522e-01
-7.835769427291450206e-02
-2.928167270263958288e-01
-4.708404573733858678e-01
-5.917967717931844618e-01
-6.426627010535665985e-01
-6.176644471098713396e-01
-5.259109211810928386e-01
-3.769109115242040842e-01
-1.927944699538062245e-01
2.595604890349934024e-03
1.839871623172391057e-01
3.300022188208802110e-01
4.217733246711499184e-01
4.479704733309215481e-01
4.126970996432428596e-01
3.196638830080049676e-01
1.822416438075051826e-01
1.820427611131592016e-02
-1.485361258261557182e-01
-2.976941780040792684e-01
-4.083499204078485656e-01
-4.659946379891000134e-01
-4.693858141567870401e-01
-4.176579840365897134e-01
-3.187980151845318799e-01
-1.860426605366245489e-01
-4.103420716676842162e-02
9.904261465536690068e-02
2.148559568306629419e-01
2.895865344895325322e-01
3.163636172746362440e-01
2.919709741805389669e-01
2.216522902236279791e-01
1.146584082346935318e-01
-1.034635110588211226e-02
-1.383985322412260022e-01
-2.509778330803916768e-01
-3.310329624986956265e-01
-3.695337488202241616e-01
-3.616369728565967945e-01
-3.101652726020257544e-01
-2.218244495727718091e-01
-1.129706600600368649e-01
3.267633880989162520e-03
1.092272368187581222e-01
1.883738885952537245e-01
2.309790386633843173e-01
2.313724555375928915e-01
1.907499784392427955e-01
1.142414383884260420e-01
1.647226479324070958e-02
-9.093549321581118061e-02
-1.913538144748659908e-01
-2.689766390720332856e-01
-3.139594425318397164e-01
-3.203087042482957170e-01
-2.881173944137876974e-01
-2.213871952122080655e-01
-1.332305295756655017e-01
-3.392780581397158990e-02
6.107818801403719355e-02
1.368652120770088576e-01
1.838497095170410489e-01
1.959866679176787141e-01
1.724994083396225175e-01
1.164054098478173316e-01
3.922667107570454448e-02
-5.020111631551804621e-02
-1.379588436358597514e-01
-2.103035899671087394e-01
-2.583153694649612531e-01
-2.761952424703036924e-01
-2.624974854372102984e-01
-2.193160150141344467e-01
-1.563773137625883436e-01
-8.079334957861106226e-02
-4.406855693858457990e-03
6.072192777389751051e-02
1.069408199629660050e-01
1.291760900062495221e-01
1.256718814494621750e-01
9.778056868219131559e-02
5.328489275345660303e-02
-2.698236943198706328e-03
-6.101320500084495002e-02
-1.119044157605272316e-01
-1.497916955029894304e-01
-1.710216239079165312e-01
-1.741874172061258497e-01
-1.603525002148847856e-01
-1.354363345499658422e-01
-1.024811407282372189e-01
-6.715898726035274269e-02
-3.625531406069548712e-02
-1.330949439280504354e-02
-1.940091758423356794e-04
3.540090267258655388e-03
-4.190749235479795942e-04
-7.959808461624251485e-03
-1.795301164205465039e-02
-2.842072514238191960e-02
-3.585901631966004199e-02
-3.883675342101966521e-02
-3.754769172572980374e-02
-3.540748856206743511e-02
-3.549050636855588525e-02
-4.037265206144224905e-02
-5.014307572775955624e-02
-6.432234810210102349e-02
-8.294139193416594225e-02
-1.039585793613092557e-01
-1.249256252618441421e-01
-1.396188900516432962e-01
-1.429305099653164213e-01
-1.327769283605817474e-01
-1.091092605692981499e-01
-7.337838685629627378e-02
-2.862122273341349832e-02
1.826308984142555047e-02
6.220570934399760610e-02
9.483046749561530042e-02
1.086132670877200113e-01
1.005054637518589811e-01
6.978978332553897879e-02
1.849810105569260621e-02
-4.815217306657904039e-02
-1.193013481511105978e-01
-1.873619478509068736e-01
-2.413669211177008611e-01
-2.710113108986634822e-01
-2.714113137353876271e-01
-2.408953171228028767e-01
-1.820110120835785050e-01
-1.008047160974129275e-01
-1.030663227428663120e-02
7.965633660995408150e-02
1.553244587881703609e-01
2.038969071926401977e-01
2.183771560781047061e-01
1.954947086473175499e-01
1.372837349509219429e-01
4.969832407502372540e-02
-5.310593563735310774e-02
-1.599520287298114019e-01
-2.549277344320524108e-01
-3.231165892469533008e-01
-3.552464670489885457e-01
-3.460838286675577136e-01
-2.962221746774502673e-01
-2.106166611177743286e-01
-1.034009113283410608e-01
1.387803827162903403e-02
1.239316750349499507e-01
2.102787963261074644e-01
2.614303536558046925e-01
2.700511330048223080e-01
2.345913386457254557e-01
1.582604250674972679e-01
5.407202931461485562e-02
-6.699449336694907053e-02
-1.870519947943993788e-01
-2.886600017193396983e-01
-3.583361819794790293e-01
-3.866865771879853808e-01
-3.695678472612943244e-01
-3.079195904821474539e-01
-2.126906463718105655e-01
-9.344551633049225092e-02
3.213796569690385851e-02
1.462986589402082149e-01
2.338950614681980511e-01
2.836178162170328587e-01
2.884307639758176833e-01
2.466277495569864087e-01
1.662665039193169658e-01
5.466567147451817377e-02
-7.179736576696660322e-02
-1.958442257052054325e-01
-3.010584535313761689e-01
-3.743724634611750313e-01
-4.049176971972666683e-01
-3.877118004520755390e-01
-3.285786290097008067e-01
-2.324094357824734169e-01
-1.118936812585523688e-01
1.754035014741495146e-02
1.382131715653356352e-01
2.355078679569693190e-01
2.945380907900612133e-01
3.066597901624508182e-01
2.750200238701292488e-01
2.016449488181046856e-01
9.461338774429983722e-02
-3.321974713594244566e-02
-1.633413284506488594e-01
-2.808851785547734625e-01
-3.692054817926448962e-01
-4.156334929090338415e-01
-4.172175737046881494e-01
-3.724338154562549796e-01
-2.861417136810479045e-01
-1.681028770317660737e-01
-3.587161333036614774e-02
9.654832763824439112e-02
2.116370810103098687e-01
2.930576708101575445e-01
3.314114622913435504e-01
3.213520219434797820e-01
2.638158746497283325e-01
1.644037395636681609e-01
3.811384970290254692e-02
-1.022258056052032238e-01
-2.378425335497083015e-01
-3.503182831912582396e-01
-4.257559469051668266e-01
-4.545386624794020003e-01
-4.323546597315288675e-01
-3.603099347160424459e-01
-2.499229490879842919e-01
-1.117032775579740456e-01
3.551640096307218109e-02
1.723293109454759886e-01
2.812411275877231276e-01
3.488108752171237281e-01
3.648815262142783844e-01
3.256075873149979483e-01
2.388325607947867635e-01
1.121508841970457748e-01
-3.659703561637706049e-02
-1.879519366963101623e-01
-3.219889389765213661e-01
-4.224756931362546597e-01
-4.747413058947976827e-01
-4.707519222406999493e-01
-4.150894887639102748e-01
-3.122228513569503816e-01
-1.751680028764254216e-01
-2.100313395627084745e-02
1.279824267839431151e-01
2.541174744427086019e-01
3.393822959490879754e-01
3.716598341167340891e-01
3.516298937769188893e-01
2.799121978179484049e-01
1.649273452613573276e-01
2.057379264023162513e-02
-1.315824736919852800e-01
-2.741371366183279479e-01
-3.873066377278580052e-01
-4.547455683552888983e-01
-4.700715854981190045e-01
-4.303765076101879750e-01
-3.413097002842813144e-01
-2.131848797330306855e-01
-6.599392844334017738e-02
8.381776330804502351e-02
2.156227467323554858e-01
3.105164277186216459e-01
3.573025799205431507e-01
3.495592725695551017e-01
2.890790235132472130e-01
1.824708993095933707e-01
4.723382500502082415e-02
-1.016630323001276315e-01
-2.430082849345801543e-01
-3.567589991386499459e-01
-4.286069932278868677e-01
-4.490148469660729669e-01
-4.158053258207331515e-01
-3.321553758856587990e-01
-2.127693603583377113e-01
-7.061985882924237679e-02
7.324600278840209810e-02
1.983833181345204810e-01
2.882193077815158322e-01
3.308156968638877871e-01
3.205228009409144541e-01
2.574304184554752073e-01
1.533163306004399207e-01
1.896799909813196017e-02
-1.252160708816723034e-01
-2.588652485181623941e-01
-3.637316202862057590e-01
-4.259676982804438961e-01
-4.368031518504953414e-01
-3.935065595715542264e-01
-3.048175790968834509e-01
-1.791347256843688340e-01
-3.558181328556864198e-02
1.059887792532903106e-01
2.259842708889412410e-01
3.088225649949112306e-01
3.420443094186504940e-01
3.198022243671956311e-01
2.485603048842119911e-01
1.344282326474048883e-01
-6.493513245862114758e-03
-1.557584557675825154e-01
-2.922418044547849814e-01
-3.985785777789121465e-01
-4.580920881301154823e-01
-4.612562540185130011e-01
-4.121001686103151762e-01
-3.141708845407085171e-01
-1.794090589888256426e-01
-2.420135697349656834e-02
1.287844943291664990e-01
2.611253932046355697e-01
3.533590663400154597e-01
3.915191370345301181e-01
3.737234572709666747e-01
2.998893541738241186e-01
1.786407570694348301e-01
2.371346744887126157e-02
-1.421418890590533390e-01
-3.004109518201276696e-01
-4.295342581482352040e-01
-5.107022103184287731e-01
-5.343729365389212616e-01
-4.958458221634749474e-01
-3.994601403740023482e-01
-2.547986076006608647e-01
-8.280223335019121222e-02
9.832474606488084135e-02
2.642665440320441927e-01
3.923140483105660437e-01
4.661168736136354074e-01
4.750757318364371429e-01
4.169804117389861453e-01
2.960236565655234298e-01
1.297493710182453519e-01
-6.532444018693661647e-02
-2.629658302613688825e-01
-4.374958588469007870e-01
-5.662154870107840576e-01
-6.322307929744526156e-01
-6.252728949593165941e-01
-5.428791445228404733e-01
-3.975550920331271110e-01
-2.025291892888116951e-01
1.510059050001433256e-02
2.276785531475906676e-01
4.072979932509883660e-01
5.314610750803088202e-01
5.820590145343396138e-01
5.497987207753887162e-01
4.422468406343051939e-01
2.684198256301166818e-01
5.077738618946758820e-02
-1.845512444415667863e-01
-4.047710717482150278e-01
-5.829972053986163250e-01
-6.936420861082825962e-01
-7.203982848945020834e-01
-6.650197740055088236e-01
-5.305519185521556658e-01
-3.334066142493888885e-01
-9.637186376834083745e-02
1.467365647694662822e-01
3.674876599325511695e-01
5.355627930851025731e-01
6.272539000087247185e-01
6.336387246708754528e-01
5.513601151642415488e-01
3.919015530294995830e-01
1.729385648177932389e-01
-7.335011645598443764e-02
-3.191257984912370116e-01
-5.314451539979816452e-01
-6.813827083556580622e-01
-7.512239666207964905e-01
-7.307972399809499198e-01
-6.243006947514431193e-01
-4.426774071343919648e-01
-2.135616547064286275e-01
3.775484986730326398e-02
2.770708394861822743e-01
4.729172691410070684e-01
6.011811900933876629e-01
6.450967650806553877e-01
6.002968275564901646e-01
4.702102906895480050e-01
2.758826972121160015e-01
3.786810050716216125e-02
-2.107987687391741360e-01
-4.381799756056018458e-01
-6.153675543183455554e-01
-7.201225932779813377e-01
-7.395861889307020487e-01
-6.693490629829930150e-01
-5.222850700827259551e-01
-3.125816690843546963e-01
-6.969713314337366850e-02
1.759871008425879513e-01
3.922889589085136741e-01
5.526413477201150837e-01
6.347299470362892659e-01
6.258421309647204112e-01
5.327792523510304079e-01
3.636262271038228633e-01
1.400069068497347136e-01
-1.117965354402135070e-01
-3.568109129565845139e-01
-5.652047231087712342e-01
-7.073150133802080797e-01
-7.629364600954886555e-01
-7.295449248755205840e-01
-6.075361978701537824e-01
-4.122027003801681522e-01
-1.657866004964153595e-01
9.590801021865402731e-02
3.426887919747341193e-01
5.409355245886560137e-01
6.623053364038535840e-01
6.920691767051796450e-01
6.234511960931146124e-01
4.658931521921356733e-01
2.357367761089101954e-01
-3.296855621755401256e-02
-3.096579545980280290e-01
-5.557258887854660268e-01
-7.370286733420629011e-01
-8.296611757821520383e-01
-8.189589250394203601e-01
-7.066520947444817624e-01
-5.029234108229567735e-01
-2.389444771586782812e-01
5.578535911980897488e-02
3.391367469792909706e-01
5.726813702221305036e-01
7.247251298356638394e-01
7.732955019452820711e-01
7.121277118942026529e-01
5.448523209934947875e-01
2.984411849913077841e-01
-1.563548007291748476e-04
-3.073286427981174462e-01
-5.821142421005029988e-01
-7.866673524270557660e-01
-8.928597219356222414e-01
-8.867047023619643031e-01
-7.651405762814571521e-01
-5.497222999378637009e-01
-2.634507490719208977e-01
5.077126318266889093e-02
3.514336429057540734e-01
5.966296926740983775e-01
7.536737832365041356e-01
8.014585907814195664e-01
7.304734252978120068e-01
5.561632796479731855e-01
2.965899072441930961e-01
-7.338593483351529834e-03
-3.151420865044076702e-01
-5.835836485186105538e-01
-7.776820080183418638e-01
-8.720832698236968827e-01
-8.526110242644884263e-01
-7.281429657966975721e-01
-5.110300503446713050e-01
-2.363847944432669879e-01
5.931351951571128822e-02
3.331840982929776818e-01
5.501175108420377491e-01
6.808692953305928164e-01
7.072961309510390482e-01
6.349958468879517426e-01
4.711159381689089543e-01
2.417706926610632134e-01
-2.291260100782999132e-02
-2.834242795298221873e-01
-5.063753767996072019e-01
-6.606355647902899531e-01
-7.253068669239735033e-01
-7.007808559755088762e-01
-5.894763694770567275e-01
-4.104850710965637361e-01
-1.877732595710663865e-01
4.334485365339135754e-02
2.539964766531472851e-01
4.158805922434118951e-01
5.065829952731992769e-01
5.206032052337754568e-01
4.568186635958115804e-01
3.288119979319272801e-01
1.541652711392647035e-01
-3.802313525480793821e-02
-2.240535066827230581e-01
-3.790205111922162473e-01
-4.812291259535955712e-01
-5.219560872565669474e-01
-4.973686108979810117e-01
-4.156066945070637786e-01
-2.884008970712597097e-01
-1.382718699525390393e-01
1.636028279137557995e-02
1.542454466907208221e-01
2.559885923730780277e-01
3.118773885248646849e-01
3.162188758606629957e-01
2.721890177607457773e-01
1.866419254748119538e-01
7.596189473328274211e-02
-4.662539882467620078e-02
-1.638643220349120799e-01
-2.591071564586374665e-01
-3.224513782601916567e-01
-3.471669500632663663e-01
-3.323730030785929657e-01
-2.808809687727579218e-01
-2.035775277666448391e-01
-1.090476980402085294e-01
-1.083054202602196092e-02
7.703294867959953329e-02
1.446071885607986829e-01
1.844059481704418690e-01
1.918171519415698967e-01
1.661336253590821599e-01
1.140399135451315438e-01
4.042723185759933280e-02
-4.487837855461940251e-02
-1.301360457276258265e-01
-2.046869911963865585e-01
-2.599332199371701124e-01
-2.870511770433241683e-01
-2.817537749969327709e-01
-2.482081623646458235e-01
-1.887071252356493645e-01
-1.089741738387344228e-01
-1.875853545499583941e-02
6.928794703530494203e-02
1.450480148444406314e-01
1.961383769273428168e-01
2.142499519258693752e-01
1.992234081855752681e-01
1.506005497651643488e-01
7.177071094543596708e-02
-2.870085897254437413e-02
-1.359504993285489682e-01
-2.384439075644386730e-01
-3.208896274876423815e-01
-3.699071487409356651e-01
-3.786001862295161891e-01
-3.433728707480514508e-01
-2.662125663242566054e-01
-1.542319462990758838e-01
-2.383905365019600708e-02
1.113000462620186148e-01
2.315037798608985398e-01
3.183461016673170274e-01
3.585685929900992441e-01
3.443167636935935416e-01
2.747856700847679523e-01
1.551045959301611266e-01
2.669412445236662990e-03
-1.668047286157989806e-01
-3.286941975565934593e-01
-4.597302444387212361e-01
-5.404657454585845011e-01
-5.578175631163134751e-01
-5.067023460314706851e-01
-3.893495026070574738e-01
-2.230279903509551076e-01
-2.442979355267527186e-02
1.777150218560197281e-01
3.557434360037012855e-01
4.839375950974964535e-01
5.435761415316824330e-01
5.241290338897905965e-01
4.236637703622627704e-01
2.575815875259148680e-01
4.196942329248343206e-02
-1.919043591549323136e-01
-4.131363717221533394e-01
-5.903547095221868268e-01
-6.993480357182642049e-01
-7.231232433832619488e-01
-6.544240857238099451e-01
-5.049956297896198709e-01
-2.885609069122938575e-01
-3.745374704825676915e-02
2.155926801911598467e-01
4.352512864238202717e-01
5.929340527856632459e-01
6.658897394002720738e-01
6.415968568975329855e-01
5.275444359949477136e-01
3.337167519327630671e-01
8.793300429113459771e-02
-1.790299928819576447e-01
-4.288514720014160453e-01
-6.301568489094484526e-01
-7.544866358808581808e-01
-7.837911011571813136e-01
-7.213266937831175341e-01
-5.717985041328339513e-01
-3.557048876874172594e-01
-9.924993651592195487e-02
1.602265883494931042e-01
3.914158134502410125e-01
5.629544680901756859e-01
6.513131832116376696e-01
6.504963665156158203e-01
5.590721983442212828e-01
3.914813818932048051e-01
1.677970069500467343e-01
-7.846906420053878506e-02
-3.189902733389931022e-01
-5.225298670488107700e-01
-6.618807189835687055e-01
-7.228692584354896589e-01
-6.979522580961998734e-01
-5.937364992361615634e-01
-4.223464296396944873e-01
-2.102665969600459039e-01
1.890670372043778968e-02
2.351351450201550897e-01
4.106814440809511968e-01
5.263966837594882264e-01
5.689695330396324913e-01
5.360431253157229570e-01
4.314452964916029032e-01
2.729092782957771579e-01
7.706652918978007527e-02
-1.301504303244621630e-01
-3.229914854538097346e-01
-4.795045799507859918e-01
-5.822518862689871622e-01
-6.201407526529120195e-01
-5.887398306725324382e-01
-4.970609431499359854e-01
-3.538742874891275259e-01
-1.776318980949271875e-01
1.058902378396098243e-02
1.880515683216299472e-01
3.351767976928039516e-01
4.332140732473370726e-01
4.703237114886540393e-01
4.482090911292244684e-01
3.682126749708929392e-01
2.391833123202620204e-01
7.575129373645328457e-02
-1.002076071461314166e-01
-2.696394106310570082e-01
-4.105231641443125579e-01
-5.054752084832296877e-01
-5.469770520088423904e-01
-5.293116211492765455e-01
-4.543807267088418866e-01
-3.305583924999220269e-01
-1.763482830035012494e-01
-7.585857716734367706e-03
1.540007019284568290e-01
2.873898488825752384e-01
3.772138736118362257e-01
4.128844097481743081e-01
3.906850249722935153e-01
3.125942157834349366e-01
1.922195962564356986e-01
4.203119656964138251e-02
-1.169641115661117503e-01
-2.636298739865924334e-01
-3.797693284458408813e-01
-4.515774317990038922e-01
-4.702905296961715775e-01
-4.331992045085385490e-01
-3.496136663432628522e-01
-2.282583784520442194e-01
-8.848376056380946597e-02
4.987777476650667730e-02
1.688690867324922351e-01
2.542318848388991359e-01
2.958442449967704224e-01
2.890084575649070064e-01
2.394394355547002640e-01
1.524229324483237225e-01
4.320834252990168878e-02
-7.170765646079946265e-02
-1.761525947873147091e-01
-2.575790343137802640e-01
-3.060965253669213348e-01
-3.166464710007106387e-01
-2.939733859078438316e-01
-2.407223465104220139e-01
-1.670275141133600316e-01
-8.512495903482308890e-02
-6.944951533274124067e-03
5.787481732352395269e-02
1.006905107965940793e-01
1.170452712249763216e-01
1.101842563469750402e-01
8.121027824377446969e-02
3.689137344650328387e-02
-1.410429897071441285e-02
-6.366133577211186001e-02
-1.057257418150193695e-01
-1.344933689066647453e-01
-1.467098031554090465e-01
-1.456487886663491160e-01
-1.352427735648469298e-01
-1.161035463208628382e-01
-8.884289540435863497e-02
-5.407260928529566968e-02
-1.240447643363562502e-02
3.554971468066026041e-02
