9.094666908546655826e-02
3.466968953981097723e-01
5.081022514690067826e-01
5.866970435769063297e-01
5.940155780005567099e-01
5.415921610187062196e-01
4.409610989101033773e-01
3.036566979534955912e-01
1.411505133252330957e-01
-3.931538588071703533e-02
-2.234451279389736422e-01
-3.879831369304315158e-01
-5.138689067151147594e-01
-5.892227608615103751e-01
-6.035599531020925390e-01
-5.535148440957573523e-01
-4.414831548335004241e-01
-2.799345423784613818e-01
-8.254054620676787302e-02
1.283335551289974674e-01
3.301188299052690844e-01
5.005425171838773224e-01
6.212369215457975713e-01
6.771173985960805553e-01
6.597436053817355983e-01
5.731131092812031813e-01
4.232648823358342582e-01
2.250719303590558162e-01
-2.170265075482347150e-03
-2.322611075851184204e-01
-4.418303853604346187e-01
-6.061803460336797622e-01
-7.065573654663328540e-01
-7.343192885057111541e-01
-6.836551102675532121e-01
-5.584224730839473239e-01
-3.696036714873387474e-01
-1.392012058229732396e-01
1.114721428463678610e-01
3.542996120694714701e-01
5.626852729085098925e-01
7.139139794717019871e-01
7.908287857310034585e-01
7.842830099030118074e-01
6.923005207363719382e-01
5.263640406435032837e-01
3.002967203172319799e-01
3.917712152037888806e-02
-2.301513676072293180e-01
-4.778923232853828917e-01
-6.781220723355194657e-01
-8.073342725117943486e-01
-8.497858391901842445e-01
-8.037967394434181179e-01
-6.711386469141730204e-01
-4.654070551302601499e-01
-2.061298239549854694e-01
7.684817559414636179e-02
3.552894537326090063e-01
5.970778192422279140e-01
7.757119654766111427e-01
8.738961925502231054e-01
8.790323541043774114e-01
7.899934902915255464e-01
6.138512076471651646e-01
3.720195217076409655e-01
8.666206126459186088e-02
-2.102685734002451845e-01
-4.871811329212357711e-01
-7.138816972352385326e-01
-8.659171273073551500e-01
-9.254584425859821994e-01
-8.834402852559222197e-01
-7.484077126556136772e-01
-5.317562811420001312e-01
-2.572130961464749177e-01
4.749091966817120536e-02
3.476617375152042388e-01
6.122777096590492629e-01
8.112215543667582462e-01
9.219804885292601782e-01
9.358026880484475729e-01
8.487978320238767083e-01
6.708762091865962951e-01
4.192650560784720870e-01
1.244651658834781127e-01
-1.850164426362587156e-01
-4.748945738636476399e-01
-7.134390231710303620e-01
-8.759433280363884133e-01
-9.442837504878179855e-01
-9.119046803419127434e-01
-7.802868202220888394e-01
-5.665122562583985166e-01
-2.900763274952857795e-01
1.718434150307768249e-02
3.228927046815928126e-01
5.936870491473202893e-01
8.011448692926421700e-01
9.222206497272624759e-01
9.425015316852418668e-01
8.644556985888494083e-01
6.940590548443894559e-01
4.503938871546326883e-01
1.578176067672141247e-01
-1.497972652396287740e-01
-4.409844640511638714e-01
-6.826240052218527365e-01
-8.485501456782117424e-01
-9.246691004416267567e-01
-9.013655361789677523e-01
-7.821208563496956367e-01
-5.783747947408373058e-01
-3.157843803304106745e-01
-1.970443979992919648e-02
2.764353099254626134e-01
5.406092232299863909e-01
7.449929849421248473e-01
8.678752917034702197e-01
8.968863209212283305e-01
8.275832719246145608e-01
6.715075529474747729e-01
4.429376658019739121e-01
1.692067896729572141e-01
-1.204670636652730442e-01
-3.939003388298325525e-01
-6.227475468383995016e-01
-7.817421701463919126e-01
-8.532397468264654172e-01
-8.344248721461841045e-01
-7.260326076732576128e-01
-5.413644102219714593e-01
-2.995666696393887163e-01
-3.009565737742225799e-02
2.396195194403747397e-01
4.788510312239877553e-01
6.619451331875623179e-01
7.729911712978869698e-01
7.996431120277394111e-01
7.405567742930789787e-01
6.019187877554137422e-01
4.027857937854395498e-01
1.625481783861826290e-01
-9.076124446809963331e-02
-3.295424877926667051e-01
-5.285284568862793630e-01
-6.670676008173712646e-01
-7.311232857801284180e-01
-7.136145141307763673e-01
-6.219103668750280978e-01
-4.649660142362597171e-01
-2.614552486830908906e-01
-3.321158155663572753e-02
1.933234841468716159e-01
3.945631616727673929e-01
5.480469328123362960e-01
6.373585362076457095e-01
6.579394197974504088e-01
6.074033549313573310e-01
4.929782207767710034e-01
3.273026345233545076e-01
1.319362078177044317e-01
-7.326561340835169300e-02
-2.649270885516322727e-01
-4.218585793145320784e-01
-5.294313280202076477e-01
-5.767846844661819183e-01
-5.608618215083260861e-01
-4.838812666509740845e-01
-3.584490060208427309e-01
-1.972803384359053114e-01
-2.024998536432542906e-02
1.523982558627627881e-01
3.020937907342866602e-01
4.134714452955721153e-01
4.750723267391088189e-01
4.806076577877425038e-01
4.347761951422492999e-01
3.427502479647348554e-01
2.169601995268370942e-01
7.245874855894740563e-02
-7.287160095747635680e-02
-2.034427668929124078e-01
-3.041918314248368560e-01
-3.643323083742940893e-01
-3.821505380419493170e-01
-3.562754328848157792e-01
-2.913004059717284600e-01
-1.959214634808978950e-01
-8.449617466561565315e-02
3.087530005879002282e-02
1.360986113099589279e-01
2.186465126023700023e-01
2.718696443508767935e-01
2.906040267837715074e-01
2.744578696106743099e-01
2.265632787129494563e-01
1.561323830729353102e-01
7.114310484441399574e-02
-1.655174501844169921e-02
-9.518604613868242303e-02
-1.560906874369816233e-01
-1.927539241072424581e-01
-2.020749843517068989e-01
-1.838334828395010723e-01
-1.435982423298926003e-01
-8.610842195598533699e-02
-2.082329506588476153e-02
4.234156808594469190e-02
9.499875826116399580e-02
1.305605719507214602e-01
1.443253144061047433e-01
1.345914114754196422e-01
1.052168481295940872e-01
5.919972329643941045e-02
4.179483965742747387e-03
-5.124214437129259725e-02
-9.865370793642946889e-02
-1.313791541415324504e-01
-1.434013486670292492e-01
-1.320527676449042564e-01
-1.006027354848568756e-01
-5.145064491187489875e-02
8.898407863829449482e-03
7.218418770908074933e-02
1.286927413171361501e-01
1.707638034266503180e-01
1.902832125196680657e-01
1.826097059938627254e-01
1.499061628430848891e-01
9.404025427419004934e-02
2.039295858945955331e-02
-6.285743301194302024e-02
-1.438087895684503348e-01
-2.129736508215609447e-01
-2.595690505880964283e-01
-2.755151501959717253e-01
-2.587190983624620966e-01
-2.086475751268382917e-01
-1.292120581903850596e-01
-2.775858649701268277e-02
8.264658630429266850e-02
1.910671771457834733e-01
2.836210360832605026e-01
3.475177873621864144e-01
3.741358139312580544e-01
3.584255402224154619e-01
3.001158940539947473e-01
2.029851891081579929e-01
7.848914211369550920e-02
-6.238374193808793322e-02
-2.029463831002962237e-01
-3.266057690123722601e-01
-4.182435349682677161e-01
-4.663850521287310480e-01
-4.626907174952702428e-01
-4.043502218512703417e-01
-2.986619800104106659e-01
-1.537273331368753659e-01
1.454345293636993830e-02
1.882400668260160170e-01
3.468866368672658407e-01
4.730396625359716278e-01
5.499057738318877675e-01
5.665596846145226628e-01
5.223068999350581887e-01
4.185488206616667650e-01
2.649011104940002248e-01
7.595966484175442623e-02
-1.257270020633628471e-01
-3.201405697934012196e-01
-4.842154858958993557e-01
-5.986450457431272687e-01
-6.514906721439834847e-01
-6.344402556793229397e-01
-5.474873778076524422e-01
-3.971928601672418679e-01
-2.010187425426305241e-01
2.341839594351324827e-02
2.506441203669331763e-01
4.558093411408539186e-01
6.158114228472213458e-01
7.124514595409545681e-01
7.331214467597797491e-01
6.725042196289603424e-01
5.393280790526115975e-01
3.442614386537130589e-01
1.077656648305844733e-01
-1.464970800402984885e-01
-3.894949327025413188e-01
-5.957269686257941066e-01
-7.405104476042640993e-01
-8.062901206867352233e-01
-7.880365329369576344e-01
-6.843865603211412019e-01
-5.053897926176924571e-01
-2.675426830694537239e-01
1.477801593732230856e-03
2.757501255029877196e-01
5.244155707741748884e-01
7.198045658003888736e-01
8.411608257204081784e-01
8.738299604648809282e-01
8.135105692476340966e-01
6.635805872552518192e-01
4.420652495923753644e-01
1.686654976375447923e-01
-1.255559214081847230e-01
-4.093965578505138758e-01
-6.518428218615990311e-01
-8.270324826336329371e-01
-9.147267656829100035e-01
-9.031683151929245090e-01
-7.969002446303924403e-01
-6.039421452703144233e-01
-3.448340250044905630e-01
-4.509188176372425083e-02
2.608949510289264584e-01
5.420138988249656453e-01
7.662445576368785982e-01
9.087763401347586090e-01
9.574583447989339913e-01
9.044568611185348495e-01
7.550691922356380648e-01
5.228179647584429990e-01
2.351222799379104611e-01
-8.092235901867261827e-02
-3.901622595104439206e-01
-6.594572965858882529e-01
-8.603387391600438860e-01
-9.709545202420815091e-01
-9.797799760985341777e-01
-8.836359708150531844e-01
-6.956131941486181081e-01
-4.319480795727393962e-01
-1.221938006975259450e-01
2.020327120265703602e-01
5.053810659330100208e-01
7.567173850310879857e-01
9.280677413972158174e-01
1.000000000000000000e+00
9.689451902290184826e-01
8.356295889298210877e-01
6.145985410481478173e-01
3.270430612706252127e-01
6.018529761884439111e-03
-3.167065781220577136e-01
-6.048804213805386576e-01
-8.279330238260225183e-01
-9.648975316637307120e-01
-1.000000000000000000e+00
-9.299732251332218924e-01
-7.604054578957391008e-01
-5.126341564096077441e-01
-2.094107644171827598e-01
1.153848734157214562e-01
4.277934241272620675e-01
6.946886617231875505e-01
8.884738643231633315e-01
9.881758651190581944e-01
9.816507076317939617e-01
8.744818865935806151e-01
6.756581492871853722e-01
4.071630672063710765e-01
9.582813589961958201e-02
-2.232998483378551002e-01
-5.181666840059799828e-01
-7.564224414984560552e-01
-9.127617550284345960e-01
-9.747330712129244068e-01
-9.344363387293248557e-01
-7.972484881850449012e-01
-5.764653055892627886e-01
-2.990197795693596561e-01
8.865803731769705820e-03
3.136985978686666066e-01
5.834026061655981366e-01
7.907588875355326952e-01
9.143577905856150601e-01
9.422417924972863457e-01
8.704380703282303955e-01
7.105230991818070052e-01
4.768135529403207951e-01
1.955325346617293736e-01
-1.046696699978932887e-01
-3.914935316168791646e-01
-6.361961063280527906e-01
-8.125781631997358589e-01
-9.018749299485770976e-01
-8.995198591999354898e-01
-8.044761969624271147e-01
-6.276595400068530894e-01
-3.863810896359480829e-01
-1.086058845069824974e-01
1.786885694123330204e-01
4.440806397732144362e-01
6.601554561598852455e-01
8.073194018071334632e-01
8.701910682529863106e-01
8.432007290160210555e-01
7.285249778063025428e-01
5.417874658911547847e-01
3.000188108554247002e-01
3.053619978531818546e-02
-2.385327891159521041e-01
-4.794617184877382199e-01
-6.683919646141578408e-01
-7.858645004266318068e-01
-8.194557796994701437e-01
-7.706732735858876637e-01
-6.435629002199689808e-01
-4.522223411613349731e-01
-2.158510130678102934e-01
3.870481270515724326e-02
2.865509491268833919e-01
5.009444810167666962e-01
6.602399823361366771e-01
7.523523001161238621e-01
7.674697952553843905e-01
7.048363232752439256e-01
5.708555795305103597e-01
3.825248344919318644e-01
1.570637729389503523e-01
-8.117027744460181271e-02
-3.076625621835187285e-01
-4.999545830216141074e-01
-6.393660416047438622e-01
-7.119085276278751540e-01
-7.099333406158501170e-01
-6.386132533281507762e-01
-5.044327288008472188e-01
-3.214078716494002119e-01
-1.076738054941016598e-01
1.134648466726790872e-01
3.206094465121134274e-01
4.917368304881208907e-01
6.096999336917392487e-01
6.665472387023920753e-01
6.562865086588527408e-01
5.805535947484736781e-01
4.470239692974924406e-01
2.720818239288904650e-01
7.147518770136240818e-02
-1.339692145236958121e-01
-3.232001270690835204e-01
-4.780194639289367942e-01
-5.837071591213756072e-01
-6.294414063118856095e-01
-6.101303388653865900e-01
-5.321041285694425582e-01
-4.023721995295469478e-01
-2.343885416297516455e-01
-4.499218500905177720e-02
1.458167296786527789e-01
3.199400132593928081e-01
4.591795096861044367e-01
5.497474451252444272e-01
5.862592782932418700e-01
5.648381687167192133e-01
4.879883054420735000e-01
3.636614515030540673e-01
2.069889984547748085e-01
3.178155010150107707e-02
-1.442620356274025850e-01
-3.034108633280649947e-01
-4.312754075340585747e-01
-5.157923425224395508e-01
-5.481619740066775437e-01
-5.249488356496186947e-01
-4.520760012091060709e-01
-3.358224579742448146e-01
-1.875218209919299328e-01
-2.162813380735140179e-02
1.445947623021124340e-01
2.955582292419502988e-01
4.151805727953170599e-01
4.914992171229670692e-01
5.202836559353802848e-01
4.982189584659073578e-01
4.270850451184329266e-01
3.137660990411494932e-01
1.714518469464361150e-01
1.251624602789958018e-02
-1.467385615283784972e-01
-2.901678399284653986e-01
-4.045657040779471192e-01
-4.790351124848954978e-01
-5.051924148212549870e-01
-4.798052767236973271e-01
-4.087676402803035458e-01
-2.979612236498180300e-01
-1.582536924636079867e-01
-3.559471210830555954e-03
1.500418959730966950e-01
2.881625146363062662e-01
3.959411941446624450e-01
4.624871387430657954e-01
4.841688305083571287e-01
4.582177411860814953e-01
3.867519992499635073e-01
2.768807860216475625e-01
1.416794402850192203e-01
-7.145284085310121824e-03
-1.543059007816672823e-01
-2.847800509253139989e-01
-3.868268542410382427e-01
-4.504689861399420181e-01
-4.683425838010607523e-01
-4.381568329949340201e-01
-3.657326291260071249e-01
-2.569601414695068531e-01
-1.223738386851342952e-01
2.478279049129761269e-02
1.691014979227960513e-01
2.968735168645193490e-01
3.939377962742058870e-01
4.502127291572135537e-01
4.630137695497802408e-01
4.302301337263019221e-01
3.543119885891141685e-01
2.424807548116487688e-01
1.076540711463984668e-01
-3.824058095673477098e-02
-1.797250080961205754e-01
-3.021235368471016924e-01
-3.942248430414161398e-01
-4.468403076022537945e-01
-4.536675764969456681e-01
-4.133425096264231602e-01
-3.325400569791525651e-01
-2.179227161754778708e-01
-8.158299762848963965e-02
6.229601124659267519e-02
1.986762374710819845e-01
3.144005619125318507e-01
3.965226928557794572e-01
4.362938275145005207e-01
4.326929328103563677e-01
3.852800703987924180e-01
2.983428376562442530e-01
1.806180012912912414e-01
4.609471279452637127e-02
-9.281630874271495912e-02
-2.209356407095827146e-01
-3.248956525364296022e-01
-3.961829208501737032e-01
-4.273294130995494156e-01
-4.145873332178344750e-01
-3.591131135968417265e-01
-2.684684221681397087e-01
-1.501787208886385949e-01
-1.717025042966557891e-02
1.164852514618937018e-01
2.371110400894984593e-01
3.329798369140450909e-01
3.931373981564434406e-01
4.109782463796836094e-01
3.881365067456195028e-01
3.262097611657213125e-01
2.309137064718351784e-01
1.118038901554865294e-01
-1.743580140404665801e-02
-1.442510098377347560e-01
-2.539612091565621732e-01
-3.351120536153724405e-01
-3.820817182186693195e-01
-3.896386469764441252e-01
-3.564426072262307787e-01
-2.859649403774431331e-01
-1.876366981932290345e-01
-6.995230267279373138e-02
5.436378745645420452e-02
1.717712096626413665e-01
2.704212053662531368e-01
3.406875835712341871e-01
3.742983911957276089e-01
3.672169425429538947e-01
3.235474145343157915e-01
2.470453288936560465e-01
1.457743818524528390e-01
3.061167297120448438e-02
-8.554264648595577558e-02
-1.912909165954848056e-01
-2.744692460971780434e-01
-3.263336947135149213e-01
-3.445945280446560677e-01
-3.271042005321259660e-01
-2.754930769180926609e-01
-1.956333359364159641e-01
-9.824199370369035567e-02
7.835489965193342954e-03
1.110610981409836384e-01
2.001027807858466456e-01
2.671622373827930996e-01
3.056585501268840321e-01
3.112947825596890095e-01
2.836388088676466968e-01
2.279840243160580204e-01
1.491344154860976268e-01
5.583015972549820738e-02
-4.161228912434111749e-02
-1.328328153848392645e-01
-2.089341978296468394e-01
-2.609345599859427267e-01
-2.832879040491002032e-01
-2.771479563679358771e-01
-2.429293184794250049e-01
-1.836147054085141006e-01
-1.056557881356362527e-01
-1.868886699237226612e-02
6.891980139089470825e-02
1.468723582691557894e-01
2.067587550778642314e-01
2.447583710254308542e-01
2.570905922901254304e-01
2.421603232574989217e-01
2.020212638853831066e-01
1.429297707665284634e-01
6.990677713899451362e-02
-8.914907309694020121e-03
-8.436358199044591277e-02
-1.489585219986764297e-01
-1.966632546913287261e-01
-2.217187863941759707e-01
-2.214475707404822691e-01
-1.989026108228125755e-01
-1.560773722832451416e-01
-9.771302971099515844e-02
-3.085232480259936239e-02
3.681692460278140899e-02
9.869220543931778167e-02
1.471720426736928822e-01
1.771945194799666723e-01
1.886525706341319886e-01
1.804080425321363812e-01
1.528248275355397201e-01
1.096554594966558938e-01
5.742490323556692644e-02
7.759581507453816585e-04
-5.383551869486724595e-02
-1.001468726002459064e-01
-1.351127537540115497e-01
-1.555035269909609275e-01
-1.585402710739873822e-01
-1.444208227465484384e-01
-1.167568640569552896e-01
-7.782292581171834644e-02
-3.185679020303389120e-02
1.545976559192063782e-02
5.921433271173137669e-02
9.540551924072460110e-02
1.194743660470045654e-01
1.290778333078541618e-01
1.258763212737379344e-01
1.100593770149267403e-01
8.285231400174830618e-02
4.792187048767071467e-02
9.793859121709269644e-03
-2.810075864738892371e-02
-6.088329499672529010e-02
-8.483832144879210890e-02
-9.962520232472260595e-02
-1.039159973621950339e-01
-9.640565833326553147e-02
-7.844189430400616558e-02
-5.353822041128453169e-02
-2.371785371201273751e-02
7.627615040190383056e-03
3.655851659899234107e-02
6.098961550792791897e-02
7.880280374181181102e-02
8.693071385879225232e-02
8.467379549275277917e-02
7.443659104541211491e-02
5.691643209571273232e-02
3.403902929615409967e-02
9.341859368373617301e-03
-1.439999464092978076e-02
-3.524039331240758077e-02
-5.057636920866359631e-02
-5.891989549325771236e-02
-6.108735369759898948e-02
-5.678295679398215334e-02
-4.605596696335378937e-02
-3.105337440388300507e-02
-1.475343471027779074e-02
1.628756066236469735e-03
1.645060746262716478e-02
2.801075041793699150e-02
3.643608469982861919e-02
4.087369946468433213e-02
4.010673696753785933e-02
3.478923099276332032e-02
2.661437575533809330e-02
1.616177339944635527e-02
4.547170439669123709e-03
-6.615187626897500728e-03
-1.643374461249480500e-02
-2.405835893685992488e-02
-2.838098931525867563e-02
-2.921725461872115570e-02
-2.748827873162251745e-02
-2.325044988872904117e-02
-1.675999658284510474e-02
-9.123537013959404085e-03
-1.386934994305644153e-03
5.841495030780352593e-03
1.174634569480570434e-02
1.580017683019230290e-02
1.825258569294141431e-02
1.885074184151513954e-02
1.729401772397776149e-02
1.405829520406332023e-02
9.944834732584340031e-03
5.256436328810121239e-03
4.172613338386810256e-04
-4.015048260383791146e-03
-7.844735670616054257e-03
-1.070493519067983179e-02
-1.195246195962595959e-02
-1.151668496861024682e-02
-9.881766970653238502e-03
-7.166298867617659774e-03
-3.780766573411753484e-03
-3.341585624005993793e-04
2.839020952831061706e-03
5.453219052130142686e-03
7.146555162353296353e-03
7.764885866399673375e-03
7.453104329411930351e-03
6.252213953033880500e-03
4.435796871336883385e-03
2.490007649558423353e-03
8.854783482399319894e-04
-2.664008200938816628e-04
-9.935977151406261143e-04
-1.285032804080654678e-03
-1.358524128704186040e-03
-1.195480442810148425e-03
-7.644894894103249072e-04
-2.843070893969734669e-04
4.291380342391626357e-05
1.940705586389590565e-04
2.022034652879867167e-04
1.044970864882976969e-04
3.480970178482145627e-05
-2.612239416310835338e-05
-1.388151599988063367e-04
-2.455106762533354470e-04
-3.053918758639806441e-04
-3.158226124831964299e-04
-2.750082795883734832e-04
-2.015864020461499706e-04
-1.413736240819529755e-04
-8.867997882822109545e-05
-2.488941087230855942e-05
3.972644285510362749e-05
1.055583093605427791e-04
1.696823690708892940e-04
2.223224508588472759e-04
2.654043680412332407e-04
3.070118237691321639e-04
3.454327706025051015e-04
3.811007802010379919e-04
4.144494242237506398e-04
4.459122743296628499e-04
4.759229021780164715e-04
5.049148794278313090e-04
