-6.879536612548471375e-01
-2.973601941167606233e-01
3.702093149543084216e-02
3.140774624347386634e-01
5.326971455541740230e-01
6.917677277067482144e-01
7.901769557454723092e-01
8.268125765233640401e-01
7.861038743343669033e-01
6.628870707501430815e-01
4.667177471253689536e-01
2.192236572828922814e-01
-5.478075016549810439e-02
-3.262145053254926763e-01
-5.667029174893531973e-01
-7.493962093111681266e-01
-8.538079007828209832e-01
-8.704157397494571846e-01
-7.948084303909190851e-01
-6.352023106592784574e-01
-4.058344657345331896e-01
-1.328692431691678166e-01
1.575466698352339101e-01
4.334667437839094806e-01
6.655808370274676200e-01
8.291970533678121313e-01
9.059182041236155669e-01
8.879432406710949799e-01
7.746376631041465011e-01
5.797891116598938854e-01
3.205722023928538889e-01
2.594899991302357378e-02
-2.741820856528511818e-01
-5.471987690569921625e-01
-7.646164480883415049e-01
-9.024812682831154786e-01
-9.445385601406874887e-01
-8.886845856269808275e-01
-7.379405723791072624e-01
-5.090132841526151530e-01
-2.235543402347771602e-01
8.629900877033502837e-02
3.894055908220690476e-01
6.519765095483216477e-01
8.459015468990374043e-01
9.521092771841872526e-01
9.574552525688577731e-01
8.618008882619330180e-01
6.727864184853966645e-01
4.128749455429896464e-01
1.064946565390598732e-01
-2.124266020215087591e-01
-5.107652972691578697e-01
-7.564700739633476445e-01
-9.232594127534262674e-01
-9.930935015273275601e-01
-9.563731626914893091e-01
-8.201337654329485805e-01
-5.959945391284121596e-01
-3.090201560635833511e-01
1.219027089567426003e-02
3.318097068501559832e-01
6.170210993645395270e-01
8.365173496419520127e-01
9.661827337988044828e-01
9.944467576014064392e-01
9.161812368765995807e-01
7.410346414287711792e-01
4.853990586170242594e-01
1.792757603300771940e-01
-1.473660393794687939e-01
-4.587211895959901753e-01
-7.217539108729176256e-01
-9.090090769279765004e-01
-1.000000000000000000e+00
-9.860568341743881637e-01
-8.666517611131697718e-01
-6.572041995269435333e-01
-3.768743452702640884e-01
-5.754721821290087469e-02
2.679633382108672635e-01
5.643453881642164216e-01
8.006979714281468041e-01
9.516170572172502062e-01
1.000000000000000000e+00
9.439236133370523252e-01
7.870744403188407734e-01
5.477310147655580774e-01
2.492412967524275658e-01
-7.440004064718996890e-02
-3.903161901234531994e-01
-6.635252978737348206e-01
-8.649289012710759117e-01
-9.753597185804753211e-01
-9.818381456370511851e-01
-8.850308309590413369e-01
-6.934502974437333211e-01
-4.306615263516503367e-01
-1.220170179764279439e-01
1.979574923997200475e-01
4.957985031520908414e-01
7.397494893348224299e-01
9.039871771319225591e-01
9.714467653308949124e-01
9.334518877895237043e-01
7.980429227903069744e-01
5.775399618808036983e-01
2.972987822776396172e-01
-1.423033029949483108e-02
-3.220876008237998356e-01
-5.945358515759067153e-01
-8.020496882655118176e-01
-9.221441689834306565e-01
-9.450797723427588615e-01
-8.670272979199515895e-01
-6.984546462126999256e-01
-4.559207730545923321e-01
-1.685973970873101413e-01
1.349975531987042121e-01
4.214850895805719588e-01
6.603406909033016081e-01
8.272325151309312119e-01
9.042393922097922143e-01
8.850234242361836312e-01
7.704521337915040124e-01
5.761123988433853871e-01
3.205072601616971717e-01
3.332678233434283044e-02
-2.555408994276631152e-01
-5.147574035918296431e-01
-7.173245903566518589e-01
-8.420469412232024498e-01
-8.750393546041559389e-01
-8.167934319959699874e-01
-6.721331048860907931e-01
-4.585550492740828599e-01
-1.975794454546734302e-01
8.058308618448140059e-02
3.474324252704099614e-01
5.734684110196925921e-01
7.347032119049299315e-01
8.169112977810819576e-01
8.106311252983136040e-01
7.186077249246971554e-01
5.498302040705116411e-01
3.258325447549397236e-01
6.875960463638586262e-02
-1.922640945255853495e-01
-4.295210594265851389e-01
-6.181281846700529270e-01
-7.382646400113652696e-01
-7.785108097920002690e-01
-7.338723674105340766e-01
-6.129732831212025834e-01
-4.273778544965198822e-01
-1.995486619561065433e-01
4.651118716814028886e-02
2.832588332924692587e-01
4.861311605205296260e-01
6.334136245383006347e-01
7.091966811707017815e-01
7.090680278051908481e-01
6.323991120896319540e-01
4.896792669176570634e-01
2.957574005948888640e-01
7.440559579539729462e-02
-1.517215015003002820e-01
-3.572321605516188825e-01
-5.202136076991683566e-01
-6.255289657141585025e-01
-6.618369021760788229e-01
-6.272326971783800387e-01
-5.253131516190223671e-01
-3.704595273062960548e-01
-1.781319778680784394e-01
2.897267060459474131e-02
2.285550006420207225e-01
3.991940342582658285e-01
5.230555573488777643e-01
5.877193022076649953e-01
5.861067463316056436e-01
5.226149701223172794e-01
4.036448404663959266e-01
2.437953442196225673e-01
6.005920222226102112e-02
-1.259756682436995456e-01
-2.947644070119727067e-01
-4.276771443202709300e-01
-5.104731077745729984e-01
-5.375300509438359908e-01
-5.058222664271219138e-01
-4.207152188840284079e-01
-2.915183230723901175e-01
-1.351759065001342242e-01
3.224111100256243923e-02
1.916395691837835535e-01
3.253800143713092563e-01
4.200582792415488154e-01
4.658469581453514863e-01
4.595411116474452662e-01
4.018755836150527117e-01
3.022639682496013336e-01
1.709651733567083554e-01
2.449603891214802154e-02
-1.205787505331127329e-01
-2.481955035967651213e-01
-3.448361960167560802e-01
-4.004586362255889709e-01
-4.090450365258428977e-01
-3.733386838897047033e-01
-2.972429977017502223e-01
-1.906897327012029297e-01
-6.573604193702198284e-02
6.191882572019613562e-02
1.784397421457193378e-01
2.704489766731850153e-01
3.278456168521517444e-01
3.473146479878537196e-01
3.267119844974348819e-01
2.696979886418995331e-01
1.830811710288542393e-01
7.904124643192522726e-02
-3.132673660049201114e-02
-1.347942129628101338e-01
-2.191975571537405632e-01
-2.759576768644294020e-01
-2.990339566249154979e-01
-2.872506505241925190e-01
-2.421393429181839529e-01
-1.712887424199283082e-01
-8.230616875826413104e-02
1.312848517545561755e-02
1.034683506201181658e-01
1.782914634170889023e-01
2.292155028372857561e-01
2.508525500256020280e-01
2.406923359415178432e-01
2.022147227921495816e-01
1.393751668481122419e-01
6.091464307291416524e-02
-2.356732109477899240e-02
-1.033228912501706898e-01
-1.691226418065081560e-01
-2.125581930227867788e-01
-2.281556797370890566e-01
-2.164025731149605836e-01
-1.782016048553021204e-01
-1.185325755147432769e-01
-4.439714567196206829e-02
3.391130989429735898e-02
1.073979792792945087e-01
1.663154046237322881e-01
2.031123465920683380e-01
2.147347751846175878e-01
1.992007649092217836e-01
1.585134257700455684e-01
9.713063813237776678e-02
2.393567454806699857e-02
-5.325472154799193447e-02
-1.244780931428112192e-01
-1.804729681429935173e-01
-2.145798856182209446e-01
-2.223151325917941401e-01
-2.026808988840895775e-01
-1.571051609428726348e-01
-9.212978066804855537e-02
-1.416253717215032459e-02
6.672497623492068541e-02
1.405528669359257243e-01
1.981705987743500597e-01
2.324664547366284140e-01
2.385402741753044342e-01
2.144531288137638825e-01
1.640249301281764271e-01
9.154215098694717945e-02
6.049853898604018454e-03
-8.257839349072992885e-02
-1.633582025244357805e-01
-2.269845404938133360e-01
-2.648478181096537432e-01
-2.714847864455136595e-01
-2.473157210688583518e-01
-1.936247484794889617e-01
-1.161406331429548633e-01
-2.292495296520791204e-02
7.409621030364976768e-02
1.645560423612155709e-01
2.370374476207228742e-01
2.825097709797490531e-01
2.965720952528232424e-01
2.762977683603942136e-01
2.232860233070956824e-01
1.423230406542816961e-01
4.353031827222952899e-02
-6.353099968998532354e-02
-1.660119928007592893e-01
-2.518653501193804933e-01
-3.111485008726039281e-01
-3.365758006702223026e-01
-3.248131594626240126e-01
-2.757857315812273225e-01
-1.956299597110244815e-01
-9.125204400713671227e-02
2.510013294714497079e-02
1.407446988274871913e-01
2.423720981534041030e-01
3.187515933995543893e-01
3.602344230086358401e-01
3.610139914631758096e-01
3.224876338713325019e-01
2.472069322685646053e-01
1.430512768241796184e-01
2.035453424327449135e-02
-1.063553917311258479e-01
-2.238084321508002628e-01
-3.177288615778056657e-01
-3.771881393321692144e-01
-3.967807643998372269e-01
-3.729439769891434997e-01
-3.077757768819453510e-01
-2.071352892023005099e-01
-8.331679495285049253e-02
5.188198955879852470e-02
1.829630134317663526e-01
2.952461609981715807e-01
3.763071715546466578e-01
4.168338643947913091e-01
4.120319361102786626e-01
3.609969816898028760e-01
2.703390073619165168e-01
1.478902154548673575e-01
8.024099956938757217e-03
-1.342906132020503795e-01
-2.631409292166992930e-01
-3.648154815824977693e-01
-4.273897617964380613e-01
-4.431041297563101944e-01
-4.120183456099144603e-01
-3.359755516728996083e-01
-2.232349770094849140e-01
-8.498479926821933539e-02
6.240046698331025432e-02
2.038468085866391721e-01
3.228811358309111590e-01
4.063704338343314681e-01
4.468559870865076444e-01
4.388245867481608276e-01
3.829489094339826316e-01
2.842372200501168678e-01
1.549000096410102500e-01
7.161388756375286491e-03
-1.421472769915990142e-01
-2.768162087529284499e-01
-3.822543756104112012e-01
-4.469593313775724885e-01
-4.638135205336928468e-01
-4.299175822843330774e-01
-3.508053096469052612e-01
-2.333984292793436222e-01
-9.098628861877999796e-02
6.169555131500636946e-02
2.073744918801063708e-01
3.308365814643321468e-01
4.179697758324227852e-01
4.587507166124329405e-01
4.508433551949784235e-01
3.939449807771246981e-01
2.945025784257053747e-01
1.623250248883087998e-01
1.323991289477532973e-02
-1.378580893056400303e-01
-2.737865241636137092e-01
-3.796277376582652963e-01
-4.450011541329047526e-01
-4.623835358708898724e-01
-4.303223591808367221e-01
-3.514356126997172369e-01
-2.360378824323519087e-01
-9.495710392507894504e-02
5.567473186418681053e-02
1.996887048564583989e-01
3.214466513208620313e-01
4.080629907313031435e-01
4.497929106646318953e-01
4.412636409678107885e-01
3.860752857397560245e-01
2.891178291500076103e-01
1.614580602650836916e-01
1.633290851435864610e-02
-1.294726824721114111e-01
-2.608675378255396193e-01
-3.630151977516273831e-01
-4.246675197863160056e-01
-4.412857468135596983e-01
-4.104126602007983626e-01
-3.360764531004474254e-01
-2.259150030527786734e-01
-9.391333568293014356e-02
4.702302768578103809e-02
1.812378683947943880e-01
2.940065546117136552e-01
3.739391687222033411e-01
4.125075946994376519e-01
4.063101966347844041e-01
3.556051301974132439e-01
2.677523008684685735e-01
1.510166956156615559e-01
1.922670127769077197e-02
-1.133936441402784157e-01
-2.323377374956998587e-01
-3.251987302723102768e-01
-3.817422398674019668e-01
-3.955305319254809326e-01
-3.677908476586301267e-01
-3.008982243118517586e-01
-2.026377428200569764e-01
-8.324340817586250996e-02
4.306625897878380016e-02
1.632086284271245802e-01
2.633501449029467256e-01
3.326460506490542812e-01
3.657464106316490327e-01
3.587763739243927663e-01
3.131018039471011871e-01
2.335415566171044066e-01
1.307075950001848064e-01
1.467784447797026992e-02
-1.012782307565553985e-01
-2.042996587088110605e-01
-2.837167033145241435e-01
-3.312872588570291432e-01
-3.424901990990574241e-01
-3.159541485764242319e-01
-2.565872881486490620e-01
-1.700126183705285010e-01
-6.708131616770252048e-02
4.064957192958629228e-02
1.411821495942284788e-01
2.240632222649237004e-01
2.800741920937557250e-01
3.030904114718564468e-01
2.932031857574302069e-01
2.512545739071061490e-01
1.824402893761929434e-01
9.434143187520116491e-02
-1.902243992618402046e-03
-9.622954565604802113e-02
-1.775511291823638205e-01
-2.370683193739291372e-01
-2.704674125595236678e-01
-2.740358241315709042e-01
-2.478505144623585066e-01
-1.950458803306408528e-01
-1.232409265443183966e-01
-3.956738036077811493e-02
4.598465134311058300e-02
1.236100451752766283e-01
1.852264266604837228e-01
2.244890010327786900e-01
2.376967648064776117e-01
2.235710267808881380e-01
1.856315360362470468e-01
1.275943815453939312e-01
5.683415651551726455e-02
-1.843659685920362445e-02
-8.955864917817346615e-02
-1.490283149643210070e-01
-1.899055299440186584e-01
-2.077075709906068823e-01
-2.029224551138925081e-01
-1.760374112031443117e-01
-1.303600429072948597e-01
-7.118704116562246664e-02
-6.309830163184870777e-03
5.734800312165222458e-02
1.119608343149649521e-01
1.513467267922015136e-01
1.728341350578785907e-01
1.741213611231628988e-01
1.553946463755544460e-01
1.190806960602499576e-01
7.086315195238146458e-02
1.560980794143151940e-02
-3.989822632632988864e-02
-8.883473182234791210e-02
-1.260802117348354123e-01
-1.477876653662902884e-01
-1.517697674260372054e-01
-1.376636064673512072e-01
-1.085466356493997031e-01
-6.727755180099437293e-02
-1.965257177721324577e-02
2.812020131370651654e-02
7.051298025053354124e-02
1.029386048184741664e-01
1.214490494715740887e-01
1.239350541279946594e-01
1.118788790192795091e-01
8.643967898598980959e-02
5.086143221277050763e-02
9.715106870572531861e-03
-3.136568142568563200e-02
-6.780166314878277589e-02
-9.468859627635739518e-02
-1.088245215966856527e-01
-1.105236449967191836e-01
-9.940579047596631579e-02
-7.651715573772621681e-02
-4.482798263469356392e-02
-9.113942415574283196e-03
2.683178630290083966e-02
5.818197559227211713e-02
8.073004567565966738e-02
9.257169808784104781e-02
9.231140481032618084e-02
7.995703003342535808e-02
5.700882457267630876e-02
2.718961342638626100e-02
-6.574901645936548356e-03
-3.979810100027214581e-02
-6.786730432104493005e-02
-8.757580842108203534e-02
-9.664566271742136561e-02
-9.382972916487408721e-02
-7.929021811164183031e-02
-5.555185909642146314e-02
-2.466309029471869252e-02
9.331105096687775102e-03
4.193504078258403212e-02
6.923992609159990153e-02
8.814524205839591176e-02
9.581995916809615821e-02
9.107797114954996331e-02
7.562522053537290567e-02
5.061388686540801984e-02
1.877326484329211453e-02
-1.604047648961048900e-02
-4.937179839226346623e-02
-7.753565374502879859e-02
-9.634642462485054626e-02
-1.032547842622989487e-01
-9.878564763754671407e-02
-8.297622273012850158e-02
-5.700868283016080618e-02
-2.377652239142191704e-02
1.217317344625534759e-02
4.723823107152735901e-02
7.683708427553548326e-02
9.707098937392388827e-02
1.062563057647480935e-01
1.031142724891389584e-01
8.752216916001809288e-02
6.099912948098928922e-02
2.727295615752378666e-02
-1.069267831733489160e-02
-4.836997630475459165e-02
-8.097636636922900255e-02
-1.049159339021814574e-01
-1.175624305133926573e-01
-1.169095412972653847e-01
-1.026000006455420888e-01
-7.711334893557209025e-02
-4.250710776642196986e-02
-2.938643068524537938e-03
3.674725142952350865e-02
7.200415115883207484e-02
9.910667720086907551e-02
1.143233228064046703e-01
1.156467159374572340e-01
1.042549533401568862e-01
8.091544705985853625e-02
4.778209145618950160e-02
8.615010566977110429e-03
-3.147230247166643569e-02
-6.845581831563385400e-02
-9.763580095013590920e-02
-1.155062929787592507e-01
-1.213922165432388400e-01
-1.143378052669281608e-01
-9.455099134559141749e-02
-6.418649402785159275e-02
-2.732413671539146716e-02
1.273008272107434280e-02
5.119633563803271947e-02
8.336961414142352034e-02
1.060876726014259308e-01
1.169674740932744594e-01
1.145748974024740630e-01
9.905538362534604957e-02
7.301191976312382259e-02
3.856875338849885537e-02
-3.773518405900677664e-04
-3.924246390467767132e-02
-7.378079857135722008e-02
-1.004931096627657006e-01
-1.158626475575840198e-01
-1.180695642402397327e-01
-1.083840344273159229e-01
-8.748349475403516262e-02
-5.721897233812900385e-02
-2.096544637970965130e-02
1.682536807219481290e-02
5.240644832601226710e-02
8.123894166060674493e-02
1.000110252807313582e-01
1.079989232792646359e-01
1.042126649058658927e-01
8.861007627140482512e-02
6.296297232622372064e-02
3.088075772391052354e-02
-4.813436136021476131e-03
-3.997375690708937501e-02
-7.036663765237094470e-02
-9.316640226412575831e-02
-1.061226347886236043e-01
-1.073950481944508928e-01
-9.674703166513187735e-02
-7.644136608013363254e-02
-4.814410755119236107e-02
-1.518585478175105141e-02
1.834828483964390244e-02
4.884217461288220541e-02
7.332417286683989843e-02
8.871215867387038934e-02
9.334447065446616065e-02
8.817081054497166726e-02
7.355885813362328385e-02
5.082969633689549127e-02
2.280312130093453682e-02
-6.779050611469106258e-03
-3.512249152156177168e-02
-5.876252976642870607e-02
-7.505240664057355460e-02
-8.368126776807471856e-02
-8.374834484196846951e-02
-7.479355006673549244e-02
-5.805859710921013050e-02
-3.609251043845251861e-02
-1.075374654174121591e-02
1.489633756562636080e-02
3.769621838209724629e-02
5.572620156977170502e-02
6.732435904345734912e-02
7.091627581778814360e-02
6.624842755307835951e-02
5.496478690225137242e-02
3.793603425334723944e-02
1.690163523097409914e-02
-5.470178856994523109e-03
-2.671729933589539474e-02
-4.485169850533465841e-02
-5.741082553077170303e-02
-6.308732478083978190e-02
-6.263363469512606141e-02
-5.598058920790438542e-02
-4.351554865595408383e-02
-2.696951281282333746e-02
-8.599582348310486068e-03
9.989692723479048908e-03
2.638379157408854425e-02
3.861343954361284858e-02
4.637489611349643326e-02
4.895980877509953366e-02
4.561479731372775070e-02
3.693762299532199478e-02
2.471441834365806223e-02
9.910101600836274116e-03
-5.812989652998146184e-03
-2.042372780895984619e-02
-3.280253914619335465e-02
-4.186075448231141305e-02
-4.596814453034858694e-02
-4.473246093465743645e-02
-3.941039058233852810e-02
-3.034385060421596059e-02
-1.852370780580903098e-02
-5.803855845145755588e-03
6.352350632766512462e-03
1.695080512905122738e-02
2.465477822307082789e-02
2.868392629999205745e-02
2.946101866162087468e-02
2.685097910214895300e-02
2.091475861776492806e-02
1.280805338060586607e-02
4.118562229441735667e-03
-4.510727360243160788e-03
-1.220495092180595709e-02
-1.806495020684140140e-02
-2.217981964836579500e-02
-2.412310063111577918e-02
-2.328948854354873088e-02
-2.006250280579169321e-02
-1.536308680104625513e-02
-9.528242092000427377e-03
-3.201135126554177646e-03
2.739581224803888659e-03
7.836967661028371168e-03
1.164472952061146316e-02
1.358720415723979613e-02
1.360302879737096404e-02
1.222675686985796872e-02
9.522918852784556520e-03
5.685390766233533455e-03
1.346921613578411225e-03
-2.930945892716363410e-03
-6.808941439856441846e-03
-9.834405385683919754e-03
-1.174405533626821097e-02
-1.271672972817639025e-02
-1.264113943705702514e-02
-1.139981815345458838e-02
-9.296643975035046026e-03
-6.783238311782291419e-03
-4.045394216144915234e-03
-1.341931698647158555e-03
1.027166321750483391e-03
2.989978854642583173e-03
4.359596890747274855e-03
4.824679032747747343e-03
4.392997934275388872e-03
3.346616594210871654e-03
1.760937492934822046e-03
-1.532561371555551943e-04
-2.079801982522888615e-03
-3.848812893222697262e-03
-5.302006532953540408e-03
-6.224025668220889429e-03
-6.537898624068394504e-03
-6.347641133279458003e-03
-5.676430598343218392e-03
-4.672601253168262581e-03
-3.597246029684808555e-03
-2.681105168230280000e-03
-1.993447791262981106e-03
-1.543435340929821820e-03
-1.345623732314615850e-03
-1.298903058107536701e-03
-1.410993334130750121e-03
-1.680994970710614211e-03
-1.981016713566430276e-03
-2.185582926905849099e-03
-2.280926180500686407e-03
-2.292570460329934612e-03
-2.240531022257741256e-03
-2.203184676251357388e-03
-2.169608485925400565e-03
-2.103619593079253391e-03
-2.040213171922267144e-03
-2.004659993937507600e-03
-1.998417637582239337e-03
-2.021987737164221421e-03
-2.064221438872415604e-03
-2.097743491362602519e-03
-2.126105016570956074e-03
-2.160855764665736700e-03
-2.196000892206950716e-03
-2.231754425287335586e-03
-2.266581637155651308e-03
-2.295051523980684571e-03
-2.318564077339546614e-03
-2.342038276516689166e-03
-2.364064962051770635e-03
-2.384859520505377972e-03
-2.404637338437209948e-03
-2.423613802407742490e-03
-2.442004298977007437e-03
-2.460024214705258672e-03
