-4.033109387382026734e-01
-3.758525049664485085e-01
-3.154756080365379578e-01
-2.301939363414164941e-01
-1.280211782740293680e-01
-1.697102222732171928e-02
9.494284340576109038e-02
1.997067302322750315e-01
2.806642071490916823e-01
3.327696282886416501e-01
3.505530567928758501e-01
3.309786313606088992e-01
2.753647132485774751e-01
1.912737130744219805e-01
8.558388698677932283e-02
-3.003327244668985152e-02
-1.432513827673976836e-01
-2.420985477257897589e-01
-3.165096393219912763e-01
-3.576107027213996092e-01
-3.602878851933614124e-01
-3.266012651200568273e-01
-2.590029166360208190e-01
-1.639674800702025648e-01
-5.084838103637334683e-02
6.744472592352090956e-02
1.791812193954340771e-01
2.713359711104597061e-01
3.339151042780497125e-01
3.622852905312696770e-01
3.527177290008021160e-01
3.056523258864793924e-01
2.255272943319210910e-01
1.222969998266953962e-01
5.148766504510238207e-03
-1.132227782605335076e-01
-2.199615553162960202e-01
-3.040734516385199537e-01
-3.569603785208570468e-01
-3.724316167833693347e-01
-3.480557969591872025e-01
-2.885755342492277720e-01
-1.990094168459475288e-01
-8.906103075526061730e-02
2.972152642679004586e-02
1.443147689187538329e-01
2.432943484025282821e-01
3.153904066297066322e-01
3.527128031446495893e-01
3.536664310339390216e-01
3.174442406529529581e-01
2.476270030289262625e-01
1.513356633628903936e-01
4.033737576492857357e-02
-7.493365785882910579e-02
-1.817573895379080984e-01
-2.686534839186616175e-01
-3.279277556679049965e-01
-3.532658214880870506e-01
-3.418579718234079357e-01
-2.946443070305463374e-01
-2.179893176765295149e-01
-1.184333091372868907e-01
-7.113525562577382999e-03
1.041169133246515610e-01
2.037369149642633825e-01
2.818754339197959702e-01
3.296729261637600938e-01
3.418091237467137944e-01
3.197006006840770187e-01
2.649395120497151090e-01
1.827890088790380396e-01
8.142740901686784660e-02
-2.762237443502979506e-02
-1.337128391731600141e-01
-2.247053139217449758e-01
-2.911837325023807210e-01
-3.285050199976953245e-01
-3.324755169145439115e-01
-3.023646053947796064e-01
-2.412478000669472378e-01
-1.570857033554458049e-01
-5.724657930748000556e-02
4.753745504333029004e-02
1.460387394842832531e-01
2.283678629525516257e-01
2.864682668248037523e-01
3.136400574015338893e-01
3.065877494784996493e-01
2.686416588167859221e-01
2.030629010696507475e-01
1.166294797354188173e-01
1.834667530938949298e-02
-8.095661139443788290e-02
-1.716180881796168789e-01
-2.434221489933805493e-01
-2.888685523445876369e-01
-3.055495746432358439e-01
-2.914505951241032067e-01
-2.478541796708920719e-01
-1.794292401209348631e-01
-9.488633952330338683e-02
-1.692502887112534715e-03
9.034710968080594817e-02
1.714594275475289642e-01
2.343548808011242102e-01
2.729432845456647438e-01
2.829514861124493574e-01
2.632976855161024421e-01
2.179895130413702642e-01
1.508330947677247735e-01
6.868524049167645806e-02
-1.997578279409373270e-02
-1.058676263790514493e-01
-1.808099873048409911e-01
-2.363802409451775111e-01
-2.668623976415110954e-01
-2.715936530452004449e-01
-2.497569730282473977e-01
-2.029909194676770001e-01
-1.359919584621958055e-01
-5.663761747764683996e-02
2.794604917716814185e-02
1.085673923253995810e-01
1.768612347651805639e-01
2.271897684751282842e-01
2.545938282685002996e-01
2.555546568279198905e-01
2.297746608720232508e-01
1.816119023327416038e-01
1.149588650717605631e-01
3.676855265382861226e-02
-4.465504941734887989e-02
-1.210925407516435515e-01
-1.854100555832648434e-01
-2.303897105565673176e-01
-2.513792054933783326e-01
-2.484843110355059448e-01
-2.216177111817470013e-01
-1.728728766808744766e-01
-1.072429808198489543e-01
-3.247961119028452970e-02
4.476978005760745560e-02
1.162008760950377084e-01
1.745705544360240946e-01
2.156916613108921243e-01
2.353896062345974816e-01
2.308346114543429195e-01
2.024673266968279872e-01
1.545690736075973071e-01
9.089755041224489851e-02
1.777729591423660160e-02
-5.721975843775461978e-02
-1.265184654096901395e-01
-1.835970033137903634e-01
-2.216894581007914367e-01
-2.366164886708467252e-01
-2.289445484881058590e-01
-1.988766240795269979e-01
-1.484728222288123067e-01
-8.258801531246362515e-02
-8.683151303975122914e-03
6.656546315314959550e-02
1.346630013878800103e-01
1.884333912161075819e-01
2.237318211327217199e-01
2.367351673027016101e-01
2.250545602068658724e-01
1.895320507558087009e-01
1.350114418686230167e-01
6.573314046468414773e-02
-1.094258132427805563e-02
-8.667167946854514859e-02
-1.537849335587250232e-01
-2.058384319101957960e-01
-2.365576251485187464e-01
-2.423906559673841832e-01
-2.247266425364550235e-01
-1.846685195417334668e-01
-1.254574891378100743e-01
-5.304310772863141121e-02
2.409410758623442561e-02
9.870300295874168128e-02
1.621765287025589419e-01
2.077712703006406869e-01
2.325398584125193402e-01
2.334009684386599837e-01
2.092602113155210830e-01
1.623967466666409454e-01
9.865082601266927931e-02
2.324679799303108751e-02
-5.565153939307321274e-02
-1.293785892370687973e-01
-1.903088181246187505e-01
-2.322865243459930618e-01
-2.498970192331374518e-01
-2.406293327996650300e-01
-2.073132067683272073e-01
-1.524776140855842455e-01
-8.116433671663170202e-02
-6.166727997342080769e-04
7.997389194897475129e-02
1.525586225845960708e-01
2.081628432241997562e-01
2.404420535275282322e-01
2.477429819006844447e-01
2.285386766654067259e-01
1.839833908242647365e-01
1.184547954663501823e-01
4.015316958577064277e-02
-4.382286190955808625e-02
-1.239434299500942194e-01
-1.909646999429140957e-01
-2.380230023822437202e-01
-2.599422432593073706e-01
-2.535968758692340730e-01
-2.189185555319732579e-01
-1.608528593495135439e-01
-8.418667680146152410e-02
2.199756742653047326e-03
8.851710639823173743e-02
1.652174488222404314e-01
2.242857853183981565e-01
2.581878835546811413e-01
2.625618248569285829e-01
2.389352455138302744e-01
1.888747989816117467e-01
1.171531187441960942e-01
3.126653165629278419e-02
-5.815480548860840759e-02
-1.420220159513917446e-01
-2.100607683365118827e-01
-2.544394381916412762e-01
-2.720809495672176226e-01
-2.602239962946890639e-01
-2.193300456595942416e-01
-1.534308755389819368e-01
-7.104997741298302305e-02
2.020153354802323165e-02
1.096244356070041892e-01
1.866918478813548443e-01
2.429024308644682772e-01
2.719112837738897337e-01
2.699994458269623365e-01
2.365343618212314425e-01
1.764133114059567298e-01
9.468900388300061088e-02
8.370631193070909859e-04
-9.463681747248620102e-02
-1.806657988857974795e-01
-2.479011656111599349e-01
-2.874646332844450480e-01
-2.940168825073395942e-01
-2.688230536698649198e-01
-2.134115907511400234e-01
-1.332273347294998800e-01
-3.652597947881419671e-02
6.470614032303378949e-02
1.598574782983781528e-01
2.368599026521291950e-01
2.863902059629179764e-01
3.041856327405130234e-01
2.871528219937447002e-01
2.364001146792580332e-01
1.566921190178602874e-01
5.835803696243502259e-02
-4.927626788655981027e-02
-1.534301611413313449e-01
-2.416617396417235497e-01
-3.038507382656121525e-01
-3.325972990451870892e-01
-3.238801318459740841e-01
-2.772883322941394058e-01
-1.990293086258850819e-01
-9.577862177196183602e-02
1.986929940025272678e-02
1.346896002653945601e-01
2.353267338050224478e-01
3.105816405847245942e-01
3.505358317708893168e-01
3.494098483568262026e-01
3.091663976546268344e-01
2.325534831288433857e-01
1.275375716341418109e-01
5.008550405879663714e-03
-1.197920736104800543e-01
-2.335248567462869795e-01
-3.217581474854680490e-01
-3.737848086308035445e-01
-3.853788260758717055e-01
-3.534678215376758637e-01
-2.805447126004559921e-01
-1.734798437682344430e-01
-4.564580433594644937e-02
9.060658011162336933e-02
2.190113364313945876e-01
3.243650120845671392e-01
3.945337803966979529e-01
4.208177015991676484e-01
3.996318504997640186e-01
3.315660201556005493e-01
2.251036143364830711e-01
8.952553706737376160e-02
-5.921648097460241456e-02
-2.047057287848026430e-01
-3.300713186874608684e-01
-4.212499507306244340e-01
-4.663739755705900158e-01
-4.586534570061230331e-01
-4.008377339874300560e-01
-2.969973368008004266e-01
-1.579761274063909982e-01
2.273710358068337101e-03
1.645746575357964758e-01
3.116377590311303347e-01
4.251403164602516327e-01
4.913760286209751804e-01
5.042809568612394155e-01
4.602025259009792091e-01
3.630617742454600450e-01
2.216887761089987308e-01
5.334559580557951541e-02
-1.256903304405104782e-01
-2.945525591059788839e-01
-4.337823635712214632e-01
-5.274673902447100104e-01
-5.641299208279770827e-01
-5.388045033562020025e-01
-4.518252873798642710e-01
-3.138879553064853889e-01
-1.371081239624574177e-01
5.769715186340662605e-02
2.493317261094356585e-01
4.158790274918571228e-01
5.389214911267339314e-01
6.032566264714969151e-01
5.997397173631415779e-01
5.306526819898447211e-01
4.007734735832371165e-01
2.240384007710178871e-01
1.806047218143502775e-02
-1.926637920791850478e-01
-3.860635013336430887e-01
-5.390030759986239595e-01
-6.336693164421152158e-01
-6.612791287428405607e-01
-6.162680351970584169e-01
-5.027508368000876970e-01
-3.308724186038092263e-01
-1.212939925509213257e-01
1.057933845653380445e-01
3.241469261027634108e-01
5.093612525364576982e-01
6.406557937450894080e-01
7.025285486274488456e-01
6.877194371792432204e-01
5.952753559680545870e-01
4.366153086483257617e-01
2.255429300023608086e-01
-1.355430617293729156e-02
-2.554862444544619970e-01
-4.728237817232631146e-01
-6.420171617553425136e-01
-7.428734504342306977e-01
-7.622736649072553439e-01
-7.003092489988498315e-01
-5.606034496294484137e-01
-3.582020964724577095e-01
-1.127046666188640245e-01
1.472695015270317764e-01
3.949138333129489364e-01
6.010838245372822630e-01
7.425060330709827294e-01
8.052946544916168570e-01
7.801513026109623272e-01
6.694046541365799019e-01
4.824598400702218015e-01
2.419199944490904031e-01
-2.932498212039169605e-02
-3.003259920132541616e-01
-5.415993103386824714e-01
-7.263379662549116489e-01
-8.336696437295249007e-01
-8.512138982433352652e-01
-7.742740775002003861e-01
-6.135506282312654935e-01
-3.829404606970988612e-01
-1.089806052147009874e-01
1.799239819907827442e-01
4.509782423361712311e-01
6.753956141298818050e-01
8.273353077075065176e-01
8.885561399820336437e-01
8.548221550202010910e-01
7.267514151543614798e-01
5.186826990166037987e-01
2.506955782797155585e-01
-4.554256256611599607e-02
-3.401833455942308015e-01
-5.995998327689517904e-01
-7.951985702768071818e-01
-9.071840624323832536e-01
-9.214666437641063634e-01
-8.366768854272471634e-01
-6.593688134834772008e-01
-4.112487405320071066e-01
-1.156616455980701286e-01
1.935693688533695056e-01
4.835615741861758465e-01
7.223070132375923880e-01
8.837017309978074664e-01
9.496249153618538941e-01
9.104889875797064214e-01
7.740181192053257053e-01
5.517904831054281090e-01
2.686427445394015123e-01
-4.702311593595032146e-02
-3.590028123629451784e-01
-6.346898042413616770e-01
-8.427660353472796739e-01
-9.595459258157611471e-01
-9.750836307718763196e-01
-8.850582364759745913e-01
-7.000041734508977154e-01
-4.373566147834527795e-01
-1.284447712799844377e-01
1.963613521058180655e-01
5.006561968048415245e-01
7.512369157777862849e-01
9.214281658947838238e-01
9.918925767496580281e-01
9.558426903185943679e-01
8.145630481596524142e-01
5.862290099200484494e-01
2.919755118080820111e-01
-3.399088574404329766e-02
-3.573050873724233911e-01
-6.423182916766481121e-01
-8.587105226814855108e-01
-9.826782078362800155e-01
-9.990995978784905640e-01
-9.099415127261055725e-01
-7.220103329388422031e-01
-4.569079330421201846e-01
-1.410880096794175920e-01
1.887327576658186512e-01
4.986383535931409039e-01
7.536835555436312006e-01
9.259746560211656874e-01
1.000000000000000000e+00
9.657440482462336107e-01
8.279498763858210708e-01
5.993259571931712770e-01
3.077519153566676824e-01
-1.844910948378275517e-02
-3.423278420937946320e-01
-6.292005333279059309e-01
-8.484669912796592994e-01
-9.762739153387586244e-01
-1.000000000000000000e+00
-9.152790372440794409e-01
-7.345530224591372281e-01
-4.741126555507290119e-01
-1.643676838512319049e-01
1.626199993445953673e-01
4.705213627275450783e-01
7.272087230995707419e-01
9.044205506405185169e-01
9.821216632641749378e-01
9.559188555370872198e-01
8.264476293972244925e-01
6.091500111858698663e-01
3.253631024257517268e-01
8.401142957182639037e-03
-3.095770439120910655e-01
-5.925464504650068687e-01
-8.102047324043928356e-01
-9.417097526759843351e-01
-9.717909312680492739e-01
-8.985525421198247153e-01
-7.282291569096959183e-01
-4.827294543139885041e-01
-1.855231513761805839e-01
1.295298264635631469e-01
4.291544664601643078e-01
6.810548360800259271e-01
8.585936612667366408e-01
9.428468487733321357e-01
9.232513524548484618e-01
8.066345040526494703e-01
6.034846657277155302e-01
3.374492274804445913e-01
3.576412662632288963e-02
-2.670981470044581085e-01
-5.398584425816598253e-01
-7.524599203500341726e-01
-8.817404810015151417e-01
-9.174475271609698890e-01
-8.544434899663546634e-01
-7.014559130365861650e-01
-4.737802622419617915e-01
-1.995891703459599098e-01
9.407734427916958353e-02
3.746400068575090891e-01
6.119049441678743317e-01
7.817118025503226875e-01
8.658430787436657283e-01
8.570664094150781676e-01
7.552915128528479016e-01
5.749005189205687039e-01
3.329050305695822054e-01
5.767933964498839217e-02
-2.218162612389685817e-01
-4.751634111661707793e-01
-6.760575559219749175e-01
-8.030811196683470543e-01
-8.420637942129471920e-01
-7.933390982110583023e-01
-6.607667061936770558e-01
-4.601611021444615979e-01
-2.118510826310341377e-01
5.519381010508950247e-02
3.136653893881715671e-01
5.346193901824696226e-01
6.946137070361857457e-01
7.799214107311602806e-01
7.808046502500176622e-01
6.987948712993434786e-01
5.420169149556273158e-01
3.307939788421843108e-01
8.572695891970916193e-02
-1.654664284029545573e-01
-3.959516535582670027e-01
-5.816179347798298149e-01
-7.031346633499395704e-01
-7.484026200849944743e-01
-7.118668906053333689e-01
-6.016665492642303548e-01
-4.282410437236343626e-01
-2.122001632141358174e-01
2.366284023387899005e-02
2.528970243124197825e-01
4.519080498442691329e-01
5.991132961814753521e-01
6.786685690878746513e-01
6.860000200753455513e-01
6.197029581715569613e-01
4.886000899872584569e-01
3.063990431219740795e-01
9.561686388578194418e-02
-1.226558371004665693e-01
-3.241424935848712385e-01
-4.873127299830282144e-01
-5.970618294095650924e-01
-6.418334269479371024e-01
-6.184492888275069378e-01
-5.293390215092059758e-01
-3.872522522583778937e-01
-2.059024178568703567e-01
-6.470883601328858425e-03
1.896590784066050084e-01
3.616776027761430257e-01
4.919754591643048514e-01
5.670402140789470025e-01
5.787843406052683992e-01
5.303379715102010117e-01
4.263420884128417132e-01
2.789782858710976310e-01
1.036549715849199860e-01
-7.920551032701528271e-02
-2.508604729268628653e-01
-3.921934609109846148e-01
-4.883474116328418990e-01
-5.325288228362486942e-01
-5.199223481085872844e-01
-4.530682615084521414e-01
-3.391991332031140116e-01
-1.933065321551605820e-01
-2.965605459820286338e-02
1.334367022438116557e-01
2.782372670477895049e-01
3.902749131128355753e-01
4.583117654467407931e-01
4.761972984030760081e-01
4.420506910224808461e-01
3.625367271259136714e-01
2.452654423414497575e-01
1.046810639754189864e-01
-4.366487469385083031e-02
-1.836494018839253117e-01
-3.011025580426730519e-01
-3.833817316824505994e-01
-4.218921978702214748e-01
-4.162222130600407022e-01
-3.669243366586687483e-01
-2.801956096996396361e-01
-1.656085851668055442e-01
-3.749067206013489972e-02
9.110547837277338523e-02
2.054586298731488903e-01
2.935506799669853617e-01
3.489397352450542833e-01
3.658737988057036983e-01
3.432252076421702380e-01
2.839943814203778061e-01
1.969451971585025607e-01
9.043910296842572194e-02
-2.312223756249986995e-02
-1.311255868711507233e-01
-2.226012721221936053e-01
-2.885178697563133277e-01
-3.222572816995348255e-01
-3.205349274183842967e-01
-2.867855452362101376e-01
-2.244023313790360907e-01
-1.406045796562069850e-01
-4.465029851800195182e-02
5.244188138032424007e-02
1.408548428888727333e-01
2.105748822127322395e-01
2.544417660332645159e-01
2.709201393695548354e-01
2.584567184488419933e-01
2.187384734074713233e-01
1.565369484141541090e-01
8.032555769472460305e-02
-2.439500617744227995e-03
-8.229623953205322806e-02
-1.503558145257252177e-01
-2.007324949059660080e-01
-2.286194087262957142e-01
-2.313745643498593685e-01
-2.090871541538286138e-01
-1.662016874964348245e-01
-1.067241583697505769e-01
-3.809107173895609488e-02
3.148130835712148468e-02
9.478473829628009106e-02
1.456692579025171685e-01
1.784661459786098803e-01
1.899280920769490510e-01
1.815993856555231378e-01
1.544357029406397963e-01
1.114480039214609253e-01
5.785842736124613417e-02
5.329535463416412711e-04
-5.479971722701448833e-02
-1.014636682649198152e-01
-1.346072127872758317e-01
-1.534002094603728050e-01
-1.560416491299537745e-01
-1.420807326868681608e-01
-1.137921793834245632e-01
-7.567606919687208666e-02
-3.119854468674587711e-02
1.432135961262437363e-02
5.538723194398875727e-02
8.845779218252669551e-02
1.105648903629763424e-01
1.193420591149518817e-01
1.143320104945637627e-01
9.804333925467290101e-02
7.193446616657284132e-02
3.886482559463400044e-02
3.007457583045214378e-03
-3.176287589176163273e-02
-6.217228786602269075e-02
-8.441033649392171156e-02
-9.638054124564165992e-02
-9.905558695310434647e-02
-9.218557991192855017e-02
-7.616068828255384560e-02
-5.332129224202464268e-02
-2.685473166888951990e-02
8.634178302100448121e-04
2.629995137181362352e-02
4.654319788611460673e-02
6.099328859387886936e-02
6.843427716959449292e-02
6.748922336662066535e-02
5.869391134234569485e-02
4.438969889028476778e-02
2.577846327650612501e-02
5.019862807879249544e-03
-1.507960587471801617e-02
-3.283853407669201641e-02
-4.670004993960574780e-02
-5.443327676306131124e-02
-5.536064270930229902e-02
-5.097575268157095163e-02
-4.152915182687000328e-02
-2.798325117236510895e-02
-1.264184758304631728e-02
2.443359885341278570e-03
1.604254813380312505e-02
2.650177574293999250e-02
3.272122358435036737e-02
3.516363669933819658e-02
3.352963925913243770e-02
2.769830293850050751e-02
1.898847007320147995e-02
9.297294479169604386e-03
-6.673983448556297660e-04
-9.920626961992029536e-03
-1.734146453915452746e-02
-2.291063059077735886e-02
-2.609950147931028308e-02
-2.623868112622984583e-02
-2.375555895961911634e-02
-1.969740173827505547e-02
-1.435250575284763297e-02
-8.259617021007081838e-03
-2.330761877799569781e-03
2.930106308516533531e-03
7.074005156552987117e-03
9.573585632531189660e-03
1.039736872140006874e-02
1.008207062718380342e-02
8.613497044087869980e-03
6.020920291011089276e-03
2.826979060097434271e-03
-4.817535766001856956e-04
-3.641671206571661656e-03
-6.334173624754857457e-03
-8.364701150215481107e-03
-9.861883806401294805e-03
-1.067130658755632844e-02
-1.054404203009906560e-02
-9.622939745620673335e-03
-8.233112637146433599e-03
-6.479267769286312095e-03
-4.542386545597687508e-03
-2.662171392457723940e-03
-9.211014515122517565e-04
5.114889500736907735e-04
1.342087096156463488e-03
1.500957064995533941e-03
1.130847072585927648e-03
2.675630278705654064e-04
-9.081417893328502799e-04
-2.135498993550144498e-03
-3.236754858145118874e-03
-4.112093688011686510e-03
-4.672206903372777553e-03
-4.866943433024961685e-03
-4.759973096244429769e-03
-4.360926127040198885e-03
-3.746208779133675115e-03
-3.096084242221741611e-03
-2.595941260014944518e-03
-2.278181105717647092e-03
-2.119955600675460516e-03
-2.115681812774994341e-03
-2.168057692420122251e-03
-2.284647117642979453e-03
-2.488725281861059457e-03
-2.706789004287557532e-03
-2.879248967822323202e-03
-2.996172268782459902e-03
-3.057740202947578645e-03
-3.074864499837515197e-03
-3.084576312007980547e-03
-3.082917671749618727e-03
-3.074945590959665687e-03
-3.065717081535135335e-03
-3.060289155372930558e-03
-3.063718824370065263e-03
-3.081063100423553358e-03
