7.175074718975116284e-02
-4.294560599303517412e-01
-7.619276040581379750e-01
-9.454976593594172085e-01
-1.000000000000000000e+00
-9.452684001456964635e-01
-8.011366339623170463e-01
-5.874384756156765253e-01
-3.249490796552293448e-01
-2.299691578251528146e-02
2.903274092643093329e-01
5.768922507632043839e-01
8.052225945522692996e-01
9.521649372574256809e-01
1.000000000000000000e+00
9.441354436734539224e-01
7.879888431225883227e-01
5.514902824642593515e-01
2.570379324103944096e-01
-6.051024959231021683e-02
-3.668839925758856646e-01
-6.279302500205294901e-01
-8.153247470940523378e-01
-9.082370776297981063e-01
-8.945588389188665612e-01
-7.799885934299344292e-01
-5.742581599674125847e-01
-3.011623727866682421e-01
1.125213703089267270e-02
3.260767653600211702e-01
6.101890255320281398e-01
8.310601932783443502e-01
9.637781373685765374e-01
9.974507932296126089e-01
9.261652804044411269e-01
7.588415643747625783e-01
5.118248332185912908e-01
2.156112847524194187e-01
-1.002142110523462915e-01
-3.993606852126588835e-01
-6.486731620354018180e-01
-8.215005140736787448e-01
-8.983077073625905795e-01
-8.721622019964704320e-01
-7.439843119162394824e-01
-5.312430820762394923e-01
-2.540421378689813325e-01
5.475594635656033660e-02
3.620219573211787001e-01
6.333658214416264531e-01
8.396123839867746241e-01
9.578162925648769921e-01
9.736420641985992219e-01
8.900196013751171531e-01
7.138067487482306905e-01
4.658245127318099144e-01
1.715123136511895741e-01
-1.342080728108381305e-01
-4.191613292628421084e-01
-6.504441106220490987e-01
-8.022843976972180435e-01
-8.615609210950960772e-01
-8.201680860087281477e-01
-6.841501433273782240e-01
-4.668693902714798893e-01
-1.959970733649780694e-01
1.013718687620013270e-01
3.908911876600627000e-01
6.405169632625660192e-01
8.234702940555629347e-01
9.195264775755958020e-01
9.194906280385737318e-01
8.218080057030932029e-01
6.409799850412052358e-01
3.941818010870139499e-01
1.115696290625516340e-01
-1.760662974738046449e-01
-4.363336754707668463e-01
-6.413923301103447994e-01
-7.685459888354422286e-01
-8.029434493116838212e-01
-7.455217158788911558e-01
-6.009318832431158608e-01
-3.869397838595073358e-01
-1.260068943336863923e-01
1.500587189511661812e-01
4.121374998988525107e-01
6.299429877187789906e-01
7.794419941589356693e-01
8.480741695354814258e-01
8.271837481099786338e-01
7.206086632187109764e-01
5.392283747907784530e-01
3.068831439958605856e-01
4.699850929449733705e-02
-2.099325937903901984e-01
-4.352960988846642509e-01
-6.049587447287385622e-01
-7.004059320370836783e-01
-7.128347554150419318e-01
-6.400927176430640797e-01
-4.939623311531829986e-01
-2.884962004593064622e-01
-4.910186382977188568e-02
1.979257591016585494e-01
4.244859470063746532e-01
6.063075474086376815e-01
7.230364511175029207e-01
7.612260604682652421e-01
7.214673821101920126e-01
6.070640843943260201e-01
4.323545284431926650e-01
2.159553002396050747e-01
-1.543982461308424092e-02
-2.371419115098909458e-01
-4.230008762079087159e-01
-5.523367418128690698e-01
-6.144071675945503852e-01
-6.016992901737363564e-01
-5.171831913852624751e-01
-3.698522900790210954e-01
-1.798566065165793093e-01
3.346470791320754756e-02
2.448646536799401474e-01
4.303589542147177038e-01
5.700926097736731535e-01
6.489202265601972108e-01
6.594715451666746109e-01
6.000719151367612803e-01
4.810140407902590010e-01
3.140128526379251106e-01
1.204937449804965865e-01
-7.746665968707544536e-02
-2.572397607000709296e-01
-3.994536479620600655e-01
-4.881676760681601390e-01
-5.132175408673496086e-01
-4.764088787573723671e-01
-3.812437450813142004e-01
-2.399153050040847557e-01
-6.820873668385818434e-02
1.119487984622242749e-01
2.810267534073858098e-01
4.188618389362985805e-01
5.099726695194293224e-01
5.480331163517346837e-01
5.283498466113814018e-01
4.543640536115489681e-01
3.345581860024557930e-01
1.857085989822369054e-01
2.328987305307750333e-02
-1.330359002111681788e-01
-2.648981929720798378e-01
-3.584158541699109524e-01
-4.034216333007804023e-01
-3.964184556439088736e-01
-3.381758049697342061e-01
-2.384813023901368734e-01
-1.074579702228656286e-01
3.803979535978152526e-02
1.808894663823754634e-01
3.047181240403682434e-01
3.959618601356473810e-01
4.443566025489620319e-01
4.442917551166674084e-01
3.998180604949437278e-01
3.154278773792837942e-01
2.019729587284531114e-01
7.263928148827969444e-02
-5.617846284788474698e-02
-1.701206803534177636e-01
-2.550676529161964856e-01
-3.010947314266225749e-01
-3.065261509170531529e-01
-2.704186871105342949e-01
-1.977990563832351389e-01
-9.727845406195501088e-02
1.692117573382634355e-02
1.324579132151155747e-01
2.350014762168954885e-01
3.119033562590323161e-01
3.557665691960425480e-01
3.615982162572342062e-01
3.296691278885230947e-01
2.636140820904213644e-01
1.737716383714407176e-01
6.955771662752630036e-02
-3.559081965777466383e-02
-1.284905096991530993e-01
-1.985533948524025316e-01
-2.378080865837554070e-01
-2.419164410890447536e-01
-2.100302737124464247e-01
-1.482659687214025190e-01
-6.272149657572134718e-02
3.459189840230170176e-02
1.312152977750666860e-01
2.153846393143798998e-01
2.774117227777133099e-01
3.094106507637253145e-01
3.071507824210488735e-01
2.736659013992774891e-01
2.120252117591527874e-01
1.301780624187101054e-01
3.816932241684356519e-02
-5.146334358772330919e-02
-1.283574001796821129e-01
-1.820974703834611352e-01
-2.057734742969480335e-01
-1.995202392234067812e-01
-1.631684023594899280e-01
-1.007146611072933240e-01
-1.947056082833165114e-02
6.906385624376798482e-02
1.552542406468124803e-01
2.277773180064297520e-01
2.770473733390785842e-01
2.982873121925442295e-01
2.884880815700638923e-01
2.488700242744672497e-01
1.836080947459224344e-01
1.022715769458724111e-01
1.318166381442464896e-02
-7.213553260408633871e-02
-1.425618074321522988e-01
-1.898031067810344030e-01
-2.080176573625629466e-01
-1.948656277138566262e-01
-1.510974993113877174e-01
-8.336312877169471669e-02
1.990722096940622521e-03
9.383836978191406608e-02
1.807237933035941158e-01
2.520344994501897418e-01
2.993246226666541610e-01
3.160008260492759291e-01
2.990943634247227312e-01
2.524902063078562353e-01
1.800324154722208192e-01
9.030966731344669540e-02
-6.329589188631024044e-03
-9.764440572214572178e-02
-1.732594430300132826e-01
-2.227219885720036485e-01
-2.393411991499175828e-01
-2.234428913209508538e-01
-1.755546529075660001e-01
-1.005721999038040604e-01
-6.579160393646144023e-03
9.393380370791271083e-02
1.903226538627060815e-01
2.702419447486712478e-01
3.234675604883325839e-01
3.448836053336332697e-01
3.311618253738886075e-01
2.834252767845610865e-01
2.062535044474307355e-01
1.101633761629450259e-01
4.524677991554204581e-03
-9.769018814659058414e-02
-1.838613325548106303e-01
-2.440400044193204998e-01
-2.710376106499303717e-01
-2.611672177865198563e-01
-2.143666653141229617e-01
-1.373865908333448127e-01
-3.707015767858712341e-02
7.386683137960248224e-02
1.822097590041023008e-01
2.752782405497777862e-01
3.426389616492795387e-01
3.754512352203394077e-01
3.689758866898482648e-01
3.264498450612718372e-01
2.513304857530158642e-01
1.518716492100731230e-01
3.900882331528432445e-02
-7.284520651138015612e-02
-1.715104068309077912e-01
-2.443923309902447105e-01
-2.826327374244673729e-01
-2.844620717114507702e-01
-2.484575405014893823e-01
-1.780896183266709176e-01
-8.080834290867777714e-02
3.056386892510531972e-02
1.448797039371854112e-01
2.483195563647955240e-01
3.282201115304004269e-01
3.760287135245010681e-01
3.859956534601702849e-01
3.570897816854372575e-01
2.917351747822358732e-01
1.989895773564049897e-01
8.761511779969222147e-02
-2.876114625835901606e-02
-1.364405899134488731e-01
-2.231624397921129210e-01
-2.792306340234173012e-01
-2.977860743031530699e-01
-2.759455837542994505e-01
-2.184506984374956495e-01
-1.302914273522987054e-01
-2.188863855070088960e-02
9.458830297636899864e-02
2.051108758182988989e-01
2.976202204811404517e-01
3.603495261619804602e-01
3.855741004651418447e-01
3.732192687381075125e-01
3.236633863500186781e-01
2.422657563214523080e-01
1.377891710696255156e-01
2.380461071341111179e-02
-8.778819183564501305e-02
-1.832308343230121261e-01
-2.510675794069787692e-01
-2.851674956994112442e-01
-2.811903853716160029e-01
-2.395748200013674278e-01
-1.644973058409685551e-01
-6.648125732735832294e-02
4.490376062004242108e-02
1.561232106395973318e-01
2.538356759766644544e-01
3.271664177387865191e-01
3.679256650187874289e-01
3.713683475543343437e-01
3.364215927833098529e-01
2.689389938037218819e-01
1.750223735948024384e-01
6.688929551390176975e-02
-4.251086226930089751e-02
-1.404254642794664498e-01
-2.161254123814820849e-01
-2.600902553102009129e-01
-2.667573184611448101e-01
-2.384117707442906520e-01
-1.774508116551368753e-01
-9.080291468307943870e-02
1.172477173616526258e-02
1.166265456691348845e-01
2.124217958726446476e-01
2.868918198340308923e-01
3.312247576295204166e-01
3.432011672485832943e-01
3.207018173203755040e-01
2.660286038874368764e-01
1.853682441438120332e-01
9.001685616519794486e-02
-1.037298963495469906e-02
-1.034709466244316811e-01
-1.776470379506677189e-01
-2.249101308143092171e-01
-2.398417990675285605e-01
-2.211057090848652651e-01
-1.704107520562514466e-01
-9.546271622408131208e-02
-3.552894272514706131e-03
9.356008708324403678e-02
1.839449435179827397e-01
2.570887178349787749e-01
3.047066031030063460e-01
3.209308368787415766e-01
3.033744590898093119e-01
2.562869773015414854e-01
1.838787603496885303e-01
9.523352591119782495e-02
9.042708105837515831e-04
-8.733245733620131901e-02
-1.595039829465527692e-01
-2.058835196438273396e-01
-2.204229881655584977e-01
-2.041593730312223354e-01
-1.580624461109425560e-01
-8.717201715155564745e-02
5.169474596500300834e-04
9.314934229068572158e-02
1.806303100723907207e-01
2.515178098818271479e-01
2.967741031690716014e-01
3.127258856044099478e-01
2.968505575507567329e-01
2.507699870420845301e-01
1.793908295164932110e-01
9.289170973844451673e-02
-8.310656940402338932e-06
-8.766654275599927715e-02
-1.588498137207458027e-01
-2.053813916794907657e-01
-2.216280855334060718e-01
-2.054960012956830173e-01
-1.580142831208092291e-01
-8.625049157825603885e-02
3.061059395290888219e-03
9.854921941063321533e-02
1.884557884452524590e-01
2.619243397938233464e-01
3.103602765543922448e-01
3.268531536575705054e-01
3.082820664756262818e-01
2.587809103927902754e-01
1.825010796698858240e-01
8.881557573112419668e-02
-1.125390110166335500e-02
-1.051563976058049743e-01
-1.822674396963052112e-01
-2.320854416925831609e-01
-2.478593572736342843e-01
-2.298761771962041234e-01
-1.788673740066898388e-01
-1.002049587645701401e-01
-2.524097935169056228e-03
1.009717920915806921e-01
1.993431680811630358e-01
2.801204555078735670e-01
3.330111127760269074e-01
3.531647134729154480e-01
3.372015597163737777e-01
2.862819551590471967e-01
2.053132514470414893e-01
1.050965441699351910e-01
-4.601903590810696443e-03
-1.101668640118828035e-01
-1.985800318490322791e-01
-2.595721164153287353e-01
-2.857045450861345204e-01
-2.735204926654152269e-01
-2.232031056172062433e-01
-1.416451431292772289e-01
-3.596385063410434402e-02
8.093609839498849823e-02
1.955402178930385482e-01
2.943638288782362000e-01
3.662530917510453676e-01
4.014913163457658474e-01
3.948021404269503876e-01
3.494210861255713230e-01
2.688034894174220479e-01
1.613665779647630583e-01
3.841051853130061922e-02
-8.482683281381497853e-02
-1.949535413133952622e-01
-2.777277953488819229e-01
-3.229568049793923867e-01
-3.275069221878864623e-01
-2.893330823456539136e-01
-2.119835355082960726e-01
-1.031663553011793466e-01
2.310525593434453739e-02
1.544685524402791277e-01
2.754114037386878877e-01
3.713625794316297579e-01
4.316009866274859164e-01
4.488162358307210553e-01
4.207774383439035759e-01
3.492016883946016392e-01
2.435197315277797259e-01
1.133193588044407729e-01
-2.601757265703408262e-02
-1.587327781213037081e-01
-2.696361143073288114e-01
-3.463979586541602318e-01
-3.789394778435701827e-01
-3.620877231807416718e-01
-3.003721870414177708e-01
-1.989116084505899718e-01
-6.902603292555298253e-02
7.538491544967884650e-02
2.169782636726413916e-01
3.405922241278280804e-01
4.309951562658880242e-01
4.772932845187563000e-01
4.765198375845189904e-01
4.273133443548833288e-01
3.348625675430578763e-01
2.086523643556157381e-01
6.491948140274494961e-02
-8.219387878024786431e-02
-2.157136881259730243e-01
-3.200350027117428997e-01
-3.843685756362521522e-01
-4.010334064544964772e-01
-3.680884833292180636e-01
-2.880323339556863926e-01
-1.713670652200885991e-01
-2.884720273335272811e-02
1.227018395704702058e-01
2.663480126675061843e-01
3.860572450542181233e-01
4.687788144154725334e-01
5.045060230478612961e-01
4.881629397281297411e-01
4.244845392004323870e-01
3.188824678199457807e-01
1.828431624077146989e-01
3.059219092513343341e-02
-1.198344756751149598e-01
-2.525508318207755343e-01
-3.515794122704856139e-01
-4.054202085106510811e-01
-4.108107650048592463e-01
-3.659582153781161251e-01
-2.756257453543359270e-01
-1.489597423552824207e-01
-1.944164287866145813e-03
1.509967126506814861e-01
2.922972602685700583e-01
4.057199999644272026e-01
4.795391541780584799e-01
5.054515404968673575e-01
4.807938785758882894e-01
4.072775069507970080e-01
2.950052123479605104e-01
1.543480972736748225e-01
2.029103362226614138e-03
-1.448736970159182347e-01
-2.701883056149155804e-01
-3.605776944743586121e-01
-4.054164336120845702e-01
-3.989396838969953007e-01
-3.451972798362089589e-01
-2.488980340205433350e-01
-1.206736302974368291e-01
2.585619714418885273e-02
1.730837626874532909e-01
3.056429428975413476e-01
4.079653506929423745e-01
4.685934883207429902e-01
4.839416603407391548e-01
4.515049999690168292e-01
3.748968053401826594e-01
2.622121142257771709e-01
1.280145210653658161e-01
-1.466337198478673276e-02
-1.495465377452261935e-01
-2.612224005620240597e-01
-3.383137483364559994e-01
-3.725595956684890631e-01
-3.608584277444378818e-01
-3.040466048131350574e-01
-2.103764169517815530e-01
-8.845582304950128094e-02
4.722417610912588160e-02
1.815616915982936064e-01
2.998939631782533422e-01
3.898713617698912337e-01
4.410911731062781005e-01
4.475637467271109671e-01
4.120847737543369416e-01
3.377247208964313518e-01
2.325283669087463423e-01
1.075994681238092721e-01
-2.211438755720451788e-02
-1.431777587526174012e-01
-2.412409418923773252e-01
-3.055824931848694082e-01
-3.321542592450716924e-01
-3.176621001749638795e-01
-2.637750866408350436e-01
-1.763299629135566260e-01
-6.705269168503247279e-02
5.358838035253610244e-02
1.718644712233079463e-01
2.742773864341772061e-01
3.504022401993445168e-01
3.924161782520882991e-01
3.960716015578669147e-01
3.606934272018686993e-01
2.923061419063455180e-01
1.971196702724926642e-01
8.689075325745521106e-02
-2.572215849006853627e-02
-1.284635588442752940e-01
-2.108290151490189723e-01
-2.633364856708814150e-01
-2.801770983944694704e-01
-2.628376285134271795e-01
-2.128316552816501561e-01
-1.356316705674264211e-01
-3.978363097113557512e-02
6.266577629798075755e-02
1.612486050143280281e-01
2.443240711248715336e-01
3.030092047503980535e-01
3.340109307468179800e-01
3.338670329080750676e-01
3.025191483785436564e-01
2.438019813746561404e-01
1.661185154114275253e-01
7.676976005746460885e-02
-1.392173875491697910e-02
-9.547739353961959274e-02
-1.597235176585997118e-01
-2.003062519417903031e-01
-2.130846408916931001e-01
-1.968074779355201143e-01
-1.556064256783536992e-01
-9.325200981232173447e-02
-1.703284664656734559e-02
6.429219451918100070e-02
1.416352997240890588e-01
2.071853408628387960e-01
2.530605090007354008e-01
2.742871745173003362e-01
2.716904936026356410e-01
2.454690128297236651e-01
1.981713415537043055e-01
1.352183657544387962e-01
6.479390486962199880e-02
-6.106756546442548839e-03
-6.895983080386092201e-02
-1.167514709606967127e-01
-1.464312945780186226e-01
-1.550601081835011330e-01
-1.416468468088409871e-01
-1.081192720131773921e-01
-5.992074194744734239e-02
-1.338858755689398272e-03
6.087706068875098353e-02
1.192197547590727602e-01
1.678616927170211159e-01
2.022060650648522806e-01
2.181478903614992859e-01
2.140287061094787724e-01
1.926960886314836863e-01
1.560841538158934672e-01
1.085768647006728482e-01
5.617482769339732229e-02
4.877982577152106813e-03
-4.024570944324246113e-02
-7.355646250686020959e-02
-9.155079108171670921e-02
-9.492565869375746423e-02
-8.337611981374848380e-02
-5.778642981297910097e-02
-2.165681493864912710e-02
1.961077595942795071e-02
6.218386484640014977e-02
1.009761342948569673e-01
1.315018119708937228e-01
1.523920532960334473e-01
1.617158656561523689e-01
1.579689849140515356e-01
1.421076926874305091e-01
1.174026506087439969e-01
8.591129833715349662e-02
5.128975752150566336e-02
1.802041815050903217e-02
-1.070758841890462332e-02
-3.233522057434889962e-02
-4.409052528390289272e-02
-4.497221250606109333e-02
-3.688401265314023014e-02
-2.043122451620882352e-02
2.822652242974843517e-03
2.964160610599586576e-02
5.680180627708963925e-02
8.186087866798930079e-02
1.014616382022628382e-01
1.134925550680374595e-01
1.185245734443542975e-01
1.160073599912923026e-01
1.056528568601904361e-01
8.916899755594398513e-02
6.928493824629766706e-02
4.763250634447979692e-02
2.683162878644096416e-02
9.435258098361876122e-03
-3.776889336311706202e-03
-1.160306005020683706e-02
-1.239504323793150231e-02
-6.377182453880081425e-03
4.372228330772109928e-03
1.905618649599882808e-02
3.596497101669582364e-02
5.260317702277594876e-02
6.744354725597023759e-02
7.920797129849788121e-02
8.618293071202653977e-02
8.782015526378517123e-02
8.522785417193734503e-02
7.853268568605531463e-02
6.837533507853477133e-02
5.662168180449556054e-02
4.513857945493127133e-02
3.483110917923548655e-02
2.682634328570721038e-02
2.194172080891299004e-02
1.967280596024778561e-02
2.031407146985597656e-02
2.417388674695386541e-02
3.032094195843715312e-02
3.740397659381278217e-02
4.489104465401783095e-02
5.194958228037416248e-02
5.768538096944597626e-02
6.200436417903953945e-02
6.448649370481684961e-02
6.461935963829423812e-02
6.268738352066072217e-02
5.948673568508699994e-02
5.523735999672729768e-02
5.036934470345166837e-02
4.562252968656421714e-02
4.142828032338496946e-02
3.813436276838544359e-02
3.613292444582416607e-02
3.545545296855578954e-02
3.568868001612512941e-02
3.684477930565455139e-02
3.890599830230079270e-02
4.145703818113211092e-02
4.409851458092672871e-02
4.662691914412642191e-02
4.881395586084535942e-02
5.051252493761015927e-02
5.182156399683890413e-02
5.260579420353850288e-02
5.261808038300674895e-02
5.194014258405177387e-02
5.082499108890292661e-02
4.935579038756765513e-02
4.770293671678782488e-02
4.607580069465488926e-02
4.454491902381252366e-02
4.325397250798346249e-02
4.243868671984740715e-02
4.216731005065676996e-02
4.235308979761187587e-02
4.297030621806108286e-02
4.386874575036636692e-02
4.483250652029791006e-02
4.569237128384928681e-02
4.637727520879630916e-02
4.685359448356130052e-02
4.709452693549676106e-02
4.716055795439766385e-02
4.704881478277522788e-02
4.678411808743243583e-02
4.648839845193886156e-02
4.629145261438560865e-02
4.620617316695496690e-02
4.619917074703350224e-02
4.625323557168870003e-02
4.629315302103154117e-02
4.632890744206896727e-02
4.639656392544733166e-02
4.646150704150331379e-02
4.649815725725892079e-02
4.650529466312702809e-02
4.648259003828369984e-02
4.644087267585850221e-02
4.640725626547004268e-02
4.637839953492872702e-02
4.634315909013930757e-02
4.630767611265107497e-02
4.627181452262152384e-02
4.623727546184608350e-02
4.620977740644560683e-02
4.618814636613288727e-02
4.616756802445109997e-02
4.614911913104702279e-02
4.613255221455436761e-02
4.611761980360640223e-02
4.610407442683617241e-02
4.609166861287761208e-02
4.608015489036376700e-02
