4.469855547817436214e-01
-1.266105331848179638e-01
-5.428971198675567322e-01
-8.170842180451890480e-01
-9.643818404964312752e-01
-1.000000000000000000e+00
-9.391487093346112536e-01
-7.970379812789882834e-01
-5.847448735936207065e-01
-3.048959817739324007e-01
1.390094127893104492e-02
3.335469003474611505e-01
6.191491316023165492e-01
8.398342979389779028e-01
9.711885624168177245e-01
1.000000000000000000e+00
9.222782237377358250e-01
7.500367624561796731e-01
5.005140921979662760e-01
2.045129771290168375e-01
-1.056918031403774050e-01
-3.947306403415113962e-01
-6.313821607588618878e-01
-7.898811775080074593e-01
-8.526609171297605538e-01
-8.166801757503265868e-01
-6.851492979723469157e-01
-4.755019330944274536e-01
-2.101979875561805766e-01
7.847380526873726225e-02
3.595093912340012743e-01
6.009524402560175727e-01
7.765612479772656673e-01
8.700268055827098390e-01
8.710773162465061947e-01
7.823984277510378504e-01
6.134615126852012157e-01
3.870637965317755835e-01
1.269825249057752181e-01
-1.360352409905093429e-01
-3.731327126423827911e-01
-5.589426552743415044e-01
-6.737229177845691641e-01
-7.073337600477439535e-01
-6.563829221227654998e-01
-5.307161461212435150e-01
-3.433767206906067626e-01
-1.183347302543643620e-01
1.197609178043828049e-01
3.437862642903009025e-01
5.298557132939680780e-01
6.584042202410369526e-01
7.158377867081515689e-01
7.004234487811253906e-01
6.139952364844667443e-01
4.692339221721415488e-01
2.820619032456832542e-01
7.587216225626147725e-02
-1.272283870479703483e-01
-3.042045671326389922e-01
-4.361278661256058342e-01
-5.119485796769976949e-01
-5.238971363784659108e-01
-4.736859876300845151e-01
-3.674760675275968724e-01
-2.208317533556550805e-01
-4.938075044675016567e-02
1.264579191562069660e-01
2.872890189876036171e-01
4.165152387823991553e-01
5.009010134282623206e-01
5.336425177927701657e-01
5.119144906391670524e-01
4.419975504408588662e-01
3.316318901568302557e-01
1.957436906223080086e-01
4.984113058668637741e-02
-8.961441489078014744e-02
-2.080571511849297339e-01
-2.934311067129595774e-01
-3.371702611677651618e-01
-3.385249555095249940e-01
-2.981362744531863562e-01
-2.227532177740149111e-01
-1.214246012749211623e-01
-7.407235560154878939e-03
1.070117480749128713e-01
2.088899588912298544e-01
2.876330828125304162e-01
3.377234422949686454e-01
3.545226071376506027e-01
3.381593623075429544e-01
2.916029572748197740e-01
2.226355300525306724e-01
1.387305442315704962e-01
5.002541453482445277e-02
-3.350166084883265949e-02
-1.037052820237617246e-01
-1.538897682957408586e-01
-1.801739498339242074e-01
-1.807321078190442520e-01
-1.582932536441347127e-01
-1.157133248399703218e-01
-5.888187682406731405e-02
5.420209982883283928e-03
7.002451649029550751e-02
1.284617903866094313e-01
1.747366313911296043e-01
2.045733629689463484e-01
2.175532388472352086e-01
2.130352681321012742e-01
1.923110163947883144e-01
1.583633791111895839e-01
1.159896903613641950e-01
6.958459468197064623e-02
2.443719790695464411e-02
-1.482479001296654886e-02
-4.567269311971555723e-02
-6.548523426685970428e-02
-7.252183654366517462e-02
-6.671912559617299010e-02
-5.030468789403286234e-02
-2.496416135150281157e-02
6.339296332951160906e-03
3.987804433781194646e-02
7.243935652859190277e-02
1.011690413252648302e-01
1.230565186699994484e-01
1.361829631961533060e-01
1.408706013014953129e-01
1.368674589708311906e-01
1.243285705191876644e-01
1.049040839483776910e-01
8.116069959063820782e-02
5.512702178268757969e-02
2.965473241807647931e-02
7.269663967635064949e-03
-1.085615081896562639e-02
-2.301447748733076448e-02
-2.724620173080272156e-02
-2.325809065408990239e-02
-1.246510800093092453e-02
4.394689921370042995e-03
2.604232961980357253e-02
5.013555096664812361e-02
7.400918280061108412e-02
9.539872153009554268e-02
1.113318784589369947e-01
1.199318425465687454e-01
1.212127591428759921e-01
1.147043363887976231e-01
1.003177719660346412e-01
7.951848906876657352e-02
5.502871769675810043e-02
2.897448538070923618e-02
4.625786787563646030e-03
-1.490638427890389472e-02
-2.762664820069393734e-02
-3.190941264847446668e-02
-2.647197617193386421e-02
-1.150602634895625531e-02
1.084146569322808062e-02
3.884688262282876003e-02
6.918965109257357859e-02
9.804089929554238303e-02
1.218175782787376260e-01
1.377080223641833356e-01
1.428304117594005884e-01
1.358850024770463794e-01
1.183300736361290184e-01
9.135975298307075221e-02
5.770460403745047984e-02
2.122441442919775767e-02
-1.323962777868081808e-02
-4.181021620427138874e-02
-6.017892519103773541e-02
-6.547340372995591462e-02
-5.756593851553981622e-02
-3.644528594832141533e-02
-3.727066764142583644e-03
3.729544860431577291e-02
8.120827344124093017e-02
1.236196567938503410e-01
1.590447163151254006e-01
1.826598691569183419e-01
1.916571027061748644e-01
1.842458953739372074e-01
1.604705034788129758e-01
1.221662619281795870e-01
7.407996596921440080e-02
2.058171529586072523e-02
-3.177510920759307744e-02
-7.656311473117372035e-02
-1.082515945763214971e-01
-1.227569193286146554e-01
-1.175478855256371080e-01
-9.214833815968614950e-02
-4.969892649412976926e-02
6.432053353482958258e-03
6.977925191911626968e-02
1.332980497330709113e-01
1.893275850935884907e-01
2.314666543299734869e-01
2.536879338849178378e-01
2.524269609937683789e-01
2.285732322140419104e-01
1.834686254458817167e-01
1.214639315691443677e-01
4.868996265952230118e-02
-2.599824849542675675e-02
-9.474656384810942189e-02
-1.488080159857468887e-01
-1.814776277969573082e-01
-1.896124855469656367e-01
-1.712064737403004022e-01
-1.276237838361544696e-01
-6.272245703202694589e-02
1.551045095266578855e-02
9.968195771147403406e-02
1.799850256162225381e-01
2.470960370494239555e-01
2.933789511819646645e-01
3.132923567401182385e-01
3.041423553575048899e-01
2.658409688774221458e-01
2.032430393707895799e-01
1.217258672896406324e-01
3.091645070216619828e-02
-5.922295448332781653e-02
-1.385240074666281851e-01
-1.984148788672027708e-01
-2.315857939405236987e-01
-2.336270582396080542e-01
-2.056377419419455066e-01
-1.495571865497439257e-01
-7.130626878006329772e-02
2.124063267491838047e-02
1.170946758238311514e-01
2.064197296533074599e-01
2.787295476774742653e-01
3.259666970575634259e-01
3.444016808032854815e-01
3.312803530379631045e-01
2.878236377864680229e-01
2.181591472529418319e-01
1.308789460015604700e-01
3.419921663508129761e-02
-6.098612668624769917e-02
-1.442628282224854841e-01
-2.069418098152373542e-01
-2.423566843906224122e-01
-2.469076943648016442e-01
-2.196358052553428752e-01
-1.646837485343458640e-01
-8.683535312708356990e-02
5.104388948059312980e-03
1.015458493504357573e-01
1.921020133910211758e-01
2.676531847319372215e-01
3.198687722572912673e-01
3.430747037189858517e-01
3.366887067987416327e-01
3.008782946933861169e-01
2.394448628409238111e-01
1.584306840736229294e-01
6.713877418164870825e-02
-2.561181242203014463e-02
-1.096218069990517741e-01
-1.762997939982319240e-01
-2.201524528388392188e-01
-2.366324690910748263e-01
-2.241512160273156917e-01
-1.838823713094701606e-01
-1.212085430440500433e-01
-4.162806797586271479e-02
4.616834681819925734e-02
1.330940628017742711e-01
2.106422404853653951e-01
2.714860838640784646e-01
3.094707341295512837e-01
3.207673940169881721e-01
3.060900118763951738e-01
2.665900775710114967e-01
2.061064354531958465e-01
1.304804172367073356e-01
4.784073430642665770e-02
-3.425347791220656468e-02
-1.073410271009451744e-01
-1.644996634138473635e-01
-2.017674339815275220e-01
-2.153969275661662408e-01
-2.037374881716600417e-01
-1.678567214833958099e-01
-1.120544483911007916e-01
-4.073327272651550146e-02
3.924885712673042981e-02
1.202982919220705327e-01
1.948566006474403700e-01
2.562283032501997404e-01
2.980356100964716148e-01
3.160232249739167720e-01
3.096925776285559540e-01
2.789864539973423430e-01
2.260626489035240105e-01
1.553729938836119207e-01
7.392764277438179654e-02
-1.130300052955435230e-02
-9.159647105256440991e-02
-1.593339211887209173e-01
-2.087051363357873557e-01
-2.345075153059006379e-01
-2.328626495075000191e-01
-2.030316671860100675e-01
-1.488045240965908400e-01
-7.416991932555805356e-02
1.420334732948913548e-02
1.081571334621043157e-01
1.981547113033901297e-01
2.756965332256371415e-01
3.321131401379904258e-01
3.611297029608273590e-01
3.603545824221952021e-01
3.285879344961899484e-01
2.679941586393606023e-01
1.835893144534845867e-01
8.433754886107869275e-02
-2.126774034896683485e-02
-1.223168305720058191e-01
-2.084142018491892401e-01
-2.707572965904468942e-01
-3.024173379633185998e-01
-2.989576692026421068e-01
-2.593262634027662106e-01
-1.881327441047212501e-01
-9.086668212538062672e-02
2.290766604592398004e-02
1.423273130702311651e-01
2.545514195240252686e-01
3.482800786662927361e-01
4.126155461836051863e-01
4.399180072229702532e-01
4.280425896434263411e-01
3.765762233334113418e-01
2.900925398063836091e-01
1.762005470209260238e-01
4.755172619183212213e-02
-8.376751253005276787e-02
-2.032171402459843623e-01
-2.978745931416043602e-01
-3.578066051488493216e-01
-3.758094774947825512e-01
-3.493415450847857651e-01
-2.796404399027827559e-01
-1.747867850087251318e-01
-4.384517274544907917e-02
9.857504679101869449e-02
2.376640705572508061e-01
3.582932883639222688e-01
4.477304349510078385e-01
4.956851170421991970e-01
4.959130548512316050e-01
4.497703609112930767e-01
3.605033496298721829e-01
2.375698845909244294e-01
9.290855485204962960e-02
-5.694397446028354182e-02
-1.968532391283533967e-01
-3.109592359743071910e-01
-3.867816740200660242e-01
-4.176198786388147788e-01
-3.990215647896033779e-01
-3.329666695313976410e-01
-2.254079359939341609e-01
-8.924040261769139448e-02
6.261570209374567320e-02
2.131168548819215580e-01
3.461603809019033751e-01
4.476285162613997670e-01
5.065654831301831251e-01
5.170075049732041350e-01
4.769622289217076982e-01
3.923406525570241055e-01
2.706508871357398149e-01
1.259382694414599158e-01
-2.682672376310701878e-02
-1.707986672377641568e-01
-2.911264490762078827e-01
-3.745943815686898493e-01
-4.119297300236870463e-01
-4.013934248734860599e-01
-3.432678938635788102e-01
-2.444716232589824179e-01
-1.148426738573642414e-01
3.033856318299621435e-02
1.764685323519061821e-01
3.071550984380895244e-01
4.086135090642784018e-01
4.717110678288694015e-01
4.895780453449658509e-01
4.612347120108539755e-01
3.894598006404375035e-01
2.839816284809884017e-01
1.549456516395832928e-01
1.699817197532182966e-02
-1.152801176178948062e-01
-2.281051258012699590e-01
-3.100476380267088716e-01
-3.528223331879891678e-01
-3.517719785935909949e-01
-3.100069242010753401e-01
-2.316908535520367796e-01
-1.261193506092223027e-01
-4.366467563204134983e-03
1.197969656369486380e-01
2.338802056370121729e-01
3.258336197647389021e-01
3.863299291118238443e-01
4.115678092729611048e-01
3.991750980777790669e-01
3.517678160797279574e-01
2.747541380520963639e-01
1.782072588859078266e-01
7.144914523660239603e-02
-3.423885426720407743e-02
-1.279080165345266584e-01
-2.011476603746468195e-01
-2.472496324025851289e-01
-2.628252046385346485e-01
-2.469519096103203193e-01
-2.034854521431928021e-01
-1.367652271445295442e-01
-5.457434543456041176e-02
3.448500112229258008e-02
1.215556575889518154e-01
1.986082675580589374e-01
2.583546844750970184e-01
2.955275043732144002e-01
3.091810231460521141e-01
2.985467147765512586e-01
2.653202065160684686e-01
2.132435973277861940e-01
1.483306113577496088e-01
7.650605868024906719e-02
4.886708743102818886e-03
-6.014412691526460630e-02
-1.142434460681938102e-01
-1.529754474027076316e-01
-1.726829329733656770e-01
-1.720209147256274163e-01
-1.531048885818671046e-01
-1.176478301152067418e-01
-6.849040202707057379e-02
-1.008012071215602656e-02
5.254169911429062978e-02
1.145110450404731584e-01
1.703704861939387971e-01
2.156074786562678369e-01
2.475887682372974741e-01
2.635542390997693829e-01
2.610816105595201719e-01
2.401946885546448751e-01
2.037342917166149459e-01
1.539709825941282251e-01
9.377611700997823263e-02
2.778327432759164495e-02
-3.836340751942446392e-02
-9.924684268417249822e-02
-1.483899918541380369e-01
-1.809782902597429910e-01
-1.943147964928461091e-01
-1.861313227478479382e-01
-1.554428101400843198e-01
-1.039573823001163078e-01
-3.631799043015948580e-02
4.273250057702027149e-02
1.255978213205473093e-01
2.041969351148857914e-01
2.705068036547428889e-01
3.178329761849103541e-01
3.399156446489932648e-01
3.332045687336011586e-01
2.984387031035824478e-01
2.372745382845986573e-01
1.545617000148611364e-01
5.744408389077437782e-02
-4.370243824326136561e-02
-1.393322470099709331e-01
-2.184094301079085865e-01
-2.722244443184831386e-01
-2.954198063812629726e-01
-2.839623533264467037e-01
-2.374758069695509510e-01
-1.591547280636814721e-01
-5.734085055361792804e-02
5.934979560617503758e-02
1.783307762380179629e-01
2.871917047450205374e-01
3.738542848358274995e-01
4.286670721126835115e-01
4.443949435114105118e-01
4.175917244788098781e-01
3.518872438999633978e-01
2.522395350733801500e-01
1.286889342303658701e-01
-6.851812711483606932e-03
-1.389914857047463981e-01
-2.540300171536605811e-01
-3.382879601504078515e-01
-3.816787571907243048e-01
-3.801801886172783140e-01
-3.321423259721506538e-01
-2.422047949003622858e-01
-1.184506214989952122e-01
2.465445580607306120e-02
1.733595482633223384e-01
3.108997117127720866e-01
4.219424605906578751e-01
4.942203112326069014e-01
5.190901495479267602e-01
4.936062755803296564e-01
4.188248563424727955e-01
3.039246632247747382e-01
1.592775891059270421e-01
1.645771335945456215e-03
-1.521760511074657929e-01
-2.850157559327112233e-01
-3.825091169683958459e-01
-4.334789550827540250e-01
-4.312378768085756153e-01
-3.778593112430408407e-01
-2.775309191969841383e-01
-1.416210992394013601e-01
1.613386599743393823e-02
1.771275274133001787e-01
3.245568991957847871e-01
4.414772154761303913e-01
5.147811523320247051e-01
5.382277985248520302e-01
5.081185215513488451e-01
4.282386691863770967e-01
3.063068658867813543e-01
1.574737425893906195e-01
-3.477356949874388370e-03
-1.580442831989935515e-01
-2.891955538364089362e-01
-3.829498479941008116e-01
-4.289065954350002041e-01
-4.229255009355200601e-01
-3.648718776426360666e-01
-2.630837880397344231e-01
-1.272660777463721082e-01
2.627309165266678015e-02
1.809909615957361328e-01
3.195779975210744084e-01
4.272743554663565035e-01
4.923192007680328164e-01
5.071904362960519830e-01
4.730488610763508017e-01
3.928981855558086878e-01
2.766355322524962634e-01
1.364745748721916119e-01
-1.071267613045512324e-02
-1.494006215137045901e-01
-2.637262012291361479e-01
-3.412031616695649916e-01
-3.756275795899705061e-01
-3.629733779700100582e-01
-3.059145985171229931e-01
-2.105608367541860204e-01
-8.968758692685208089e-02
4.438639029273283576e-02
1.761400451262686850e-01
2.909841659705711958e-01
3.770842140921886187e-01
4.254402857305421559e-01
4.320711357545214959e-01
3.962774559305730637e-01
3.244841027981353321e-01
2.239814983556940309e-01
1.075519681754784074e-01
-1.172575096135142214e-02
-1.206331135435619872e-01
-2.077997802840749753e-01
-2.641641282037153760e-01
-2.838360144691697284e-01
-2.677677529830360115e-01
-2.178829920714787649e-01
-1.409946458467697950e-01
-4.584737919248160765e-02
5.557239971943483958e-02
1.524872499804565962e-01
2.339624048594908245e-01
2.914278251772985939e-01
3.212777898946335142e-01
3.206420321422105424e-01
2.908954988337724146e-01
2.360016595548635188e-01
1.640970538943955503e-01
8.271824698237884022e-02
1.446300138432610183e-03
-7.054497241669088758e-02
-1.263448795863280072e-01
-1.606095957641987537e-01
-1.710531380788220535e-01
-1.572997150505094366e-01
-1.230547682394574904e-01
-7.211267359168160862e-02
-1.127842444063043015e-02
5.222558907006158435e-02
1.115730426110910223e-01
1.608400065757717989e-01
1.951222182340703881e-01
2.113342675095968293e-01
2.104352176884012326e-01
1.931250652950355917e-01
1.621393166834226296e-01
1.215527392328730194e-01
7.668105669368951993e-02
3.230860530412971166e-02
-6.438380719040459610e-03
-3.572991162191374581e-02
-5.463620210180464287e-02
-6.179324042060208022e-02
-5.713788497111860210e-02
-4.214980446166538552e-02
-1.994434987235171874e-02
7.095156992428464093e-03
3.573069482609025904e-02
6.251584321572045688e-02
8.545350311834454260e-02
1.027942859473123249e-01
1.131321891783954037e-01
1.160567698159260530e-01
1.129144431603188448e-01
1.043295248789957164e-01
9.172519508763077312e-02
7.720387267825001842e-02
6.225109775050863270e-02
4.807757634678466729e-02
3.578881471674089099e-02
2.601617308535031370e-02
1.841306866611613913e-02
1.339392590093368973e-02
1.126277939128028649e-02
1.139409916737132988e-02
1.292030509240138514e-02
1.574885707359530151e-02
2.038536921301759008e-02
2.691651466350930555e-02
3.537774596802090166e-02
4.518316884642237241e-02
5.537335725389813668e-02
6.549660745165497566e-02
7.522397726352236802e-02
8.378869760665086375e-02
8.978926931523578681e-02
9.237498430190815846e-02
9.139557067841308502e-02
8.678219640805773238e-02
7.834171673423484528e-02
6.653578480084876290e-02
5.265158284448623327e-02
3.765732517794173617e-02
2.318504740118543239e-02
1.086473991694725250e-02
1.691291143265161168e-03
-3.333323027780665804e-03
-2.869016813984548442e-03
3.348096620749974051e-03
1.427313965928878048e-02
2.926848529212477956e-02
4.704939626075588244e-02
6.561258647274859079e-02
8.281775555345682882e-02
9.708188681683282972e-02
1.063376537120048759e-01
1.092973455020316287e-01
1.063680645226923183e-01
9.760728137368723800e-02
8.344578370737565365e-02
6.542422269898717779e-02
4.585993035006441509e-02
2.645144866623905244e-02
9.650449910888925231e-03
-2.445940962803816454e-03
-9.177657361905344757e-03
-9.845187404582289581e-03
-3.987618705756701409e-03
7.704360032103174660e-03
2.337675066055044937e-02
4.179398931547573248e-02
6.078354031127908286e-02
7.789122983777407860e-02
9.150598781374030821e-02
1.003387854081787545e-01
1.029552727708786808e-01
9.902040540466883201e-02
8.987176353313208743e-02
7.620466968435279931e-02
5.965347695448430798e-02
4.252118290290196612e-02
2.673088253630884203e-02
1.378429426155358684e-02
5.450319064747466413e-03
2.618470231096292622e-03
4.625114381933581598e-03
1.136953285942321479e-02
2.219401824413691493e-02
3.544823975946531647e-02
4.918865527104165913e-02
6.221567076741063573e-02
7.287123949056883987e-02
7.988858464288028927e-02
8.346814686147419060e-02
8.326705707657366951e-02
7.907439645280223139e-02
7.172120012908300701e-02
6.257674116351097382e-02
5.242314196632835710e-02
4.259834045508292810e-02
3.444480515209424887e-02
2.839698638589460700e-02
2.499475594484845686e-02
2.478957555988992034e-02
2.751002583459505324e-02
3.209967242962763478e-02
3.822015614156848429e-02
4.522371600545982417e-02
5.201145445712040960e-02
5.791217175817586771e-02
6.242347978601525682e-02
6.494352796553859442e-02
6.538870882803626827e-02
6.437893062580535286e-02
6.194569191716592371e-02
5.824885010568392474e-02
5.400180407786048242e-02
4.984025544742753944e-02
4.609389717438139300e-02
4.317544088623370691e-02
4.132357071192149789e-02
4.031059999916131176e-02
4.024466186835540249e-02
4.121554596725918174e-02
4.287962256835764485e-02
4.479649020593057251e-02
4.681577216270094155e-02
4.875019338067665409e-02
5.037618991887549136e-02
5.169277484885625995e-02
5.256797274524305230e-02
5.281575531053639416e-02
5.251879208040621805e-02
5.192260990688546407e-02
5.106910160977529145e-02
5.004520464915929168e-02
4.903037681116506619e-02
4.810314864089715314e-02
4.736024018603823826e-02
4.694369840599654786e-02
4.687766426407069531e-02
4.705515538699445166e-02
4.741542475323012873e-02
4.793689404443357560e-02
4.859798494226152954e-02
4.937711912837006167e-02
5.025271828441524313e-02
5.120320409205336709e-02
