6.883202729283111054e-03
-1.618632407197244660e-01
-2.718178904473242952e-01
-3.303448878441904712e-01
-3.448083743009974222e-01
-3.225724912084195761e-01
-2.710013799571310278e-01
-1.974591819378079816e-01
-1.110946922437970885e-01
-1.627942570151075241e-02
7.923880570298291737e-02
1.623463564771425727e-01
2.229763907559234593e-01
2.576261135139399361e-01
2.623782791984234919e-01
2.379317198092194552e-01
1.874923032666935274e-01
1.190807939418658812e-01
3.995410328690374158e-02
-3.971829738650345387e-02
-1.099481056856823624e-01
-1.633440264606260683e-01
-1.944675500507283550e-01
-2.006095027458056901e-01
-1.815442708124658244e-01
-1.421230267194383279e-01
-8.663267783615458129e-02
-2.335066361185111905e-02
3.893719164707820646e-02
9.271355450713003599e-02
1.319607011611334535e-01
1.519797053629781125e-01
1.506234753593183040e-01
1.307001776479805866e-01
9.444882144172450644e-02
4.797845497937958115e-02
-1.539696167199067212e-03
-4.686784896797191458e-02
-8.229829553710477086e-02
-1.025896473915146601e-01
-1.049680806000655720e-01
-9.148624709409081124e-02
-6.334295790483657207e-02
-2.479575653993970619e-02
1.820004656303852997e-02
5.844358725582621261e-02
9.055508946623902489e-02
1.088767001414723268e-01
1.098841680215776329e-01
9.491419835389591775e-02
6.490368520868261548e-02
2.340482975419289069e-02
-2.411263726340995284e-02
-6.991387717242403266e-02
-1.081303123649998144e-01
-1.320172880790437819e-01
-1.366112152118185152e-01
-1.215079659239421961e-01
-8.708158754281758451e-02
-3.660516423923654283e-02
2.452551043952455601e-02
8.737691351879206536e-02
1.449324327738279461e-01
1.885850541115563495e-01
2.109267051933951809e-01
2.084261756983309954e-01
1.795803381097511586e-01
1.263361323967344685e-01
5.324741856016323993e-02
-3.023857007285823961e-02
-1.159801714657443528e-01
-1.927659730835284968e-01
-2.500563116953933296e-01
-2.799556706067475309e-01
-2.773784867015743894e-01
-2.407759589194843342e-01
-1.720194082304253858e-01
-7.920688770617601016e-02
2.969641311400117445e-02
1.415824979726845179e-01
2.432061155966396271e-01
3.218022598896186359e-01
3.674302932710169500e-01
3.722670176502491657e-01
3.330834452866677786e-01
2.550416808995605855e-01
1.439342385582551564e-01
1.141348203037240161e-02
-1.287040105864919459e-01
-2.592297620357245647e-01
-3.654746511445763346e-01
-4.326757578334893273e-01
-4.509868604397954117e-01
-4.189800084479520237e-01
-3.370916737804396934e-01
-2.127725998767664439e-01
-5.768160579137615596e-02
1.094208551114121963e-01
2.717410021432913325e-01
4.095172750193507571e-01
5.057384151327344313e-01
5.490460630223612526e-01
5.322741852106755989e-01
4.556933199255777112e-01
3.247801121431246330e-01
1.549641613156849118e-01
-3.824825375228346758e-02
-2.324840729122498173e-01
-4.059687859888723160e-01
-5.383640383608108149e-01
-6.139043075922292481e-01
-6.219628679120106085e-01
-5.584022554985824671e-01
-4.315428801190235308e-01
-2.516746770430747793e-01
-3.891924534159973970e-02
1.845570219570538129e-01
3.926400929419637809e-01
5.626883705490250964e-01
6.735910444722561508e-01
7.108481878810051224e-01
6.716630257679354621e-01
5.568744796992703971e-01
3.783315987378250700e-01
1.531183231653872046e-01
-9.177904980372186827e-02
-3.316558063826218206e-01
-5.383663188381335729e-01
-6.879792219893394734e-01
-7.644373369803816320e-01
-7.568276893992654797e-01
-6.650397782871760866e-01
-4.959919105511119142e-01
-2.698482525973044943e-01
-7.687669544962139057e-03
2.601894006719631669e-01
5.045915638926314895e-01
6.977803881905395578e-01
8.177191272119845866e-01
8.497655566195654320e-01
7.873055147689396183e-01
6.397696273428779001e-01
4.195614324912959603e-01
1.510088817449071197e-01
-1.386208906544862396e-01
-4.157077226580697671e-01
-6.506406231187956690e-01
-8.156549246345208282e-01
-8.907839012067556572e-01
-8.700729686448108735e-01
-7.524696767413825427e-01
-5.509024520479290921e-01
-2.845987809835737181e-01
1.463389512560953065e-02
3.168329980563808768e-01
5.873515523612635736e-01
7.956118327040955229e-01
9.190704772753368612e-01
9.424132462636478635e-01
8.634376910460470622e-01
6.876773571074503710e-01
4.369471880405966235e-01
1.348590106402711708e-01
-1.836821969666930787e-01
-4.844308007806945593e-01
-7.335886112312658414e-01
-9.036010097781839168e-01
-9.746538113534466419e-01
-9.361069686833045633e-01
-7.960188544330454308e-01
-5.663246236776759979e-01
-2.733217498317543903e-01
5.299833784492369304e-02
3.746186892771350418e-01
6.574842672940637289e-01
8.689874996263025064e-01
9.846378076067938689e-01
9.946679707930354830e-01
8.952423114969314533e-01
6.984464137895449731e-01
4.234950945530606692e-01
1.041624181464380072e-01
-2.276331704083893737e-01
-5.341855224738298880e-01
-7.813677977422821552e-01
-9.429043605150961849e-01
-1.000000000000000000e+00
-9.476432113763217924e-01
-7.891386266815344497e-01
-5.451412637817050211e-01
-2.388616904374903926e-01
9.363865918769453955e-02
4.167043844198199398e-01
6.942485058049314706e-01
8.961421672535714311e-01
1.000000000000000000e+00
9.926204558558089364e-01
8.794521656197302750e-01
6.701550364101729329e-01
3.892238752507475308e-01
6.543537773606677987e-02
-2.631375874397221537e-01
-5.618267022759722007e-01
-7.964210730120880877e-01
-9.405931871264378019e-01
-9.822510971634796917e-01
-9.149119180813640728e-01
-7.477193072908897564e-01
-4.971737343256220631e-01
-1.946904915875162789e-01
1.292600352030970345e-01
4.374697650089172107e-01
6.958095667671457818e-01
8.767894942603708941e-01
9.602011197355577732e-01
9.386123064463451904e-01
8.126251399654631502e-01
6.001574280642592019e-01
3.217542759081590820e-01
1.119059363976271371e-02
-2.976994933998677872e-01
-5.702951627795739276e-01
-7.772806887907094398e-01
-8.961168218738104763e-01
-9.127132544363778521e-01
-8.303680011083258705e-01
-6.563679888761693171e-01
-4.121057643176325724e-01
-1.233382969937726337e-01
1.750142237320648775e-01
4.513333635130909460e-01
6.740557221735212767e-01
8.185548019437447476e-01
8.733060147012245977e-01
8.311948171395306950e-01
6.990394487859785677e-01
4.906302423417647773e-01
2.331817165808078851e-01
-4.693869363046598853e-02
-3.169828949135214957e-01
-5.467778054007479405e-01
-7.120655466822725099e-01
-7.947682285133872426e-01
-7.881274620282577859e-01
-6.922176083187356888e-01
-5.220046485415779092e-01
-2.944711252216534181e-01
-3.782109361909025136e-02
2.194807489994377026e-01
4.482571655180498382e-01
6.237871880126915070e-01
7.268990319755197493e-01
7.456597724468712052e-01
6.834198812432121795e-01
5.461965995434192589e-01
3.514517350601271684e-01
1.203609897463695511e-01
-1.185423949414059486e-01
-3.394026487874218789e-01
-5.164289026379960124e-01
-6.297888970195613112e-01
-6.710933874581848091e-01
-6.353100869123846639e-01
-5.287838385244718609e-01
-3.633997910709143575e-01
-1.618653777295239182e-01
5.460937738646332029e-02
2.602778401919587647e-01
4.313708885631630796e-01
5.499414318369642007e-01
6.030796450994768687e-01
5.871630411246913095e-01
5.038608376997060212e-01
3.668129370003296863e-01
1.903714161528071713e-01
-2.877021792012324219e-03
-1.904094594552032671e-01
-3.505697817500070812e-01
-4.656014771818322018e-01
-5.228216575485721274e-01
-5.153119357289268621e-01
-4.485975373194406313e-01
-3.295832620280441105e-01
-1.744898547418923807e-01
-1.576965347546699370e-03
1.673743946362620250e-01
3.133290820796317266e-01
4.186806860938918629e-01
4.709671028613429122e-01
4.681956773518274328e-01
4.102543642760900777e-01
3.056959569296815449e-01
1.669341157281878374e-01
1.358468015149472130e-02
-1.372991563923275926e-01
-2.670112469452455839e-01
-3.596947421669933753e-01
-4.067950437716144618e-01
-4.025571427047015538e-01
-3.489154901901284633e-01
-2.520462205341719164e-01
-1.266629588466571255e-01
1.352412179916173685e-02
1.501140622701775396e-01
2.659103051802607087e-01
3.474111164991400269e-01
3.847630166256945650e-01
3.743558380611309300e-01
3.167495413511602909e-01
2.215459012324183519e-01
9.857345470259426534e-02
-3.542924462572172306e-02
-1.637646802927273937e-01
-2.703947521279075339e-01
-3.424185492048501533e-01
-3.706717103497115806e-01
-3.506747589966737744e-01
-2.874313557840327826e-01
-1.867241074025913772e-01
-6.176129974887190066e-02
7.264548120099911799e-02
1.989110534737847935e-01
3.020361508074782542e-01
3.679280940296705271e-01
3.873849056517584266e-01
3.605961251861571348e-01
2.889133073393856943e-01
1.807855312266535286e-01
4.806517111964958566e-02
-9.134590152812915864e-02
-2.218156469016931975e-01
-3.261585994553255485e-01
-3.906319469615959772e-01
-4.085671766043537101e-01
-3.761218819473537422e-01
-2.967634826216577482e-01
-1.781325237063646760e-01
-3.612339105173267839e-02
1.146932633387736100e-01
2.554271164934047711e-01
3.685743082203296606e-01
4.405222845332852355e-01
4.618114703492592898e-01
4.294107571635281673e-01
3.449367595732595326e-01
2.196193072210645969e-01
6.517863645947397089e-02
-9.938308761755909604e-02
-2.550241365855170361e-01
-3.829650747662276533e-01
-4.680989704920223149e-01
-4.987666931666674408e-01
-4.690910255188183164e-01
-3.847618130501920808e-01
-2.527519874386422449e-01
-8.828147276951847644e-02
9.096878179658451913e-02
2.630417497980865882e-01
4.088626832938919708e-01
5.099854846786808782e-01
5.533953521189982627e-01
5.359455857956554325e-01
4.571270481812321762e-01
3.254207662677752744e-01
1.539751779678912857e-01
-3.561038299857299805e-02
-2.241370346423759985e-01
-3.894274079551978129e-01
-5.118779484862124862e-01
-5.782497178960442907e-01
-5.796598981297107489e-01
-5.156354388768080721e-01
-3.911474231862315243e-01
-2.217708424106257237e-01
-2.351758915110535586e-02
1.802080133773455994e-01
3.666876197623483158e-01
5.147206455958055482e-01
6.074787587974987968e-01
6.337441830660526243e-01
5.885404662195574677e-01
4.793272762901192863e-01
3.154022115496220025e-01
1.152773240502396046e-01
-1.001954209723924238e-01
-3.058871118374449916e-01
-4.797724562149243699e-01
-6.011003601015642017e-01
-6.552234236291947234e-01
-6.387075593148510144e-01
-5.510860049376131720e-01
-4.019085735428433726e-01
-2.057349136625458152e-01
1.379052827355198296e-02
2.346834705079294814e-01
4.315268624791683827e-01
5.821414486393365895e-01
6.710613229658479728e-01
6.874945428394123592e-01
6.298924223293620450e-01
5.027004498011571343e-01
3.220659307940869631e-01
1.048804593044445621e-01
-1.239434766915396002e-01
-3.396808954688974591e-01
-5.185573150397371212e-01
-6.412052223927739991e-01
-6.933172277679788831e-01
-6.674033175239120208e-01
-5.699058028790875419e-01
-4.092835768022820009e-01
-2.035720779236306344e-01
2.604296996479060766e-02
2.530236616031060759e-01
4.536911542032153744e-01
6.050523602123922817e-01
6.899482302547867985e-01
7.020078861004901416e-01
6.383126572156658796e-01
5.063888842320392047e-01
3.193372893487707032e-01
1.002066204873652833e-01
-1.297102258986844170e-01
-3.449108795962800844e-01
-5.217232103600998316e-01
-6.421033111427143503e-01
-6.928261785881832946e-01
-6.692955762246098894e-01
-5.728588023098668547e-01
-4.163661145273389597e-01
-2.141899047013862134e-01
1.035494727235075629e-02
2.334918661436822251e-01
4.310942222268761004e-01
5.826135409193733405e-01
6.713899352394543385e-01
6.871222851538767440e-01
6.320548810130808270e-01
5.105843734842818726e-01
3.362420436660489287e-01
1.265755886668156194e-01
-9.419405118285761880e-02
-3.035957200484927787e-01
-4.779036453741879464e-01
-5.984333690818792739e-01
-6.554098053033245996e-01
-6.419025675398120079e-01
-5.600071454136279492e-01
-4.177087061817029712e-01
-2.329662503818255015e-01
-2.336203670885461658e-02
1.877894285295111931e-01
3.778240717374838908e-01
5.270792966093267307e-01
6.200828171219423535e-01
6.473301321768276662e-01
6.050757689236532233e-01
5.011781450381078695e-01
3.450605950741847394e-01
1.547858067591152409e-01
-4.962473678742118643e-02
-2.457369329311953621e-01
-4.136694621327368093e-01
-5.350890316423491111e-01
-5.969163357081003207e-01
-5.962154391008904764e-01
-5.322980521855489311e-01
-4.127900940374981120e-01
-2.499769870456166609e-01
-6.358386353541034541e-02
1.280899909556716398e-01
3.037961276752636497e-01
4.449687201704115580e-01
5.391149249380966513e-01
5.762568171930400052e-01
5.532311592702072733e-01
4.723184170233891699e-01
3.446645602124369656e-01
1.820245159158750958e-01
2.872831406051545855e-03
-1.738174686533064950e-01
-3.296748920381594727e-01
-4.490802978894971043e-01
-5.193890384982917663e-01
-5.330149616876984631e-01
-4.924857963509594594e-01
-4.013542889257044610e-01
-2.695133955522404090e-01
-1.103554379569000599e-01
5.799373103054428213e-02
2.187791823656624057e-01
3.541494258996440436e-01
4.501434638463048810e-01
4.999303085328969942e-01
4.981070257978581495e-01
4.453698855252923305e-01
3.472686261971749122e-01
2.165309240489283749e-01
6.530367119915858609e-02
-8.994760099388399155e-02
-2.326798352299281891e-01
-3.486532195527772826e-01
-4.264424313724189952e-01
-4.579773119700205619e-01
-4.396426812545498608e-01
-3.767089273431390994e-01
-2.749615618805651973e-01
-1.457969878124276697e-01
-2.856508765033405339e-03
1.382481925875365114e-01
2.635910360194879676e-01
3.594884870456291903e-01
4.159999487980439170e-01
4.304332377703865564e-01
4.010734405271954017e-01
3.313853757267164468e-01
2.288589669343126243e-01
1.063469176126357052e-01
-2.464039552128394206e-02
-1.499237191227152932e-01
-2.563107245447447946e-01
-3.345713744964738945e-01
-3.769979764928002020e-01
-3.795332639731704427e-01
-3.421655395246799847e-01
-2.710510537680175247e-01
-1.724838552203055153e-01
-5.750663802155597804e-02
6.163959100631877241e-02
1.726564549751365973e-01
2.647905262413834393e-01
3.279798278065546580e-01
3.557507535076387395e-01
3.485580179099327935e-01
3.068762185209541471e-01
2.347959956880061316e-01
1.397505529148130865e-01
3.286080545860814439e-02
-7.555692693200188881e-02
-1.732162775895641493e-01
-2.500909630389253069e-01
-3.006517655727904970e-01
-3.197525871128575892e-01
-3.051479888227734971e-01
-2.585488550166623600e-01
-1.867320355447378288e-01
-9.593743848822877673e-02
3.523478177930750022e-03
1.006273581119303540e-01
1.857895870496759638e-01
2.509372810732666270e-01
2.890002278075618491e-01
2.961032653349318089e-01
2.746071069806388376e-01
2.265124411306516095e-01
1.565056435858995787e-01
7.208658973697112948e-02
-1.678787830860062336e-02
-1.015271077138295563e-01
-1.725375373986063332e-01
-2.226803770217820055e-01
-2.497476256383005522e-01
-2.508956157328148251e-01
-2.256025574586364435e-01
-1.769872250612073428e-01
-1.116935607528007912e-01
-3.538797556023531854e-02
4.360386451706199651e-02
1.165212549341156922e-01
1.764527258842252255e-01
2.178227094175329004e-01
2.361360160741754477e-01
2.295947706582865955e-01
2.012794308793615095e-01
1.536282263162840334e-01
9.138778918525169992e-02
2.129912157579294529e-02
-4.897876407416090760e-02
-1.127355196513878388e-01
-1.624728668213046845e-01
-1.931142131845641208e-01
-2.041901666183769670e-01
-1.945132782925375059e-01
-1.645108945608065865e-01
-1.176245235728694549e-01
-6.001406038459278225e-02
3.186291355032899730e-03
6.487824657196084033e-02
1.182988716924924244e-01
1.592051126800364536e-01
1.837813284883382803e-01
1.888866310922920899e-01
1.741544186953747353e-01
1.431490170922797844e-01
9.846944515410527288e-02
4.509581850385946389e-02
-1.062553996567094927e-02
-6.288776735331813583e-02
-1.068045167578175469e-01
-1.371367629378792419e-01
-1.508182886188144112e-01
-1.489190852313384550e-01
-1.315732187931584196e-01
-1.000606489532841481e-01
-5.822469301207044978e-02
-1.164323789600063552e-02
3.546697112673125041e-02
7.762806102250463525e-02
1.103037392119221582e-01
1.321567737917326291e-01
1.411045059112236988e-01
1.355164725009607718e-01
1.164397869886246717e-01
8.731306255693827012e-02
5.046367891741843081e-02
9.891012174138014146e-03
-2.956850152681134158e-02
-6.420789443342422853e-02
-9.095625363822568143e-02
-1.064725721546079251e-01
-1.093373663903765003e-01
-1.013309602804723930e-01
-8.302612566753087009e-02
-5.591159607777995699e-02
-2.337885075318868466e-02
1.072556086543685616e-02
4.334883086746033065e-02
7.029500051250314741e-02
8.866397273642134813e-02
9.853894630086301731e-02
9.897561362959073072e-02
8.910562450553549674e-02
7.037657676971886822e-02
4.590685160358765060e-02
1.767045112961573849e-02
-1.111000467113976153e-02
-3.699626900088714976e-02
-5.825877821450886618e-02
-7.303267277659220014e-02
-7.873303116027585702e-02
-7.487773639753925181e-02
-6.363018924859376035e-02
-4.577167904783641106e-02
-2.322003134103545197e-02
8.005293700155124981e-04
2.380203768654687302e-02
4.389518859436258857e-02
5.847428021510747698e-02
6.610881780609667580e-02
6.758208427251410910e-02
6.266590193173637857e-02
5.143989630467760144e-02
3.586523772812055810e-02
1.868910113442012744e-02
1.216300892014299251e-03
-1.469763438508142617e-02
-2.726336166130871597e-02
-3.646071333370937140e-02
-4.137188900588628648e-02
-4.066616021491553656e-02
-3.488035185608062694e-02
-2.574142655746969321e-02
-1.387632840032870796e-02
-4.792078298542223891e-04
1.267831003655128796e-02
2.450283431735034156e-02
3.398947972358579150e-02
3.973627823893988165e-02
4.133483703507656593e-02
3.968817598504759125e-02
3.481494429949294478e-02
2.692316519606019476e-02
1.723842010299736494e-02
7.076546177425147022e-03
-2.775748185277371327e-03
-1.116670121072915745e-02
-1.723454653714096008e-02
-2.108811699534562933e-02
-2.233718095875614207e-02
-2.047390964600237506e-02
-1.597992958330773927e-02
-9.920860199863601459e-03
-2.730834890218747368e-03
4.894893720081894273e-03
1.202178844587709072e-02
1.818865925474200118e-02
2.282732778911999993e-02
2.495663155576877124e-02
2.436928467816712462e-02
2.175596980503602396e-02
1.730484462057102490e-02
1.170102701907915765e-02
5.955904170161341327e-03
6.812027860996217044e-04
-3.679344269825968183e-03
-6.651751342112821597e-03
-7.998784625051880148e-03
-7.905198967723681136e-03
-6.386424016103009471e-03
-3.669251248019866907e-03
-4.184109295818361218e-04
2.558490507118760249e-03
5.064616058936488585e-03
7.032899710286866224e-03
8.335949747952486888e-03
9.291508538379344984e-03
9.781812651851407026e-03
9.571451357933247195e-03
8.879452546005861535e-03
7.962003155547847655e-03
6.895920458796611641e-03
5.823388915891181128e-03
4.874132694142163658e-03
4.037806401232080233e-03
3.397932738073317083e-03
3.027558799302720871e-03
2.867564560008695196e-03
2.813323400169043254e-03
2.873980254236130349e-03
3.089430503474099865e-03
3.416918986136829872e-03
3.804980534559243566e-03
4.220507166915465902e-03
4.620909232242897957e-03
4.996087809674865099e-03
5.381902619240097607e-03
5.737570930163693461e-03
5.970625636639415035e-03
6.054490660264866264e-03
5.991368071593949907e-03
5.793752702308863078e-03
5.523719187968456623e-03
5.233941131213670772e-03
4.960995316123373300e-03
4.728845079000842944e-03
4.554315266948272267e-03
4.452572334933124765e-03
4.419608703590816035e-03
4.454007678483806743e-03
4.538235129908807508e-03
4.633702052498467339e-03
4.695594723002516346e-03
4.719751819595607856e-03
4.719739069881434546e-03
4.699852813352389802e-03
4.683605308805294243e-03
4.668212721205433624e-03
4.642414599183464219e-03
4.618193173368867477e-03
4.604916262981539887e-03
4.603077199955674104e-03
4.612894608272188890e-03
4.631061361629162931e-03
4.648189913933009620e-03
4.665118846147953136e-03
4.684973633398481496e-03
4.704949461992846693e-03
4.724589039752480346e-03
4.742939535743451174e-03
4.757543928253449295e-03
4.768464215421985841e-03
4.777380488529603397e-03
4.784495026865620559e-03
4.789978879361500574e-03
4.794003094948262600e-03
4.796738722557591927e-03
4.798356811120729759e-03
4.799028409569139342e-03
