-3.634695786534869466e-02
-1.637199369262952731e-01
-2.361013525932210699e-01
-2.615070845293647750e-01
-2.479530123979649670e-01
-2.034550158622607796e-01
-1.360289745854906807e-01
-5.369076823089435901e-02
3.149822202675611749e-02
1.162520597735132721e-01
1.926228283137123576e-01
2.467216967030538832e-01
2.685544479036909848e-01
2.583907931221716137e-01
2.160533778581457121e-01
1.456129979271678643e-01
5.491881467290560259e-02
-4.290561016214167189e-02
-1.380204535556543988e-01
-2.164889696062001212e-01
-2.658893501734879150e-01
-2.817857643778984844e-01
-2.615380480488771475e-01
-2.053666868274101054e-01
-1.189962080805717637e-01
-1.555367982456112852e-02
9.570767237895250190e-02
1.999000460811610758e-01
2.814725615464639397e-01
3.305821093647527409e-01
3.406330612251500245e-01
3.074698915446671954e-01
2.331617512650268065e-01
1.289189337369900379e-01
3.275700327019404057e-03
-1.268487579036815527e-01
-2.428030539897444440e-01
-3.289042891097831989e-01
-3.737981115477816418e-01
-3.678849071520752245e-01
-3.089424987050637395e-01
-2.067873111064589819e-01
-6.958718190028667649e-02
8.366575283163291132e-02
2.314921731722889842e-01
3.524263410462369350e-01
4.301732526646850907e-01
4.496207691307472221e-01
4.045720669188839214e-01
3.040832362815686363e-01
1.564409228415970521e-01
-1.528466935043115704e-02
-1.858229539099777172e-01
-3.289965964158561018e-01
-4.250546254970438698e-01
-4.578076629161880184e-01
-4.194487073780960307e-01
-3.176982959042349286e-01
-1.614255993017799096e-01
2.341898333842284963e-02
2.092307971109270692e-01
3.657704891134376801e-01
4.710837899995834466e-01
5.086431534265349885e-01
4.703852118281843797e-01
3.656203142781488946e-01
2.039320303476446217e-01
1.359211346418121025e-02
-1.763554163505853811e-01
-3.358492506709770398e-01
-4.417418048421407617e-01
-4.773318671125439394e-01
-4.355150602673472093e-01
-3.271401121139017043e-01
-1.631790393644872994e-01
2.736285935875537589e-02
2.152929113039248055e-01
3.701609889746446669e-01
4.687343971527886399e-01
4.943541397696189499e-01
4.410361548346488636e-01
3.233100654050133915e-01
1.537380742839211667e-01
-3.738084336462377255e-02
-2.200972224655213250e-01
-3.660492056885349399e-01
-4.533097453685777101e-01
-4.675146668559301277e-01
-4.043192425946792179e-01
-2.788606405515220432e-01
-1.052829102824890395e-01
8.520886743319855405e-02
2.625759068259254647e-01
3.991478157428594020e-01
4.749959449230842790e-01
4.790391996908671679e-01
4.087593638429336540e-01
2.806511362744872340e-01
1.089906505002231629e-01
-7.693681299809151941e-02
-2.482705184762052930e-01
-3.794771232007997375e-01
-4.520123031519865942e-01
-4.553340431242857145e-01
-3.871944151478912133e-01
-2.629159476738605061e-01
-9.565841404657471347e-02
8.727827044617741947e-02
2.584220660653639978e-01
3.931933260224103055e-01
4.732770760959970069e-01
4.867291902788088986e-01
4.298636545477527715e-01
3.154024307706935204e-01
1.545185231042793816e-01
-2.727419363002214769e-02
-2.033951160917972789e-01
-3.486236763431108665e-01
-4.435095770661545700e-01
-4.724724875052455086e-01
-4.289809720606029275e-01
-3.234985352030385064e-01
-1.655588045950420195e-01
1.927578070445390424e-02
2.038091486585129619e-01
3.608702126074057048e-01
4.691206741510074441e-01
5.108017520072818396e-01
4.775340055061165767e-01
3.780163011151813635e-01
2.208443013222594065e-01
3.057287341928427438e-02
-1.651729843839645495e-01
-3.347920061982679885e-01
-4.546772076086225134e-01
-5.047942950643424798e-01
-4.747563597068568120e-01
-3.734397301775893574e-01
-2.094298425955414267e-01
-8.853955426749937629e-03
1.990177080372099727e-01
3.799961302990666479e-01
5.078236821694901426e-01
5.604758023154874369e-01
5.259026461521951745e-01
4.116183930618650955e-01
2.279401444752413575e-01
7.147632478322396565e-03
-2.178293999668290404e-01
-4.089604387021011922e-01
-5.373547321678934230e-01
-5.812585887933264805e-01
-5.292487041231037637e-01
-3.913165131593208113e-01
-1.808402203341841208e-01
6.475783740458762594e-02
3.086555957928385219e-01
5.091271296532822177e-01
6.344613926321895914e-01
6.616659639466517806e-01
5.807937853598217348e-01
4.086046677415671180e-01
1.631724339888211972e-01
-1.117158485613578556e-01
-3.741354148692692672e-01
-5.800843317541111155e-01
-6.959511820439883145e-01
-7.001222217694106353e-01
-5.856349852722937399e-01
-3.754210821111002572e-01
-9.322488621662372577e-02
2.105010031246654645e-01
4.887644408365361404e-01
6.949274712775908025e-01
7.954350858592453832e-01
7.734663395221108573e-01
6.261194778452385812e-01
3.831326267585188905e-01
7.339227164198680597e-02
-2.487473047286871131e-01
-5.333707956098772129e-01
-7.343405911034516231e-01
-8.193009007808127464e-01
-7.758283745043343949e-01
-6.049402337262753671e-01
-3.412131226305714637e-01
-1.704035060550757041e-02
3.116356078613173874e-01
5.941334653080236894e-01
7.865838787328591764e-01
8.587597727082907362e-01
8.021458343330802876e-01
6.207549381071020278e-01
3.515188010933332219e-01
2.820237464683850170e-02
-2.942558738290833587e-01
-5.664043998267942470e-01
-7.477517066053835926e-01
-8.107270554446392996e-01
-7.496920478854103287e-01
-5.704282338873785108e-01
-3.097991932617580879e-01
-8.633465205457602210e-04
3.045710615817347477e-01
5.598408515856152512e-01
7.283484235637545101e-01
7.853150297409721148e-01
7.267857923812335308e-01
5.591334871881610269e-01
3.172620799963399296e-01
3.195676522715329426e-02
-2.494138064989573911e-01
-4.839275778950249407e-01
-6.389432048108707463e-01
-6.923879878392993348e-01
-6.410714757327813373e-01
-4.911428175195970969e-01
-2.744617377875511188e-01
-1.866461806753583197e-02
2.338717988685024007e-01
4.443944711941922865e-01
5.841097307271496675e-01
6.335737599999633485e-01
5.899640307453264398e-01
4.589066765433964523e-01
2.689439839516865050e-01
4.433612601258207775e-02
-1.775537192932403752e-01
-3.622194163933590838e-01
-4.846583136535188574e-01
-5.281004412646141954e-01
-4.901837179833130609e-01
-3.761567989244903876e-01
-2.115331651891584341e-01
-1.742107540177562086e-02
1.735522935940547740e-01
3.310011863543436128e-01
4.337214781671774322e-01
4.677536756426146081e-01
4.315812461551971069e-01
3.304879603688937184e-01
1.875505429224901821e-01
2.123247036456588077e-02
-1.400658808139838563e-01
-2.697324854705858144e-01
-3.502007899024713877e-01
-3.703331913226195482e-01
-3.297739326681307093e-01
-2.342668261591207557e-01
-1.051982198494514353e-01
4.087791335876378440e-02
1.788694762918536796e-01
2.851678170915989963e-01
3.451530183063162838e-01
3.500671186700738957e-01
3.006365370626400413e-01
2.032703963638822220e-01
7.846942099461529097e-02
-5.817729749833733255e-02
-1.833854306733443407e-01
-2.751904801977940185e-01
-3.204356556958914970e-01
-3.116716065388618340e-01
-2.501663084270395743e-01
-1.429169848518593300e-01
-1.045810007718817047e-02
1.314180720724562601e-01
2.591320420530383029e-01
3.504190304008603096e-01
3.913874889497364062e-01
3.742434708918955799e-01
2.998729543561828859e-01
1.755280868376878356e-01
2.280644960204170069e-02
-1.410008553099952877e-01
-2.895763891714457916e-01
-3.981255628946996916e-01
-4.496093646277805611e-01
-4.340183436512342618e-01
-3.508940917220706446e-01
-2.073041841041791677e-01
-2.686121409744568478e-02
1.705176693485253026e-01
3.536705704913640780e-01
4.934026890287837031e-01
5.676760870506425416e-01
5.628183832755664362e-01
4.764776977458689000e-01
3.152184496708987371e-01
1.053455357017525351e-01
-1.299663450950802046e-01
-3.536771869569299565e-01
-5.313420207451833299e-01
-6.353881319990568599e-01
-6.480054972453239692e-01
-5.650332390297079233e-01
-3.924547924003443100e-01
-1.594052359136929331e-01
1.078162504678663591e-01
3.668015290967427955e-01
5.784412791952082689e-01
7.107879229687397160e-01
7.427025675381657699e-01
6.690563445670192344e-01
4.955087631286234640e-01
2.534928798285633889e-01
-2.852912839483301433e-02
-3.049079664475187190e-01
-5.339103384907757377e-01
-6.818983310002347809e-01
-7.264417824774864751e-01
-6.629226164455029879e-01
-4.972850264517847396e-01
-2.622452714455704159e-01
1.308810038075014504e-02
2.830245589588844535e-01
5.061735765067392201e-01
6.507259154711648730e-01
6.956748267958017262e-01
6.385791034137133781e-01
4.864656922171788356e-01
2.721303112756088272e-01
2.372595005544519964e-02
-2.162998674479226224e-01
-4.098986805613312745e-01
-5.303955594358642500e-01
-5.608117810415594873e-01
-5.023158110408465493e-01
-3.638313014899249298e-01
-1.772574682221560449e-01
3.135777457784372224e-02
2.251529747373781642e-01
3.715215207274384923e-01
4.509913320885878818e-01
4.523464009902633531e-01
3.811973943405311260e-01
2.490281532603966230e-01
8.654056850305713589e-02
-8.255676307910586598e-02
-2.275709736944028228e-01
-3.218246417505968848e-01
-3.532596203477542662e-01
-3.167463286187542915e-01
-2.223352468367584267e-01
-8.442546129754469053e-02
6.693536654940235309e-02
2.095455704457949153e-01
3.174383926362063235e-01
3.685425932135981686e-01
3.565154547409070673e-01
2.811698672935667442e-01
1.562936658529063827e-01
-7.681133662417183317e-04
-1.593284080200837449e-01
-2.970018288421119035e-01
-3.895389185774383867e-01
-4.167552278292036005e-01
-3.749608386585698838e-01
-2.667035247086753103e-01
-1.083871165722133378e-01
7.994021437148335352e-02
2.652336741007048637e-01
4.228450254104461070e-01
5.265571791073138108e-01
5.547537649254188352e-01
5.028814948947886165e-01
3.735664334005013298e-01
1.845307295546010362e-01
-4.197138279541734462e-02
-2.689583618843170987e-01
-4.676684587293781226e-01
-6.065739020801191872e-01
-6.596112563876564971e-01
-6.182832025192503966e-01
-4.828497166207594837e-01
-2.711463370729944033e-01
-6.947005834135211444e-03
2.678896436379401003e-01
5.193908800577011764e-01
7.085759337311712258e-01
8.029629584522934849e-01
7.881178862363575899e-01
6.602301691025609376e-01
4.363122117763502672e-01
1.408830521874890884e-01
-1.792447929885747637e-01
-4.847815487041704507e-01
-7.287544597694957105e-01
-8.716997886545496677e-01
-8.926813110428816200e-01
-7.831220168963171080e-01
-5.586171889220841180e-01
-2.436648310512562476e-01
1.107931376453654693e-01
4.610395908075006766e-01
7.531962676302939030e-01
9.417014081029622119e-01
1.000000000000000000e+00
9.151399369693502539e-01
7.011438185014757796e-01
3.818498625647117617e-01
1.072407511533612912e-02
-3.658325293807710432e-01
-6.895698570871784394e-01
-9.109848599679527537e-01
-1.000000000000000000e+00
-9.406385985147219797e-01
-7.455617757720647276e-01
-4.374616163961698723e-01
-7.014645551996046002e-02
3.096493632755445979e-01
6.428485573777737994e-01
8.790236658369507960e-01
9.873891066480700029e-01
9.508479787767365465e-01
7.809731662850745160e-01
4.988546133397255833e-01
1.560926724652500486e-01
-2.028809005898265516e-01
-5.220259201711158203e-01
-7.532444316583417621e-01
-8.678442164879567322e-01
-8.495250304709341949e-01
-7.088496063594895702e-01
-4.648052436214771266e-01
-1.642654627225380581e-01
1.530931297143618419e-01
4.376078834138723561e-01
6.462755345822488451e-01
7.545548561367654283e-01
7.483859267151211636e-01
6.371340501048921023e-01
4.372336233494160673e-01
1.889916676733982559e-01
-7.433026675967380204e-02
-3.114044188120252965e-01
-4.859262318770498634e-01
-5.783735917653032299e-01
-5.776139279719385566e-01
-4.915366320196223882e-01
-3.338651028376065089e-01
-1.378023383949031899e-01
7.014766422429374870e-02
2.570220981467745691e-01
3.932812843616935172e-01
4.640584977822199697e-01
4.611089625240580858e-01
3.908787969380160821e-01
2.648146078749245014e-01
1.101287112436262206e-01
-5.224560204062700386e-02
-1.958522152599144750e-01
-2.965145398243939079e-01
-3.427594972689379516e-01
-3.287227496514684155e-01
-2.600609281879825430e-01
-1.471083664193337803e-01
-1.373488318595073032e-02
1.221896822440482477e-01
2.375242774079695529e-01
3.110326673940753128e-01
3.330059613874121194e-01
2.992674241464363671e-01
2.159114552680365673e-01
9.385455045168811239e-02
-4.286984147760275476e-02
-1.762626643081021127e-01
-2.828547393832586687e-01
-3.415730909262904014e-01
-3.429431939974458832e-01
-2.837887761958489685e-01
-1.720780163872707158e-01
-2.104905638211884700e-02
1.417520349990553097e-01
2.952009154977739414e-01
4.123711842657127313e-01
4.699140851098559946e-01
4.574181715062759501e-01
3.720821475053215366e-01
2.248362471897649151e-01
3.243975306810797932e-02
-1.718062156224481329e-01
-3.616506008579838394e-01
-5.047916986492978486e-01
-5.739937027766470745e-01
-5.571359585345749821e-01
-4.511624987554485600e-01
-2.701799025078805983e-01
-3.467106677166365003e-02
2.157434939771960547e-01
4.491289861733185340e-01
6.273328918295653089e-01
7.186279937778723426e-01
7.087070055065962659e-01
5.935629810148337349e-01
3.896474215730305612e-01
1.202727365995217568e-01
-1.697445543371368659e-01
-4.436650594731215147e-01
-6.582833972114853216e-01
-7.777026886722009369e-01
-7.851377770674121681e-01
-6.749214536972647505e-01
-4.642445033792127473e-01
-1.775766771157351043e-01
1.373230035211971956e-01
4.407733164518867763e-01
6.861120879587725430e-01
8.342395756213354385e-01
8.657656651738243614e-01
7.727796489864591223e-01
5.713593916042913889e-01
2.852486060029957304e-01
-3.738573137496281618e-02
-3.560652822618961544e-01
-6.224434460733020424e-01
-7.954423464064921401e-01
-8.531467189858896738e-01
-7.851116173670303899e-01
-6.048221262560663503e-01
-3.338047384226761061e-01
-1.860269408593695495e-02
3.012808356998450954e-01
5.772746130034958068e-01
7.674761500564066807e-01
8.477772521652071624e-01
8.053418897766313478e-01
6.504419609210638775e-01
4.017291378335168250e-01
1.031219152164006836e-01
-2.078130752824219885e-01
-4.831445428416275556e-01
-6.809878265349067483e-01
-7.755985041181279183e-01
-7.523024441240413474e-01
-6.184877151040586440e-01
-3.902051651297007151e-01
-1.089215583989945335e-01
1.897287269708503032e-01
4.585819646818409812e-01
6.561301600315134763e-01
7.556321572066271308e-01
7.413546929310126377e-01
6.188964196926680650e-01
4.027404825398397392e-01
1.330567099160226974e-01
-1.555987751871816815e-01
-4.162864073934542386e-01
-6.077331723864261015e-01
-7.027864866018485035e-01
-6.854999909004080294e-01
-5.613016454028614266e-01
-3.446411870689372048e-01
-7.620611250872399989e-02
2.091044489477416057e-01
4.636399161307684924e-01
6.458967541830828996e-01
7.288852904101366104e-01
6.972912812060179100e-01
5.582070033065766879e-01
3.277501377348430722e-01
4.909301116745612426e-02
-2.409948903673001519e-01
-4.933108587536350065e-01
-6.657031031044838842e-01
-7.321149265114423876e-01
-6.787401804039878694e-01
-5.160702048669876252e-01
-2.633683993359806630e-01
3.230599685133173082e-02
3.313104005783333861e-01
5.828017775040610360e-01
7.440950633086294008e-01
7.911964523079844103e-01
7.127546235421913234e-01
5.239052324892401469e-01
2.478890532214175213e-01
-6.418643534061851952e-02
-3.698961294097284913e-01
-6.178854279003545003e-01
-7.658803209759026398e-01
-7.933474075132077585e-01
-6.922514743941129423e-01
-4.826081887889643873e-01
-1.914143401396082300e-01
1.276492663640227399e-01
4.308079569098073325e-01
6.684622975442073844e-01
8.004108683630444254e-01
8.108291215080871694e-01
6.954688080071995682e-01
4.781544711246001889e-01
1.882392401344354926e-01
-1.209489043939694364e-01
-4.068017964010391951e-01
-6.242489170452240055e-01
-7.370524356394014820e-01
-7.346708430789656852e-01
-6.164862606260440581e-01
-4.079960705152466671e-01
-1.386913404029986863e-01
1.419912386721084996e-01
3.954683208749301127e-01
5.838416446405201299e-01
6.764214987326251372e-01
6.668377266558835892e-01
5.569524477683975849e-01
3.719011321580776297e-01
1.391674463614218649e-01
-9.890744506300319649e-02
-3.100233013808858518e-01
-4.646520175578431333e-01
-5.382420718867977349e-01
-5.267609365110462738e-01
-4.329678810999295635e-01
-2.796563107647870305e-01
-9.062184995404898302e-02
1.004540345545812396e-01
2.679770238356624645e-01
3.890085122295008357e-01
4.446063141783804795e-01
4.329950984178183582e-01
3.567646530869852395e-01
2.340102084986426245e-01
8.412506332775016027e-02
-6.658007937377252716e-02
-1.979244155770897295e-01
-2.908143321014955429e-01
-3.304643864350320648e-01
-3.169748781990456843e-01
-2.522443875076704201e-01
-1.495503174013167458e-01
-2.490227145880308246e-02
9.965255569260933477e-02
2.075573939728956319e-01
2.817818676414873824e-01
3.093567503178118461e-01
2.907200681761217265e-01
2.275389048819000948e-01
1.305660166569850844e-01
1.418404298426745314e-02
-1.006754081248291133e-01
-1.987926487094887618e-01
-2.636788411181351099e-01
-2.824757460182292235e-01
-2.551470825380700580e-01
-1.837652883043037200e-01
-7.934241976132472285e-02
4.340648046819972627e-02
1.623710821937260906e-01
2.617937986724625521e-01
3.248442051090567606e-01
3.380639556869788898e-01
3.009501729569818984e-01
2.164378001293547626e-01
9.782068612468819424e-02
-3.851253408216492868e-02
-1.684623044134617720e-01
-2.748462027132165808e-01
-3.403652925322220302e-01
-3.511881074751259657e-01
-3.068926547179254838e-01
-2.113537770804475580e-01
-8.075698149527166247e-02
6.654567491666019130e-02
2.051543661368318006e-01
3.167246695957730562e-01
3.840470762172243369e-01
3.937711451129395357e-01
3.462451309149645606e-01
2.460163230792091760e-01
1.114067981626283288e-01
-3.796949398594362535e-02
-1.770606340891952568e-01
-2.874806129607391236e-01
-3.530523402108126652e-01
-3.619487130837278910e-01
-3.158187338976324865e-01
-2.194287738043128044e-01
-9.166097732687505939e-02
4.788035117984512645e-02
1.763617128671433054e-01
2.767991208651794377e-01
3.350090499946538625e-01
3.415542409976519700e-01
2.996282824538951672e-01
2.138347662413104810e-01
1.020692066283743760e-01
-1.727487206228950356e-02
-1.249377723388248596e-01
-2.065141749919214842e-01
-2.504996404669590504e-01
-2.503316223811543617e-01
-2.107412920718043647e-01
-1.360599301437135367e-01
-4.231615303180069620e-02
5.392432509383615624e-02
1.373062203293990979e-01
1.964365526147415775e-01
2.226172511103086116e-01
2.121269911551248999e-01
1.710636207509879103e-01
1.036189518654140329e-01
2.392197261379291895e-02
-5.319102409763665218e-02
-1.156400437338421794e-01
-1.546645411992793040e-01
-1.638664412329825515e-01
-1.418623236812419641e-01
-9.598648088017458502e-02
-3.063285739793186746e-02
4.129687690383310184e-02
1.060503104145458231e-01
1.536657361553022128e-01
1.771615098873819960e-01
1.716704303571692236e-01
1.375192391825008631e-01
8.344132425913142193e-02
1.455582518844455997e-02
-5.654299854570732364e-02
-1.163486442914591912e-01
-1.558262761995380385e-01
-1.689721743125212061e-01
-1.521098728606959938e-01
-1.068595664403656498e-01
-4.333342395407202563e-02
3.231623980693809628e-02
1.070257798233715807e-01
1.669435169603386004e-01
2.033963413269903597e-01
2.110387700328508753e-01
1.874575618052447545e-01
1.352706819671087857e-01
6.564543441295955795e-02
-1.434039846321366607e-02
-9.125963945558723811e-02
-1.511277962745141146e-01
-1.859295662628669410e-01
-1.910406168978733277e-01
-1.652630423853563846e-01
-1.120152739159498978e-01
-4.293986175940756045e-02
3.468902541263196859e-02
1.081426447271423008e-01
1.641649459835812230e-01
1.962217757873696566e-01
2.008403823939521882e-01
1.779615676791475032e-01
1.315061724270594201e-01
7.253440345309147830e-02
7.428395960247691221e-03
-5.346053761995006592e-02
-9.885262065173550106e-02
-1.238204138139514798e-01
-1.262111012670142918e-01
-1.075519866905774169e-01
-7.218589782619033723e-02
-2.924309119120171996e-02
1.674904809132171657e-02
5.840410920357230751e-02
8.706302532310505882e-02
1.038303187379951975e-01
1.096751437104352966e-01
1.029561013486883780e-01
8.203179276101746353e-02
4.526081905568601904e-02
-8.998218659042378498e-03
-8.238671927490504032e-02
