-2.300825665227138606e-01
-2.676914898081106386e-02
1.322531372256989801e-01
2.497185582232972489e-01
3.283613801384657194e-01
3.709158690976865902e-01
3.801162912274413941e-01
3.586969126542145503e-01
3.045392594220139859e-01
2.182194610217100816e-01
1.054269456864296295e-01
-1.863425445918232004e-02
-1.398162936206956974e-01
-2.471362350991215262e-01
-3.286838424255447144e-01
-3.745872333545970934e-01
-3.792431727933917029e-01
-3.447874979736323953e-01
-2.739011670966826628e-01
-1.738837688608373400e-01
-5.510874644332330874e-02
6.812050882554365749e-02
1.833660423074736645e-01
2.771019310214291043e-01
3.391278564205850721e-01
3.656184245717033487e-01
3.530002099449296438e-01
3.020265643208968065e-01
2.179787357406917092e-01
1.117309911573158843e-01
-6.925765201007627603e-03
-1.245723851866629150e-01
-2.279402636200795751e-01
-3.063544982319611476e-01
-3.516638987836547825e-01
-3.589437401637148861e-01
-3.269579236397904820e-01
-2.612777045676684118e-01
-1.676180600611731908e-01
-5.666344825609248570e-02
5.940937393391099164e-02
1.676501060636836904e-01
2.569100897798910488e-01
3.164365272604539037e-01
3.393456431175614352e-01
3.261851171008320893e-01
2.776540472459945175e-01
1.986260585049952621e-01
9.739979308167212579e-02
-1.353598442277148539e-02
-1.230367247618003868e-01
-2.180505403034110889e-01
-2.879434843854681292e-01
-3.272260232020918203e-01
-3.314021792417347623e-01
-2.998734072842792475e-01
-2.359796781780666430e-01
-1.487131780148309712e-01
-4.612576074648955249e-02
5.994531606541686486e-02
1.572736869307722607e-01
2.355527953668488106e-01
2.867007294355385927e-01
3.047135264692093504e-01
2.872062547129266008e-01
2.386893690647942101e-01
1.635045314466687660e-01
7.068416340206029602e-02
-2.904022708721654134e-02
-1.241299556450365937e-01
-2.046700365166341795e-01
-2.608623013444422156e-01
-2.862954727323195891e-01
-2.811302793905638975e-01
-2.455114756267724463e-01
-1.832484500339399691e-01
-1.014629643837468009e-01
-1.115334868554240799e-02
7.854794238931606110e-02
1.568823754525847658e-01
2.147791923216870735e-01
2.479314814205071382e-01
2.525934885285134879e-01
2.281421071449798443e-01
1.774601811496023807e-01
1.080699530822479826e-01
2.655172346527434613e-02
-5.709464323931090490e-02
-1.326934054195549884e-01
-1.921272344972528856e-01
-2.291312980241704267e-01
-2.395037145454939065e-01
-2.219928166413591697e-01
-1.807539252595148360e-01
-1.195006610688400528e-01
-4.574437373716222499e-02
3.162708859811846906e-02
1.034064942156884825e-01
1.618434263953483221e-01
1.991938725006618949e-01
2.109048559766995012e-01
1.986218416296539058e-01
1.632697884416214329e-01
1.084157461327881489e-01
4.043559247507211296e-02
-3.147242884023582210e-02
-9.962449270563511483e-02
-1.550574003972313708e-01
-1.908726710970338747e-01
-2.048906886402455108e-01
-1.951993644596627941e-01
-1.625503340942473507e-01
-1.107154375727840145e-01
-4.741626092688255856e-02
2.118952537423246518e-02
8.658118580444451595e-02
1.401599547875429508e-01
1.760091315451968175e-01
1.900725284141795424e-01
1.804782281858692272e-01
1.478990336119108129e-01
9.750867677482211171e-02
3.383342763341556925e-02
-3.500324801740917202e-02
-1.002061717957628550e-01
-1.539969629301171095e-01
-1.902461872524137121e-01
-2.034366818404458321e-01
-1.911655511274895636e-01
-1.567719473878846914e-01
-1.030220768906550122e-01
-3.638534768216628024e-02
3.496568759079266009e-02
1.019667135536623803e-01
1.570638453330559514e-01
1.922711871813020945e-01
2.026693706271123219e-01
1.890397129054335323e-01
1.518588712982027467e-01
9.449891701188573023e-02
2.339148127350032524e-02
-5.159322055952830777e-02
-1.227194755963361139e-01
-1.807588614034560948e-01
-2.180228692158523440e-01
-2.313273645374327447e-01
-2.182264891855956179e-01
-1.791299239164718671e-01
-1.177347075867830606e-01
-4.213206829638915796e-02
4.070942936281829461e-02
1.205861160067647209e-01
1.874353485158226640e-01
2.334995850050367583e-01
2.531938597356468978e-01
2.434118891407808238e-01
2.041641911172198398e-01
1.408008472096351493e-01
5.845926553477664989e-02
-3.326886295239894764e-02
-1.238097682070546934e-01
-2.025718072725078978e-01
-2.607919540247228829e-01
-2.901082035587275731e-01
-2.859996110834421845e-01
-2.509846832099920100e-01
-1.873205010235401424e-01
-1.008071748162868708e-01
-2.528104816029719260e-04
1.020780910969083521e-01
1.954823476216236422e-01
2.678345524677638867e-01
3.102125460401972123e-01
3.193763425499123176e-01
2.928429393508653611e-01
2.321475845791951542e-01
1.428582938115299239e-01
3.606758153960476498e-02
-7.847542672410512399e-02
-1.876007725371863222e-01
-2.784269611108196596e-01
-3.408414353270809993e-01
-3.675541540043714139e-01
-3.545445759641295824e-01
-3.016835244298998742e-01
-2.157167132930134512e-01
-1.036898753237575077e-01
2.132235538563875821e-02
1.453750042524974972e-01
2.546159060841983734e-01
3.373894204791914042e-01
3.830798771600503194e-01
3.854587308159809211e-01
3.463817368015229547e-01
2.682927565769275269e-01
1.586665450211091066e-01
2.848701960139288225e-02
-1.066812794266213116e-01
-2.331583788316413663e-01
-3.357089369459739236e-01
-4.027087898001173727e-01
-4.289738040403061614e-01
-4.101692524292938069e-01
-3.470177026560706812e-01
-2.452139418271035431e-01
-1.170867689401364764e-01
2.583253269818808207e-02
1.675244322630926597e-01
2.922696907153332635e-01
3.866473124288110075e-01
4.403380295186793969e-01
4.467153065074558338e-01
4.036957150938205174e-01
3.176665759742702821e-01
1.956756618747559351e-01
5.080274015984787006e-02
-1.019452935458712295e-01
-2.455250783477105347e-01
-3.651255699929035758e-01
-4.463716538778272902e-01
-4.795488430429910576e-01
-4.634679586252496986e-01
-3.981855555651944156e-01
-2.898219334619673848e-01
-1.487594916741533657e-01
8.498320921735302846e-03
1.667630610872927743e-01
3.079597063900743059e-01
4.165168921854309758e-01
4.821252764468479945e-01
4.969901592952472580e-01
4.588576914810427176e-01
3.705394295653243741e-01
2.430227332308643184e-01
8.739293176771867344e-02
-7.910956268375335387e-02
-2.386903433339918612e-01
-3.743972244729572019e-01
-4.722076064761822067e-01
-5.205234971627956675e-01
-5.129784702762192339e-01
-4.533436603102504181e-01
-3.462900117245186760e-01
-2.027424738321846887e-01
-3.706121170032417034e-02
1.319633777082205306e-01
2.874754947954401008e-01
4.117887432644911083e-01
4.914425303055596217e-01
5.205693874617642880e-01
4.949413658396812910e-01
4.167971402341772436e-01
2.936008146354018855e-01
1.403287863582114436e-01
-2.914815496142586504e-02
-1.966311677053025342e-01
-3.442179391695276980e-01
-4.569877780556798053e-01
-5.232439503991115348e-01
-5.356627980912163078e-01
-4.919253612489306038e-01
-3.989355172229359647e-01
-2.645182679006476967e-01
-1.029138420462698544e-01
6.954423479380889006e-02
2.343166165286607594e-01
3.750491671294715612e-01
4.759760223708948690e-01
5.260433107898907501e-01
5.229684527812024086e-01
4.659075269899120020e-01
3.603640449127514245e-01
2.164254137808359069e-01
5.065861270035698638e-02
-1.213590742538398493e-01
-2.807844467406270805e-01
-4.108792278876884918e-01
-4.997434163384992800e-01
-5.379345520221032739e-01
-5.211718046984230579e-01
-4.504039881358219422e-01
-3.348781966738419991e-01
-1.843849509584959412e-01
-1.556895973974503633e-02
1.539130341801244750e-01
3.067225993052629107e-01
4.278691248847270590e-01
5.040695058993196476e-01
5.269110026722221285e-01
4.971216574185248760e-01
4.165667096762979416e-01
2.931180711237044711e-01
1.387584535044847911e-01
-2.926471136041963739e-02
-1.949785571179276644e-01
-3.401771600876813961e-01
-4.501969651841352116e-01
-5.167170868751209678e-01
-5.323241358209302998e-01
-4.949034089875989917e-01
-4.079166120015816910e-01
-2.819477995406367565e-01
-1.276406479510021619e-01
3.880633336977767911e-02
2.005102557166342780e-01
3.414933227049856690e-01
4.481866506915714865e-01
5.090856992824197569e-01
5.175039239310670336e-01
4.757895013655877303e-01
3.869770259701479365e-01
2.592367488487969940e-01
1.045806030063829439e-01
-6.046889298624347209e-02
-2.203885638203559871e-01
-3.577823621695525036e-01
-4.588589215884344430e-01
-5.160016902054216370e-01
-5.227883808447421066e-01
-4.777209415580261354e-01
-3.846532631511683231e-01
-2.545520752183176860e-01
-9.827515712933976300e-02
6.793063780664154727e-02
2.271397495349007922e-01
3.637514340481402542e-01
4.646788374262944554e-01
5.189200124204957909e-01
5.202362111116862753e-01
4.712714750551436627e-01
3.755293664889560734e-01
2.417317658469537722e-01
8.243270484069209481e-02
-8.542782215891142616e-02
-2.462906371032120845e-01
-3.829476360142196611e-01
-4.817594003905927291e-01
-5.353634681131418382e-01
-5.374760039600343653e-01
-4.868660554435911836e-01
-3.878291722473308223e-01
-2.515742903538843445e-01
-8.926678867511561588e-02
8.265540701815754510e-02
2.470674640712409165e-01
3.878113189407770278e-01
4.912537999976249736e-01
5.457649673881321828e-01
5.447668268381342660e-01
4.907996386908981545e-01
3.874666857836723821e-01
2.438646059088340756e-01
7.303821934845133867e-02
-1.071004419699961296e-01
-2.797564510368651947e-01
-4.261140679099029160e-01
-5.312200692019537485e-01
-5.864517686067227675e-01
-5.849411611186374760e-01
-5.254962421924187499e-01
-4.127100612177991845e-01
-2.590758751191065690e-01
-7.721095075489614601e-02
1.144370710702522498e-01
2.967072763577673911e-01
4.511731954515332266e-01
5.625048564942329854e-01
6.176200694164297733e-01
6.091802559813521700e-01
5.404040890320156443e-01
4.160021218969489620e-01
2.476403898922936442e-01
5.099374318259752847e-02
-1.530612653663500078e-01
-3.451168367212074095e-01
-5.040486787715139361e-01
-6.131640064998967743e-01
-6.629905422906425816e-01
-6.467165644878571928e-01
-5.648305790824850181e-01
-4.240781817358016959e-01
-2.404201835352884897e-01
-2.947608986749550297e-02
1.870425463729383786e-01
3.871637949313289084e-01
5.504532972752145259e-01
6.600577234303623975e-01
7.029373796974660582e-01
6.726205657688522077e-01
5.744991305602176190e-01
4.159334348800283188e-01
2.121566961319083511e-01
-1.778394025880403184e-02
-2.490663383892488536e-01
-4.590642936882232128e-01
-6.243050859844805345e-01
-7.267786111326082210e-01
-7.577137401585850585e-01
-7.116727834192169144e-01
-5.923048004681152889e-01
-4.097570113523876234e-01
-1.845423483395614017e-01
6.320643204594134090e-02
3.072072378559904671e-01
5.219627466794751758e-01
6.849197411170935279e-01
7.786347468845971065e-01
7.919410448207790942e-01
7.208299932854076442e-01
5.750634768272064878e-01
3.665986201716899817e-01
1.172426011661182876e-01
-1.483975771262787680e-01
-4.015218442957582123e-01
-6.166092310871036375e-01
-7.694897196253862592e-01
-8.427325339469501353e-01
-8.308092422128512400e-01
-7.322173091973170900e-01
-5.567312581396768323e-01
-3.204474806015206179e-01
-5.021237527429678327e-02
2.285508220398493329e-01
4.855364366738523785e-01
6.934623815857596796e-01
8.314169535833935143e-01
8.836722068274531772e-01
8.442832444007479786e-01
7.150047873993787828e-01
5.110727322684034402e-01
2.500593723525226242e-01
-3.941899450685559803e-02
-3.279689810613868328e-01
-5.847875887935238826e-01
-7.834099718506450927e-01
-9.015747492717107736e-01
-9.250380656534776813e-01
-8.544125659542417539e-01
-6.940972833332709202e-01
-4.607287713110674865e-01
-1.763810967641118443e-01
1.271740430494983087e-01
4.198083565751096202e-01
6.685977667690250481e-01
8.469177795505347106e-01
9.382167761139814655e-01
9.307580481684365470e-01
8.250712480049355868e-01
6.299071569061234221e-01
3.683938912958399925e-01
6.451488956342266157e-02
-2.483933835046031602e-01
-5.376745337461688035e-01
-7.724547079466239641e-01
-9.278001854522787140e-01
-9.862296525067520969e-01
-9.390110385357123279e-01
-7.949834101998907165e-01
-5.663218077633941361e-01
-2.778383347998188979e-01
4.180759605464112738e-02
3.569575670132154599e-01
6.355097072039532780e-01
8.465266770935415686e-01
9.666261657565955456e-01
9.860207179106776909e-01
9.002856822996594399e-01
7.192224295817155610e-01
4.599681096100232125e-01
1.532606854070681646e-01
-1.715395463729640912e-01
-4.789405902311996144e-01
-7.360251341202188602e-01
-9.163044401197069089e-01
-1.000000000000000000e+00
-9.790138752621138085e-01
-8.534860021276702291e-01
-6.395068104399925790e-01
-3.562694219871219703e-01
-3.594865135906244458e-02
2.884161475620701243e-01
5.817210664275755949e-01
8.135870090960342083e-01
9.586082441694363521e-01
1.000000000000000000e+00
9.374800054716396769e-01
7.751446003260116235e-01
5.310997869941027627e-01
2.291361480266906892e-01
-9.622867453359873480e-02
-4.122310399434147010e-01
-6.833690780332974946e-01
-8.807593180273269873e-01
-9.865056441400102960e-01
-9.878473089951432806e-01
-8.855195362429287842e-01
-6.886696076519339682e-01
-4.217393812903055261e-01
-1.099907245288819224e-01
2.117586229026460209e-01
5.095792210598513172e-01
7.518361878312627145e-01
9.129705704111741316e-01
9.756832659032994570e-01
9.314330042649241470e-01
7.898619528438532988e-01
5.637755115335474354e-01
2.786808736896824179e-01
-3.635680977719946139e-02
-3.457945008128056052e-01
-6.178155681810733046e-01
-8.225039499358524075e-01
-9.374102417815395327e-01
-9.541669791997267058e-01
-8.693921905922459281e-01
-6.937788004742562187e-01
-4.448347866361026526e-01
-1.528546777265143986e-01
1.536495308706034013e-01
4.410894813375865198e-01
6.784927283300847822e-01
8.420489050574964107e-01
9.142312909596119752e-01
8.890978678709793304e-01
7.681924661810315413e-01
5.679738752616261266e-01
3.072171545713764385e-01
1.610530736285209485e-02
-2.747199040916233903e-01
-5.339201753227527103e-01
-7.346708252880282952e-01
-8.555448882389919962e-01
-8.829461363470449964e-01
-8.189207065899116733e-01
-6.687814081763427954e-01
-4.499407820300955763e-01
-1.845772746312841495e-01
9.655798983619079401e-02
3.647582332647070213e-01
5.899708492843045438e-01
7.482431181771862505e-01
8.264991959556275969e-01
8.156134859938877213e-01
7.181955170535727628e-01
5.439214460914885141e-01
3.151178547764488247e-01
5.397424947562945441e-02
-2.101571785195129882e-01
-4.489554368931776285e-01
-6.376836468582528505e-01
-7.567737510864287476e-01
-7.945548731363591966e-01
-7.462790247244656117e-01
-6.213955861327944419e-01
-4.316216666638222899e-01
-1.996601738139323068e-01
4.975590511214234013e-02
2.889406897498709714e-01
4.933600085892204667e-01
6.408617712640507502e-01
7.155920070153141133e-01
7.141101158344074218e-01
6.359336274151388135e-01
4.911075086807206169e-01
2.949016973875546732e-01
7.153828698086139859e-02
-1.564417943852668413e-01
-3.633930326189144244e-01
-5.272484226780767003e-01
-6.335775346445897682e-01
-6.710262418541033114e-01
-6.370208323931386696e-01
-5.352490454259676289e-01
-3.801185900435876119e-01
-1.865990883332369066e-01
2.276239240798227925e-02
2.253244917306975736e-01
3.997432299502805542e-01
5.281950707973588344e-01
5.973789412609888938e-01
5.998170909022872976e-01
5.402077705535064389e-01
4.244068634101632043e-01
2.657695835637312598e-01
8.102870053849686727e-02
-1.083133655798603767e-01
-2.828275804355576684e-01
-4.230819750848276994e-01
-5.143349054138607324e-01
-5.509268254396899600e-01
-5.289226145669767565e-01
-4.519191949741465653e-01
-3.284605857654490091e-01
-1.748650921326604379e-01
-6.210563551165115825e-03
1.586631559451050499e-01
3.015816941463225209e-01
4.084974785154571464e-01
4.687807672801305170e-01
4.772711528678754700e-01
4.331964490386785993e-01
3.444272373750050242e-01
2.194765279150723281e-01
7.384388348263293267e-02
-7.605306086816454592e-02
-2.141461302815420575e-01
-3.264904859446817742e-01
-4.009391667057575770e-01
-4.297238707786269485e-01
-4.140165908012428675e-01
-3.554888216997921235e-01
-2.612053402041519812e-01
-1.417070250547155519e-01
-1.187627392774603940e-02
1.149722180189169940e-01
2.241540331684448439e-01
3.042567563585882873e-01
3.504428051149812706e-01
3.579587495916025652e-01
3.266014700762076561e-01
2.605964796236874825e-01
1.696893934383343350e-01
6.264557714258334187e-02
-4.808000601698925180e-02
-1.499003921111647930e-01
-2.327640710868813523e-01
-2.886317023569431317e-01
-3.122015375893529843e-01
-3.014798283831183756e-01
-2.608205053153072051e-01
-1.942147206315645303e-01
-1.095774587933459054e-01
-1.660699840377899417e-02
7.431614151873788821e-02
1.540740012830610350e-01
2.135149011973060951e-01
2.466078897824839355e-01
2.534985458535972125e-01
2.336821192370577283e-01
1.893427653885448869e-01
1.258301064085756149e-01
5.163492966154303865e-02
-2.587799571159032919e-02
-9.755211848140676878e-02
-1.555121946867616956e-01
-1.957686189182689107e-01
-2.145647098076075565e-01
-2.100581729113489837e-01
-1.834142487774057528e-01
-1.396209965463679481e-01
-8.268070365943747113e-02
-1.958385806487283887e-02
4.187052764459742171e-02
9.558055536650122974e-02
1.365307946908067560e-01
1.601100583541681388e-01
1.641186540762884505e-01
1.508798370001569467e-01
1.217314901614963141e-01
8.013432119857499814e-02
3.151828928263489260e-02
-1.819946308024178450e-02
-6.413457228393348863e-02
-1.005508904380080226e-01
-1.237622377990982292e-01
-1.343333362425436217e-01
-1.313550914113980062e-01
-1.147100245526827544e-01
-8.710392300966252055e-02
-5.302087949647527054e-02
-1.554514063783618560e-02
2.073572117670119397e-02
5.149174572954096085e-02
7.508293122575437906e-02
8.949105278169500188e-02
9.274548284069017434e-02
8.514508728525793657e-02
6.944678129956693979e-02
4.695142151686138021e-02
2.011035219648071859e-02
-7.371780074181710773e-03
-3.273064381366475040e-02
-5.377073608372806568e-02
-6.769013988167538187e-02
-7.330872497916618435e-02
-7.211655557710561215e-02
-6.411111070275454793e-02
-4.980021625138408847e-02
-3.155313048844787804e-02
-1.196527896602928021e-02
7.323813497272402273e-03
2.389293288176208563e-02
3.591531725316188250e-02
4.353720240514125095e-02
4.600731820614245571e-02
4.250088939155904910e-02
3.400362917482535607e-02
2.258754376328608870e-02
9.112386687383677852e-03
-5.032053366840871789e-03
-1.802847551785646818e-02
-2.905614028028735696e-02
-3.710423802721452002e-02
-4.061300113641586051e-02
-3.942571837517672151e-02
-3.490064760773048391e-02
-2.734857150806613291e-02
-1.779377664802050951e-02
-7.959787508646676280e-03
1.072323627872462382e-03
8.544924695815803162e-03
1.363484996171959729e-02
1.599259232501637484e-02
1.606754072570493186e-02
1.384345713243684273e-02
9.558717115495829475e-03
4.268379876546823937e-03
-7.579426848468573397e-04
-5.157702866114166618e-03
-8.658892561985931380e-03
-1.096886433045640707e-02
-1.255615873080917488e-02
-1.321570404212424332e-02
-1.259949222412537484e-02
-1.109036550799724630e-02
-9.154685025945408228e-03
-6.952416345138212606e-03
-4.783965181125449107e-03
-2.945053640536987594e-03
-1.471106120921716887e-03
-5.044442221258105263e-04
-1.465674401492922385e-04
-2.593002059864124575e-04
-5.794239763008413036e-04
-1.090185075960148353e-03
-1.787285113813097404e-03
-2.523592327878576569e-03
-3.217501663107302790e-03
-3.813506878835637437e-03
-4.290707107804991871e-03
-4.698839539908017393e-03
-5.140475145434475479e-03
-5.566969532372678664e-03
-5.834426306604356682e-03
-5.924532440029994795e-03
-5.863603081204815659e-03
-5.667219633666564782e-03
-5.407797017521254190e-03
-5.124583826957129773e-03
-4.805206352254787205e-03
-4.488242622593396902e-03
-4.230768910436166763e-03
-4.064585448838919923e-03
-4.021719313858640454e-03
-4.095889974615518625e-03
-4.236650491071025648e-03
-4.391329592389081604e-03
-4.487447361957497272e-03
-4.519414427164636372e-03
-4.515811277671977209e-03
-4.480583802838999929e-03
-4.439787483051405026e-03
-4.390573826514199141e-03
-4.337147000596952573e-03
-4.283711172669346645e-03
-4.234470510100951657e-03
-4.193629180261559952e-03
-4.165391350520519786e-03
