2.937700123035977828e-01
3.307198913813671481e-01
3.237579910459640331e-01
2.810199928683745352e-01
2.106415784195838636e-01
1.207584292705778939e-01
1.950622699234205726e-02
-8.497934684413810391e-02
-1.787255086070785870e-01
-2.566153681280852750e-01
-3.120351475514254735e-01
-3.370190329983573374e-01
-3.265671785258037474e-01
-2.831263454614310060e-01
-2.097655222085316185e-01
-1.131578867915663533e-01
-2.082476461293336634e-03
1.113322773606841842e-01
2.160984281486977299e-01
2.993253859922617721e-01
3.515413614337585813e-01
3.692343063514045287e-01
3.491348261413786958e-01
2.912209336586215613e-01
2.004823024125772513e-01
8.754304897838061095e-02
-3.841898941560073499e-02
-1.641179261746636975e-01
-2.756582716325131077e-01
-3.613547430863274235e-01
-4.121615506650324612e-01
-4.204429886025556895e-01
-3.834961657444793115e-01
-3.073019351879192618e-01
-1.975213659773561448e-01
-6.492336926471609093e-02
7.688039086334397254e-02
2.123993590757897731e-01
3.281813647286619950e-01
4.100362815681015682e-01
4.483437739762439200e-01
4.414108000757273054e-01
3.881946684855337448e-01
2.926472525636920619e-01
1.639048373541018844e-01
1.730598941108474342e-02
-1.339733111372988228e-01
-2.732949455513487003e-01
-3.853585574556677162e-01
-4.596475300025207877e-01
-4.876584705790284469e-01
-4.649635823854795236e-01
-3.926999255343863737e-01
-2.797584298011179804e-01
-1.351639740924003297e-01
2.541741155812071717e-02
1.849957546124614272e-01
3.265224944441311727e-01
4.355162688529021775e-01
4.983273402052812440e-01
5.068702323619427297e-01
4.631836464259071473e-01
3.697904315983400192e-01
2.349624831368768429e-01
7.162643573933769048e-02
-1.016245146469461069e-01
-2.677979798377511100e-01
-4.072025984676626020e-01
-5.044842906871287447e-01
-5.516780425776919294e-01
-5.422734694720638959e-01
-4.757257414776647764e-01
-3.577639777267322962e-01
-2.026765125411472690e-01
-2.385547264195719830e-02
1.593433696465114124e-01
3.270920940833506041e-01
4.616197396048657975e-01
5.488176413156109490e-01
5.775691122368351582e-01
5.429489140238183964e-01
4.517999014876834529e-01
3.114592787914944871e-01
1.364293656637234342e-01
-5.536917529834950447e-02
-2.424825049010197464e-01
-4.060159771746465474e-01
-5.267959296750860387e-01
-5.911056488794710351e-01
-5.949856835870999117e-01
-5.362580228686807393e-01
-4.202537954013728649e-01
-2.582667149752991831e-01
-6.994581603800886782e-02
1.272697207195232494e-01
3.117214139941855144e-01
4.631599447005523285e-01
5.667345697725971743e-01
6.109793672167636025e-01
5.905606977765360810e-01
5.063231099623395348e-01
3.689381304922929594e-01
1.899500121705604005e-01
-1.062913534844800445e-02
-2.115974617151366033e-01
-3.914580142910865090e-01
-5.318178112629097232e-01
-6.161221280457143123e-01
-6.341964959355861353e-01
-5.878172523022171525e-01
-4.799119955228269285e-01
-3.209801359526961440e-01
-1.265420981284813839e-01
8.110871317954893023e-02
2.813154412264309290e-01
4.506887134139903051e-01
5.709200550182533807e-01
6.322506088474293406e-01
6.268256369159028729e-01
5.543210225800689894e-01
4.213186807308832993e-01
2.443801753528989096e-01
3.934987379327670176e-02
-1.712541725030143347e-01
-3.646698942383664876e-01
-5.205037646314194522e-01
-6.224939143410698206e-01
-6.584418214229923461e-01
-6.228346484186713106e-01
-5.231899238314767775e-01
-3.678858863048150019e-01
-1.735647565521138969e-01
3.970034633703933835e-02
2.480816448752254377e-01
4.305186087490511238e-01
5.661044133899053588e-01
6.397635446927512071e-01
6.471244782874270296e-01
5.859097410251679072e-01
4.623091377165386984e-01
2.886567102165171761e-01
8.619821540966920992e-02
-1.260457280484111875e-01
-3.248496213600265969e-01
-4.886352917028174980e-01
-6.017022609535007671e-01
-6.518571753814434988e-01
-6.336760095377600432e-01
-5.481457119464256955e-01
-4.066629237468518676e-01
-2.215008996010259246e-01
-1.358716893422251548e-02
1.949881238925830207e-01
3.819729222535339641e-01
5.282941603750841431e-01
6.170540916806444010e-01
6.378199937530033559e-01
5.925021655892828143e-01
4.842203493180321505e-01
3.238987840181193345e-01
1.274387793229831978e-01
-8.251735118683767300e-02
-2.850138902438331678e-01
-4.565727940403534468e-01
-5.787674811054792645e-01
-6.419189349342686590e-01
-6.382415708048343461e-01
-5.675845495270390728e-01
-4.366106065403733139e-01
-2.618746481888178934e-01
-5.913259298824624643e-02
1.493956164600862557e-01
3.412115805701783078e-01
4.963388086745155192e-01
5.988197474414875821e-01
6.367889528758063911e-01
6.048834520530588232e-01
5.104611974744492908e-01
3.616406559299762957e-01
1.745639873582527368e-01
-3.127169138353524946e-02
-2.328776659544475880e-01
-4.099099716376823910e-01
-5.421889410686180355e-01
-6.151613126069560566e-01
-6.247031084145160396e-01
-5.685524399031474108e-01
-4.524645919625375212e-01
-2.881789498436128083e-01
-9.594397910708674093e-02
1.061389579235696434e-01
2.958694595484732126e-01
4.526349318728410953e-01
5.615906186150045887e-01
6.110646695626300584e-01
5.957232414799373821e-01
5.164076740521179598e-01
3.837825745023053514e-01
2.092846675217823194e-01
1.263487877756475086e-02
-1.852422332838807861e-01
-3.633420411268316608e-01
-5.036321854876906201e-01
-5.899669258017726792e-01
-6.123597543786386543e-01
-5.725692589010499267e-01
-4.732910558990973682e-01
-3.244077878940186954e-01
-1.407187607598424650e-01
5.657436302668483741e-02
2.478203364149971222e-01
4.107526216748669246e-01
5.279185961606047695e-01
5.901507241112353697e-01
5.898463466701238112e-01
5.263721693946965541e-01
4.057256177612800219e-01
2.432525747686162809e-01
5.350901565714782926e-02
-1.426666217901647604e-01
-3.240098964373353541e-01
-4.715376196421326993e-01
-5.700292638533455136e-01
-6.077497235883010385e-01
-5.792654251148690037e-01
-4.914355973759640950e-01
-3.516885615952676236e-01
-1.749415949162033135e-01
2.043604591595049591e-02
2.125476469678659885e-01
3.820205067153816803e-01
5.093415005686365848e-01
5.804115549660238127e-01
5.910749589597192877e-01
5.388894843178058114e-01
4.289998370681555873e-01
2.724852315734862529e-01
8.871566954699772189e-02
-1.051426808010000880e-01
-2.878265494908972544e-01
-4.393546882753737171e-01
-5.451241197389412596e-01
-5.937178464128581856e-01
-5.796692324342118674e-01
-5.035562325798617067e-01
-3.755510148542212656e-01
-2.065820201418802071e-01
-1.578419952219867195e-02
1.764482631952482006e-01
3.494722469510567198e-01
4.855548851702204960e-01
5.685867459456581674e-01
5.886144833290805067e-01
5.472755980576349266e-01
4.471869156901311371e-01
2.981518597833758832e-01
1.148930921820843221e-01
-8.134594246773718673e-02
-2.709140608111412218e-01
-4.314253079088647969e-01
-5.453741902620201643e-01
-6.035210707207263603e-01
-5.983386630413807250e-01
-5.294142929890796045e-01
-4.030450995236039002e-01
-2.351110678782440955e-01
-4.066521215441942783e-02
1.587891661023468348e-01
3.414618465757497390e-01
4.878946954086109677e-01
5.826382910589447128e-01
6.141079197329146755e-01
5.772044401243565659e-01
4.793699452950557216e-01
3.288048367978344544e-01
1.417732910086182407e-01
-6.218408917423312587e-02
-2.599759545874682498e-01
-4.313009650934290784e-01
-5.560134698364387340e-01
-6.197916936128162746e-01
-6.189024000547904691e-01
-5.516310194491950147e-01
-4.245705793390601723e-01
-2.503282915963110922e-01
-5.029060610655256003e-02
1.564659489923299063e-01
3.467208861055182112e-01
4.992650292498292952e-01
5.990435461344565393e-01
6.345805951945595602e-01
6.014380001105081863e-01
5.016762903691962538e-01
3.479219696894673142e-01
1.535663851267261570e-01
-5.928960634546320829e-02
-2.677394931643017895e-01
-4.490345988976469638e-01
-5.840717830597899063e-01
-6.565679468650514883e-01
-6.570828220433978517e-01
-5.892287230097918993e-01
-4.579318067885936872e-01
-2.764158862682225548e-01
-6.269495358384702399e-02
1.584278127384610713e-01
3.643784502678975024e-01
5.306575979313539193e-01
6.385762671571055815e-01
6.793635281835290751e-01
6.466870446434684894e-01
5.430652451413156001e-01
3.780454909768877769e-01
1.719236400056860514e-01
-5.616096252278324208e-02
-2.805637014897560677e-01
-4.763184360359763447e-01
-6.222464212340571565e-01
-7.022451452468683186e-01
-7.066457068959970389e-01
-6.327499651091080812e-01
-4.910718882042884870e-01
-2.936303584557772295e-01
-6.301017099736172522e-02
1.761621814441716172e-01
3.971366926675470310e-01
5.767419587708584316e-01
6.936614327314691852e-01
7.337108408671035864e-01
6.958583161630256253e-01
5.816143520597503169e-01
4.027446889615016179e-01
1.769503631393440912e-01
-6.877112604034885113e-02
-3.098686086904037795e-01
-5.183536251345326473e-01
-6.710616911541540386e-01
-7.539202289004200974e-01
-7.561731704499240481e-01
-6.766787536258405122e-01
-5.221427192915906179e-01
-3.116779796649689072e-01
-6.456250399133145468e-02
1.910430246752659045e-01
4.272897614918687026e-01
6.182630461550355783e-01
7.431357794544788398e-01
7.868994416689794047e-01
7.424782862642007597e-01
6.184716429837666674e-01
4.252743251538206870e-01
1.834671262725371399e-01
-8.239103565491689984e-02
-3.416379681695068671e-01
-5.671742839007323234e-01
-7.323555391358753663e-01
-8.178713647698383493e-01
-8.176163307581736372e-01
-7.289388260300422306e-01
-5.608295160607220664e-01
-3.293315974722633710e-01
-6.225908348841480144e-02
2.145749119146687089e-01
4.699509563268671197e-01
6.752134124116269120e-01
8.086192068939250799e-01
8.546932311059551868e-01
8.080902111255492404e-01
6.712177719101561912e-01
4.614106473640873229e-01
1.975320006074503532e-01
-8.976223091232027329e-02
-3.693742546603185906e-01
-6.104698516082066595e-01
-7.872447163422816585e-01
-8.790331705823217767e-01
-8.737627142577424344e-01
-7.759681791319118505e-01
-5.931460555624041842e-01
-3.449941375578985392e-01
-5.651605031172746152e-02
2.383885452409935102e-01
5.092948820767508877e-01
7.246092823463130550e-01
8.600965243830842599e-01
9.045962556974116442e-01
8.506488027750525038e-01
7.035210879560380715e-01
4.769233466144511269e-01
1.982873654345469472e-01
-1.058222380201355728e-01
-4.008353816017881099e-01
-6.542253059080002098e-01
-8.387466046745041259e-01
-9.338287446793865909e-01
-9.293875665696305077e-01
-8.235975737647258654e-01
-6.304604607109726144e-01
-3.667301891919987344e-01
-6.279591693504293914e-02
2.493600902493420257e-01
5.351779803313281292e-01
7.646183777599369069e-01
9.111135796316109925e-01
9.571297729324184100e-01
9.019846969728737562e-01
7.486148911009888884e-01
5.135312777254250616e-01
2.197470501247866803e-01
-9.843827539566574192e-02
-4.085970600200948821e-01
-6.744760655973314201e-01
-8.669220562240755878e-01
-9.682392147144630590e-01
-9.653540616280076314e-01
-8.583766465462774331e-01
-6.566540584147675386e-01
-3.853809200994777751e-01
-6.998788073110329133e-02
2.538329467360096459e-01
5.510894612174215279e-01
7.894335241416166049e-01
9.430452546440619699e-01
9.942793968963707929e-01
9.349665983632466926e-01
7.761279221282206819e-01
5.316170677541323109e-01
2.289337642742028667e-01
-1.006472175433342775e-01
-4.196014637263245639e-01
-6.946911209600934445e-01
-8.944988702154840210e-01
-9.961660383587029877e-01
-9.926827013657688603e-01
-8.818727465899971474e-01
-6.763889712795381204e-01
-3.965507202693411282e-01
-7.635029159180373171e-02
2.527502337580003200e-01
5.538614861492252572e-01
7.938048005828051146e-01
9.484052027644167548e-01
1.000000000000000000e+00
9.437402250305975127e-01
7.836302830913723927e-01
5.402542411875648209e-01
2.360793478703695492e-01
-9.388965443332919492e-02
-4.144904236368135431e-01
-6.907884611178503054e-01
-8.935246484830474678e-01
-1.000000000000000000e+00
-9.969752105942620846e-01
-8.899468666785880222e-01
-6.876607397146459189e-01
-4.124217140332452347e-01
-9.191732681890074641e-02
2.368648362484597758e-01
5.400962339095369824e-01
7.831300101411602377e-01
9.392559263852371387e-01
9.957961155260588448e-01
9.447095835593575242e-01
7.921147023381431840e-01
5.526532615416910321e-01
2.558989367824506811e-01
-6.953293477181943238e-02
-3.870865337090360070e-01
-6.621281736852226985e-01
-8.657353852977692776e-01
-9.759280559640219899e-01
-9.815679988933370126e-01
-8.801563552004783020e-01
-6.862419884529871172e-01
-4.172435641627797454e-01
-1.050478321978265406e-01
2.169812999380344998e-01
5.134895376690906676e-01
7.536621852126916821e-01
9.107150248812936333e-01
9.666774496591574728e-01
9.205578857630138945e-01
7.751574455882321857e-01
5.470854984295914214e-01
2.594119493986410951e-01
-5.367688067618181513e-02
-3.603898104600101737e-01
-6.257128055055090066e-01
-8.212782339258659636e-01
-9.304026058740413330e-01
-9.400779610381532203e-01
-8.498538876292538458e-01
-6.683731295678184692e-01
-4.190759674150079661e-01
-1.256213856653466410e-01
1.786560241281787142e-01
4.610435020732548406e-01
6.915867158293123040e-01
8.460731380081207842e-01
9.080833915597463779e-01
8.696966714011347133e-01
7.403979281719821337e-01
5.319617527052016293e-01
2.678494467996295203e-01
-2.459249562206933248e-02
-3.120139189929140855e-01
-5.647282641510228407e-01
-7.542573402533312432e-01
-8.596616599451267771e-01
-8.744230878211444180e-01
-7.955929895850240019e-01
-6.326358777657652421e-01
-4.020401518955679654e-01
-1.321961374701552394e-01
1.503753477821727635e-01
4.140682201491134862e-01
6.299858286950843489e-01
7.767982649448808008e-01
8.388129288149936968e-01
8.105303881142196243e-01
6.939514294467294953e-01
5.055312547682055957e-01
2.628662206577025984e-01
-5.475726009156134388e-03
-2.702605264909742067e-01
-5.030924576115800573e-01
-6.799885226084854128e-01
-7.818601969210573488e-01
-7.972349966046197167e-01
-7.300145274865592615e-01
-5.861508302466078568e-01
-3.820123330122083827e-01
-1.389838971962912284e-01
1.140663009706683884e-01
3.512606775641888834e-01
5.458423229502133989e-01
6.770885449207582063e-01
7.358466050773968536e-01
7.150832011670416044e-01
6.177453271604991247e-01
4.540644260768380569e-01
2.452247065717143570e-01
1.135337654326895596e-02
-2.211344103575995090e-01
-4.267517202842195934e-01
-5.845591396028684272e-01
-6.783498627381090440e-01
-6.992955467720414209e-01
-6.448361787489388375e-01
-5.247091692024856702e-01
-3.499604021847859681e-01
-1.411820211583234563e-01
7.906537219305675990e-02
2.866027096434198285e-01
4.602728568236431617e-01
5.807025758808261884e-01
6.348267077743654507e-01
6.220501221314171936e-01
5.431049977725379563e-01
4.070921525492197102e-01
2.283603542077630166e-01
2.870240568902038270e-02
-1.716686201527382050e-01
-3.495754802994592847e-01
-4.859341813185840131e-01
-5.697539550717103385e-01
-5.920235165660872045e-01
-5.510363777066469293e-01
-4.513709092804667478e-01
-3.072642012630022457e-01
-1.322697362109175323e-01
5.364607248086916691e-02
2.299228210487891388e-01
3.782367976233278473e-01
4.836478648362552146e-01
5.346145126548644821e-01
5.253402682692795977e-01
4.616431866638630588e-01
3.495639987367622492e-01
2.022155266517369210e-01
3.588148336356367096e-02
-1.303548458359639062e-01
-2.796070186328775131e-01
-3.949244308768871115e-01
-4.640738937807976638e-01
-4.841011367784291419e-01
-4.527965182465738536e-01
-3.741448581113414606e-01
-2.572768755592215184e-01
-1.180010877882443632e-01
3.018429453424986697e-02
1.706729506469408797e-01
2.879057695952589313e-01
3.717382837558065312e-01
4.138189146359683157e-01
4.102846884595956478e-01
3.620532362721375907e-01
2.771870517238832488e-01
1.634585626518620938e-01
3.446173348094250244e-02
-9.512940364098942947e-02
-2.117256222399864773e-01
-3.037694610061705269e-01
-3.608084165932897713e-01
-3.768450117842959690e-01
-3.548150888622640942e-01
-2.968893829116562300e-01
-2.090535980279896178e-01
-1.010298160473703799e-01
1.407549821932896350e-02
1.246003266512916152e-01
2.172548868161410240e-01
2.822633546492214762e-01
3.166531647994077492e-01
3.169038482457491313e-01
2.828266608069980315e-01
2.188599074547261658e-01
1.345156741330335581e-01
3.751282314478809887e-02
-6.119053086072612224e-02
-1.500576245524858354e-01
-2.206408281482563627e-01
-2.663348379458334581e-01
-2.821014046642486006e-01
-2.664893343421379512e-01
-2.244306757113230244e-01
-1.597899097490945719e-01
-8.040735619513506016e-02
3.951813964762296294e-03
8.403794387455887360e-02
1.520239608889417671e-01
1.998046044309478297e-01
2.224818587716845819e-01
2.214875941018712435e-01
1.970047376169332676e-01
1.512997792147225962e-01
9.024246504586663775e-02
2.235367392752651838e-02
-4.588145805449395098e-02
-1.063163861367518725e-01
-1.522706269615191621e-01
-1.819615088399888503e-01
-1.925987256402189596e-01
-1.824776754859485095e-01
-1.535646798611428610e-01
-1.110375006147942267e-01
-5.850892904376026049e-02
-2.191268013563063555e-03
5.084825609002452396e-02
9.572449610285116428e-02
1.284421254760441666e-01
1.450426664335027205e-01
1.442007301044805345e-01
1.288918371683027697e-01
1.003762602940867499e-01
6.151954315316920940e-02
1.746783188441991541e-02
-2.667817113886028491e-02
-6.681058408360374123e-02
-9.759148262148553687e-02
-1.158525320875222198e-01
-1.226096943219726620e-01
-1.171147840348587543e-01
-9.917938828315231437e-02
-7.159223188199070886e-02
-3.859223082111296055e-02
-2.955228434366130585e-03
3.088324267028252912e-02
5.883997120269701675e-02
7.974468969995696099e-02
9.175687308850566382e-02
9.243769367308574125e-02
8.215478059296144053e-02
6.412681184551027869e-02
3.975404592358122713e-02
1.190946839962858661e-02
-1.542557170427849567e-02
-3.982905165763261923e-02
-5.919492885292498840e-02
-7.069894924877428988e-02
-7.345897188330707817e-02
-6.929515341670777762e-02
-5.839590340473987951e-02
-4.171595188870735882e-02
-2.223291969790952560e-02
-2.968698601628072531e-03
1.455786748043830237e-02
2.837883601250457133e-02
3.706524335269700821e-02
4.136506421141605827e-02
4.074686883059497333e-02
3.463291066573259691e-02
2.448582727931114533e-02
1.252537519598084792e-02
-3.534172405784685722e-04
-1.272294937059803566e-02
-2.301314731226611343e-02
-3.094034674537005092e-02
-3.575307512555081502e-02
-3.651646011206632902e-02
-3.361760358825549577e-02
-2.838764460571419068e-02
-2.117533147841654806e-02
-1.267354232077921861e-02
-4.165469383233699752e-03
3.533611077096709963e-03
9.788998277855842645e-03
1.383260630615512632e-02
1.550131592036629868e-02
1.544928746311247103e-02
1.362441289407767542e-02
1.002988264849657973e-02
5.389948901942664961e-03
4.604587499310586196e-04
-4.377366387494530109e-03
-8.649823321245642127e-03
-1.200068151891431345e-02
-1.454442344569317758e-02
-1.602705143899185725e-02
-1.603489503656041482e-02
-1.473628961800477200e-02
-1.262278594989385549e-02
-9.849661354881411590e-03
-6.717962410270672535e-03
-3.639684568760070960e-03
-7.857309736410966750e-04
1.580717930509623059e-03
3.036895994373400853e-03
3.471952977454284550e-03
3.091358216541717496e-03
1.939066791758703445e-03
2.712721478961288568e-04
-1.513041398315762009e-03
-3.120246223225042748e-03
-4.414473148191433438e-03
-5.313136075489555132e-03
-5.764155416599692217e-03
-5.872866972800538932e-03
-5.635526522519307413e-03
-5.109424289491237836e-03
-4.525190947800572516e-03
-4.129632695670570897e-03
-3.948702541053061843e-03
-3.920152588616110378e-03
-4.013817179245982025e-03
-4.088532024890567662e-03
-4.162329283161625426e-03
-4.300626359809101018e-03
-4.435211992520282642e-03
-4.515052465315583241e-03
-4.536964130477438850e-03
-4.500275860722879884e-03
-4.424936604979223809e-03
-4.362799586946741748e-03
-4.307488580680418622e-03
-4.238172468311041108e-03
-4.167995683546754648e-03
-4.098415512093667168e-03
-4.032729193919948329e-03
-3.981096879854928439e-03
-3.940981036883228761e-03
-3.902576480879660359e-03
-3.868090645497979096e-03
-3.836945386238577171e-03
-3.808562558602068826e-03
-3.782364018088846258e-03
-3.757771620199523710e-03
-3.734207220434715424e-03
