-2.835808383151506851e-01
4.307242385783527361e-01
8.427943001129620804e-01
1.000000000000000000e+00
9.497119919507892583e-01
7.393009296766530625e-01
4.161374668889137318e-01
2.759225729889691614e-02
-3.340453745155962384e-01
-6.555018433990256188e-01
-8.915680514015293934e-01
-1.000000000000000000e+00
-9.601642658328619628e-01
-7.904343167455710750e-01
-5.130642412497193883e-01
-1.880265205009497009e-01
1.322041072514954507e-01
3.924040586615797910e-01
5.506862914597006053e-01
5.855601680155817501e-01
4.903687595739878446e-01
2.953056201757942034e-01
2.831894148385272203e-02
-2.564648925799616341e-01
-5.114410359746548451e-01
-6.955699601147494748e-01
-7.804407510350185317e-01
-7.599448947987375025e-01
-6.376767378991177182e-01
-4.472747599872169966e-01
-2.168868665718184374e-01
9.427287078338064674e-03
1.935293999407954324e-01
3.094932071597324974e-01
3.407140670502080138e-01
2.902561434567658694e-01
1.672954871265088794e-01
2.801990795858078087e-03
-1.790539437889797636e-01
-3.456477674974169911e-01
-4.686454529391568258e-01
-5.334965673405391851e-01
-5.319791904498827328e-01
-4.709594352973274223e-01
-3.613189521044977148e-01
-2.290415566239399903e-01
-9.326801130609863044e-02
2.246969781284890999e-02
9.733734767258095388e-02
1.237147933117852538e-01
9.851743727997575029e-02
3.000790712654777259e-02
-7.041859433713981709e-02
-1.802478492004880861e-01
-2.836714412987694223e-01
-3.626815623043527781e-01
-4.012458942314726107e-01
-3.957131385650385358e-01
-3.466617804267617675e-01
-2.654819385826079348e-01
-1.656423226618923827e-01
-6.906659303266271532e-02
9.523793409482061989e-03
5.636248128038623406e-02
5.947890635343178189e-02
1.799766592724827419e-02
-6.377032890069300741e-02
-1.671326489897727585e-01
-2.740715933189824538e-01
-3.622409535914897782e-01
-4.169257238755457173e-01
-4.285541828689519717e-01
-3.903777349932372465e-01
-3.077244560503277215e-01
-1.900458226518958460e-01
-6.216319121440228024e-02
5.386801202595492555e-02
1.354747068731807502e-01
1.674313394635715824e-01
1.419300042839855003e-01
5.818905629411053049e-02
-6.694149761579848423e-02
-2.179141743370748285e-01
-3.648248475305690963e-01
-4.814834570121470092e-01
-5.471627628366562135e-01
-5.480641672661131780e-01
-4.816701408283954322e-01
-3.539894417954226880e-01
-1.903967827268777668e-01
-1.236277600390078835e-02
1.463765403391661390e-01
2.569068100313907088e-01
3.001250274097930770e-01
2.661025356400676944e-01
1.606837080773437787e-01
-3.708892404578056912e-03
-1.945583782688380392e-01
-3.858749605561023754e-01
-5.432721023799893523e-01
-6.378619316327132083e-01
-6.552855945332005660e-01
-5.899921356072437284e-01
-4.544908323333066713e-01
-2.666375779849340377e-01
-6.320003674234730973e-02
1.272011793560507975e-01
2.712791009641561946e-01
3.419492736492828477e-01
3.304174915498758747e-01
2.360381421828074977e-01
7.753073891374784310e-02
-1.227330900089232957e-01
-3.258755566024139627e-01
-5.025636004383509103e-01
-6.234284207157776425e-01
-6.651356330877820078e-01
-6.238172834175723658e-01
-5.034758485510172354e-01
-3.296618176998697969e-01
-1.288091014733550033e-01
6.082349356903304916e-02
2.112079759779414978e-01
2.993527357918130960e-01
3.074699424037903306e-01
2.357669385845897470e-01
9.222643604970492959e-02
-9.087627093336458906e-02
-2.839167979197804170e-01
-4.518149791239989277e-01
-5.686521741515693229e-01
-6.163473920577675624e-01
-5.839194640516981449e-01
-4.808010826011779315e-01
-3.199069920513338827e-01
-1.359147564816486353e-01
4.005467613098101509e-02
1.763806782156676078e-01
2.496656377188215536e-01
2.473859076449087535e-01
1.674051600469095291e-01
3.096201424201749930e-02
-1.435562380957899897e-01
-3.196533292834750073e-01
-4.646494677514146909e-01
-5.517084366764384296e-01
-5.636617696519139464e-01
-4.993958323743454830e-01
-3.665021662996508223e-01
-1.966332755089296169e-01
-1.532186245087718834e-02
1.393383477295710993e-01
2.358405308930979771e-01
2.569741500690132519e-01
1.953648156949250314e-01
6.528676199426297622e-02
-1.137259995518948852e-01
-3.008128852311371393e-01
-4.653084497988965174e-01
-5.747385818009944636e-01
-6.042815823735582237e-01
-5.482795366070896126e-01
-4.111367307573605689e-01
-2.261849788666392413e-01
-2.510991581148036556e-02
1.491760322560313767e-01
2.666278643031991802e-01
3.070882940825225838e-01
2.577881861487290038e-01
1.303540143541843666e-01
-5.766025402551488988e-02
-2.632733763693640983e-01
-4.502070633693514567e-01
-5.821357939774405299e-01
-6.345287106134658295e-01
-5.999174355741745401e-01
-4.808509598852065414e-01
-3.082734528911897920e-01
-1.084911236401785439e-01
7.574928248850754109e-02
2.096069915614706680e-01
2.714047720210870374e-01
2.489371140784510938e-01
1.516266736073768051e-01
-4.942427113128089466e-03
-1.829645202192902165e-01
-3.534946331900111760e-01
-4.836570886857772811e-01
-5.477928235658258149e-01
-5.371073102844010627e-01
-4.520442351186955143e-01
-3.187360284117801701e-01
-1.617595472929376221e-01
-1.589771366419556742e-02
9.483666135337176506e-02
1.531909023202495668e-01
1.465740568449294123e-01
8.117350379407173300e-02
-3.228720798154660621e-02
-1.627520445124671644e-01
-2.847267383040721356e-01
-3.743096650580488571e-01
-4.154990265589361131e-01
-4.038422707841741177e-01
-3.408531639937828484e-01
-2.464683884753601228e-01
-1.363830908088327076e-01
-3.711244665498270034e-02
2.967500208132167749e-02
5.289950688855671324e-02
2.748090095998190208e-02
-3.815605516389952712e-02
-1.320854158958399971e-01
-2.289632207948848475e-01
-3.121261628867826321e-01
-3.654179958379758508e-01
-3.753412946366878611e-01
-3.388407792838927790e-01
-2.593085930180580867e-01
-1.579095129023594390e-01
-5.377439190538568781e-02
2.946659661452399881e-02
7.715923763214704856e-02
8.041122933035405040e-02
3.330999484967356317e-02
-5.491083621822867578e-02
-1.721206844369876920e-01
-2.908045743889019485e-01
-3.886519551043313703e-01
-4.469822960654447064e-01
-4.528335538661573123e-01
-4.028289813727127244e-01
-3.014990212608862352e-01
-1.711687112563763380e-01
-3.002231528385257420e-02
9.230639126825379570e-02
1.708069468711381766e-01
1.902439206599495503e-01
1.437714598931187915e-01
3.927071063221676539e-02
-1.099045155587630163e-01
-2.721598219970520205e-01
-4.235100219960857837e-01
-5.339355181769194214e-01
-5.793088574739879704e-01
-5.521387956676877540e-01
-4.528316325794978781e-01
-2.999938512293961468e-01
-1.155330754966937823e-01
6.267519677504451714e-02
2.070344538381072574e-01
2.916007201839052598e-01
2.965120659520690261e-01
2.200289660262928493e-01
6.937677389146901241e-02
-1.229074225795708797e-01
-3.260783071996306015e-01
-5.006348126894117900e-01
-6.186076012451569017e-01
-6.602970112494239707e-01
-6.125662367590908319e-01
-4.848014841189541846e-01
-2.930490740354847468e-01
-7.842763287877307921e-02
1.233691402904784074e-01
2.751653691952908876e-01
3.502533259703335400e-01
3.357579584973398035e-01
2.296815412572541515e-01
5.710726028578116953e-02
-1.586132418724615079e-01
-3.738118866623663106e-01
-5.504710445992261336e-01
-6.574103462370830542e-01
-6.748084884198842781e-01
-6.021645911237747395e-01
-4.481791395043643877e-01
-2.483145687690020420e-01
-3.181576555282594754e-02
1.588118321310365566e-01
2.882393197686605735e-01
3.360473130870829106e-01
2.922546038620406073e-01
1.692795778377609306e-01
-1.473930492070918419e-02
-2.191713193702140572e-01
-4.127109097927885717e-01
-5.593276846620901521e-01
-6.305267630848121474e-01
-6.180000883078496932e-01
-5.219219317466303742e-01
-3.657325442335290777e-01
-1.745018199057969399e-01
1.169596507352999026e-02
1.638101606386490605e-01
2.572458198275759944e-01
2.730785726312050521e-01
2.109236210782412524e-01
7.808228062440747408e-02
-9.289201715795070147e-02
-2.727771183190059734e-01
-4.273948844289002791e-01
-5.325318806388072979e-01
-5.733312247930795191e-01
-5.402014841646949339e-01
-4.425317664082031310e-01
-2.932347678479990671e-01
-1.244347831519784231e-01
3.571745472485776673e-02
1.591695966083972458e-01
2.252135887704551642e-01
2.228479330578430062e-01
1.505643547787416381e-01
2.800562821459684493e-02
-1.290763854233085706e-01
-2.898094085399072206e-01
-4.259701100323060041e-01
-5.151677823126605826e-01
-5.418808658160709779e-01
-5.021190481763817548e-01
-3.998611123128806843e-01
-2.583930385575470279e-01
-9.710000734957791035e-02
5.240663841510961873e-02
1.625878763868553456e-01
2.150898387569497583e-01
1.997677868835998627e-01
1.210428175875359891e-01
-1.077819607256425005e-02
-1.666392395298276208e-01
-3.239954680735037673e-01
-4.526245317902001242e-01
-5.270869809523501814e-01
-5.362300631337915124e-01
-4.765161599467745424e-01
-3.612096068248802361e-01
-2.075413088788627958e-01
-4.888977199714428235e-02
9.023966510927472484e-02
1.846997050589682665e-01
2.143020473519610114e-01
1.747739260191112365e-01
6.975021964983341149e-02
-7.528676786690080558e-02
-2.357007051314445878e-01
-3.782738784361495687e-01
-4.799927434681392491e-01
-5.245332247387823887e-01
-5.002619556722611716e-01
-4.141006009885240813e-01
-2.783132754614112692e-01
-1.259771267186479138e-01
1.495885235283256343e-02
1.172762593283371846e-01
1.625925385944060331e-01
1.447738824243514077e-01
6.470345220466677816e-02
-5.587379568075290237e-02
-1.981369498871768942e-01
-3.297281537021460318e-01
-4.240024004174407501e-01
-4.645504889440829066e-01
-4.428107176646108867e-01
-3.664477577233495875e-01
-2.480682159816106624e-01
-1.176813232716509283e-01
3.221931965473379122e-03
9.062806813813906182e-02
1.252067379912322753e-01
1.010656041288653384e-01
1.996071351690109630e-02
-9.522318398885976087e-02
-2.229959370873381141e-01
-3.346768368836354757e-01
-4.113304160589055236e-01
-4.406733700123975916e-01
-4.138841391291108174e-01
-3.375640652695571786e-01
-2.225546507944532459e-01
-9.682139232678454999e-02
1.637159250919473230e-02
9.489060850612029974e-02
1.241161906589975938e-01
9.927714859207581455e-02
2.223700956152163677e-02
-8.705611443765814972e-02
-2.128152821104977166e-01
-3.282061802988506249e-01
-4.106398463550484657e-01
-4.469504395537846619e-01
-4.295425136993864523e-01
-3.626075364845597893e-01
-2.557283877270332129e-01
-1.333481666455759163e-01
-1.367372082152196189e-02
7.962870418367407055e-02
1.270833896378655847e-01
1.221038738045474581e-01
6.412484879787760939e-02
-3.395995618691749485e-02
-1.570832266060584459e-01
-2.791514291736391096e-01
-3.821484666666689067e-01
-4.488791307147063092e-01
-4.648476554086238277e-01
-4.280533254309095703e-01
-3.423084083232557084e-01
-2.272202648448984341e-01
-1.016778266074079839e-01
1.031821979714919735e-02
9.233333386723074909e-02
1.321139297609936758e-01
1.201256353531767740e-01
5.917613504241292510e-02
-4.355324600982268812e-02
-1.650745892118371527e-01
-2.848384151320549895e-01
-3.818711118755109268e-01
-4.409401061840287905e-01
-4.522852242112583854e-01
-4.120228976746415084e-01
-3.305178241932507088e-01
-2.175972435221598111e-01
-9.638549361881587618e-02
1.166627205865644612e-02
8.818940447466827592e-02
1.204205298838312288e-01
1.027733186690622524e-01
3.658628216413628564e-02
-6.177715134200501002e-02
-1.797368226496686150e-01
-2.941156015353724174e-01
-3.834635766263791989e-01
-4.329753708296588677e-01
-4.338713330375936206e-01
-3.867109298285202890e-01
-2.977086815648091189e-01
-1.874453020167159423e-01
-7.116144103967481094e-02
2.860282995712837284e-02
9.199723194303177642e-02
1.096209606387557045e-01
7.772698227065633070e-02
3.696621850265424669e-03
-1.011763731796807564e-01
-2.132985582157742588e-01
-3.161283445624017974e-01
-3.910220830677163528e-01
-4.220211673243950967e-01
-4.048857797602258835e-01
-3.410522244108297185e-01
-2.463154203208732795e-01
-1.370273860620423445e-01
-3.651517479908261699e-02
3.984061076760325726e-02
8.074961246421041849e-02
7.663106267198882549e-02
2.872384162669305852e-02
-5.676758439143225754e-02
-1.586919643145386916e-01
-2.585330292223887438e-01
-3.369492086236171025e-01
-3.812319973239628457e-01
-3.848268268707814022e-01
-3.452243440809762420e-01
-2.737779386420008398e-01
-1.810040406614281672e-01
-8.855152834620128033e-02
-1.465821219131913100e-02
2.870154350212672512e-02
3.352684537923078523e-02
-2.419038274573681591e-04
-6.727359607749106019e-02
-1.499077695845411062e-01
-2.355929467939731348e-01
-3.062492515577392993e-01
-3.462856552874269411e-01
-3.492407343447693213e-01
-3.139843626848686231e-01
-2.505008060278809401e-01
-1.701286190813479093e-01
-9.183300095106305960e-02
-2.754709875760785742e-02
1.226009572842468032e-02
1.800112991902858006e-02
-1.175810360011386724e-02
-7.355746582235977993e-02
-1.505090108472552091e-01
-2.279272598578244713e-01
-2.908705183500518432e-01
-3.299635598849677276e-01
-3.397606122805894024e-01
-3.166837733207247263e-01
-2.662492560643828776e-01
-1.949949819415560670e-01
-1.192499742483311698e-01
-5.313214496136964282e-02
-7.036680878606760281e-03
1.173391436851289882e-02
-2.815682520251883147e-04
-4.146865044342529227e-02
-1.009443990988345696e-01
-1.720168289946355511e-01
-2.414125889990224039e-01
-2.957540702699803514e-01
-3.273160494153651845e-01
-3.315289147651492296e-01
-3.073289316631613310e-01
-2.578862677830308092e-01
-1.943098503703056812e-01
-1.234518094826699830e-01
-5.751236785277058505e-02
-9.062899946078672997e-03
1.530955902896491416e-02
1.202459596912097695e-02
-1.922165967004685339e-02
-7.461387233930261154e-02
-1.426958854999625936e-01
-2.161381002960532927e-01
-2.824048331457624794e-01
-3.286784074565145541e-01
-3.484141633849487940e-01
-3.384043541383027209e-01
-2.993996584493515689e-01
-2.363619224632327320e-01
-1.624635544958176192e-01
-8.639829187912229091e-02
-2.173324247935959352e-02
1.830910032403765264e-02
2.817678933314482492e-02
5.983998408355617471e-03
-4.462985605250169296e-02
-1.163266618269103159e-01
-1.935887170174669381e-01
-2.663629333459899273e-01
-3.221648789271490676e-01
-3.491236494789514699e-01
-3.435519930943639055e-01
-3.059544923041753739e-01
-2.456212303880094261e-01
-1.732065289634184824e-01
-1.043807970233272542e-01
-4.861676319834951077e-02
-1.303523965452801914e-02
-5.079730475619603780e-03
-2.607908018362381508e-02
-7.305679328448799748e-02
-1.323654719432201254e-01
-1.920084393409363654e-01
-2.401717931763388547e-01
-2.699145112546315062e-01
-2.777400635150878427e-01
-2.616625313967193556e-01
-2.281789054031151398e-01
-1.830755510368261563e-01
-1.390669534615952552e-01
-1.066136068382461666e-01
-9.053811650337073580e-02
-9.377085613840963063e-02
-1.140446092037861181e-01
-1.461780310978001429e-01
-1.793162221268533862e-01
-2.076663461670470445e-01
-2.250527807977868999e-01
-2.252069930890652216e-01
-2.062915537992044968e-01
-1.707419683666657750e-01
-1.312301153654495955e-01
-9.794070194026271992e-02
-7.937202007635646428e-02
-7.884567808023201785e-02
-9.560188188943408161e-02
-1.291773678115221147e-01
-1.728207577435887377e-01
-2.195122528338070422e-01
-2.568806845991690180e-01
-2.755145714196044482e-01
-2.714687171241284558e-01
-2.439021812190003136e-01
-1.989522428961494338e-01
-1.448068198525068739e-01
-9.435769015501860313e-02
-5.445498673853765847e-02
-3.084110063065448326e-02
-2.977896676056179803e-02
-5.265316020921650964e-02
-9.702101586251055121e-02
-1.517536067425461210e-01
-2.067633372818059589e-01
-2.523660138194127045e-01
-2.831591989176026614e-01
-2.956470130442830913e-01
-2.871591310811572040e-01
-2.606623869785705816e-01
-2.191537078362943980e-01
-1.711031691106850161e-01
-1.245775703841406346e-01
-8.498836317707358923e-02
-5.673588747091573570e-02
-4.423431652584142171e-02
-4.856075585469021849e-02
-6.527686869472071329e-02
-9.354913597234493228e-02
-1.319605509807780797e-01
-1.753426034560333635e-01
-2.180081905461211944e-01
-2.559638079304029645e-01
-2.830845944326926267e-01
-2.956363491460893833e-01
-2.939851304656057041e-01
-2.759595364246172355e-01
-2.385891916516107436e-01
-1.847969404577917141e-01
-1.222604046297908198e-01
-5.709761915004085697e-02
-2.741162917268225030e-03
2.980360943635829152e-02
3.479181654906682297e-02
8.332534570150595954e-03
-4.948894971848416535e-02
-1.334290522964819425e-01
-2.287190701752253030e-01
-3.228053117108525827e-01
-3.955092562995482508e-01
-4.302413764864652101e-01
-4.192829617005326970e-01
-3.607251695533651992e-01
-2.633067912305765423e-01
-1.403116131099726438e-01
-1.767933804958154997e-02
8.608813898218015126e-02
1.508985455667060105e-01
1.605915038633713987e-01
1.116554770735631585e-01
8.063879313338739863e-03
-1.277125436149308957e-01
-2.734306511383215454e-01
-3.994870346593629717e-01
-4.858547357420865964e-01
-5.188177461801647405e-01
-4.886351063618044055e-01
-4.010114431009559333e-01
-2.671503455863257770e-01
-1.165483716765952638e-01
2.526081144413949708e-02
1.323747647964406138e-01
1.871212480992174854e-01
1.813854479232965833e-01
1.138719764324345185e-01
1.955241050339173725e-03
-1.390211183251384153e-01
-2.805774098163406061e-01
-3.981443431163755875e-01
-4.742602187640488909e-01
-4.969192099571932975e-01
-4.643178345912274407e-01
-3.810639544608359630e-01
-2.668291181728489336e-01
-1.367943367070695304e-01
-1.435188804710274546e-02
7.959312627890668956e-02
1.329716697427076877e-01
1.388723072538877723e-01
9.892880380123125761e-02
1.885405289628905301e-02
-8.433714723440366434e-02
-1.984965106885050456e-01
-3.058431332191430263e-01
-3.888355452355461983e-01
-4.372871873938207754e-01
-4.448431344388396047e-01
-4.102692288762480599e-01
-3.370547547611285610e-01
-2.385965232683920911e-01
-1.249351684701325294e-01
-1.362201589733802454e-02
7.712386214539290741e-02
1.335239140740305253e-01
1.463904653811152201e-01
1.110449357965905826e-01
2.930924893102315743e-02
-8.440446405410884090e-02
-2.180811673386389149e-01
-3.487454000679569566e-01
-4.537719090347438478e-01
-5.144422722808728032e-01
-5.188719691995770100e-01
-4.632211841287730003e-01
-3.515962275739772380e-01
-2.054451600559239477e-01
-4.294439042612596680e-02
1.052202005360574066e-01
2.114263780276026683e-01
2.555905598249510469e-01
2.267428419010382168e-01
1.281830455138659453e-01
-2.905831314455842307e-02
-2.130159256771192444e-01
-3.977364548050462689e-01
-5.471897376379935007e-01
-6.315424212826012962e-01
-6.354518600992482558e-01
-5.535939873333362016e-01
-4.008344447047547110e-01
-1.976951066951916358e-01
1.421724845846950025e-02
2.028465175808513710e-01
3.323329476060741250e-01
3.750730306233409639e-01
3.248987216950687262e-01
1.851785106346615084e-01
-1.593597730099172161e-02
-2.484511777317248704e-01
-4.657537225631813715e-01
-6.336560881222227382e-01
-7.234254497879013535e-01
-7.142937527267729791e-01
-6.086387784012092794e-01
-4.181988375856537932e-01
-1.846417114237133283e-01
5.423684044399723625e-02
2.534294171627511361e-01
3.807428154905316831e-01
4.162890340529343813e-01
3.487136925851572755e-01
1.940084892963258589e-01
-2.713710511562084093e-02
-2.679949541326790419e-01
-4.883767934153555590e-01
-6.493750545756409309e-01
-7.232507251470594589e-01
-6.997008337410319800e-01
-5.798308645701066855e-01
-3.940471264727685163e-01
-1.687407890220782303e-01
5.102414885544437340e-02
2.263553605665109547e-01
3.286502250703018380e-01
3.404064909529425087e-01
2.653221419258386948e-01
1.147058405198777553e-01
-7.499528937193011835e-02
-2.748945068719531593e-01
-4.467042675169733412e-01
-5.590283982749831848e-01
-5.980198176521849263e-01
-5.580859889262801410e-01
-4.544689282027132293e-01
-3.054830565739031778e-01
-1.458289050717318514e-01
-4.037698178930293480e-04
1.078798182124816041e-01
1.600664117936174691e-01
1.518609706174007812e-01
8.562880725416421868e-02
-1.490927063063340885e-02
-1.290737115847062633e-01
-2.332767175351860844e-01
-3.121754031901635695e-01
-3.581461658851164964e-01
-3.641806705319171611e-01
-3.290198687467121852e-01
-2.768001224658575010e-01
-2.129907875206732415e-01
-1.430612197424810939e-01
-7.248077496260163510e-02
-6.718809012357884747e-03
4.875532227692991327e-02
