2.133969740369587864e-01
-6.147389005206382873e-02
-2.733718277047463285e-01
-4.261756931811615523e-01
-5.237643407413827834e-01
-5.700166246454825281e-01
-5.688113991535338476e-01
-5.240275185256131341e-01
-4.313438166270862073e-01
-2.927095487634614468e-01
-1.166584170495477135e-01
7.566275669230715373e-02
2.635614504098726663e-01
4.289401283993039549e-01
5.529380197086937176e-01
6.189881989214085500e-01
6.171815607066499787e-01
5.484655217026874752e-01
4.164281285691726620e-01
2.335495020466098470e-01
1.720319964003658164e-02
-2.069833476670178696e-01
-4.161018699382285080e-01
-5.844254006634340692e-01
-6.917962611185290989e-01
-7.272255483557771294e-01
-6.832921973620724732e-01
-5.625976802772558738e-01
-3.753420123485271542e-01
-1.442737500155636399e-01
1.085166518390621171e-01
3.527592808728510221e-01
5.601775940722690805e-01
7.062348044744677367e-01
7.728577749817782117e-01
7.513785397877501548e-01
6.409027708963368486e-01
4.557714538574966223e-01
2.126134113416942029e-01
-5.883165075513807629e-02
-3.283327743988135872e-01
-5.636063963008913769e-01
-7.377556013048967021e-01
-8.287825153058869798e-01
-8.236509793927360157e-01
-7.269348184372794730e-01
-5.463708047280687596e-01
-3.034017183370035786e-01
-2.381336370689746129e-02
2.573508508090134317e-01
5.089802129880809378e-01
6.999740602903052888e-01
8.072950545120181065e-01
8.225926045609377457e-01
7.419726726778665959e-01
5.762767918801861011e-01
3.430239007549096275e-01
7.336617680297652377e-02
-2.042859440275662797e-01
-4.566514896488033104e-01
-6.538986879254682361e-01
-7.750816503159740911e-01
-8.062228469704483258e-01
-7.465004506038659393e-01
-6.017380087505073138e-01
-3.934214390948995721e-01
-1.432073466563296149e-01
1.176413558396542935e-01
3.589840442303997570e-01
5.538960290938881315e-01
6.810494237807773743e-01
7.280278930740196053e-01
6.894377752903471102e-01
5.749614166628613798e-01
3.962006695944733092e-01
1.775427616557672117e-01
-5.548871320641268756e-02
-2.758331469653066970e-01
-4.599007142669633286e-01
-5.874877430852369908e-01
-6.448880788866619973e-01
-6.323689358001416405e-01
-5.517516190397284692e-01
-4.147473879471159641e-01
-2.374327313545009366e-01
-4.291986483410870079e-02
1.479880790586989292e-01
3.132655100527172998e-01
4.355059720109040189e-01
5.071321593085269530e-01
5.212653879560396053e-01
4.787343888824693305e-01
3.858595414091177123e-01
2.569102445314002114e-01
1.049254316253234176e-01
-5.264336474813491318e-02
-1.983623471458222376e-01
-3.186905935167987369e-01
-4.025878467939765226e-01
-4.432274060831749019e-01
-4.377549755260101705e-01
-3.915883861437032820e-01
-3.096972345279380701e-01
-2.014605810931897611e-01
-7.873582184576521925e-02
4.584117597124026666e-02
1.607394068490684003e-01
2.542499783745617581e-01
3.179210248883506118e-01
3.500408740574456612e-01
3.480757229220226012e-01
3.121137838250893637e-01
2.464567933196517568e-01
1.591121363594290017e-01
5.756862264939766050e-02
-4.778280804244416924e-02
-1.467593054105643668e-01
-2.317355827980531746e-01
-2.951136478063534074e-01
-3.290026326960697745e-01
-3.299479409146902631e-01
-3.012349999578958215e-01
-2.449933886814434914e-01
-1.654514480417639266e-01
-7.039540606492977748e-02
3.026684104292653998e-02
1.275085012402257245e-01
2.102828706176875784e-01
2.702472538751117259e-01
3.037057117714367926e-01
3.067805328222206196e-01
2.778428533753023455e-01
2.198829798839891936e-01
1.404311982309676132e-01
4.547933063700271283e-02
-5.537685518207136059e-02
-1.512903345903232610e-01
-2.329092913616602756e-01
-2.923009708397600326e-01
-3.217309683943621046e-01
-3.175662472298281802e-01
-2.829969350900045644e-01
-2.205684426965742739e-01
-1.357651249021275541e-01
-3.718900263661750749e-02
6.391994269465994805e-02
1.576687702389860668e-01
2.326379995894911623e-01
2.807177453877895967e-01
2.997141176263371509e-01
2.870917764262650440e-01
2.432105265757078527e-01
1.726912106694906690e-01
8.471698733820232086e-02
-1.306095497439463404e-02
-1.099808343002822708e-01
-1.951702624118958340e-01
-2.605905157081490620e-01
-2.999185004032921542e-01
-3.083159491466008761e-01
-2.845856451349335625e-01
-2.337067210624449443e-01
-1.598628501471557328e-01
-7.103706138483800725e-02
2.289517279436648067e-02
1.121962963474165687e-01
1.884686185074979647e-01
2.429230500436414530e-01
2.699491906051003642e-01
2.699860183064313190e-01
2.427236316377376912e-01
1.900632678524558639e-01
1.176846015309105375e-01
3.442667767572227255e-02
-5.247000279651303778e-02
-1.337087265748500009e-01
-2.010233824779787959e-01
-2.499420125312085128e-01
-2.755868302083324117e-01
-2.738264614647977213e-01
-2.447464755614497944e-01
-1.932530908533222069e-01
-1.231360262322376276e-01
-4.059967496995275926e-02
4.597972611562317624e-02
1.277926700417029160e-01
1.972363513942501090e-01
2.456233346697582753e-01
2.674512387324907703e-01
2.628070181585677734e-01
2.310983085423146122e-01
1.735725465742696816e-01
9.549604603883810050e-02
5.732345710857345011e-03
-8.798756480003300240e-02
-1.749811413507158520e-01
-2.456098436030773602e-01
-2.934452501322973861e-01
-3.129355636669830520e-01
-2.998475720761761831e-01
-2.543934656624727841e-01
-1.827221758973437415e-01
-9.022697062083229191e-02
1.321623273103877949e-02
1.161237614699393017e-01
2.071362208597231636e-01
2.768393115636480495e-01
3.158124165055420374e-01
3.187165010303545376e-01
2.874462619662496721e-01
2.237606871446764512e-01
1.331049584130421515e-01
2.474779824089035074e-02
-8.788126788809669243e-02
-1.936197160057470112e-01
-2.795074561141794867e-01
-3.353848904007356024e-01
-3.570498396118952922e-01
-3.409237853836489807e-01
-2.873507002657873510e-01
-2.013625131053050632e-01
-9.390300607220625206e-02
2.531944608157599141e-02
1.423702097635197727e-01
2.434597709518071529e-01
3.174599512322113792e-01
3.560862999953058328e-01
3.543130036934496463e-01
3.112321488914069345e-01
2.332490942828524538e-01
1.268145181006374855e-01
4.111574585581534436e-03
-1.211915826007698982e-01
-2.348003058321096459e-01
-3.246460614131596589e-01
-3.791224787370067739e-01
-3.912364115521481667e-01
-3.626906066930002392e-01
-2.952042469298338245e-01
-1.951929955620047563e-01
-7.292656291701826721e-02
5.668653584796712330e-02
1.804794072382696069e-01
2.832865512430728927e-01
3.532301977684157990e-01
3.848605184013365044e-01
3.738088114601318956e-01
3.204116831834749046e-01
2.297754445673299006e-01
1.136505236524649742e-01
-1.747437831196785307e-02
-1.487810689950926912e-01
-2.652187678941838600e-01
-3.542725827447134046e-01
-4.063569948015894884e-01
-4.146363724480081059e-01
-3.768924250969758472e-01
-2.994815038837164156e-01
-1.887855349558792417e-01
-5.710321865415712850e-02
8.119328192402552880e-02
2.105131722013400264e-01
3.174368284485542535e-01
3.887125781090938759e-01
4.156521527251741954e-01
3.978857889170726025e-01
3.357232167978156934e-01
2.348119342212942051e-01
1.053166456077632152e-01
-3.683379937581321428e-02
-1.778078934282812940e-01
-3.010457421813270695e-01
-3.924297620307214407e-01
-4.435630179848949473e-01
-4.477538826520214288e-01
-4.032586510270418367e-01
-3.136854249116266535e-01
-1.902363036043768219e-01
-4.380496764464458792e-02
1.086533241433604857e-01
2.499330433279982611e-01
3.641306954497609549e-01
4.385420461648490420e-01
4.632549677012212097e-01
4.337884282684469905e-01
3.558962154315881143e-01
2.358365793310990277e-01
8.635737373762708557e-02
-7.682053385064613327e-02
-2.341676131817692630e-01
-3.687487949678623922e-01
-4.633824311504488591e-01
-5.062398074273447568e-01
-4.950322570504764874e-01
-4.289494743553358136e-01
-3.145023551741636947e-01
-1.631845883315387047e-01
5.865804382924721949e-03
1.757068703737625359e-01
3.260505971639038325e-01
4.388793962036008356e-01
5.022401079991387629e-01
5.081131024639444771e-01
4.556312917176088551e-01
3.491343050627020439e-01
2.028820916606159930e-01
3.078743012405316115e-02
-1.464435466535989327e-01
-3.083099199246758237e-01
-4.363955550106920489e-01
-5.162929487766376724e-01
-5.382804687704709767e-01
-4.984390136640554081e-01
-4.041461750156384314e-01
-2.637485679108974024e-01
-9.469093817575791050e-02
8.386569218728379127e-02
2.508861554548049710e-01
3.882802188372258545e-01
4.793880437266970773e-01
5.132285802141427489e-01
4.898875875644623790e-01
4.107423411316437623e-01
2.850551500193461152e-01
1.264974515423660240e-01
-4.454614411819024511e-02
-2.102819513950774377e-01
-3.511182168767965628e-01
-4.511328022420856287e-01
-5.025252959909833894e-01
-4.991856659135414098e-01
-4.419619489049179117e-01
-3.370526227458254809e-01
-1.989347802462116954e-01
-4.101785341696495557e-02
1.182736528629064754e-01
2.608665252668571632e-01
3.720248608899205944e-01
4.402759427118887459e-01
4.588824629902601426e-01
4.257039197399821173e-01
3.476014316462585629e-01
2.317245307098882989e-01
9.166175097392370574e-02
-5.716626469596830518e-02
-1.983737833106979931e-01
-3.176447631974372854e-01
-4.013149175143040370e-01
-4.402653927745888707e-01
-4.343927562959517541e-01
-3.837987152489588105e-01
-2.935824507246789228e-01
-1.731275844630368876e-01
-3.693496069788737568e-02
1.017245197627256736e-01
2.269435534602057825e-01
3.253333904333794990e-01
3.890729725584713972e-01
4.113280742950671254e-01
3.891607701665478203e-01
3.246566239285599842e-01
2.267043810089215405e-01
1.036451066798567133e-01
-3.063188063673816242e-02
-1.612584115107612570e-01
-2.748669200006259583e-01
-3.602350186086576977e-01
-4.074258268010376716e-01
-4.109536691252076990e-01
-3.737473408477155479e-01
-2.986667259765511950e-01
-1.927270043088401552e-01
-6.680372381107746449e-02
6.424252871836277912e-02
1.874460314291634955e-01
2.882814818648846700e-01
3.558800782332951496e-01
3.860897221555446013e-01
3.747360298625446173e-01
3.218245001360040547e-01
2.326234788161387623e-01
1.184554982177810079e-01
-1.048994164802008466e-02
-1.396718878995121260e-01
-2.544827562178804126e-01
-3.428182527920816680e-01
-3.953627972745802355e-01
-4.058179692971753960e-01
-3.722213104675220485e-01
-3.005127262919431441e-01
-1.967102187905351851e-01
-7.230956197682891773e-02
5.916110754739767330e-02
1.827550516598821506e-01
2.856495160405534417e-01
3.551243970135902206e-01
3.829556782298890738e-01
3.693950389610707319e-01
3.149031478710613285e-01
2.248174363317061442e-01
1.085820615776251774e-01
-1.926326215478113557e-02
-1.459159496147477419e-01
-2.562138088135283986e-01
-3.374940359987216310e-01
-3.828902768199964335e-01
-3.870653591840071961e-01
-3.492753393964019848e-01
-2.732869384137717184e-01
-1.696155003059520716e-01
-4.774514278683461566e-02
7.827011513231307838e-02
1.939136837216994813e-01
2.868148585683223395e-01
3.472490032622457257e-01
3.678073180102816586e-01
3.454799142777411625e-01
2.856244762617923261e-01
1.934159035222497991e-01
7.955357746000890629e-02
-4.310626054552357811e-02
-1.604876986938107430e-01
-2.604365018816208188e-01
-3.307658911283621883e-01
-3.633731170410964273e-01
-3.579071256064415563e-01
-3.141950606725846251e-01
-2.365897856206672367e-01
-1.335996503132818036e-01
-1.869150381553974505e-02
9.682146663154789223e-02
1.993319316839212707e-01
2.770503394256582652e-01
3.235141805115573366e-01
3.332950935313199192e-01
3.047800141562966303e-01
2.408218373062069873e-01
1.502944543607149797e-01
4.134091641086379276e-02
-7.313398816681260239e-02
-1.797870070092679740e-01
-2.669787075633988094e-01
-3.254064290728877484e-01
-3.477405603109120502e-01
-3.308165264391124127e-01
-2.792369724170312706e-01
-1.973061093870741578e-01
-9.397489549405846354e-02
1.931554831238946335e-02
1.290307166351727375e-01
2.235138608861375609e-01
2.905736219534271747e-01
3.221279711952189651e-01
3.176868255503129124e-01
2.767406558938458883e-01
2.031020328307351352e-01
1.046688994384648019e-01
-5.657876769872727252e-03
-1.168450269000133046e-01
-2.153359332080728716e-01
-2.892276851321001763e-01
-3.315849474587506673e-01
-3.373382023138234986e-01
-3.054840021304841002e-01
-2.390320088377831942e-01
-1.474106116514898313e-01
-3.907426285876114402e-02
7.300923176966667150e-02
1.754512701269104191e-01
2.568771555137696616e-01
3.084382543426165135e-01
3.234365283258859858e-01
2.993242322631999297e-01
2.413274017217521550e-01
1.544047084293060923e-01
4.902297765295249299e-02
-6.253359086119414378e-02
-1.672478027316521842e-01
-2.540356979028869366e-01
-3.119352146981858587e-01
-3.339789276199012225e-01
-3.208715041281858804e-01
-2.731903966687037055e-01
-1.956092755499397873e-01
-9.664121641429879173e-02
1.087570360050338358e-02
1.163025453534451970e-01
2.072101174312708238e-01
2.732289279731681120e-01
3.095358959920804232e-01
3.117789718384376130e-01
2.789647785497513244e-01
2.143888332849466227e-01
1.265888692908669899e-01
2.313698045533119085e-02
-8.447540210124393489e-02
-1.841435861486218073e-01
-2.655660414744739350e-01
-3.204504238391585602e-01
-3.417206989852348276e-01
-3.262287984023198861e-01
-2.781647208722818343e-01
-2.011479915874645474e-01
-1.020040426454417171e-01
9.348949386589033850e-03
1.205315776378743653e-01
2.206084678575770397e-01
2.971948976279643606e-01
3.414536174237792210e-01
3.507165647480876558e-01
3.224790684590619350e-01
2.575762024957761742e-01
1.616256747855060460e-01
4.559824527576017417e-02
-8.066332787436847340e-02
-2.033479794386918726e-01
-3.087344974019959887e-01
-3.854068861683576097e-01
-4.244119778080909233e-01
-4.185718015216346455e-01
-3.659656088964257092e-01
-2.734036357863770528e-01
-1.477333904650613983e-01
-1.453717572737600605e-03
1.503160675380428302e-01
2.900308320979909649e-01
4.027009374963086419e-01
4.729769724241688067e-01
4.908125322593017703e-01
4.548539176270971485e-01
3.655306845441173014e-01
2.301816287341857947e-01
6.140352319923225721e-02
-1.204022037640714027e-01
-2.973727327503878914e-01
-4.479251500746320724e-01
-5.534367115254807956e-01
-6.014180046161261561e-01
-5.834640606508030292e-01
-4.988073603271615530e-01
-3.532818500482629576e-01
-1.639804708037541081e-01
5.180788893151011543e-02
2.681055984929330283e-01
4.598413151399061150e-01
6.033317864834193411e-01
6.804384131509413347e-01
6.794153728382408275e-01
5.961985677439538556e-01
4.409728159934225289e-01
2.264086812368488744e-01
-2.231640181434180192e-02
-2.781949278556813399e-01
-5.095932897737656120e-01
-6.896759408880099862e-01
-7.939391583680868170e-01
-8.066928479250130568e-01
-7.281325724920848508e-01
-5.624318178263493229e-01
-3.278696315007603168e-01
-4.817399064582505996e-02
2.413454604349998256e-01
5.090003456319649455e-01
7.205600956738138496e-01
8.491928648237523358e-01
8.809130952594905750e-01
8.081402340837449128e-01
6.389336300626156095e-01
3.890991474650904447e-01
9.104768251730788187e-02
-2.244528120507665037e-01
-5.183837354828930710e-01
-7.554714933163022561e-01
-9.075641935736933341e-01
-9.550478174927803376e-01
-8.926988753632014717e-01
-7.240565639112657159e-01
-4.721788589718443063e-01
-1.618382207367921044e-01
1.681241041076191323e-01
4.799264134896068512e-01
7.362916358775219994e-01
9.072875867399641248e-01
9.725434748878236668e-01
9.217138504529076570e-01
7.653626340758568070e-01
5.177743157923699879e-01
2.105626920667102997e-01
-1.221983376433535273e-01
-4.399464722002330852e-01
-7.073416377566369428e-01
-8.927178833100060107e-01
-9.737515612536280507e-01
-9.465660068681366335e-01
-8.121670998234646888e-01
-5.885034240887985213e-01
-2.996865826339490946e-01
1.699615604816884229e-02
3.278268763455385315e-01
5.965162062350863881e-01
7.925866379589221467e-01
8.981506652968471727e-01
9.009324256143946830e-01
8.035093726236337552e-01
6.160855704784298226e-01
3.644964855076249233e-01
7.433678779154528904e-02
-2.201684299918171828e-01
-4.864333833509343341e-01
-6.966354100096460167e-01
-8.287652910896023961e-01
-8.710000827890862496e-01
-8.187388365053982486e-01
-6.827992736326210510e-01
-4.762160229750352913e-01
-2.238612110241244846e-01
4.736586987902380308e-02
3.080906227372537387e-01
5.320837893645435912e-01
6.957543225657585317e-01
7.821222758840595812e-01
7.876962818785293585e-01
7.113550645783235371e-01
5.619928678223975460e-01
3.544394356352857933e-01
1.123971681259010591e-01
-1.409397099409073206e-01
-3.782457399940545306e-01
-5.756619287749261682e-01
-7.160064340127825222e-01
-7.846359183860488473e-01
-7.736679746619433695e-01
-6.829955811931673892e-01
-5.246160496599867606e-01
-3.117008003183864284e-01
-6.620714655051551656e-02
1.874340465842949666e-01
4.229354417247870312e-01
6.170501274369075695e-01
7.479118994695177491e-01
8.003991589749592794e-01
7.709947819101155009e-01
6.595433683064633179e-01
4.758324632874699756e-01
2.363892707288450801e-01
-3.198135918442279735e-02
-3.038284895961439469e-01
-5.483489649294273072e-01
-7.388790706958112686e-01
-8.554878717229269514e-01
-8.829513524311843886e-01
-8.157565592207108862e-01
-6.574824205536966559e-01
-4.263903389251584297e-01
-1.427186728815318384e-01
1.609846681776425648e-01
4.520430735944920286e-01
6.965141936360070840e-01
8.665406765657097665e-01
9.400002279127359639e-01
9.047134531393405954e-01
7.673431629740119497e-01
5.385927857332033497e-01
2.442163603108342684e-01
-8.542157204914291313e-02
-4.096157117027632300e-01
-6.923614401912361327e-01
-8.978642895222275211e-01
-1.000000000000000000e+00
-9.894329818482526795e-01
-8.631982233252577519e-01
-6.365097292397752238e-01
-3.322705524412363776e-01
9.749047887475548180e-03
3.530751924235100425e-01
6.553242202069062827e-01
8.795149891604063797e-01
9.997872512800296541e-01
1.000000000000000000e+00
8.821368829444575788e-01
6.567673527284780821e-01
3.555509751485557146e-01
1.030709334719071002e-02
-3.346932875541496211e-01
-6.383563733043384758e-01
-8.644658692873053996e-01
-9.857432079337223874e-01
-9.896617621977404911e-01
-8.736126334547996697e-01
-6.574461876759467582e-01
-3.637297097783895872e-01
-3.286293541602480772e-02
2.955120044366195131e-01
5.807109692343028762e-01
7.892414172999104860e-01
8.974867681676801379e-01
8.917479632611988727e-01
7.799099473955655171e-01
5.736796615580392888e-01
3.030899918900120671e-01
6.761767768905802001e-04
-2.933643730722440557e-01
-5.446116171706874010e-01
-7.227579065110285583e-01
-8.065087572776090674e-01
-7.940060173569758462e-01
-6.865834261221364088e-01
-5.020839729714575705e-01
-2.633711876488739057e-01
-4.761843439240576181e-03
2.434111276199433238e-01
4.501034093447349171e-01
5.902846647488455556e-01
6.528772992715821122e-01
6.315042510045607571e-01
5.345047810208840566e-01
3.751196539814765085e-01
1.793732094763125229e-01
-2.945147628104427540e-02
-2.241194125714600638e-01
-3.801742645569878842e-01
-4.820620964723769664e-01
-5.191872798045874537e-01
-4.923896458550430788e-01
-4.068325286714524758e-01
-2.796877650243790869e-01
-1.267421207583826481e-01
3.021528738396161984e-02
1.706484346981083089e-01
2.791983747453481435e-01
3.441712043230686913e-01
3.616364533628504407e-01
3.315410123418047750e-01
2.637586405474281470e-01
1.672726759150862108e-01
5.753510023439867282e-02
-5.009810198114694746e-02
-1.429471078160357012e-01
-2.107554034456566860e-01
-2.477466309853472159e-01
-2.513381889065845476e-01
-2.263197864241766055e-01
-1.765652312119559975e-01
-1.116918184271999959e-01
-4.197082551366060343e-02
2.366597531972436386e-02
7.769475401154357641e-02
1.143018412959533325e-01
1.303414509327329718e-01
1.283374046045666628e-01
1.093192162407263801e-01
7.800790007597102615e-02
4.046424631577938413e-02
2.269641812965073058e-03
-3.191894968110264852e-02
-5.751130998230247204e-02
-7.204037484924252777e-02
-7.714487878031062174e-02
-7.259438830672093612e-02
-6.027544667754625163e-02
-4.364824797399913248e-02
-2.390433755701526497e-02
-4.436928691627262111e-03
1.267205338370347434e-02
2.534068343051387728e-02
3.148703621034210087e-02
2.902918648472563312e-02
1.588520901520218409e-02
