-7.360985222674243378e-02
-8.115656403614801562e-02
-7.292567644973402263e-02
-5.238111180272808642e-02
-2.298679243035861575e-02
1.179335933214709087e-02
4.849542114956051364e-02
8.365547068665479813e-02
1.095936459342432556e-01
1.259430087712969382e-01
1.299829836973862562e-01
1.181023049030474059e-01
8.935395193501705080e-02
4.654342329133176470e-02
-7.359388041054404361e-03
-6.603867192607371095e-02
-1.223195973596179487e-01
-1.684095739016737703e-01
-1.985426462940309555e-01
-2.061368150498157359e-01
-1.877024146150974016e-01
-1.459020788315023021e-01
-8.318877159984938707e-02
-5.110802645887035922e-03
7.992681422702574423e-02
1.604954721582043664e-01
2.277692490030616135e-01
2.712590239709693485e-01
2.834357312716437871e-01
2.634415417555047156e-01
2.113317156825447185e-01
1.309000334539749399e-01
2.991154701989029441e-02
-7.833958751235292617e-02
-1.831683935199778235e-01
-2.708789253869875457e-01
-3.292095059998685347e-01
-3.511291940308647330e-01
-3.325024097980034954e-01
-2.736077890023501658e-01
-1.791496435755493000e-01
-6.137808523022958429e-02
6.895855032048925359e-02
1.957930543981718507e-01
3.031335084178055084e-01
3.779183777255115118e-01
4.107828068483465600e-01
3.960719771628955499e-01
3.332386148313666308e-01
2.306943278959701082e-01
9.688714950730492603e-02
-5.142656392933386833e-02
-1.965382621573208421e-01
-3.211885209122348206e-01
-4.112478399952518293e-01
-4.540856186727697530e-01
-4.429790232335897304e-01
-3.823614750719777078e-01
-2.767596235100427959e-01
-1.371469135749879831e-01
2.139900974985842197e-02
1.786427912483898872e-01
3.175631343986664579e-01
4.201019511504462400e-01
4.736335162933886789e-01
4.756342598905434205e-01
4.238980162740082491e-01
3.229884844618291506e-01
1.833581715251439981e-01
2.307653988435909298e-02
-1.422375552390579001e-01
-2.928922620560427958e-01
-4.106323182580302600e-01
-4.830204699396364321e-01
-5.016419234114012360e-01
-4.645837082631161241e-01
-3.748748601201883357e-01
-2.447631583467047012e-01
-8.606922948855344480e-02
8.244539591958766067e-02
2.415319676281311168e-01
3.738068656499029530e-01
4.651965505751327612e-01
5.047555006575548120e-01
4.873233137895107703e-01
4.188243080552807029e-01
3.050300585795924224e-01
1.581833558264442718e-01
-6.021896537806825656e-03
-1.685305883069411204e-01
-3.125764956442724785e-01
-4.207838924029706495e-01
-4.810353250578406348e-01
-4.909322980178940643e-01
-4.484167618542151956e-01
-3.573883551698288086e-01
-2.272486296214191182e-01
-7.429562825509483659e-02
8.702829251565691315e-02
2.385169374956632726e-01
3.632677342159829070e-01
4.496667876289555110e-01
4.886727896676770211e-01
4.756942470983180904e-01
4.114660903063720454e-01
3.052256646725184375e-01
1.659495626849045724e-01
9.589465960343268591e-03
-1.465403631723833922e-01
-2.863144374753463506e-01
-3.959539468334726253e-01
-4.626954061849096744e-01
-4.789884002711088939e-01
-4.471501713022234537e-01
-3.693786920113414363e-01
-2.527592800435763953e-01
-1.091632454742729186e-01
4.467529372944811783e-02
1.939718826853080724e-01
3.214724101628438913e-01
4.138298833231963680e-01
4.651333461716380402e-01
4.692046868172221608e-01
4.242021257710675286e-01
3.345519287323295288e-01
2.113498750990705499e-01
6.476234985379791809e-02
-8.952621575910246765e-02
-2.349611593729513670e-01
-3.568974408518134078e-01
-4.432832877576013964e-01
-4.835485819966294230e-01
-4.725229504458409169e-01
-4.150593445105941193e-01
-3.154635946358965715e-01
-1.822721787304202312e-01
-2.840377577203423431e-02
1.291565634593567768e-01
2.751695865961614196e-01
3.925073278044919345e-01
4.686014161648150989e-01
4.986786573059560634e-01
4.783450335268435438e-01
4.080170229604382914e-01
2.941804879636920056e-01
1.504498300232728347e-01
-1.099343612983405549e-02
-1.730795328297870528e-01
-3.181985476700204263e-01
-4.314606036803086964e-01
-5.012618029378603790e-01
-5.184013428391818223e-01
-4.793974765215714973e-01
-3.912315272531694532e-01
-2.608514132044533751e-01
-1.014399679488044992e-01
7.057937833820471241e-02
2.364162445729558470e-01
3.796138973170597453e-01
4.831016901950264675e-01
5.350458397877932981e-01
5.328964477637747610e-01
4.750921545811739310e-01
3.662230361878275886e-01
2.167803486519979117e-01
4.450567815860639875e-02
-1.350536529371624272e-01
-3.022072076491595372e-01
-4.387671305318973092e-01
-5.319158909961898551e-01
-5.712571081005037854e-01
-5.511877242643878905e-01
-4.724636340988598304e-01
-3.450140359734638063e-01
-1.790351631031513735e-01
7.861201789151284203e-03
1.962808027649212139e-01
3.662416358599924759e-01
5.005844521378759460e-01
5.830082679660013589e-01
6.034660231052229040e-01
5.630744515683590024e-01
4.637068789056462137e-01
3.139318464749110138e-01
1.278574389608451156e-01
-7.352701409938855459e-02
-2.707666857187603915e-01
-4.408157072957121780e-01
-5.650677757776341181e-01
-6.324914695337392478e-01
-6.342091515191013995e-01
-5.681026063238534540e-01
-4.392706218658634088e-01
-2.629724812574301129e-01
-5.418370121213089696e-02
1.644389483670583019e-01
3.694558309859625744e-01
5.385884267871101638e-01
6.537659248899341247e-01
6.997146205884956505e-01
6.686986478260565914e-01
5.672574653077275819e-01
4.030210023351987747e-01
1.923068383676918014e-01
-4.390710163904876229e-02
-2.786475279023318263e-01
-4.878708864352077068e-01
-6.463272262611358121e-01
-7.353744339785723838e-01
-7.475165267392028801e-01
-6.784253501841648326e-01
-5.339197836554221421e-01
-3.273881310779147569e-01
-8.386561034788109215e-02
1.739753253474711769e-01
4.170880345025369529e-01
6.178632004122661669e-01
7.542256982913362329e-01
8.099011583406945380e-01
7.773621170527884594e-01
6.570678601298232113e-01
4.635027556662338899e-01
2.131636840883595063e-01
-6.503033795090629177e-02
-3.411407731577983382e-01
-5.836730936865783814e-01
-7.660154494670519121e-01
-8.651145694886150928e-01
-8.671034629748917144e-01
-7.750413535343363414e-01
-5.949615051767789264e-01
-3.457661485299080573e-01
-5.225702162606449264e-02
2.504577972871202540e-01
5.303507925643065057e-01
7.528618042290977641e-01
8.916689185512223226e-01
9.338177105189495730e-01
8.710704038563308327e-01
7.093661751270046167e-01
4.636355447161353283e-01
1.647977366972703805e-01
-1.577071390729370970e-01
-4.655459019525766129e-01
-7.230444243434301921e-01
-9.006932835831941153e-01
-9.770360166366782728e-01
-9.428720778898516119e-01
-7.984483143432634655e-01
-5.632230846157746385e-01
-2.590459938258977690e-01
7.645350952540641565e-02
4.054681795037171632e-01
6.893221948105332508e-01
8.959055958654766894e-01
1.000000000000000000e+00
9.869870198889425517e-01
8.634251306963081074e-01
6.396565656825363710e-01
3.422811081354621976e-01
3.132141983148928333e-03
-3.353067664636681933e-01
-6.358355205852208591e-01
-8.618413948888735687e-01
-9.862797257864279743e-01
-1.000000000000000000e+00
-8.985819743726742859e-01
-6.948996648309098134e-01
-4.102996649268515483e-01
-8.218638984903847700e-02
2.550572087623306228e-01
5.608331080113393430e-01
7.989465995866604775e-01
9.436534546710706461e-01
9.777084166595626513e-01
8.998351900747794119e-01
7.171402255321832619e-01
4.559253279921793300e-01
1.430280941568260467e-01
-1.822358402800861032e-01
-4.821180371302414835e-01
-7.223504366987596459e-01
-8.758253934679844921e-01
-9.268739294815632190e-01
-8.688637806011405562e-01
-7.139723896875918019e-01
-4.772799541643888421e-01
-1.903264124034660387e-01
1.138560299453146296e-01
3.989520184031747352e-01
6.335122423704713235e-01
7.903639938265145659e-01
8.513931178716338533e-01
8.172450648902662707e-01
6.911211831464172395e-01
4.903040545483257073e-01
2.375419405252672256e-01
-3.431464186594967991e-02
-2.953561206685316742e-01
-5.141425763254250381e-01
-6.662993623863788795e-01
-7.410857657303220325e-01
-7.304767335548364438e-01
-6.389684467198037954e-01
-4.780597502657283338e-01
-2.718316440351622454e-01
-4.214459638162038058e-02
1.835442555959931887e-01
3.790861854332769898e-01
5.251740896130350222e-01
6.073166665995526348e-01
6.198793584201145457e-01
5.628458748966946867e-01
4.486869064578702382e-01
2.897911623914695145e-01
1.073912983220448591e-01
-7.667324516520879207e-02
-2.430373074314566839e-01
-3.752094282251314805e-01
-4.607534839639194635e-01
-4.922072381363369331e-01
-4.732485149032594762e-01
-4.071768139030670364e-01
-3.036566926962819268e-01
-1.757185643880434522e-01
-3.879281252769672950e-02
9.366049570068746277e-02
2.079358005660547626e-01
2.937722817540842080e-01
3.495052303673473748e-01
3.713550828863880771e-01
3.583191504787648363e-01
3.141267279368580301e-01
2.462990893976866325e-01
1.609343910338523198e-01
6.600650472534574931e-02
-2.971244817133433802e-02
-1.205274134057373603e-01
-2.000638733708258732e-01
-2.611415175635617425e-01
-2.997400164205270556e-01
-3.166333794504332388e-01
-3.101727532858549186e-01
-2.767384844105517105e-01
-2.180762314439634864e-01
-1.400434536495114290e-01
-4.790963985160023864e-02
5.115930811017577184e-02
1.496122102970345313e-01
2.403904634282358899e-01
3.150089983034840557e-01
3.623061582527480340e-01
3.764545239778767094e-01
3.566452329921230291e-01
3.016380126541635676e-01
2.124937027332924888e-01
9.603801579996829041e-02
-3.548045257508636308e-02
-1.717283096338098058e-01
-2.977510976628727768e-01
-3.993180086141924212e-01
-4.650739240886944126e-01
-4.859632853239322925e-01
-4.552899392244235122e-01
-3.728861350796404128e-01
-2.474399467764754057e-01
-8.800983438960119365e-02
8.883421934926549746e-02
2.645501269008050382e-01
4.183678305008931009e-01
5.330548209748746658e-01
5.916518818626375076e-01
5.842312366159714276e-01
5.129363543643525869e-01
3.814562941067738411e-01
2.018591479766225216e-01
-8.470369586718429211e-03
-2.238968570823465232e-01
-4.218746911549865475e-01
-5.768952383970123998e-01
-6.690907556522387445e-01
-6.885994459318482974e-01
-6.297055089222652891e-01
-4.969058277687622427e-01
-3.018417658465442077e-01
-6.877932926527741131e-02
1.798302797987669788e-01
4.142240659215352672e-01
6.064228122319117453e-01
7.335964974046318421e-01
7.796431624692570228e-01
7.377189518525673062e-01
6.088548050021107549e-01
4.095736214061282965e-01
1.577151749118239632e-01
-1.160368475000489452e-01
-3.806831579447826908e-01
-6.051367147881150377e-01
-7.638911556842745698e-01
-8.367032627613439910e-01
-8.124499274291048234e-01
-6.978593927131357955e-01
-5.021737939476568213e-01
-2.474227362875891512e-01
3.952777493788239838e-02
3.231154484622218437e-01
5.724899216605479069e-01
7.570045151424382723e-01
8.543490027911548879e-01
8.575691325203635973e-01
7.632040084949487380e-01
5.817065344385929926e-01
3.313837293686883179e-01
4.409464241239113846e-02
-2.509946783552576832e-01
-5.188794703274872688e-01
-7.280074039372349537e-01
-8.555138945249498583e-01
-8.859571267355103030e-01
-8.169291657214429181e-01
-6.537824462517765056e-01
-4.184375028237102834e-01
-1.336468544514353152e-01
1.662059176613985834e-01
4.473350388717833859e-01
6.778590191538318432e-01
8.321043809195198815e-01
8.924366150797922170e-01
8.502526765264430963e-01
7.153674752104126622e-01
4.999225952218777635e-01
2.294720574706976546e-01
-6.688284917820686015e-02
-3.539122901437274926e-01
-6.006971989315778027e-01
-7.780658021013791004e-01
-8.653258280516998857e-01
-8.580188282774899866e-01
-7.550753928027570394e-01
-5.690525967705442056e-01
-3.193850276191487758e-01
-3.764533749939735774e-02
2.472617685303126756e-01
5.021896643027941032e-01
6.981724301764096197e-01
8.161451258316396729e-01
8.427036446885054488e-01
7.765278584709753851e-01
6.238560142078524162e-01
4.058462127433737354e-01
1.437153515640359203e-01
-1.317251812765977137e-01
-3.898531024251108423e-01
-6.027522465510692928e-01
-7.478738598811298655e-01
-8.094356151371733255e-01
-7.796926418536882508e-01
-6.675572478910549723e-01
-4.834936121883076643e-01
-2.495227085982394399e-01
8.942249493518295012e-03
2.622804608310407293e-01
4.842650264425822915e-01
6.499378678601031023e-01
7.412308231147364257e-01
7.536459470490957102e-01
6.850946864197826613e-01
5.441199153068752015e-01
3.458119543917268501e-01
1.152270480144088616e-01
-1.250494306087233110e-01
-3.483382102320278229e-01
-5.305071642001308874e-01
-6.552309663957001096e-01
-7.094937425028975397e-01
-6.884278945694859431e-01
-5.941122353677255052e-01
-4.397946540729524845e-01
-2.393274498325110855e-01
-1.537993829843176119e-02
2.082270033633593087e-01
4.083788396466840886e-01
5.651813899852871081e-01
6.614193010719939814e-01
6.865263269442385408e-01
6.428113713831205001e-01
5.334511108369477395e-01
3.691572543679930707e-01
1.660697587444426304e-01
-5.306317297347351580e-02
-2.669108412185031698e-01
-4.512869205625056335e-01
-5.870490368006424653e-01
-6.636753343483554612e-01
-6.721625149962843215e-01
-6.105892380178620238e-01
-4.844625178962357337e-01
-3.092714081214491539e-01
-1.001429521180009496e-01
1.205101194449735846e-01
3.293621752242557044e-01
5.045691820465825206e-01
6.281690630648510965e-01
6.849127697203993836e-01
6.668006669008668119e-01
5.796748008176175748e-01
4.303350086004982256e-01
2.337597971517808570e-01
9.659813114510695797e-03
-2.165437080131150660e-01
-4.219974721230217440e-01
-5.824241691170345403e-01
-6.796489743511460180e-01
-7.059995469903780352e-01
-6.564864118357831568e-01
-5.353757548196693694e-01
-3.542504576343228351e-01
-1.355443878094019228e-01
1.005248295516183443e-01
3.275951916885051496e-01
5.201975478391496210e-01
6.579126229130736192e-01
7.253038109126270783e-01
7.145010410412164781e-01
6.248476091827435130e-01
4.681758424716229161e-01
2.579109731421922458e-01
1.862046390207994229e-02
-2.238132257508267386e-01
-4.422474268512618378e-01
-6.134538675276288711e-01
-7.167448575782711107e-01
-7.393116361953484539e-01
-6.831478412472202777e-01
-5.520214774860227047e-01
-3.599922311339960324e-01
-1.266412988387944916e-01
1.199327399782748049e-01
3.539739157824928206e-01
5.471590922569760096e-01
6.777246308847646450e-01
7.350880480977992626e-01
7.113972488103588177e-01
6.092398754160015528e-01
4.387899490565387861e-01
2.224790604762598711e-01
-1.873390888786496955e-02
-2.568422157788804450e-01
-4.648354284273040760e-01
-6.205352305999847218e-01
-7.071545684107969354e-01
-7.157986960744127103e-01
-6.444702638669044248e-01
-5.046875792605796107e-01
-3.092402741103549291e-01
-8.234847037009973558e-02
1.504966048317382121e-01
3.635021919413286007e-01
5.344686684310795410e-01
6.440617428999086957e-01
6.799601195069671089e-01
6.438747990000714960e-01
5.388142221486122985e-01
3.769989822522590295e-01
1.758740075526055158e-01
-3.982906423237564386e-02
-2.479540612526297538e-01
-4.243896844897745435e-01
-5.503635451289901059e-01
-6.174954772522947000e-01
-6.182572489244768654e-01
-5.531062211451970301e-01
-4.294508007048460918e-01
-2.640182832413850988e-01
-7.234409440157696380e-02
1.240718166785195198e-01
3.037395589566347365e-01
4.489175028204224205e-01
5.453760018872715332e-01
5.835404467848059884e-01
5.594808930748758069e-01
4.803529849224446036e-01
3.533128997537398064e-01
1.918763867855364236e-01
1.287072254729193510e-02
-1.645192376408386448e-01
-3.231273669737515508e-01
-4.455452696776049937e-01
-5.193548697205745412e-01
-5.416400050497738317e-01
-5.096963700660241958e-01
-4.262101873159258592e-01
-2.996225424455829511e-01
-1.449132209237435909e-01
2.402251272840505436e-02
1.891411315528730430e-01
3.333715054525221433e-01
4.438886767430072489e-01
5.097142448757214783e-01
5.225481527025919171e-01
4.802175186532622320e-01
3.903481205063659143e-01
2.601930796081279862e-01
1.027264356093136044e-01
-6.592059630347646415e-02
-2.279942338178987393e-01
-3.678513202755965272e-01
-4.692786327946598668e-01
-5.210746572386224518e-01
-5.209002054942812876e-01
-4.672108584605825232e-01
-3.640217977809606653e-01
-2.212474655586029737e-01
-5.570346492883626599e-02
1.177477256325882848e-01
2.799601583101258839e-01
4.133574185468344986e-01
5.054476323563703577e-01
5.458680062090059959e-01
5.286853040947379068e-01
4.544322123905926158e-01
3.326906706115650980e-01
1.732975206135156654e-01
-6.321032328755804564e-03
-1.870404695367601233e-01
-3.490395166723704312e-01
-4.754654769016111171e-01
-5.504239610451460152e-01
-5.643855616189534796e-01
-5.192994791083036521e-01
-4.177941318819332617e-01
-2.695061556945037573e-01
-8.922402303742416052e-02
1.015168613333330416e-01
2.832838642367985216e-01
4.338141551461862644e-01
5.357671937765795533e-01
5.805003416355356549e-01
5.615043110783506375e-01
4.798056639167409543e-01
3.430772745163352955e-01
1.690885241321882226e-01
-2.579468320175259954e-02
-2.187356611297083253e-01
-3.873726272945914317e-01
-5.130843078013448411e-01
-5.818619190846501255e-01
-5.855358101540544258e-01
-5.221907565031986831e-01
-4.015772727743178727e-01
-2.343299595585037753e-01
-4.141938182786819578e-02
1.549372106209194744e-01
3.321644286162763748e-01
4.711323969589737981e-01
5.548768640984149680e-01
5.730877306596009468e-01
5.284563224097562628e-01
4.245669837206338393e-01
2.733701364646210497e-01
9.157414669544561292e-02
-9.733908229329502060e-02
-2.730300120266321295e-01
-4.138004423834240608e-01
-5.034769922269921594e-01
-5.365365155927407370e-01
-5.083099196255362884e-01
-4.221782219627006061e-01
-2.878777749281207221e-01
-1.242233179080379779e-01
5.219664310683724828e-02
2.199997426865825112e-01
3.589853597693397624e-01
4.545807887506054801e-01
4.964368041878515214e-01
4.812066297923269786e-01
4.105074381212334700e-01
2.960321140053956412e-01
1.491624973215406325e-01
-1.121652804138484338e-02
-1.657935972492433629e-01
-2.971146399331614507e-01
-3.910339698695425303e-01
-4.371417901478948931e-01
-4.303300339673815644e-01
-3.761138094616029992e-01
-2.798749376556465274e-01
-1.542645861841926980e-01
-1.448335457269822601e-02
1.220962309868303119e-01
2.405195551264742715e-01
3.260480723718162110e-01
3.689652509724694607e-01
3.697727799719612296e-01
3.284541564132523739e-01
2.504389005541587387e-01
1.454961693417702318e-01
2.862360971119981556e-02
-8.759069387561113640e-02
-1.886563444057366423e-01
-2.624911371856099018e-01
-3.040980594127579151e-01
-3.094357480515588232e-01
-2.789723062137736687e-01
-2.172169413999619492e-01
-1.347993272022635081e-01
-4.021634207970581354e-02
5.464889446604526135e-02
1.375609981764411849e-01
2.003033775482681023e-01
2.368475290151736967e-01
2.439325211027751905e-01
2.215294791871904589e-01
1.756293714317491705e-01
1.109513833049697862e-01
3.701541778359174195e-02
-3.573337671340259813e-02
-9.934214505760874392e-02
-1.473955217204222512e-01
-1.744857872075430416e-01
-1.782399938302019482e-01
-1.619920128312052343e-01
-1.275543335897939556e-01
-8.015175699321175351e-02
-2.712675091418170759e-02
2.445926345513482758e-02
6.920490357302844231e-02
1.013923972558459230e-01
1.179188190348003928e-01
1.209256302532513150e-01
1.101518730448916017e-01
8.707076009893532920e-02
5.609584398992861765e-02
2.220760495574047866e-02
-1.124139035481996896e-02
-3.965944127842568889e-02
-5.959021757873150804e-02
-7.130993671599039629e-02
-7.384637107255664912e-02
-6.704418150235991192e-02
-5.308837982473124661e-02
-3.538868788075055782e-02
-1.563686266975561345e-02
3.471443244043692644e-03
1.905272647567124444e-02
3.041322828719739135e-02
3.650105961702965196e-02
3.655766794738157799e-02
3.163815852602636092e-02
2.418652281474220622e-02
1.480804847384886713e-02
4.615825269970397216e-03
-4.367194738351454220e-03
-1.123746897623478791e-02
-1.533438824153510183e-02
-1.619285714862217507e-02
-1.433910505590130224e-02
-1.126325095272984189e-02
-7.125932919879951477e-03
-2.352725930006238642e-03
1.857808677530492503e-03
5.367387546457935699e-03
8.122005188678560472e-03
9.832070112962387753e-03
1.020799082808010461e-02
8.960175842801731960e-03
5.799033665898178924e-03
4.349728061392443834e-04
