-4.856457403171277054e-02
-5.978810099352183105e-02
-5.486632500418642255e-02
-3.748218150606719146e-02
-1.131860594152533928e-02
1.994146624707782145e-02
5.261509961738175534e-02
8.301935872702559394e-02
1.015246713919040200e-01
1.081960643026598223e-01
1.010053835426689695e-01
7.840572406413182094e-02
4.066220591738911594e-02
-8.513381120462959473e-03
-6.445804996132797893e-02
-1.174122398320718297e-01
-1.590219150184182251e-01
-1.826533170226827263e-01
-1.837652257236135345e-01
-1.597065308525627003e-01
-1.113940838075478945e-01
-4.558276528179128206e-02
3.208336833527858367e-02
1.104814108929241812e-01
1.782544613937890876e-01
2.256503408914747322e-01
2.458141929367345657e-01
2.342059294609373232e-01
1.904290342864665142e-01
1.210762437115331380e-01
3.199717047425920669e-02
-6.437436693216469497e-02
-1.550025877773953953e-01
-2.276710084550280788e-01
-2.730593348071272963e-01
-2.838143457799432445e-01
-2.571712139247430695e-01
-1.983510758576381150e-01
-1.121221348551135755e-01
-1.014686658619989856e-02
9.445554157167501685e-02
1.878388628969342999e-01
2.588070618988413951e-01
2.968527883542568802e-01
2.962931605505652044e-01
2.604287131061853167e-01
1.919418625472986140e-01
9.922823734729391276e-02
-6.406365334088226504e-03
-1.106956040506912320e-01
-2.019606134557270227e-01
-2.677419268156213672e-01
-2.994546801341917419e-01
-2.970010114782369870e-01
-2.600619490345801310e-01
-1.925803215270938118e-01
-1.024174736712586409e-01
-2.201955126070798130e-03
9.793712527621001307e-02
1.857900925570805661e-01
2.504893623446182715e-01
2.869071442088257928e-01
2.911642888267196305e-01
2.625901457120314308e-01
2.042818702523587771e-01
1.246868192932772956e-01
3.065719126224752955e-02
-6.733820724678785119e-02
-1.577119430975777448e-01
-2.312363484934483182e-01
-2.805575257554391300e-01
-2.984623887376292029e-01
-2.819386093680662508e-01
-2.357033494666852524e-01
-1.631698151395651886e-01
-7.098069709469956301e-02
3.088247212555983445e-02
1.308095697996634055e-01
2.187625246494451225e-01
2.829044317493278893e-01
3.152341817721062700e-01
3.142029690241809892e-01
2.780563772390252097e-01
2.082478061116486145e-01
1.115846621621872092e-01
6.064007391257675295e-04
-1.146385758953633038e-01
-2.201116262170559335e-01
-3.024934800910658028e-01
-3.523993598982362307e-01
-3.626628058888314854e-01
-3.294664788692929225e-01
-2.545020036888939741e-01
-1.473134662564654640e-01
-1.711746616244913533e-02
1.194637822088611134e-01
2.454031892209596055e-01
3.443299585360894977e-01
4.035999712423927743e-01
4.133642953784375518e-01
3.697760368662774688e-01
2.795633637092653778e-01
1.500474390112627177e-01
-2.338628567522094137e-03
-1.592089224423912652e-01
-2.991996758724642103e-01
-4.048362376245437932e-01
-4.595527012974024439e-01
-4.538474017332870813e-01
-3.915748041721938133e-01
-2.774024676053786775e-01
-1.251410056100249468e-01
4.741901182657493052e-02
2.153202620732748152e-01
3.581250024029596357e-01
4.551379171713010319e-01
4.916621108999217338e-01
4.656642989683319467e-01
3.780148263052995894e-01
2.404284211338811872e-01
6.901813127614087051e-02
-1.104110949374378370e-01
-2.768340966368103562e-01
-4.075823866332438650e-01
-4.834704562575763420e-01
-4.961056355956625641e-01
-4.426733409745287062e-01
-3.318993724505945320e-01
-1.764882155628373361e-01
-5.889852141532925245e-04
1.751628648484833128e-01
3.264546953593081557e-01
4.320083831892633786e-01
4.796652056225756411e-01
4.628232184853777742e-01
3.859030873649724747e-01
2.578360349406905172e-01
9.978335033687790734e-02
-6.973766941169901035e-02
-2.267705970106222990e-01
-3.496264048631647636e-01
-4.237711619721841183e-01
-4.398505404255440565e-01
-3.982117394497294294e-01
-3.039078144046403196e-01
-1.740965931412301604e-01
-2.401065030614468743e-02
1.245078904822698451e-01
2.509750640010772749e-01
3.400747124424858825e-01
3.809936644428795205e-01
3.706966309902768320e-01
3.107482619630024256e-01
2.138904802637338065e-01
9.146230964871482350e-02
-3.806687931526708812e-02
-1.566680197387892992e-01
-2.497156671303955022e-01
-3.062073168974633885e-01
-3.206241556154395544e-01
-2.917274596229922912e-01
-2.279514317778285060e-01
-1.366579422906023522e-01
-3.230295510681457927e-02
7.025415103991705656e-02
1.581727217378299244e-01
2.212789152544076821e-01
2.523150769434527874e-01
2.479680285716292509e-01
2.131390241689501419e-01
1.516863580350196195e-01
7.408865729043800918e-02
-8.063403344527375616e-03
-8.438789913217903393e-02
-1.463251571993750000e-01
-1.862790557521872836e-01
-1.999926364943814816e-01
-1.900664611833358109e-01
-1.575546914379581942e-01
-1.069861241313717626e-01
-4.569751683326839231e-02
1.778151187108467646e-02
7.683897143722084877e-02
1.237152362871889455e-01
1.531523728688910513e-01
1.659578709470108659e-01
1.605465161064545399e-01
1.358123463909004514e-01
9.486701999574620459e-02
4.363139390194104017e-02
-1.345394731238735986e-02
-6.952479617932239009e-02
-1.178280663884877510e-01
-1.540752528726534454e-01
-1.739473021493540550e-01
-1.724170351691975966e-01
-1.485645328886656680e-01
-1.067935469022418538e-01
-4.982399216633570660e-02
1.746962548105779334e-02
8.723608913734248738e-02
1.500000677160919782e-01
1.983553134839846077e-01
2.230629607965963768e-01
2.186779343796996233e-01
1.865726003134506872e-01
1.279073499888576659e-01
4.712871803574758545e-02
-4.717490794821943556e-02
-1.412865249922969912e-01
-2.245750381618578650e-01
-2.837406215167836976e-01
-3.080791683237745771e-01
-2.933351027451012172e-01
-2.381623743815558525e-01
-1.469756752056103899e-01
-2.852612066985260597e-02
1.002197149210177773e-01
2.252568567096002727e-01
3.282068573861960381e-01
3.926750412879487229e-01
4.080783197781845395e-01
3.691251811722708887e-01
2.783321195077157473e-01
1.432907434482315612e-01
-1.704848788414792260e-02
-1.856329677408505852e-01
-3.383085664346896504e-01
-4.531284694733863638e-01
-5.129265481421205752e-01
-5.068622845349701755e-01
-4.331496051026744176e-01
-2.965684838502099518e-01
-1.162121906580224628e-01
8.946235287860448970e-02
2.916249591752655412e-01
4.632647063585264569e-01
5.801356568436537575e-01
6.249245075222158441e-01
5.894687147250325943e-01
4.736010000720345392e-01
2.938321429736781010e-01
6.760650615965713151e-02
-1.737724941473077767e-01
-3.997812279771142396e-01
-5.796846642441425557e-01
-6.896165207085871440e-01
-7.133871156467490593e-01
-6.439493446327716475e-01
-4.922536072099384930e-01
-2.718613224876822443e-01
-1.369483759792400335e-02
2.506412753378055580e-01
4.860316664225170502e-01
6.633599561873082529e-01
7.580639741827013278e-01
7.554257510635580264e-01
6.604897722380325131e-01
4.810768813706267633e-01
2.403563212367847424e-01
-3.408867857418951264e-02
-3.046880161321423586e-01
-5.395376948325891764e-01
-7.077405295320421397e-01
-7.873745603935782267e-01
-7.739907522460868217e-01
-6.663070424853214657e-01
-4.784032747327963131e-01
-2.311056503708013299e-01
4.167332957055625009e-02
3.102221510552876094e-01
5.413695136319274237e-01
7.062159556659748372e-01
7.873236869803499349e-01
7.743376164161679398e-01
6.710982529882003611e-01
4.878224180181851555e-01
2.500220078314261407e-01
-1.777436643642538172e-02
-2.825825472487497603e-01
-5.132365221426732349e-01
-6.840781200832326547e-01
-7.756092226886918128e-01
-7.785689923621790243e-01
-6.911555322726594675e-01
-5.267365158312738993e-01
-3.003665028119234526e-01
-3.969188767829878728e-02
2.263008498941738722e-01
4.672445482123241955e-01
6.569714848272356633e-01
7.725261487020178564e-01
7.992772779680650252e-01
7.385448028072478799e-01
5.939879949325559405e-01
3.808641167059556576e-01
1.205483839874621488e-01
-1.557274490424139790e-01
-4.189287374192993685e-01
-6.364665072024736636e-01
-7.828931006274699733e-01
-8.440612696419735883e-01
-8.097996288589698333e-01
-6.820261498813846579e-01
-4.718306712978215245e-01
-2.056367920117970760e-01
9.084106070884523376e-02
3.817770574539121053e-01
6.330604032535505077e-01
8.144567894944862996e-01
9.033496481941860612e-01
8.873757344723294249e-01
7.639113578937906102e-01
5.492049212807517122e-01
2.625196745371003448e-01
-5.969728027865850439e-02
-3.803531982858322502e-01
-6.595234508503133863e-01
-8.640368861578615611e-01
-9.664999111097201112e-01
-9.508311403697289332e-01
-8.228261606100421011e-01
-5.926422918775520188e-01
-2.885602731958410994e-01
5.592929065897278562e-02
3.950734287166817182e-01
6.894204424239342988e-01
9.002956193743067992e-01
1.000000000000000000e+00
9.810356370904356194e-01
8.414383182669502581e-01
5.994588378067580159e-01
2.814470400153605834e-01
-6.866472213835095317e-02
-4.117335962036188235e-01
-7.038010334897434328e-01
-9.075011084605968392e-01
-1.000000000000000000e+00
-9.683247128850772656e-01
-8.198840891613268234e-01
-5.700329332794438209e-01
-2.552878331871644146e-01
8.951918450404994232e-02
4.191870556820906923e-01
6.929327190095480038e-01
8.789580817649116362e-01
9.545859445169848634e-01
9.144097094309258100e-01
7.619884217897798795e-01
5.226052890792045602e-01
2.222131402430966851e-01
-9.858542695709116011e-02
-4.009303390032760150e-01
-6.490037332176592511e-01
-8.142324994877142563e-01
-8.801603717108503755e-01
-8.391763287471207811e-01
-7.031467795216501671e-01
-4.862354398932305921e-01
-2.190594496589883811e-01
6.653067914160382124e-02
3.360619463482752423e-01
5.596123173780545024e-01
7.117903595141301665e-01
7.755993514144636780e-01
7.521198447222054995e-01
6.439912920668491303e-01
4.662795591212096635e-01
2.393054864993475750e-01
-7.905258140853965720e-03
-2.486178417493071224e-01
-4.543926644351973243e-01
-6.028403214164816948e-01
-6.833544808265421544e-01
-6.871106975360952163e-01
-6.151741514598049188e-01
-4.757336611093707646e-01
-2.880484365021669380e-01
-7.026581881003457486e-02
1.529981588373543477e-01
3.569157323516687352e-01
5.201631000791844261e-01
6.256234460872289738e-01
6.608177335787039919e-01
6.203242823919945526e-01
5.128357464089354778e-01
3.478040788697212005e-01
1.433217883305215601e-01
-7.873256140338680265e-02
-2.922654555547516964e-01
-4.744113219743343324e-01
-6.023300195737624207e-01
-6.600358996112409837e-01
-6.436873977771367938e-01
-5.522488771190031676e-01
-3.950967203414668116e-01
-1.884072596951896772e-01
4.058758684161145602e-02
2.681191688600961243e-01
4.657586658435470817e-01
6.085314968269288638e-01
6.798916248432476106e-01
6.690752996725068957e-01
5.764642297429700690e-01
4.100676917715100345e-01
1.929485763966918288e-01
-5.243021560346072807e-02
-2.934383375684281869e-01
-4.996326701317128638e-01
-6.444920762267134506e-01
-7.087495104161746218e-01
-6.838843010065385197e-01
-5.697807952405626875e-01
-3.841162344261823680e-01
-1.458040606511787907e-01
1.116738447194647321e-01
3.557081319861421509e-01
5.535824623959273438e-01
6.796550287128559908e-01
7.172201627589680495e-01
6.588041555057506660e-01
5.156765318326033132e-01
3.017936365761937356e-01
4.885018190924061976e-02
-2.109826812812904961e-01
-4.416194905699575290e-01
-6.134263779521265114e-01
-7.025955202998281912e-01
-6.952351736584443387e-01
-5.976227982382571469e-01
-4.188732134991552947e-01
-1.855780674078615355e-01
7.300529630424712479e-02
3.193524256845070575e-01
5.219069393190565176e-01
6.519203432228988238e-01
6.905104533589792037e-01
6.387256759293795660e-01
5.006412802266284601e-01
2.970599622628282699e-01
5.328001443755714384e-02
-1.938071567562918984e-01
-4.134210922099567087e-01
-5.753766558654699326e-01
-6.565886923665076313e-01
-6.508362350811590646e-01
-5.572976154303170837e-01
-3.916646020771055170e-01
-1.741545511638417087e-01
6.162286707911057704e-02
2.871541264931172233e-01
4.719707744873038457e-01
5.903211911305854542e-01
6.297641725161104986e-01
5.845777286432685127e-01
4.641958878916101483e-01
2.827719468439842121e-01
6.878486713296649846e-02
-1.526008786282169183e-01
-3.513615107819024752e-01
-5.008764363198692227e-01
-5.841929266356833406e-01
-5.906508918021502463e-01
-5.222722355473602418e-01
-3.865810352922290916e-01
-2.055422224847852641e-01
5.594078928603529732e-04
2.038281343095669218e-01
3.781051307224982949e-01
5.028545934804513617e-01
5.630201389434463799e-01
5.528238213423475322e-01
4.725774770233914790e-01
3.363927453859081318e-01
1.583340026778758958e-01
-3.744733063815386398e-02
-2.266541423628645191e-01
-3.864237756604043117e-01
-4.981895415606004685e-01
-5.480825870956469448e-01
-5.289371822443462712e-01
-4.476330269276218576e-01
-3.116467363522198442e-01
-1.382493050894514353e-01
5.225715464827018764e-02
2.356403364100183584e-01
3.911506500257209140e-01
4.986275953799739202e-01
5.442892168254487295e-01
5.267259286522267825e-01
4.458061725883595283e-01
3.104600992555022199e-01
1.354088454667838892e-01
-5.577767385322962568e-02
-2.427309258599551489e-01
-4.017178746503963227e-01
-5.125516344116860523e-01
-5.635397203756722373e-01
-5.468850034429418860e-01
-4.638514028045170878e-01
-3.221426508306139969e-01
-1.413017085375301019e-01
6.032193395715212958e-02
2.566855379154160399e-01
4.231392181001696340e-01
5.390641851347228730e-01
5.895094551268793559e-01
5.676960229283247727e-01
4.737202422240702759e-01
3.215174964688352066e-01
1.257581117367141399e-01
-8.737243086246448964e-02
-2.916530968348078900e-01
-4.608495214613302915e-01
-5.740377113685819488e-01
-6.159540346074208195e-01
-5.791529886103324865e-01
-4.714571058015308846e-01
-3.024573750443599884e-01
-9.490184182109928646e-02
1.263593545523964412e-01
3.318943642672460559e-01
4.969254777655127686e-01
5.987857947996615415e-01
6.230597870803540328e-01
5.716574197148267533e-01
4.483880852736590317e-01
2.693268360635356906e-01
5.520497952979108724e-02
-1.640650408566847185e-01
-3.629233001800921121e-01
-5.150833915934587282e-01
-6.005565197525462029e-01
-6.128010405383943482e-01
-5.489100816394594240e-01
-4.183176934110239831e-01
-2.359310321643292019e-01
-2.823280662310956313e-02
1.819043786373373273e-01
3.679499866131954455e-01
5.060608826812731387e-01
5.814600071303499540e-01
5.850561148532389399e-01
5.185272413930384072e-01
3.888608335661329907e-01
2.157169751036669414e-01
1.738665417107188027e-02
-1.808329818805040068e-01
-3.546410912733046761e-01
-4.845091379393980935e-01
-5.557149018992952882e-01
-5.609067325750591859e-01
-4.987175446256459921e-01
-3.802072234289988195e-01
-2.167954554027230474e-01
-2.997238223421538894e-02
1.579072201248832297e-01
3.251974662185772580e-01
4.536283574467014912e-01
5.277361818561920881e-01
5.383577696211911956e-01
4.892388662139848243e-01
3.845319471843919867e-01
2.359051694529781251e-01
5.966544544649932114e-02
-1.218885760482513181e-01
-2.893888015780683443e-01
-4.221062160522145446e-01
-5.046383256180608790e-01
-5.316632355398900334e-01
-4.985190274594466509e-01
-4.078244120311202980e-01
-2.689032061542971919e-01
-1.000526087721474999e-01
8.229873162620227056e-02
2.561643289050630212e-01
4.005431706847537576e-01
4.990565734205925086e-01
5.399403664404056613e-01
5.180628209709718934e-01
4.341555754125636657e-01
2.999684651486176357e-01
1.277351561361972365e-01
-6.096716506231281141e-02
-2.438847343953659541e-01
-3.989419387366733849e-01
-5.081734000659791084e-01
-5.569578965516829294e-01
-5.377257671970594455e-01
-4.565285679244170947e-01
-3.202481862343684593e-01
-1.452341365215695790e-01
4.870299174764980421e-02
2.364183918512370308e-01
3.963899482332167157e-01
5.072963004590202996e-01
5.547516581725333573e-01
5.374297571577628663e-01
4.555594574685220000e-01
3.193072616913383843e-01
1.441381119566349511e-01
-4.548200268226776366e-02
-2.287899550843832674e-01
-3.826726508226405699e-01
-4.874618272168226296e-01
-5.331387332865300532e-01
-5.139894346957607496e-01
-4.340526589556759074e-01
-3.023110302918228243e-01
-1.385513838842945544e-01
3.968148365646295694e-02
2.097841167484995051e-01
3.504989855284716960e-01
4.466960021670864922e-01
4.877808858385375146e-01
4.709371550537113649e-01
3.982576764671625913e-01
2.827234592073537556e-01
1.364582518123869104e-01
-2.130155296358160477e-02
-1.711233163917739164e-01
-2.963678651149104226e-01
-3.837556819136880293e-01
-4.242375357280562254e-01
-4.136935268278678635e-01
-3.583009348121682924e-01
-2.638259194229849447e-01
-1.435659598327911901e-01
-1.263069175138697986e-02
1.139185918726932645e-01
2.230350435057593117e-01
3.023718575546023857e-01
3.438182426253661994e-01
3.484695187418689333e-01
3.163492054530838704e-01
2.512508232189043511e-01
1.612820559586116698e-01
5.837959639499890052e-02
-4.751181416705718696e-02
-1.445544565342142818e-01
-2.228432593548670404e-01
-2.782627653231348752e-01
-3.054713736441160288e-01
-3.004024028829178627e-01
-2.640768403184299284e-01
-2.029117949960130840e-01
-1.217139129670806730e-01
-2.788689673208377684e-02
6.867633641858361671e-02
1.581669246339365564e-01
2.321820121585873586e-01
2.810948145942531173e-01
2.991041826767051326e-01
2.871279178990129299e-01
2.450998389434870806e-01
1.750476957434612402e-01
8.376463042351134369e-02
-1.772805988763281881e-02
-1.199960747029195085e-01
-2.101283730394517546e-01
-2.771386327516394132e-01
-3.146030013863116981e-01
-3.172530636704214979e-01
-2.826531760129704640e-01
-2.134896348968063906e-01
-1.191325816343616895e-01
-7.703506147262562109e-03
1.070129762071039270e-01
2.105658537086674276e-01
2.902285112794134037e-01
3.364346643672844195e-01
3.417626994784574990e-01
3.038595957442582485e-01
2.291754961644765221e-01
1.239879833310444379e-01
2.458567060665384219e-03
-1.199119140530086058e-01
-2.273374944897270655e-01
-3.070285201484028725e-01
-3.474690065401117023e-01
-3.425158653177216017e-01
-2.959443034189477295e-01
-2.115633270987354875e-01
-1.002962972667250652e-01
2.385721034975030186e-02
1.429834306783916986e-01
2.429598373881831641e-01
3.096612421749518340e-01
3.337678795516565433e-01
3.165509974904414658e-01
2.590564058511062306e-01
1.685806403482315030e-01
5.652059955698840454e-02
-6.006608344870900673e-02
-1.675862357359781951e-01
-2.512139561096705664e-01
-2.990591421952105700e-01
-3.077964256556157130e-01
-2.762142722629828961e-01
-2.096573487708539574e-01
-1.167209851547800215e-01
-1.264171722007978449e-02
9.061793863001788019e-02
1.790932658453627813e-01
2.400040311055595676e-01
2.674151950563234958e-01
2.584123435706529026e-01
2.159382156133697883e-01
1.457758922096064058e-01
6.046731257013493455e-02
-3.008581331217652366e-02
-1.131440169556688913e-01
-1.766004032255178435e-01
-2.138690052958579502e-01
-2.209877603341787733e-01
-1.986822905008593931e-01
-1.504742172999019578e-01
-8.615020785555227434e-02
-1.320676523847597039e-02
5.753743692084789529e-02
1.153943549326825746e-01
1.541215294863307328e-01
1.696182418915637147e-01
1.612138915265164396e-01
1.308281504101260762e-01
8.574380019689264998e-02
3.116257776809083779e-02
-2.429132642621656402e-02
-7.172029865790152670e-02
-1.059087550602868522e-01
-1.232906724613849203e-01
-1.225559353790866002e-01
-1.047111563032525616e-01
-7.502620287473027449e-02
-3.672359318284112994e-02
3.832108600912764729e-03
3.964344217439341733e-02
6.687386960405272696e-02
8.285211725742946953e-02
8.601576424126555764e-02
7.692183214567571703e-02
5.956929436636304587e-02
3.567712205266682091e-02
9.149499666767590966e-03
-1.495774956723483484e-02
-3.390110668258483617e-02
-4.588308826726583689e-02
-4.959322993704362581e-02
-4.552487640814506520e-02
-3.682434163250836168e-02
-2.417536095268602025e-02
-9.298421016485147739e-03
4.431821719297124318e-03
1.495113404178316507e-02
2.128583973482256475e-02
2.288079064577241972e-02
2.024379178422019976e-02
1.555156174479832565e-02
9.028512760488993649e-03
1.398691448320832365e-03
-5.280269115526148305e-03
-1.062263275657726602e-02
-1.457060262768394843e-02
-1.662403161609182778e-02
-1.628277260904631429e-02
-1.304667849379315125e-02
-6.415602157577970921e-03
4.110603512354149558e-03
