7.589389203055829647e-02
5.198616714973407493e-01
8.055844715593407646e-01
9.523762572772007662e-01
9.795509937115631782e-01
9.064226459230706467e-01
7.523051789723660399e-01
5.365125579200955563e-01
2.802199847632655949e-01
-6.890970441041810446e-03
-2.981877821278952068e-01
-5.587347624813940872e-01
-7.601175785802727347e-01
-8.816099996592851040e-01
-9.080575730393551925e-01
-8.368407519231551017e-01
-6.726495372831489128e-01
-4.352435380003486509e-01
-1.467123385263305879e-01
1.599934743453075292e-01
4.525552153246008569e-01
6.985335147413709311e-01
8.711956989490194925e-01
9.508405931861614313e-01
9.262548880357102110e-01
8.033509208103444266e-01
5.921882368761430815e-01
3.166180173136179388e-01
4.268515336488976075e-03
-3.090260135855146251e-01
-5.906758242788322510e-01
-8.086804540923242524e-01
-9.383775850747779756e-01
-9.680567877774282071e-01
-8.919222997883312631e-01
-7.191109649435951656e-01
-4.658508876811983113e-01
-1.626660870683773741e-01
1.607888757506534816e-01
4.682391183131433543e-01
7.263158089610894930e-01
9.075600469369384804e-01
9.914424232546803495e-01
9.696925217791085849e-01
8.422261836745017494e-01
6.254838265248758855e-01
3.392785743878605764e-01
1.671318763224527437e-02
-3.086303782940971185e-01
-6.007699117943157141e-01
-8.287430363877748007e-01
-9.673465812619980175e-01
-1.000000000000000000e+00
-9.268633731761291017e-01
-7.530422173364474947e-01
-4.985533565828021985e-01
-1.884787970199511831e-01
1.412874554771141877e-01
4.569061746728413365e-01
7.226105752267508731e-01
9.094684192620230423e-01
1.000000000000000000e+00
9.826060793487678691e-01
8.603689912004359730e-01
6.443095322165670602e-01
3.611068675098045855e-01
3.820281586652329864e-02
-2.878513613875441912e-01
-5.822853603288140611e-01
-8.134707136360561641e-01
-9.563824609209856664e-01
-9.962661502666948499e-01
-9.268560183149491261e-01
-7.594964123782381726e-01
-5.093836648851217674e-01
-2.058093768706938942e-01
1.198048629461154757e-01
4.309369337474127093e-01
6.951460400281559426e-01
8.834528425315235634e-01
9.747624362753570804e-01
9.630335980805477814e-01
8.476127207746828596e-01
6.428672727550053256e-01
3.691736611298561677e-01
5.929618174031858757e-02
-2.555374979763420651e-01
-5.400730324697859963e-01
-7.637422931044981489e-01
-9.047974234566653617e-01
-9.473096670619879367e-01
-8.884558017699162313e-01
-7.332067594276794331e-01
-5.018745387059253549e-01
-2.166957646336421517e-01
8.945117257240653430e-02
3.842394466207814663e-01
6.359254280178474605e-01
8.180390304625571041e-01
9.116532294605537157e-01
9.057693038713603428e-01
8.058037510926170377e-01
6.207786342677752423e-01
3.723121618036373537e-01
8.571822561424613518e-02
-2.061392889525568428e-01
-4.731750553104330237e-01
-6.860193062020628618e-01
-8.218329364285278382e-01
-8.699305097611489401e-01
-8.242571815875350261e-01
-6.917772821077081691e-01
-4.857733545321195612e-01
-2.318907119557310770e-01
4.471938454028023813e-02
3.131864331602272067e-01
5.447351420253190302e-01
7.157402917260844433e-01
8.082673505900266342e-01
8.143657554611516414e-01
7.326896972680587705e-01
5.757890525693731831e-01
3.586776748398994297e-01
1.073741549563667075e-01
-1.513524549995592938e-01
-3.894076634859884312e-01
-5.822936012028983033e-01
-7.097823451255419469e-01
-7.581375381487832632e-01
-7.267981286786662221e-01
-6.184251390353148192e-01
-4.466465738912201999e-01
-2.293657693346167203e-01
7.543534857034517316e-03
2.398758269549958744e-01
4.418105486826535699e-01
5.922512952141916198e-01
6.789535127307297913e-01
6.926249402285504786e-01
6.337374008735514597e-01
5.087549735462799649e-01
3.345909145297731868e-01
1.284101215426072251e-01
-8.623531132771655727e-02
-2.864234119506477994e-01
-4.516763196595964258e-01
-5.653025942724578812e-01
-6.167104692368047258e-01
-6.007069366247907993e-01
-5.235243306701621302e-01
-3.929210274535359648e-01
-2.244812368943235326e-01
-3.605173552720497554e-02
1.512398149499261102e-01
3.183777233640672222e-01
4.476244551437662533e-01
5.257945000714612238e-01
5.488663381562222110e-01
5.146769966771871374e-01
4.285957628953744880e-01
3.001243731065099674e-01
1.455844842369888870e-01
-1.959603324699354943e-02
-1.772289730396382490e-01
-3.107035610868715825e-01
-4.081101634737818173e-01
-4.601290753536440015e-01
-4.630544734694765907e-01
-4.172784195266394658e-01
-3.309592492683378628e-01
-2.127183605000811939e-01
-7.693367027708031269e-02
6.140141270135690554e-02
1.881006905262878615e-01
2.908760031050112715e-01
3.596987128712405557e-01
3.881443452524799831e-01
3.775530617374915909e-01
3.296857758201710009e-01
2.508006000192513074e-01
1.499446233168773013e-01
3.944865536733010991e-02
-6.959630489196544367e-02
-1.653926832863236163e-01
-2.386121559243783441e-01
-2.853852127106423220e-01
-3.017026620175864426e-01
-2.870588401224861697e-01
-2.443515713420726376e-01
-1.805282196331242650e-01
-1.018158092992839103e-01
-1.704422701170360543e-02
6.455865292437179548e-02
1.357565263925493149e-01
1.904621130247796668e-01
2.241766435914358535e-01
2.346314474900570435e-01
2.241092497044312459e-01
1.942545088834231048e-01
1.486983962107448765e-01
9.284218454807979803e-02
3.261090642552755270e-02
-2.657870018772190424e-02
-7.879482638979495857e-02
-1.197266569461431507e-01
-1.487086726498031419e-01
-1.639045850531469783e-01
-1.638618277169233695e-01
-1.496437426558260286e-01
-1.244563610601228110e-01
-9.062976631401142846e-02
-5.157905248840732870e-02
-1.114044708099815040e-02
2.839726877759995993e-02
6.433249388834316740e-02
9.366573862821292451e-02
1.148444893124589417e-01
1.282986999020869767e-01
1.331656987702727335e-01
1.279475359575319438e-01
1.134533625333022933e-01
9.196472207125627740e-02
6.471289390512979800e-02
3.262703311437364917e-02
-2.631106573289243578e-03
-3.957146628123509036e-02
-7.554636180728491190e-02
-1.064468818481614232e-01
-1.298755401781548358e-01
-1.446821195396937876e-01
-1.489630573020166437e-01
-1.398234262599814537e-01
-1.169269474939951259e-01
-8.268923782623793794e-02
-3.901241362004348456e-02
1.103313505332392808e-02
6.315547158302292630e-02
1.125186258997012967e-01
1.547411361286146203e-01
1.841805247949681590e-01
1.971255260665902842e-01
1.926861270455981767e-01
1.700349866477504079e-01
1.295643019071970325e-01
7.444032637553599230e-02
1.051827840633379196e-02
-5.741034732616434599e-02
-1.223475109640930203e-01
-1.773190359490516288e-01
-2.168919950714646161e-01
-2.365061921635130959e-01
-2.321443860292092820e-01
-2.029654016346001955e-01
-1.525940622991125428e-01
-8.440959079012366750e-02
-4.371659911212022465e-03
7.983502940854347862e-02
1.590967266222007570e-01
2.255673404767613022e-01
2.707424142519752053e-01
2.890022389985058560e-01
2.794792131205452446e-01
2.416427422715741180e-01
1.778270861625343979e-01
9.357283783504111163e-02
-1.728622909513921613e-03
-9.964258398224201674e-02
-1.892960729052387547e-01
-2.607884755012845890e-01
-3.069332372590607427e-01
-3.222796195651440598e-01
-3.040020719530680537e-01
-2.527650958118342617e-01
-1.745228097390175703e-01
-7.542855907189705000e-02
3.362898712121453748e-02
1.410570292471624576e-01
2.354714833709985466e-01
3.072411880049421562e-01
3.475761706637248150e-01
3.512879022347639157e-01
3.196587463212539060e-01
2.545771277491186702e-01
1.620044123855837181e-01
5.086669306521129919e-02
-6.612148251563765289e-02
-1.775484073577837663e-01
-2.704925128236271847e-01
-3.349481877604899571e-01
-3.659515298849035370e-01
-3.592312566003436070e-01
-3.145686514974712633e-01
-2.359185189663521864e-01
-1.326538420316231148e-01
-1.378343790621583409e-02
1.077374813979845580e-01
2.189397900143212894e-01
3.082806840585423647e-01
3.665431276563435592e-01
3.869528330219644818e-01
3.665259137355765251e-01
3.095245035605409534e-01
2.206198275033273148e-01
1.087763678747928342e-01
-1.484858496669905215e-02
-1.366179783832872641e-01
-2.444307053865389934e-01
-3.260174758343569179e-01
-3.725218787807352827e-01
-3.812845285727370914e-01
-3.505964758871041864e-01
-2.833055138606465073e-01
-1.859164922015608123e-01
-7.002642256870683646e-02
5.367434551041938562e-02
1.717615325103771795e-01
2.715839003976958654e-01
3.435399638394813771e-01
3.802498259364999189e-01
3.778145857942625252e-01
3.359689253181401547e-01
2.607396394903689352e-01
1.585565465831861864e-01
4.096159773319962838e-02
-7.955412222447344472e-02
-1.905131559121974183e-01
-2.810694771830789529e-01
-3.413577681916118989e-01
-3.649783122391769830e-01
-3.521571803760288333e-01
-3.036963567652902762e-01
-2.245403775093088861e-01
-1.227242828925213525e-01
-1.009711344388741772e-02
1.025591439404820449e-01
2.028675338110508264e-01
2.807469835426485982e-01
3.306703111673738871e-01
3.474654122553808566e-01
3.293589587014593700e-01
2.784401186924925220e-01
2.016115195820686878e-01
1.055525707077877851e-01
6.162893607875030710e-04
-1.022471391470545221e-01
-1.929985312721077539e-01
-2.631073912442513096e-01
-3.052013561870586811e-01
-3.150222423364132940e-01
-2.944707014176032311e-01
-2.453736230644906202e-01
-1.723675669998936399e-01
-8.271573770706086570e-02
1.377028990639517225e-02
1.080534475399934635e-01
1.899569171707089499e-01
2.515222285296232485e-01
2.890564826211639016e-01
2.989290329534866064e-01
2.799015423404960234e-01
2.341342898594280797e-01
1.677042627750127135e-01
8.608329719748297748e-02
-2.261350520666227659e-03
-8.814785034849303980e-02
-1.638474735242055891e-01
-2.227652720118598051e-01
-2.589679424849768985e-01
-2.691168317687391287e-01
-2.548057245978646579e-01
-2.172647102589343460e-01
-1.595503209789532750e-01
-8.732377111259015390e-02
-8.204455794647569356e-03
7.095841094447319364e-02
1.420795828479952672e-01
1.987717776287372118e-01
2.380822330884808657e-01
2.563170960615732685e-01
2.507745448652569653e-01
2.221745744960446078e-01
1.746633870303895275e-01
1.117016545622684376e-01
3.852867489099698339e-02
-3.808548767568953330e-02
-1.112729142758041023e-01
-1.749182220492753181e-01
-2.223502481703264477e-01
-2.490920290325520092e-01
-2.544693601443154263e-01
-2.374358044681954549e-01
-1.981998737555440426e-01
-1.399647959792179597e-01
-6.839158639519704597e-02
1.113255143414138004e-02
9.097650745358243363e-02
1.637954195939317348e-01
2.237062925077775155e-01
2.650734554641085428e-01
2.820358809345455686e-01
2.721568855959037858e-01
2.378716078393510180e-01
1.811816091262332673e-01
1.060648435439990322e-01
1.910363842120466060e-02
-7.116389669187206390e-02
-1.568724821200808694e-01
-2.286165841104981222e-01
-2.791385966253169260e-01
-3.045059525152415958e-01
-3.012237347419447486e-01
-2.679594250213229722e-01
-2.071206905383307095e-01
-1.251780408238295506e-01
-2.801157780797081109e-02
7.521450408470564675e-02
1.743513865900252480e-01
2.596287120305249552e-01
3.226342678317741797e-01
3.551404705550820218e-01
3.525655652982588872e-01
3.161535845868919115e-01
2.477068062981619967e-01
1.524337151761239184e-01
3.858245003945093288e-02
-8.188404766409340674e-02
-1.977785878317467327e-01
-2.958006985839886083e-01
-3.654407484552998353e-01
-4.004223850576223986e-01
-3.956936930480909886e-01
-3.499784770895006947e-01
-2.664326816214959148e-01
-1.541266208447437114e-01
-2.209764639590872104e-02
1.159854999388729713e-01
2.459053582831158824e-01
3.538135428772997138e-01
4.284100538480875020e-01
4.599555254102787316e-01
4.432751434431838611e-01
3.815150012056083284e-01
2.788607257966049247e-01
1.449927741899563749e-01
-7.416950741101602240e-03
-1.616463114007143931e-01
-3.024756005479305454e-01
-4.135317963602422875e-01
-4.823126227939460442e-01
-5.025569877980929911e-01
-4.702317971623536375e-01
-3.875478911003269467e-01
-2.615450570066012448e-01
-1.066745053436178869e-01
6.335032408640017820e-02
2.302843899069879630e-01
3.763672563124431658e-01
4.860979406852121709e-01
5.473466565820126473e-01
5.523882166655831316e-01
4.987479896836768400e-01
3.934363778576741577e-01
2.449448033846588491e-01
6.872426875885651043e-02
-1.178284148678472310e-01
-2.941963861759619991e-01
-4.423234539755053207e-01
-5.450223415738477684e-01
-5.902147601734474280e-01
-5.748012975177764217e-01
-4.982282758709606352e-01
-3.678717355955601898e-01
-1.956794972602302618e-01
-1.305714811104308204e-03
1.965939255092257198e-01
3.758689225848206306e-01
5.169920362980133799e-01
6.054782958339264276e-01
6.308005384546075955e-01
5.896778692033433078e-01
4.844756566355854499e-01
3.278418651095071912e-01
1.336268879955504474e-01
-7.626954357798787498e-02
-2.797400178778003399e-01
-4.547072044026603255e-01
-5.826931977257847617e-01
-6.490882149775893950e-01
-6.452566440813738424e-01
-5.739968112731635985e-01
-4.406174327454398520e-01
-2.593008465823692932e-01
-4.785126250567228734e-02
1.695112742510560544e-01
3.707751215351515750e-01
5.331109972791814311e-01
6.387138779121970256e-01
6.785419597393247404e-01
6.466212999555605023e-01
5.462175461676839205e-01
3.864590023692522358e-01
1.864101845460002238e-01
-3.500416884012480523e-02
-2.529977248678834112e-01
-4.441391279691709881e-01
-5.881055258290450727e-01
-6.692250080516719546e-01
-6.790279087739876651e-01
-6.149460237045649702e-01
-4.859909946397011904e-01
-3.034217686794408175e-01
-8.800228406204324560e-02
1.380494532786376016e-01
3.497690323289466274e-01
5.252059125106862680e-01
6.446620351110354807e-01
6.944563332671838118e-01
6.721510242782986477e-01
5.783533413033032922e-01
4.235529989933417561e-01
2.228206093986198066e-01
-4.081296004979639847e-04
-2.237637016958700098e-01
-4.218891735959118261e-01
-5.734947344838434713e-01
-6.642583962648280771e-01
-6.835773604382703317e-01
-6.299185494632669746e-01
-5.078380552903353218e-01
-3.329797453224706549e-01
-1.217761924005380525e-01
1.018388818128959095e-01
3.141087809139251341e-01
4.921745629932814392e-01
6.172505658398506068e-01
6.755557756722223584e-01
6.595880130615194847e-01
5.747503434081226992e-01
4.285928176477351581e-01
2.377848669864623954e-01
2.194214903288838059e-02
-1.941937977574740293e-01
-3.883200515719545942e-01
-5.387218647626264012e-01
-6.288883867406690475e-01
-6.520255863207613523e-01
-6.046336018560788395e-01
-4.929156937830448948e-01
-3.281738362073017834e-01
-1.309715141769347557e-01
7.942563811221203807e-02
2.797012797428024555e-01
4.480769957888470767e-01
5.675583000106994014e-01
6.254107185186563722e-01
6.166386214089047968e-01
5.415559326166539122e-01
4.108881646868747239e-01
2.368912667803444450e-01
4.002661881710278813e-02
-1.587172043466269500e-01
-3.377546522144615482e-01
-4.785266486365427063e-01
-5.658064381662859521e-01
-5.898511649685778124e-01
-5.518768572249876936e-01
-4.550466631675225138e-01
-3.106901535552756277e-01
-1.336597568298809602e-01
5.521186323362692328e-02
2.365178852104967699e-01
3.896637439885322074e-01
4.983050860050861619e-01
5.537287309274818714e-01
5.495820656016014993e-01
4.872878796210144969e-01
3.732692573507658818e-01
2.225522673465198942e-01
4.981460547717442289e-02
-1.253453358060090395e-01
-2.838840473592392222e-01
-4.094088034049775393e-01
-4.889764183664419006e-01
-5.148091158124483702e-01
-4.838227288212874067e-01
-4.024960146080466261e-01
-2.785472288295050003e-01
-1.270920007511079364e-01
3.535169098394930209e-02
1.906879941461188110e-01
3.229571747865660480e-01
4.177076895456535155e-01
4.647919326553788810e-01
4.626556080485639821e-01
4.112686130001810270e-01
3.172551547653286175e-01
1.908428247888034335e-01
4.794550886020698677e-02
-9.688815988386867417e-02
-2.271568654714886115e-01
-3.288912001292525478e-01
-3.936896297818600621e-01
-4.146996224652743646e-01
-3.905774302356714855e-01
-3.242330750419847307e-01
-2.253463736867787892e-01
-1.035291960292480384e-01
2.688477195268990094e-02
1.514759466361481621e-01
2.572583619966013480e-01
3.335161539081343829e-01
3.724841720679488155e-01
3.701340024865433787e-01
3.301455613441388603e-01
2.565246090571948745e-01
1.579146339177790459e-01
4.507444360208778811e-02
-6.888842654799864906e-02
-1.722777657729910317e-01
-2.534494669458489113e-01
-3.039217934770259699e-01
-3.214562119699663212e-01
-3.042969503946495458e-01
-2.549407079034806678e-01
-1.791266992334038521e-01
-8.704951149242967645e-02
1.214720608053765361e-02
1.071712845195762487e-01
1.874385789723165274e-01
2.456510221584837783e-01
2.761283196586314936e-01
2.762744608605649521e-01
2.464008691033030551e-01
1.919192126459761116e-01
1.180760519008490217e-01
3.414282326672379853e-02
-5.002508249217185732e-02
-1.255946284391006307e-01
-1.850551273416173315e-01
-2.219569535922591985e-01
-2.325819067862247014e-01
-2.187802312054171194e-01
-1.821077092016176735e-01
-1.268658137938373232e-01
-5.955637855230222488e-02
1.134514224086946577e-02
7.858374219646124814e-02
1.342057467757449274e-01
1.724282305249358327e-01
1.920331716936778399e-01
1.911137219778535901e-01
1.698839540618566346e-01
1.314098019256233485e-01
8.150164366169687646e-02
2.492672377847360288e-02
-3.163519529191427537e-02
-8.149845178755510400e-02
-1.202096602318488694e-01
-1.442088334833634411e-01
-1.512853430269047728e-01
-1.412184093014497988e-01
-1.170659298997650533e-01
-8.111176908128236995e-02
-3.764000930135635858e-02
8.004177235615417274e-03
5.095752427099142778e-02
8.707608552187617867e-02
1.121018963215898445e-01
1.236752953169240055e-01
1.229773483701170900e-01
1.101629437068263329e-01
8.647471328394362722e-02
5.505358886318090228e-02
2.004355134235646929e-02
-1.515570023414702927e-02
-4.609332696153900510e-02
-6.938551094216882653e-02
-8.443621960451586084e-02
-8.996196804389799961e-02
-8.504945450911793881e-02
-7.078853850812494297e-02
-5.002953782962105134e-02
-2.460207706612216327e-02
2.437400045457449593e-03
2.761420199919828455e-02
4.889416657952905254e-02
6.443606930857925796e-02
7.199616447493872862e-02
7.097350708440863798e-02
6.318076468683542224e-02
4.925436576069830430e-02
3.090047567255083116e-02
1.099385701824173722e-02
-8.240969471497217036e-03
-2.515286473065236894e-02
-3.757381039290252911e-02
-4.433243339348935663e-02
-4.617184455164458079e-02
-4.288550976553284766e-02
-3.461123830994239370e-02
-2.304131392130903677e-02
-1.040582894913588685e-02
2.299535966147292498e-03
1.374097792860529132e-02
2.264536923439908200e-02
2.917249307607661102e-02
3.266638397570376107e-02
3.224894828187108153e-02
2.850135754389881981e-02
2.275852065152395021e-02
1.544231980721932906e-02
7.349914946916724645e-03
-3.424267987144347103e-04
-7.042697667390407368e-03
-1.215748171051966864e-02
-1.494738092253289352e-02
-1.537118587809671588e-02
-1.415161469867354249e-02
-1.133848169039641807e-02
-7.135265998671758148e-03
-2.332264188540045247e-03
2.394214723314247451e-03
6.659644140431852932e-03
9.990723215427488313e-03
1.213150322573830486e-02
1.332853544602796703e-02
1.344587731271351672e-02
1.233886474443202097e-02
1.036301466703570817e-02
8.015103923130206809e-03
5.465373031892983846e-03
2.910103275430619973e-03
6.084716452403604592e-04
-1.401405998751714677e-03
-2.922595583172982181e-03
-3.595728820050214658e-03
-3.412797658413624369e-03
-2.647125017309348571e-03
-1.356137088630138265e-03
2.610333816670529217e-04
1.911595852624348169e-03
3.460269365511914330e-03
4.758250815915188170e-03
5.604738921822560727e-03
5.922158735834681664e-03
5.773020792579464100e-03
5.178363078368830585e-03
4.283970139014714462e-03
3.333471525385656165e-03
2.566216657258646450e-03
2.038027961257071752e-03
1.733983734308219837e-03
1.660565845358341619e-03
1.705451197057339385e-03
1.875673791938758939e-03
2.183401297056519752e-03
2.514588930991878968e-03
2.765610823815878305e-03
2.921907294189507454e-03
2.994704548124893506e-03
2.999647747335076886e-03
2.993534409657661044e-03
2.970394200015880060e-03
2.938314958744081551e-03
2.905384526176613136e-03
2.879690742648044477e-03
2.869321448493167281e-03
2.882364484046107123e-03
