-1.545106690794892934e-01
2.496116004690973611e-02
1.616647818125456215e-01
2.587524482738201570e-01
3.193764114871349147e-01
3.466889235088916887e-01
3.438422363954920513e-01
3.139886022033402391e-01
2.564025778173386616e-01
1.722870680440291569e-01
6.725873219347922038e-02
-4.453426618105293944e-02
-1.501773364725915716e-01
-2.404534882496183190e-01
-3.052649245008758339e-01
-3.364708298708164458e-01
-3.300254303046611382e-01
-2.890878638089413588e-01
-2.169557390062799573e-01
-1.209598889476767303e-01
-1.122206004971604276e-02
9.911385004089279249e-02
1.989497005164169163e-01
2.764350557396120234e-01
3.230718546376023514e-01
3.369365174172285204e-01
3.158240831635119594e-01
2.612049294952027978e-01
1.788864701689452108e-01
7.947200226760231523e-02
-2.783279735765764595e-02
-1.307772713608261750e-01
-2.175862870181579645e-01
-2.797599483096340212e-01
-3.108949323032553780e-01
-3.077409898997325310e-01
-2.704805935743294087e-01
-2.050369420699709178e-01
-1.170997223336472937e-01
-1.700341328415155839e-02
8.385010780723356483e-02
1.745063848991161848e-01
2.457273790288632132e-01
2.888259021094738976e-01
2.988441661626299872e-01
2.781169793694366899e-01
2.284155988536347159e-01
1.547273843319389997e-01
6.511848645509421551e-02
-2.930812940847538073e-02
-1.188382366439122428e-01
-1.924156000197062566e-01
-2.419031719956141746e-01
-2.648609290392379689e-01
-2.587101857534143123e-01
-2.239756527391204566e-01
-1.649251514573206734e-01
-9.029170258572039032e-02
-7.142762390362045188e-03
7.480594403188201014e-02
1.456135571575041254e-01
1.982889488021524205e-01
2.276993227086168137e-01
2.308543628737838027e-01
2.076263574963681524e-01
1.629318162921167268e-01
1.009994053384211110e-01
3.028357987116425676e-02
-3.997271337431018701e-02
-1.019975531090813181e-01
-1.494169392845651201e-01
-1.767019327691393693e-01
-1.811002035463197268e-01
-1.650705966842793693e-01
-1.302658452169490610e-01
-8.135314246548031036e-02
-2.505845222423130902e-02
3.082349765169833944e-02
8.016090761327987479e-02
1.163240381264949441e-01
1.352164464196821125e-01
1.381170914189564503e-01
1.247458249916226780e-01
9.663513412467938934e-02
5.816058045410921196e-02
1.575235319716461468e-02
-2.578247008435807786e-02
-6.026832821869310131e-02
-8.268565502977842652e-02
-9.203724999119189398e-02
-8.740953615204216653e-02
-6.953763233469156813e-02
-4.129667412466697662e-02
-8.299940902646518737e-03
2.566752291979823575e-02
5.522206581844546491e-02
7.506125204822478025e-02
8.296519881243602512e-02
7.775797194901046261e-02
5.977627303098720368e-02
3.124318819128690805e-02
-2.524056853869804939e-03
-3.789681204169736972e-02
-6.918294956373660654e-02
-9.054569543407842147e-02
-9.866313851601582474e-02
-9.173323533182475842e-02
-6.945347519606936970e-02
-3.364467827372019659e-02
1.027577425698700253e-02
5.820040658461822503e-02
1.031179829476283061e-01
1.378509640055489704e-01
1.571410328833717784e-01
1.575569460228323226e-01
1.371815935896378846e-01
9.677828539781008210e-02
4.134826728415674779e-02
-2.476655929617055385e-02
-9.314264912758607462e-02
-1.548062666710192659e-01
-2.015073994526244139e-01
-2.269640143443873992e-01
-2.255317165105709121e-01
-1.951936169440757762e-01
-1.400985520996947953e-01
-6.398962689950327132e-02
2.543423401797317851e-02
1.184045523364134489e-01
2.031118925780637241e-01
2.697435400019878582e-01
3.077543632863413148e-01
3.107260699568799023e-01
2.791667945006661711e-01
2.138973916319109048e-01
1.200663531877226298e-01
6.613733510380859215e-03
-1.124606005154951127e-01
-2.251941968650933434e-01
-3.171517016097484820e-01
-3.762187031632748813e-01
-3.953678269577859394e-01
-3.702318457240800775e-01
-3.014518657544795754e-01
-1.941381991974859833e-01
-6.089643247959908301e-02
8.639401580379102441e-02
2.305748168747048243e-01
3.548291379075048102e-01
4.443333353565803723e-01
4.879948516361998223e-01
4.784606936620658946e-01
4.137819698133731183e-01
3.017907806734747567e-01
1.513033268188082037e-01
-2.077806692879125006e-02
-1.959911947827568390e-01
-3.539089127050253358e-01
-4.771729517698130030e-01
-5.495407071637083973e-01
-5.606745731304548785e-01
-5.106467310429978479e-01
-4.016403321181473141e-01
-2.441457978811876206e-01
-5.335165828797094889e-02
1.478845027131463485e-01
3.391802231840554960e-01
4.975279626736355265e-01
6.042463249262988167e-01
6.484673776274474388e-01
6.226361062102050425e-01
5.277543719423141155e-01
3.713988215619661304e-01
1.720095854208609776e-01
-5.209752859236460587e-02
-2.751927641235291100e-01
-4.725403796308376148e-01
-6.216966323209038858e-01
-7.053229237572571364e-01
-7.125784144151174893e-01
-6.396445004187067962e-01
-4.961353753075530282e-01
-2.938612744573474433e-01
-5.520188033926931581e-02
1.952145366540971594e-01
4.285504521427878633e-01
6.197504304316894252e-01
7.454388136649487961e-01
7.896122967313834451e-01
7.495310179945566809e-01
6.261040208406349894e-01
4.320111207748147386e-01
1.857212322735455334e-01
-8.369630287736939955e-02
-3.491453504116368567e-01
-5.795796756233018154e-01
-7.487285400894325704e-01
-8.388655333874093234e-01
-8.378303898208748768e-01
-7.450290638737783189e-01
-5.675282406694819315e-01
-3.268890672615943904e-01
-4.542120849509512226e-02
2.447651851973939863e-01
5.122340796052669010e-01
7.270107507604188779e-01
8.651304299011965959e-01
9.097755262716222813e-01
8.529261938722398906e-01
7.042937450264279420e-01
4.765274682083167068e-01
1.950551905479414039e-01
-1.112491444353084225e-01
-4.068734908983935306e-01
-6.604702194154006278e-01
-8.424298404923814543e-01
-9.311762737252278210e-01
-9.197178739749145571e-01
-8.062121149136425302e-01
-6.034181161628540124e-01
-3.310486780493216985e-01
-2.220061237781556507e-02
2.924950179839349573e-01
5.774267986435848155e-01
8.005940285976842485e-01
9.383498344991099138e-01
9.741585142123778684e-01
9.045948947197099965e-01
7.344608075867300467e-01
4.851270651445456217e-01
1.799728823526820509e-01
-1.455426178547122307e-01
-4.564606611617704202e-01
-7.181175397371588609e-01
-9.019494294055707684e-01
-9.869911861178255474e-01
-9.615868212289946371e-01
-8.328689325500020502e-01
-6.117142763904219738e-01
-3.231355795831202249e-01
3.499592938077444870e-03
3.299814228406077188e-01
6.218847097740964891e-01
8.454222396690453945e-01
9.750369666948432990e-01
1.000000000000000000e+00
9.150473154699338973e-01
7.304190934573755456e-01
4.640107742564696380e-01
1.486370911581416099e-01
-1.843116163288314180e-01
-4.968146292098262196e-01
-7.540400183172188964e-01
-9.283985251556201579e-01
-1.000000000000000000e+00
-9.620191164612670320e-01
-8.161395943043890933e-01
-5.819814811877321858e-01
-2.816736498587776305e-01
4.893025901730463367e-02
3.739461808065167592e-01
6.570228841241407824e-01
8.675956000375115718e-01
9.821629901373722937e-01
9.864724651681828771e-01
8.849205655410363747e-01
6.860590648705608974e-01
4.133257164328607569e-01
9.501348444823154438e-02
-2.307633379259145245e-01
-5.296487727391929745e-01
-7.672209181299474157e-01
-9.168566562076259086e-01
-9.663138413000321725e-01
-9.082179788164517209e-01
-7.503586040071991148e-01
-5.084991012061463866e-01
-2.132974222034893508e-01
1.055442251609455262e-01
4.109436992077408757e-01
6.687661931636057489e-01
8.513594563146831273e-01
9.382329901577401987e-01
9.215288136123693796e-01
8.014491334512248155e-01
5.951783714845473305e-01
3.224538152073628261e-01
1.627537526540612234e-02
-2.899541181710258986e-01
-5.615656757459004389e-01
-7.691389931644578848e-01
-8.893400892285489023e-01
-9.076076850510592653e-01
-8.271304874941256546e-01
-6.546941601591245163e-01
-4.110347345153032572e-01
-1.216390694084531487e-01
1.785276783821714286e-01
4.574630248388753540e-01
6.824697320377717258e-01
8.281858558386261393e-01
8.824419192055250605e-01
8.377190206795084304e-01
7.005881402334157571e-01
4.849835580801622470e-01
2.190387302263618885e-01
-7.020568466016496867e-02
-3.487726513679664242e-01
-5.851065643411519357e-01
-7.536366080586623939e-01
-8.354067604701651550e-01
-8.226955983768358127e-01
-7.153568457817625070e-01
-5.293570577381718767e-01
-2.827606205385456706e-01
-6.262169076505674781e-03
2.691851818013848430e-01
5.120732383417938571e-01
6.958104204157102846e-01
7.995786960713746616e-01
8.106118191768594272e-01
7.326678189775881478e-01
5.726077600617227592e-01
3.500088011209661065e-01
8.878604103197673680e-02
-1.786871359960459094e-01
-4.235236340901951113e-01
-6.167712751993134068e-01
-7.363113004647148241e-01
-7.729233455134958408e-01
-7.209647953953821631e-01
-5.875408829499229046e-01
-3.865852466082773109e-01
-1.445023126839091177e-01
1.137709458954589969e-01
3.574509904400735572e-01
5.583493778257948570e-01
6.946213463915784647e-01
7.505393079546991419e-01
7.212834551446660747e-01
6.087136902767227298e-01
4.290467721633011156e-01
1.999042495159990551e-01
-5.045961165174772667e-02
-2.938192639307346532e-01
-5.020843443685877316e-01
-6.520091040276744243e-01
-7.261146215195599662e-01
-7.145495641134702591e-01
-6.233262845518920958e-01
-4.606943752250608481e-01
-2.460352545308124306e-01
-2.377616267656978977e-03
2.403182641583561097e-01
4.554603509417378682e-01
6.170602835038256906e-01
7.059277774000187744e-01
7.155852169068102064e-01
6.430992113176143832e-01
4.975763927266014797e-01
2.940897203601202659e-01
5.904068591870559324e-02
-1.833238053846033555e-01
-4.043325414589836742e-01
-5.779625206212635202e-01
-6.852446156641305297e-01
-7.132973691456168108e-01
-6.599253658188346527e-01
-5.292258433209909851e-01
-3.390098438293593919e-01
-1.078774545686912445e-01
1.361924950866175710e-01
3.656110641463121702e-01
5.539977910015141394e-01
6.800729336335462616e-01
7.287470582783550643e-01
6.924684826672469207e-01
5.792412270888587233e-01
3.992211912754821679e-01
1.740495255152822995e-01
-7.184026473295135329e-02
-3.088825186609229778e-01
-5.111697219739855802e-01
-6.544098446662629520e-01
-7.212378231244213067e-01
-7.073723665497149149e-01
-6.121237825221200746e-01
-4.468265651629125257e-01
-2.285205363004881862e-01
1.503490697174103552e-02
2.587859201370132922e-01
4.742097390133588330e-01
6.363048301705411802e-01
7.283139162672049860e-01
7.386511653823977230e-01
6.665753875377999904e-01
5.181142327203531739e-01
3.125894587655349000e-01
6.989458855819496996e-02
-1.811256812221344603e-01
-4.124633645788513547e-01
-5.980042004713208570e-01
-7.169036435783983086e-01
-7.554370911418132328e-01
-7.073028344519908250e-01
-5.813037707481288896e-01
-3.885728954803056023e-01
-1.515238508944860563e-01
1.047512426965915289e-01
3.500913707609851766e-01
5.580378379551389489e-01
7.038374996695899721e-01
7.699264430626902023e-01
7.522735187002018709e-01
6.504360554549177831e-01
4.760464024109798409e-01
2.465116450023268069e-01
-1.001077763837654455e-02
-2.673934568364858544e-01
-4.956473091587064728e-01
-6.687474374190864879e-01
-7.688819284071043425e-01
-7.837199261530081174e-01
-7.120676969812765877e-01
-5.597182654953070102e-01
-3.462930817309444187e-01
-9.206051989083940956e-02
1.734945363735451718e-01
4.212986009827028866e-01
6.237892272104370583e-01
7.587341071438926665e-01
8.103636676929075744e-01
7.708366472401746439e-01
6.485878874111714598e-01
4.543902130328623112e-01
2.104640974887697080e-01
-5.769459001237320361e-02
-3.188659546641718912e-01
-5.454279255158568374e-01
-7.111756901191261804e-01
-7.969209279717044403e-01
-7.965577193525257282e-01
-7.080166463432475688e-01
-5.416558853271866703e-01
-3.141147265378193554e-01
-5.352333589508329048e-02
2.142882407120356714e-01
4.591381812035082444e-01
6.536747350111087318e-01
7.779378577904234593e-01
8.176139336881207420e-01
7.691060679813443990e-01
6.358958462799768618e-01
4.352489283181055768e-01
1.859176005259459696e-01
-8.316393081229200845e-02
-3.430841009112305384e-01
-5.653018685906068264e-01
-7.260740410719449534e-01
-8.073208788948594838e-01
-7.986968183886302697e-01
-7.054511230883633299e-01
-5.354327834852381507e-01
-3.075669613699076876e-01
-4.498265866107953315e-02
2.218211609181404143e-01
4.651823284502858424e-01
6.571991630506168747e-01
7.765371843084860615e-01
8.137461061131929796e-01
7.631808850902830343e-01
6.309130167858141292e-01
4.297983895375254715e-01
1.847177914547597499e-01
-8.053136874486155339e-02
-3.361459460661464504e-01
-5.540662429540764711e-01
-7.114447228118062627e-01
-7.912100605534669873e-01
-7.854871278081092534e-01
-6.933544964394930954e-01
-5.278008438034640371e-01
-3.038891999118322751e-01
-4.809675840330152052e-02
2.121327292965780043e-01
4.483256474554060400e-01
6.358989524579390373e-01
7.540721671003263182e-01
7.892619362230191005e-01
7.419424458445245119e-01
6.154966163596466977e-01
4.243499561511046014e-01
1.879577437432835563e-01
-6.567129568640783788e-02
-3.107232375949990910e-01
-5.193276390344963023e-01
-6.691522709961776894e-01
-7.478154721776895109e-01
-7.458459337603832173e-01
-6.640277466635803316e-01
-5.103640880714725991e-01
-3.045547953673765074e-01
-6.623907319443400610e-02
1.775248693032507319e-01
4.004200346162150037e-01
5.790026782817463413e-01
6.945341928408024224e-01
7.350535764587435850e-01
6.953006309519353945e-01
5.835920144541568710e-01
4.100708207135095318e-01
1.944541163711905885e-01
-4.080979907289872255e-02
-2.692752055387224175e-01
-4.674695632186218752e-01
-6.132783406835915496e-01
-6.907360610498192166e-01
-6.956451200078395125e-01
-6.264118905571653961e-01
-4.911904995596096946e-01
-3.036586479133300820e-01
-8.659123363158827136e-02
1.386278326096188618e-01
3.467935832655326678e-01
5.154228656472144010e-01
6.285198200175095007e-01
6.740230358283831880e-01
6.479218710042549123e-01
5.523660941685122339e-01
4.007767304010354525e-01
2.073249720271550522e-01
-5.324598130340252311e-03
-2.140445689304076859e-01
-3.966673760106854685e-01
-5.344942884991179533e-01
-6.127379373046109023e-01
-6.226407774537823236e-01
-5.676308772414008219e-01
-4.526382698423283557e-01
-2.906121080877359653e-01
-9.848107936100058968e-02
1.011068074718857179e-01
2.878718329842140378e-01
4.408327928749258273e-01
5.438014749884156895e-01
5.898383811125773590e-01
5.735268695369799552e-01
4.971783370757745235e-01
3.688851770639538508e-01
2.051712178117615082e-01
2.168238072075556744e-02
-1.609883819430707463e-01
-3.229025778395885338e-01
-4.477835647163078692e-01
-5.229958396603383575e-01
-5.415158947633529340e-01
-5.012767903600165997e-01
-4.098575783864455424e-01
-2.756699659684482828e-01
-1.143422036220355098e-01
5.675272120856167390e-02
2.189489920256699751e-01
3.558502917272157173e-01
4.522690867485712474e-01
4.979406555761678455e-01
4.922061218226749801e-01
4.352434917781609069e-01
3.335104951508331972e-01
1.977302233615727545e-01
4.439828530951817065e-02
-1.111776004250857319e-01
-2.511922838275709724e-01
-3.607723170712163752e-01
-4.310961093179432879e-01
-4.548180909664524263e-01
-4.299242347105859396e-01
-3.592991831696621396e-01
-2.532212883698985451e-01
-1.215289311093631364e-01
2.081574121671492250e-02
1.581628319363401758e-01
2.763410785102902167e-01
3.636208467531765187e-01
4.103157339493992417e-01
4.112493196338797841e-01
3.703911282327561061e-01
2.916876098611136392e-01
1.841637473456485541e-01
5.969390567865739960e-02
-6.729975697006873592e-02
-1.839971427463572562e-01
-2.770666760440515519e-01
-3.367034532142858527e-01
-3.600283515587130445e-01
-3.445901373062956186e-01
-2.924528519408756688e-01
-2.098685322648627949e-01
-1.083033700389210985e-01
2.648296966425434107e-03
1.107021847227931399e-01
2.038085682319468184e-01
2.736792654993700502e-01
3.135176933744230343e-01
3.194570657156949878e-01
2.912943400459866439e-01
2.345289948572828465e-01
1.543150666099926127e-01
6.002882731813174999e-02
-3.767632317372648920e-02
-1.284668133318287442e-01
-2.034473847545476000e-01
-2.540334938505703910e-01
-2.750342708823032556e-01
-2.679946122768129824e-01
-2.336575687895637854e-01
-1.753672125178669106e-01
-9.968009674805322629e-02
-1.601823685627201677e-02
6.733319173492202658e-02
1.404623388273744666e-01
1.956132954823379677e-01
2.297489891946082885e-01
2.395549584509759633e-01
2.239154688135123195e-01
1.852017187962091693e-01
1.296280721686025039e-01
6.211325682478041621e-02
-9.714055437184621056e-03
-7.735435188512940208e-02
-1.341894314129175036e-01
-1.749400995570277173e-01
-1.948044924949638990e-01
-1.917597800060750757e-01
-1.689149309363415785e-01
-1.283544137821810427e-01
-7.478589744421504371e-02
-1.484253184276629334e-02
4.470621135764463183e-02
9.805584783563014994e-02
1.385532256089982983e-01
1.619659862859736954e-01
1.688292300106413180e-01
1.585527736302203561e-01
1.318048488298717569e-01
9.228814251361572296e-02
4.594254545097542497e-02
-3.031981392170091105e-03
-4.886158559502673526e-02
-8.627289761715029037e-02
-1.133490873324123349e-01
-1.276497863824122003e-01
-1.271275791140032974e-01
-1.125256901944223786e-01
-8.737552773557588637e-02
-5.374070298710109661e-02
-1.533301750766491445e-02
2.289911944041733705e-02
5.715306842083300864e-02
8.439006222944334112e-02
1.011603522703770075e-01
1.060019518107646608e-01
1.008006027982031316e-01
8.588652804090757265e-02
6.244245895680577974e-02
3.374245494372818399e-02
3.321351692641583142e-03
-2.618460782228226869e-02
-5.094893021732105343e-02
-6.830056369660675308e-02
-7.843650869776164214e-02
-8.041023629128674077e-02
-7.327337094697072839e-02
-5.838711549478925456e-02
-3.863435863920505753e-02
-1.560164222168936021e-02
8.091947300094437523e-03
2.952045858637819542e-02
4.736717517874966532e-02
6.003876968648325096e-02
6.516903293071374392e-02
6.247580456024026674e-02
5.403930910481258287e-02
4.045595822386016671e-02
2.335348639903478407e-02
5.507267480989286312e-03
-1.113231500148159636e-02
-2.515458916357393715e-02
-3.474881373860128075e-02
-3.903656012394840502e-02
-3.881292705821870470e-02
-3.399325767744088012e-02
-2.485187562142610052e-02
-1.317623944319701312e-02
-1.207404855356863926e-03
1.016277182484870423e-02
1.979615278568824799e-02
2.662847137089863203e-02
3.105796862892296062e-02
3.259336215788088964e-02
3.056896974835709990e-02
2.569589184603460197e-02
1.921621847753085532e-02
1.160861823218417577e-02
3.739884724228925705e-03
-3.331368247078914102e-03
-9.177758955982051603e-03
-1.329632271239156172e-02
-1.513074708266060053e-02
-1.480433106031586732e-02
-1.307759153109422368e-02
-1.005028620303505260e-02
-5.930645825207858657e-03
-1.426304109410025944e-03
2.924994092106558696e-03
6.773283939132568321e-03
9.709144781886003273e-03
1.158622480449489345e-02
1.268969630640448543e-02
1.289550793099802917e-02
1.202338939438907239e-02
1.035084176013700841e-02
8.267132762813877989e-03
5.926604085620290618e-03
3.514250849108169206e-03
1.241171031599819230e-03
-8.527238814193260907e-04
-2.565642176330151791e-03
-3.499456729304406544e-03
-3.580802792609860674e-03
-3.021580755770081339e-03
-1.872147273158875080e-03
-3.595650166916541934e-04
1.221617140752417896e-03
2.729459062922767743e-03
4.021397752125732694e-03
4.926487537554757878e-03
5.357886090809005353e-03
5.337798834420093286e-03
4.884063493330037531e-03
4.137382169548509125e-03
3.334116919312402061e-03
2.735498493756871596e-03
2.382099247449254165e-03
2.223870277452411059e-03
2.253976177877259346e-03
2.342366181071309228e-03
2.498718584596826275e-03
2.759577504733101705e-03
3.028170346529357460e-03
3.224662101553477100e-03
3.337163733228676321e-03
3.364746303567311969e-03
3.322126679172088259e-03
3.269152170012779024e-03
3.199467513061549084e-03
3.095315245834173723e-03
2.986581071152683009e-03
2.892081030353876869e-03
2.816991863439533006e-03
2.767230239474560705e-03
2.738107188815952497e-03
2.712739514790563078e-03
2.693413222598861623e-03
2.678230681791848866e-03
2.665294261920969632e-03
2.652706332537002609e-03
2.638569263190948533e-03
2.620985423434030182e-03
