-1.223197556153702292e-01
2.960877018620635681e-01
5.829385578789996192e-01
7.527649689496340724e-01
8.200990915881618548e-01
7.994730823087774496e-01
7.054190976256775603e-01
5.524692940530593344e-01
3.528174598308000398e-01
1.145565956518512785e-01
-1.434191009897346492e-01
-3.854702337285981217e-01
-5.815974185051839829e-01
-7.138298591402836291e-01
-7.642918222508258141e-01
-7.257103136484042150e-01
-5.994773560662902678e-01
-4.024786758092164796e-01
-1.525375931746174585e-01
1.190961679065485335e-01
3.805993270259329098e-01
6.009356992264573982e-01
7.550428198894849618e-01
8.223351839877233171e-01
7.921592665157630719e-01
6.734715929672709933e-01
4.762701138741232132e-01
2.239789740632458503e-01
-5.486974692274926291e-02
-3.248706179955989093e-01
-5.558867941343071939e-01
-7.180490847423877110e-01
-7.909385011693320644e-01
-7.720689806456370041e-01
-6.609523934330141515e-01
-4.704978457926262125e-01
-2.219268743279336764e-01
5.070559845378186381e-02
3.186388498209367093e-01
5.490321382092402391e-01
7.133235336320153941e-01
7.955899464839359947e-01
7.854672020624031692e-01
6.852258292702375631e-01
5.052429206916995152e-01
2.713414718087632238e-01
7.301067368213010056e-03
-2.538575257772157645e-01
-4.804281732025744711e-01
-6.471879009577230502e-01
-7.353409563213340050e-01
-7.359362844907859635e-01
-6.480532107268501818e-01
-4.866536279538730136e-01
-2.670551448586052645e-01
-1.749750331594723818e-02
2.323485957871580521e-01
4.532433320139288568e-01
6.207728739383906458e-01
7.139027152477395166e-01
7.206720810089195517e-01
6.475938070698241678e-01
5.010956517411031541e-01
2.976709640760026865e-01
5.992984424707104019e-02
-1.818074088921083353e-01
-4.009901061721418136e-01
-5.693196899056199856e-01
-6.664289892178969499e-01
-6.866308433121162125e-01
-6.255809612880008919e-01
-4.894539556644275091e-01
-2.929466886400529102e-01
-6.302325489279192450e-02
1.771852551529384812e-01
3.983093622030489112e-01
5.725086316014067478e-01
6.799964261973303614e-01
7.074939392036427854e-01
6.513335188142599375e-01
5.156887150546627385e-01
3.200917872047921442e-01
8.346488448429800755e-02
-1.636409334637883850e-01
-3.904849182142295927e-01
-5.687753428204300743e-01
-6.766086378162219361e-01
-6.984476643516841499e-01
-6.283274121487369968e-01
-4.782687078355115640e-01
-2.615745016838987302e-01
-7.694698034909297490e-03
2.518029519389384241e-01
4.825030222280524139e-01
6.559684691491269870e-01
7.465892503604576458e-01
7.395751123298730523e-01
6.410752994383293046e-01
4.590061331054049454e-01
2.162463291433021073e-01
-5.827239193481670299e-02
-3.244327364116634804e-01
-5.495024336076682614e-01
-7.008641462750558881e-01
-7.559382664734622947e-01
-7.125495546800000302e-01
-5.718385283652878126e-01
-3.521340630510682024e-01
-7.941036230994835687e-02
2.051111815951407458e-01
4.674039684104707160e-01
6.704378403160031752e-01
7.835891358443376475e-01
7.932817084539895980e-01
6.951000649893719352e-01
5.041477992230407601e-01
2.420156727710645050e-01
-5.055728605414666621e-02
-3.384122781341317721e-01
-5.800745846864396871e-01
-7.401528929363730969e-01
-7.983622121483824330e-01
-7.442852483039067435e-01
-5.875451910353313156e-01
-3.454554988704986451e-01
-5.700558305931169301e-02
2.432761483513936618e-01
5.114172073927214512e-01
7.089984200309629170e-01
8.104754585755882257e-01
8.004015064873675200e-01
6.829657388048540057e-01
4.708459425939650611e-01
1.998012175844079419e-01
-9.782883075946202656e-02
-3.778172147057571317e-01
-6.006493557917265136e-01
-7.372998049199805948e-01
-7.685419392645115311e-01
-6.934112654518009844e-01
-5.198041703069848918e-01
-2.788484942481602724e-01
8.003750532226128200e-04
2.768918243619387098e-01
5.108158030271041650e-01
6.720605009220157466e-01
7.390973501342834595e-01
7.064063076358979565e-01
5.772375423493729674e-01
3.768912677390958699e-01
1.290143305651918482e-01
-1.282726589331836253e-01
-3.592131237594476945e-01
-5.338107469967372509e-01
-6.297700509520269829e-01
-6.377487902955079058e-01
-5.566819605880889421e-01
-4.051421960648022846e-01
-2.006473559900455728e-01
2.485336161899298624e-02
2.402638179156135756e-01
4.179464659280733851e-01
5.362497744503864627e-01
5.826833757717893025e-01
5.522337369824708020e-01
4.560647220384861367e-01
3.046762703553689278e-01
1.219376086316412700e-01
-6.731025303786519753e-02
-2.391710145481368288e-01
-3.737039892613506220e-01
-4.547180504922175848e-01
-4.731107412211525975e-01
-4.345660148173171589e-01
-3.431266805567115830e-01
-2.114868693930822552e-01
-5.648070481707068158e-02
1.017905838147603603e-01
2.457451569132094171e-01
3.565451897116491686e-01
4.214187228588877066e-01
4.395730861578797111e-01
4.083853686206000422e-01
3.302203592775079244e-01
2.141875476689518720e-01
7.622821841898108630e-02
-7.018643133929691746e-02
-2.067778773275265047e-01
-3.167536614099869530e-01
-3.895121224435010854e-01
-4.161575798324956832e-01
-3.912241761002132057e-01
-3.160606610222266299e-01
-2.014231484661233029e-01
-5.681944036094221939e-02
1.001269727575408997e-01
2.497622791059834757e-01
3.730544087499922945e-01
4.549534844277056678e-01
4.810033904777313296e-01
4.446084357681305832e-01
3.531722283465559276e-01
2.137563421268053876e-01
4.347978925893913882e-02
-1.366014099166286133e-01
-3.012162936261688628e-01
-4.298845811350949786e-01
-5.018259157794635605e-01
-5.044807273912761403e-01
-4.408514125054880939e-01
-3.150722191838714048e-01
-1.420526385113970447e-01
5.734547355760266640e-02
2.525093873256401000e-01
4.200025639048561299e-01
5.355161867510613849e-01
5.805016193097789490e-01
5.518096247265771304e-01
4.500119318030648685e-01
2.881843623245678998e-01
8.522999584144286267e-02
-1.279425043210494772e-01
-3.263513335127538051e-01
-4.821426674543527469e-01
-5.717004519078211500e-01
-5.847710745908998309e-01
-5.178716724668999127e-01
-3.811819011532004975e-01
-1.901377604343159611e-01
2.577953643124542005e-02
2.417853272620251737e-01
4.281054672319803966e-01
5.583200958054923557e-01
6.173219814112855808e-01
5.967505370074179805e-01
5.009577605936910150e-01
3.403909708025889547e-01
1.403496889484983079e-01
-7.711562091016099796e-02
-2.823851219377007116e-01
-4.478730675875688405e-01
-5.541558987599395358e-01
-5.879953648103664055e-01
-5.465312872255478904e-01
-4.336405930934843500e-01
-2.677917321322205169e-01
-6.594571147173422521e-02
1.447912996551343756e-01
3.374716671812532098e-01
4.891268563156230265e-01
5.819338700234366613e-01
6.043944522186688317e-01
5.524872283886743674e-01
4.368302647802322358e-01
2.677202089953918396e-01
6.629828253173974950e-02
-1.434348682868844538e-01
-3.355613851071392872e-01
-4.881803923657269673e-01
-5.800557102228176554e-01
-5.982998001278264644e-01
-5.458186157876211420e-01
-4.255280069924545217e-01
-2.495153374306420258e-01
-3.677424988685096263e-02
1.844816912145716969e-01
3.898330024910159342e-01
5.510153743129284631e-01
6.462877459811053882e-01
6.662654711604962809e-01
6.049529331394738474e-01
4.673025479095320733e-01
2.668538713096855197e-01
3.157693796597471625e-02
-2.140019983724537056e-01
-4.369434403028416014e-01
-6.068077896976866725e-01
-7.008434836325663220e-01
-7.045230511054270117e-01
-6.153611088753592195e-01
-4.397652778319568467e-01
-2.030790914327685881e-01
7.028166636239618903e-02
3.420832130520676806e-01
5.760039058457238070e-01
7.396213057715403938e-01
8.096045028061555904e-01
7.744883029770044391e-01
6.336022813531776432e-01
4.087061724668756835e-01
1.224733529160151324e-01
-1.835767556482708063e-01
-4.689457569118186120e-01
-6.932186930521803125e-01
-8.254747263742758800e-01
-8.454019966855996771e-01
-7.451458122550653762e-01
-5.420075163100033233e-01
-2.558410861357761634e-01
6.955610080552920849e-02
3.908042562722304769e-01
6.618877121794497498e-01
8.461953324108697494e-01
9.172513229399339441e-01
8.615051588987254760e-01
6.905595357417955160e-01
4.201840023449812112e-01
9.232545838395500581e-02
-2.498414448931101095e-01
-5.560036002535306832e-01
-7.855816742922671070e-01
-9.051025556153774465e-01
-8.950644534983984713e-01
-7.643587209200788379e-01
-5.245127171138215250e-01
-2.111653291984949554e-01
1.357307039789139580e-01
4.646129950539910070e-01
7.322488475686592668e-01
8.988057137637248672e-01
9.389322903317613989e-01
8.554633965784625982e-01
6.549093176247393622e-01
3.672438439950129752e-01
2.853995981041235197e-02
-3.092519517394596296e-01
-6.033251151445720994e-01
-8.121918862003860706e-01
-9.047171422872998248e-01
-8.743290546581184985e-01
-7.219868053147634468e-01
-4.722775164177520635e-01
-1.557568993553396508e-01
1.785587444305127836e-01
4.896441973210650112e-01
7.346502331740443204e-01
8.781146179764618420e-01
9.049272905438887626e-01
8.096858889556244332e-01
6.095659798013923769e-01
3.281626851101859810e-01
9.439097099186666284e-03
-3.083946246392101909e-01
-5.812679360760690805e-01
-7.711419388758460336e-01
-8.559970280227946482e-01
-8.234922677727701812e-01
-6.817024604084274131e-01
-4.465047688079101240e-01
-1.554147888056358617e-01
1.577313311625270220e-01
4.491122903584146009e-01
6.792741582118948518e-01
8.199319453893056941e-01
8.521570713226409577e-01
7.745207800945792531e-01
5.945988701848774483e-01
3.422730971942087308e-01
4.580846480752387428e-02
-2.526368302330627147e-01
-5.134607210078627748e-01
-7.031873420188395896e-01
-7.971101768531521081e-01
-7.845740862355148337e-01
-6.648604874485546379e-01
-4.595625972725720931e-01
-1.905919376172181545e-01
1.027358968169469478e-01
3.818809916048078179e-01
6.095974779133472854e-01
7.566190693089311914e-01
8.040963255814763677e-01
7.436955324333036632e-01
5.886749686914718449e-01
3.542810962000044750e-01
7.583769512904381394e-02
-2.103410582953160191e-01
-4.646907126695186685e-01
-6.547120403711088610e-01
-7.537728478022188705e-01
-7.466230488062711723e-01
-6.410212967572676002e-01
-4.466897231505555510e-01
-1.921717247063737810e-01
9.013900138184505195e-02
3.590610799091438210e-01
5.801438077007778915e-01
7.210867260258260192e-01
7.611483394559264148e-01
7.028021156254307122e-01
5.506373175489520655e-01
3.269634140287720481e-01
6.012858805673482188e-02
-2.085319728259584782e-01
-4.453312677730605351e-01
-6.168391076586230426e-01
-6.976625817213557568e-01
-6.825925068636788939e-01
-5.719664195575897558e-01
-3.842630195713648833e-01
-1.433342453258359406e-01
1.120218795260914391e-01
3.502368981500660894e-01
5.382518354999041854e-01
6.482590817983879816e-01
6.696872713085235684e-01
5.994361097307199238e-01
4.517810821846341973e-01
2.457006182768457503e-01
1.569508160568311439e-02
-2.096939558107343560e-01
-3.987703914001677896e-01
-5.241281489804505700e-01
-5.732495338619646441e-01
-5.403968353986882134e-01
-4.352005032852348521e-01
-2.719921803183377174e-01
-7.980056293095783015e-02
1.174982471498182690e-01
2.920076278035204087e-01
4.188116893749955771e-01
4.854964116395206197e-01
4.851997745548013441e-01
4.234247182243822127e-01
3.099142691285070583e-01
1.669647951330022195e-01
1.237592164647693949e-02
-1.320673998587001963e-01
-2.460005602177312012e-01
-3.192093860176138387e-01
-3.453007304132127420e-01
-3.263961123744616444e-01
-2.679109732383776477e-01
-1.843390632538707274e-01
-8.617211395061641355e-02
1.349488453052383186e-02
1.009392298353899431e-01
1.690229297806820075e-01
2.128869624819751394e-01
2.327719990228638292e-01
2.304644110274767232e-01
2.121644468745693679e-01
1.804342257471087674e-01
1.376724121498218434e-01
8.932592153851626193e-02
3.927957470648291149e-02
-9.909490667583509271e-03
-5.925770093109383740e-02
-1.084440338576239116e-01
-1.565855136980116580e-01
-1.994688598284294345e-01
-2.263961379500806226e-01
-2.317090036068520931e-01
-2.124711918976347480e-01
-1.667341002630359226e-01
-9.377277170207221069e-02
3.765054484297980508e-03
1.172157824788069291e-01
2.357088599071750501e-01
3.392257024625326967e-01
4.107740888183692984e-01
4.357544044440984088e-01
4.057556242048370176e-01
3.182745781401419283e-01
1.778794283228126716e-01
3.025432610829881241e-03
-1.891730598233429816e-01
-3.697798957585334279e-01
-5.116134880864813272e-01
-5.905820381831359267e-01
-5.911667829277903463e-01
-5.074866971775657820e-01
-3.432362615511388437e-01
-1.216097109089205874e-01
1.349601886654936411e-01
3.882323621894721022e-01
6.023044533394175115e-01
7.438481727650922970e-01
7.896984375371187692e-01
7.291951446690134730e-01
5.630766656990211505e-01
3.161577369049877184e-01
1.370954920541223032e-02
-2.992271703617308543e-01
-5.799753812881325299e-01
-7.869288123742774754e-01
-8.895026435003892118e-01
-8.708165238566265565e-01
-7.268150750754899247e-01
-4.807202472438095731e-01
-1.575472014201984017e-01
1.943861826344475130e-01
5.283902579050612225e-01
7.965065004753009159e-01
9.617762131988727425e-01
1.000000000000000000e+00
9.008164221237930924e-01
6.828118523905415405e-01
3.676700748109249517e-01
3.905104726673824800e-03
-3.606654248389175033e-01
-6.749790284943781860e-01
-8.979808614620996554e-01
-1.000000000000000000e+00
-9.648047323441306666e-01
-8.034529577637820053e-01
-5.312443020449124642e-01
-1.901987678819950789e-01
1.758605549784686417e-01
5.153487558557303672e-01
7.858155156671768893e-01
9.510815745255687403e-01
9.884167122483640266e-01
9.039791290792484890e-01
7.056282440160659419e-01
4.221820986940683085e-01
8.857093922220027338e-02
-2.476395900748358248e-01
-5.456015827239992788e-01
-7.657545357240870265e-01
-8.800296360183813560e-01
-8.836955558564355551e-01
-7.752698979450651784e-01
-5.724898008959207196e-01
-3.004896908269566458e-01
4.197282037401439680e-04
2.961803315188873409e-01
5.500583624673389682e-01
7.297227144256692721e-01
8.184184420764777368e-01
8.065130202365671241e-01
7.002628025105439580e-01
5.124622880602616171e-01
2.719664295908574836e-01
4.829064700708318725e-03
-2.552169521283720321e-01
-4.760986721519057108e-01
-6.344438380426473678e-01
-7.129751841818694480e-01
-7.053552808909109295e-01
-6.125842252612595518e-01
-4.508692633276935036e-01
-2.361380219640122347e-01
4.118238104834359703e-03
2.411259477323466349e-01
4.478126400236090987e-01
6.015497137303140729e-01
6.833327563435251939e-01
6.828225336430799874e-01
6.072512066686963639e-01
4.633642168530285321e-01
2.671580820580727877e-01
4.061517922926083379e-02
-1.872232418582598923e-01
-3.909778043472816877e-01
-5.435777345080630152e-01
-6.260565821761863159e-01
-6.341157559873336069e-01
-5.646247349231652279e-01
-4.250272998384246881e-01
-2.309793131610060613e-01
-1.023957811491371661e-02
2.137841040357706390e-01
4.121357371802851777e-01
5.583527247139412619e-01
6.355423707167706660e-01
6.334421776037368890e-01
5.529556892914986310e-01
4.021104956514345297e-01
2.043757277175819453e-01
-1.898065171046181554e-02
-2.370851776549043333e-01
-4.206020950624130839e-01
-5.463221408620727582e-01
-5.980177639301423875e-01
-5.697634334187631211e-01
-4.634971914105968649e-01
-2.982472152877050364e-01
-9.195723848680426027e-02
1.248286121413630934e-01
3.223285150054098214e-01
4.741288672478558563e-01
5.605669085342062097e-01
5.709147218267840440e-01
5.026223417027693152e-01
3.706485400316865686e-01
1.894770349568624113e-01
-1.214767583326326061e-02
-2.056145744668240738e-01
-3.637307707673345103e-01
-4.656520474564760370e-01
-4.979409146326798652e-01
-4.553058828076327336e-01
-3.496234342188944133e-01
-1.924966208939774548e-01
-1.045051892947024275e-02
1.697470439245742924e-01
3.217754438837594488e-01
4.251867639121218456e-01
4.654760408004148253e-01
4.361429554224258709e-01
3.471780740450076674e-01
2.082705307423560193e-01
4.455719738117625006e-02
-1.187201625358417223e-01
-2.571680828505603644e-01
-3.518597104716557622e-01
-3.898421921673613788e-01
-3.653649054932486262e-01
-2.870944626724681870e-01
-1.633047912719838290e-01
-1.636817148719349468e-02
1.307752306669949238e-01
2.554047026649490792e-01
3.404114681608771953e-01
3.739485024928439483e-01
3.510320871527981001e-01
2.803654465330900347e-01
1.689329307753215659e-01
3.628323378270903454e-02
-9.701823397159148321e-02
-2.113141857828132464e-01
-2.909822632623576544e-01
-3.242659486074842556e-01
-3.063323703395186559e-01
-2.443576427667086826e-01
-1.441790333562700255e-01
-2.343771897213708932e-02
9.929395513632366388e-02
2.062181425306353066e-01
2.831372879632512163e-01
3.187069314643862228e-01
3.080045448109591799e-01
2.573777530106253764e-01
1.714522866246128707e-01
6.486626660525462995e-02
-4.610836853596889107e-02
-1.454834029120523065e-01
-2.204648064395483553e-01
-2.599462135556143139e-01
-2.587557723449824820e-01
-2.221711324650111896e-01
-1.534193477180042509e-01
-6.392112455029685947e-02
3.255878024306091412e-02
1.219328635771106395e-01
1.932058710421000747e-01
2.360738531511243909e-01
2.449445703833199595e-01
2.234935471883501279e-01
1.736693436052383355e-01
1.039152046958631281e-01
2.527950758590580271e-02
-5.033792619618104869e-02
-1.139853251233076126e-01
-1.565782860682051192e-01
-1.724279209737049623e-01
-1.637528674532792161e-01
-1.314554178524489636e-01
-8.144476315367721320e-02
-2.224177637496327353e-02
3.653427637102479864e-02
8.809386637319316371e-02
1.249377744041189064e-01
1.417660532418425490e-01
1.398125279477488991e-01
1.193942024875103147e-01
8.471627470029208240e-02
4.236147407249268859e-02
-1.087109678877817842e-04
-3.785418943635199263e-02
-6.504117992249824898e-02
-7.718916798499741994e-02
-7.518638987302483923e-02
-5.930401767907411692e-02
-3.304371141186190908e-02
-1.925655951363625107e-03
2.794791370621685367e-02
5.312083057281480336e-02
6.912789157909782212e-02
7.249413495542400554e-02
6.437670274356976918e-02
4.545190780693397770e-02
1.941021703385725772e-02
-8.355647552996336991e-03
-3.233892965293005961e-02
-4.964671013051502602e-02
-5.650951575484663980e-02
-5.027104877810195660e-02
-3.272627521448079335e-02
-5.174870143407117595e-03
2.794037533678306318e-02
6.061520434869649421e-02
8.704020599185091633e-02
1.040299251571161765e-01
1.076733869194368420e-01
9.561724858362441459e-02
7.027368847717085920e-02
3.347664380596260258e-02
-9.493801109496824431e-03
-5.170260339640331271e-02
-8.637546404256446486e-02
-1.094292508272378672e-01
-1.161205466825703247e-01
-1.037624910709934456e-01
-7.504193868546849000e-02
-3.200277206244539485e-02
1.958072134521615659e-02
7.199360917195107845e-02
1.172846772255899950e-01
1.502894543878445788e-01
1.650932205700468280e-01
1.581485047394097787e-01
1.319029604317376592e-01
8.819380575842283854e-02
3.272573436078740627e-02
-2.651138309207567989e-02
-8.068071141198607243e-02
-1.238164305381181940e-01
-1.489910962339586753e-01
-1.516023300908290183e-01
-1.333862972967949645e-01
-9.562087131424323871e-02
-4.336776660355123880e-02
1.576718203278471009e-02
7.273997497797179967e-02
1.214300158551648856e-01
1.545097818890677210e-01
1.665633458706170522e-01
1.584138711726925663e-01
1.306305074706766156e-01
8.725226976209166097e-02
3.493429133204783987e-02
-1.791497551454468429e-02
-6.578227129674762974e-02
-1.017461682464485540e-01
-1.201510151690809991e-01
-1.210266434550700820e-01
-1.043090303957925347e-01
-7.291564553760254697e-02
-3.223959546158472467e-02
1.069019174357044299e-02
5.160459442358922288e-02
8.471906959955699534e-02
1.048427242253608949e-01
1.115972100633946251e-01
1.045274295149953847e-01
8.555058333709175677e-02
5.878910200569720246e-02
2.952306604307186610e-02
4.758288601731663903e-04
-2.417497053694772635e-02
-4.030620748499191830e-02
-4.759222602602375396e-02
-4.547273346353220003e-02
-3.490002133094027847e-02
-1.890667092641262759e-02
-1.617658197755167393e-03
1.542156483101031483e-02
2.982618909104206573e-02
3.882955686836186970e-02
4.354542855453913397e-02
4.440775299780996832e-02
4.104339051370309299e-02
3.307920141774700618e-02
2.014204602547087219e-02
1.858784652403189241e-03
-2.214372238592676734e-02
