-2.040694016460236071e-01
-3.460034929977406915e-01
-4.175782937373886394e-01
-4.294939441744790587e-01
-3.924505846185235569e-01
-3.171483553790334087e-01
-2.142873967655199996e-01
-9.456784908749671370e-02
2.521820957450193745e-02
1.388098673210256262e-01
2.366801075952988942e-01
3.053845432440067675e-01
3.356257413963827929e-01
3.275175509336882840e-01
2.813611602612606788e-01
2.036014284793739026e-01
1.027580139126307301e-01
-7.828996021329692745e-03
-1.164044277396738547e-01
-2.095625333136063029e-01
-2.760400308347037424e-01
-3.103285431998430433e-01
-3.084854751025029040e-01
-2.710525043569568249e-01
-2.023143168334604614e-01
-1.126460853548741925e-01
-1.096818700521673406e-02
9.014998953748332156e-02
1.780849350399602571e-01
2.431955839945358910e-01
2.783568702687804208e-01
2.795170296539772892e-01
2.461853175080623846e-01
1.844969007505290470e-01
1.002349816700287555e-01
4.917596424089953899e-03
-8.926401955001583843e-02
-1.712754750156590955e-01
-2.320297912468195500e-01
-2.637794334296860166e-01
-2.625149284559961105e-01
-2.313754021511430503e-01
-1.731381772935156604e-01
-9.503333415287529284e-02
-6.738428594006640182e-03
7.979464473823028037e-02
1.548281811960960930e-01
2.082154169837036051e-01
2.333439818278089106e-01
2.307224340191327272e-01
1.999471389774463148e-01
1.440786212328006854e-01
6.991756436468321567e-02
-1.172388756129183474e-02
-9.205601628564064054e-02
-1.603608575312404083e-01
-2.074621523024365866e-01
-2.289954458337427612e-01
-2.220317001653819844e-01
-1.872179449369298920e-01
-1.283271401322668703e-01
-5.429426199045139789e-02
2.742219990892857950e-02
1.060397600386850936e-01
1.709142938585339611e-01
2.143190554999263586e-01
2.308690470768850478e-01
2.181759266236709127e-01
1.769593929764741169e-01
1.135720199557452847e-01
3.379277552429171827e-02
-5.180991205128027133e-02
-1.321684675190988312e-01
-1.973143873701682649e-01
-2.394349858853639379e-01
-2.522246281693242276e-01
-2.330897093548113252e-01
-1.862187534834600644e-01
-1.153699295141886738e-01
-2.891229633260450349e-02
6.286703407673410737e-02
1.480938699326783681e-01
2.168586806198353756e-01
2.589171202157707352e-01
2.680746653723111717e-01
2.455702984638874486e-01
1.923866896960231276e-01
1.135660875455832830e-01
1.762930378069715864e-02
-8.256679777769748707e-02
-1.763117426767870644e-01
-2.511056224448268148e-01
-2.968828001636125702e-01
-3.092725578538410014e-01
-2.855271575540737627e-01
-2.273480666257033933e-01
-1.402450555897790663e-01
-3.586244859831222431e-02
7.573165584357877123e-02
1.807702306645997403e-01
2.659257016156162390e-01
3.211003416761215590e-01
3.393052793325057603e-01
3.174903354163947089e-01
2.565443841481607201e-01
1.646155594853739856e-01
4.973636453222107789e-02
-7.414657039916272563e-02
-1.924240503987336703e-01
-2.909376302745236842e-01
-3.583043085355558377e-01
-3.845929155675013034e-01
-3.648599594061828766e-01
-3.037075939659944490e-01
-2.058986821991428684e-01
-8.225740408560378025e-02
5.365098895904241161e-02
1.850045122929775410e-01
2.973505038434047787e-01
3.758322232682962394e-01
4.102318750976068351e-01
3.986423856875145333e-01
3.403750827145564095e-01
2.410616229412938516e-01
1.109071925528917202e-01
-3.308699063800191187e-02
-1.765461741941933838e-01
-3.022486712596429426e-01
-3.947367444991785046e-01
-4.441611850411274487e-01
-4.437608994336366131e-01
-3.927500821234106709e-01
-2.951906001675353997e-01
-1.635605714898573648e-01
-1.007856200618473252e-02
1.467724236390106629e-01
2.887806203595628673e-01
3.995406456283860930e-01
4.662502984882797019e-01
4.802043856919910869e-01
4.380576875097859091e-01
3.466323914955713459e-01
2.135296675224480634e-01
5.391056250703929464e-02
-1.149385568683577441e-01
-2.729433531278141478e-01
-4.028354115755078402e-01
-4.880151792793117060e-01
-5.175328198800767110e-01
-4.907738973090345347e-01
-4.085563473512119348e-01
-2.793450288162261375e-01
-1.162044494278099416e-01
6.057786986691482412e-02
2.327777359686789005e-01
3.794028996514033913e-01
4.829695487799201548e-01
5.331198111554460439e-01
5.227962666026428895e-01
4.525913142324520244e-01
3.286315849025798208e-01
1.669326102717116900e-01
-1.709909632008266289e-02
-2.016436974516719882e-01
-3.654258523001341352e-01
-4.897956272997402438e-01
-5.604484241937550681e-01
-5.685273605991623125e-01
-5.111388300482504476e-01
-3.968570029936585586e-01
-2.355538571666420111e-01
-4.672858742813357225e-02
1.486500664079000167e-01
3.277955624467878692e-01
4.711573275250786619e-01
5.610159313888012367e-01
5.858839086358436088e-01
5.460034447484367615e-01
4.436154782654935236e-01
2.899925315188263131e-01
1.010572755982239723e-01
-9.955839849168524047e-02
-2.908057125795392439e-01
-4.494789752113989012e-01
-5.570818557793721926e-01
-6.039607737372498786e-01
-5.831278572372646796e-01
-4.963988785193311770e-01
-3.519374604501200876e-01
-1.683914171639909751e-01
3.636097458205433952e-02
2.378836306956750857e-01
4.129442250173511741e-01
5.418415565915324361e-01
6.096805130727664945e-01
6.087676487469040332e-01
5.374561585765946781e-01
4.057952486844806916e-01
2.254474706039781839e-01
1.826064552124617713e-02
-1.928482720885715818e-01
-3.833726925802198870e-01
-5.323877161004353376e-01
-6.215027224065885481e-01
-6.391358007064764646e-01
-5.867680729512199100e-01
-4.678981525925165474e-01
-2.957067029096541733e-01
-8.789689378219744942e-02
1.300589420753448522e-01
3.348967076511688568e-01
5.013344484823476499e-01
6.099052963649476133e-01
6.510179075338715649e-01
6.180930885996482882e-01
5.144888376881244785e-01
3.501220168254977061e-01
1.462448061959982226e-01
-7.707578504502998751e-02
-2.933983464132372543e-01
-4.776936423279254385e-01
-6.092443591406393466e-01
-6.727103906542508671e-01
-6.607444545198930541e-01
-5.725592200986557856e-01
-4.204305007665308791e-01
-2.182011829459333807e-01
9.291601582049668906e-03
2.365406902115938514e-01
4.372650483426538948e-01
5.892820584709395071e-01
6.741164571345923395e-01
6.805093850766643637e-01
6.112622779064222911e-01
4.715778873926859127e-01
2.772882306155715071e-01
4.868889596847214563e-02
-1.860233243139823855e-01
-4.017265693965718087e-01
-5.721709657729537879e-01
-6.773871904750432549e-01
-7.086251520569728513e-01
-6.600950768660525103e-01
-5.369147223877127617e-01
-3.510767723712987509e-01
-1.261682115399120896e-01
1.154750740653303076e-01
3.451806422259231510e-01
5.364014760379596236e-01
6.678066697433908683e-01
7.238626772993461689e-01
6.985237314148347032e-01
5.924725991901576005e-01
4.199313303252503182e-01
1.967609222154680371e-01
-5.024303813862840418e-02
-2.938154619125119549e-01
-5.059131964520173774e-01
-6.630160714659378840e-01
-7.460529305773500042e-01
-7.437471384533698160e-01
-6.600530663811886578e-01
-5.014245482409236399e-01
-2.855972102706353377e-01
-3.472117755658787885e-02
2.210102727886296137e-01
4.542650072296672281e-01
6.367750898254942449e-01
7.471354522448958591e-01
7.758034475452886269e-01
7.170880176475991075e-01
5.773157301489910687e-01
3.698118521076330101e-01
1.205628741238895518e-01
-1.458007341791358602e-01
-3.982201355918650876e-01
-6.078622784561960035e-01
-7.514857373419561171e-01
-8.122031217729809294e-01
-7.831597910142329422e-01
-6.649289533823665721e-01
-4.731608836949255936e-01
-2.254589560692358274e-01
4.839811628564816282e-02
3.182730125424375611e-01
5.534218412006419729e-01
7.280217325115505567e-01
8.213780640952670353e-01
8.210330337423086267e-01
7.306764993954997234e-01
5.572395350097563149e-01
3.202258998151341629e-01
4.392036504783480844e-02
-2.384531858253202685e-01
-4.971018138569385236e-01
-7.014353837765021638e-01
-8.279688541879144381e-01
-8.658828411024981353e-01
-8.083602314887120555e-01
-6.615581146951182712e-01
-4.393637756934690719e-01
-1.692045584811403547e-01
1.224460191618341742e-01
4.018603647090854825e-01
6.377398368246844917e-01
8.042367000633237062e-01
8.821898923141033855e-01
8.633680887297479067e-01
7.473659113078860994e-01
5.495208857125477575e-01
2.877238709004874551e-01
-7.268690886995887723e-03
-3.038603360295063505e-01
-5.685430442999722667e-01
-7.727176797135569819e-01
-8.924741160091818060e-01
-9.126102281950840833e-01
-8.347673458446897010e-01
-6.643480996788194703e-01
-4.203335940412641358e-01
-1.270817754301217795e-01
1.808325285384135839e-01
4.713778995598880694e-01
7.104332951217240399e-01
8.710705169326735664e-01
9.385293733313726516e-01
9.030218456950531714e-01
7.685086133109140238e-01
5.472240765356239933e-01
2.665394263267761854e-01
-4.652281101236399596e-02
-3.562391314831547806e-01
-6.286413336946414798e-01
-8.340474251182248278e-01
-9.496004398990531836e-01
-9.627280887911362495e-01
-8.694782186261407197e-01
-6.830148921839502840e-01
-4.197791752255698450e-01
-1.108397269211285341e-01
2.110727926313924474e-01
5.098731153563405005e-01
7.539964770710525510e-01
9.155851399888479403e-01
9.755216193658540202e-01
9.311646387295071658e-01
7.844637631760595919e-01
5.520369076132281005e-01
2.569041942335545947e-01
-6.586960326193846971e-02
-3.834270574052607294e-01
-6.591843766853031639e-01
-8.630188496236073092e-01
-9.758711652718344842e-01
-9.835714437252843778e-01
-8.855132582693812093e-01
-6.901728185199350607e-01
-4.219289810923984030e-01
-1.061040376312661904e-01
2.212850531811842991e-01
5.251846554889743057e-01
7.726304512880148856e-01
9.369516380360840557e-01
1.000000000000000000e+00
9.527953062939469309e-01
8.051852898230527078e-01
5.701494947819532033e-01
2.736285445208335165e-01
-5.439534519131927759e-02
-3.764840393650095152e-01
-6.592044679166355614e-01
-8.706667687729826577e-01
-9.871440982609707149e-01
-1.000000000000000000e+00
-9.055756348143114698e-01
-7.148623918706336067e-01
-4.463153264443801005e-01
-1.322024344776141502e-01
1.968140463138761120e-01
5.042219525690345705e-01
7.564184669555575891e-01
9.272106163215767527e-01
9.977463698341473286e-01
9.614696001045601736e-01
8.200689389396269569e-01
5.921191587528034095e-01
2.986182340220748799e-01
-2.642470063401380909e-02
-3.485244059721157583e-01
-6.327462774118517430e-01
-8.493896041865035551e-01
-9.748095785937278546e-01
-9.941915063580747391e-01
-9.101498309704507683e-01
-7.292510354327773614e-01
-4.718643725708199232e-01
-1.638287182387961893e-01
1.591375817739302256e-01
4.642434906764103530e-01
7.173215194437461140e-01
8.912239443650002979e-01
9.714415589803429008e-01
9.478117943468251649e-01
8.236531177886732280e-01
6.107443355673043417e-01
3.353251898585443147e-01
2.369037456993416946e-02
-2.892699774042246652e-01
-5.701703334559028447e-01
-7.896256265912844352e-01
-9.244557674054192375e-01
-9.610313097781144620e-01
-8.940020582832215457e-01
-7.347346891173334171e-01
-4.975042949189587560e-01
-2.091428526912955110e-01
1.007517219343396775e-01
3.979406605789090889e-01
6.520153491316698080e-01
8.350499200755301388e-01
9.269406767206718190e-01
9.224179637923379804e-01
8.202348008839475124e-01
6.322052051111597404e-01
3.767746092203827502e-01
8.403778368435221857e-02
-2.172144051126880804e-01
-4.935231942199211908e-01
-7.155362570439081082e-01
-8.621185239700350778e-01
-9.173170265161418868e-01
-8.762105595119196177e-01
-7.419075585026259079e-01
-5.322802063113831750e-01
-2.667296415561620782e-01
2.430223051062285755e-02
3.099853965572409997e-01
5.600900177927081725e-01
7.490126853236069859e-01
8.567224414971659208e-01
8.710068127461221277e-01
7.952568926288876572e-01
6.358391604835407218e-01
4.105834672234514038e-01
1.422676048718363173e-01
-1.382401872558540745e-01
-4.027568763139000030e-01
-6.220837755858129592e-01
-7.731549362687289983e-01
-8.443072514825634700e-01
-8.270461151494465923e-01
-7.240079097727512014e-01
-5.453335368542744366e-01
-3.131631649177410992e-01
-4.943094762170519019e-02
2.167340283512901866e-01
4.571546110071063040e-01
6.473320333555940831e-01
7.678195972184445051e-01
8.067102397742662578e-01
7.591559089940500549e-01
6.344928088452004289e-01
4.440098237822862615e-01
2.089140777386471193e-01
-4.670257098392194273e-02
-2.948523074882059003e-01
-5.105749689140616221e-01
-6.704072075631426486e-01
-7.573431079263243104e-01
-7.666747158534237272e-01
-6.964404046399177428e-01
-5.547708268057744974e-01
-3.557819979190159909e-01
-1.231384225394246412e-01
1.206397754541141953e-01
3.487449340002679588e-01
5.371118640847161174e-01
6.681343181016281552e-01
7.281605218131319557e-01
7.116086535715622219e-01
6.195773390064993613e-01
4.649634080222846411e-01
2.617877294377055630e-01
3.337767311669082027e-02
-1.960148389503238997e-01
-4.024666196646229377e-01
-5.653685471638072446e-01
-6.674403800585606561e-01
-6.976977860297428613e-01
-6.575366312420910520e-01
-5.502156449213940759e-01
-3.875901197011749622e-01
-1.862521845226693396e-01
3.042312520611045734e-02
2.409963027202555175e-01
4.221975862802318513e-01
5.554087555807472043e-01
6.307217965332345688e-01
6.398533473978551545e-01
5.822589141881373553e-01
4.639499150873347411e-01
3.002883030928213959e-01
1.064007843261760566e-01
-9.630379657479093414e-02
-2.863360773580981844e-01
-4.444332282981533488e-01
-5.548235178997669159e-01
-6.059592040953132308e-01
-5.920642679575355283e-01
-5.190040634137633724e-01
-3.934498408895216182e-01
-2.287371823743652444e-01
-4.166565459897497714e-02
1.468761758773622361e-01
3.181368110091060686e-01
4.532124127199068653e-01
5.379766126481546618e-01
5.673971519154985543e-01
5.379479711777575002e-01
4.530251009901722359e-01
3.213687792914587948e-01
1.593350250979566063e-01
-1.797916344292327384e-02
-1.914514226338881464e-01
-3.425138988329753387e-01
-4.566080067886826299e-01
-5.224623776423340527e-01
-5.335640386773634614e-01
-4.884460197069383502e-01
-3.949373184291316008e-01
-2.614078560064994061e-01
-1.032216137427282021e-01
6.256919419175255292e-02
2.184146056745359665e-01
3.489418723346442430e-01
4.398894538860989023e-01
4.817068593415743116e-01
4.739558834860950753e-01
4.169864013591690899e-01
3.169307966254693021e-01
1.843308893322996855e-01
3.526808819373949966e-02
-1.157704227585351076e-01
-2.518714211168918693e-01
-3.588780284221732009e-01
-4.287120028654857196e-01
-4.540713484723877258e-01
-4.323450022414988547e-01
-3.661086853293652466e-01
-2.647126137348300157e-01
-1.371966657358331121e-01
2.117171786838900616e-03
1.381481778983919551e-01
2.570704579295874925e-01
3.472698106465916812e-01
3.988153355391950150e-01
4.062016883698136294e-01
3.727437637917900837e-01
3.015189320761848535e-01
1.996650528049608297e-01
7.780471269523636657e-02
-4.996093468497364576e-02
-1.709545771620899490e-01
-2.712454361414482484e-01
-3.403848412357360909e-01
-3.744916298952893907e-01
-3.698668512119036578e-01
-3.268317468225654387e-01
-2.502369161833157829e-01
-1.504180048227427013e-01
-3.634867427123766870e-02
7.959641426245678275e-02
1.845447465207752380e-01
2.682450687050168536e-01
3.226835365964872970e-01
3.418936598790081050e-01
3.237059323927460319e-01
2.730579963327488535e-01
1.944708634578820039e-01
9.687591000154971432e-02
-8.767141710037451574e-03
-1.109821978185639990e-01
-1.997821951319455058e-01
-2.650084565096113565e-01
-2.998894370015624533e-01
-3.042382042036981815e-01
-2.775319347447172680e-01
-2.224029570516297127e-01
-1.452523115831291234e-01
-5.628449103114374630e-02
3.607964571511490526e-02
1.213878811635784594e-01
1.904050176327050092e-01
2.382802807070325546e-01
2.602885362562090688e-01
2.538748883527521816e-01
2.202557672657521337e-01
1.650286921168708787e-01
9.293429931666219446e-02
1.222472846638456012e-02
-6.781248753682866948e-02
-1.390872771748256076e-01
-1.948205262462776588e-01
-2.285089146832528506e-01
-2.367152990190263262e-01
-2.217929042705507614e-01
-1.850369066098378479e-01
-1.298721298650235001e-01
-6.253066663971917905e-02
8.977861197310588182e-03
7.769919560764959598e-02
1.351856218367506468e-01
1.753882908924426776e-01
1.970806044302582105e-01
1.980920963611463304e-01
1.777029353853523119e-01
1.386705548019968592e-01
8.688451106582562034e-02
2.682875237577930783e-02
-3.462969542204463735e-02
-9.025574121739010636e-02
-1.352152922034455251e-01
-1.654004067073296946e-01
-1.768976313596513084e-01
-1.686583614472003667e-01
-1.440986461452254952e-01
-1.052921281407520615e-01
-5.667367366625641889e-02
-4.454805621585844477e-03
4.566701132474215719e-02
8.896765916388726936e-02
1.200422472837132659e-01
1.357568894035641183e-01
1.372224762835405620e-01
1.242375005177929204e-01
9.767751289977466556e-02
6.126282939871607880e-02
2.030171940779390560e-02
-2.160222421715929375e-02
-5.941341410354039621e-02
-8.883547676248504388e-02
-1.090685095920927994e-01
-1.182789940024706610e-01
-1.145652312956662033e-01
-9.890365166978909439e-02
-7.469595479901069979e-02
-4.390201188902631557e-02
-1.000705744079855020e-02
2.266686921837823832e-02
5.125779303882138649e-02
7.326585906679250471e-02
8.560586401281877755e-02
8.728677557112374252e-02
8.037725830016051454e-02
6.527250888026370212e-02
4.314822500777015790e-02
1.720671793257477766e-02
-9.375342116372142875e-03
-3.439113183833530929e-02
-5.453569891039011797e-02
-6.760072850469733829e-02
-7.407694205283310573e-02
-7.326078673758262827e-02
-6.446110631403090263e-02
-4.923324315356891745e-02
-3.036966361097614975e-02
-9.324204796155255437e-03
1.154907202050492465e-02
2.970106822674623004e-02
4.419350922730025388e-02
5.366864553693240225e-02
5.606009525098887281e-02
5.137745788105729794e-02
4.172367049561565011e-02
2.776180711065467932e-02
1.119242415673826763e-02
-5.381147449893042278e-03
-2.035298762440218567e-02
-3.247507299791430047e-02
-4.022933644569270939e-02
-4.304278452985421666e-02
-4.177527814694204089e-02
-3.646843549387546179e-02
-2.754457434235246804e-02
-1.672359684807989133e-02
-6.013018980216555676e-03
3.783907333525737826e-03
1.173768164039268314e-02
1.707170729343454596e-02
2.035184601498629675e-02
2.118188619158289931e-02
1.895857302651293708e-02
1.436135427642848406e-02
8.459437588185680923e-03
1.705135424170389769e-03
-5.080406518499058777e-03
-1.101361614069518158e-02
-1.581093093917529391e-02
-1.903466899077188579e-02
-2.017698214400154288e-02
-1.936723863010902935e-02
-1.727975855971941588e-02
-1.404544198850299352e-02
-9.944391289676390855e-03
-5.641109966573631951e-03
-1.607074737206559689e-03
1.835384673144035972e-03
4.318420824677593473e-03
5.731185680449835118e-03
6.360045605023234572e-03
6.126662539631899662e-03
4.931718631759673954e-03
3.078618702206270541e-03
9.446226895779563648e-04
-1.312644503285720354e-03
-3.527522423431794785e-03
-5.526401627099386538e-03
-7.306094085190006915e-03
-8.685981071816062382e-03
-9.286335547072366303e-03
-9.055529520265448440e-03
-8.213545821238010802e-03
-6.825193411165275670e-03
-5.124374060729741664e-03
-3.393076247076520779e-03
-1.751730460510803056e-03
-3.541699627426231345e-04
5.862252583570537467e-04
9.682499616134876419e-04
8.159719868259251996e-04
1.579026957136964171e-04
-8.297765626843478515e-04
-1.889080437163515036e-03
-2.752575638267695801e-03
-3.362907432451933687e-03
-3.750095600960956510e-03
-3.906548350306238149e-03
-3.951130922076551144e-03
-3.874245115193741817e-03
-3.654713184119362523e-03
-3.408701236776501275e-03
-3.242187164890442119e-03
-3.167222409371284186e-03
-3.167484439724144174e-03
-3.223093717377500944e-03
-3.263473025698626628e-03
-3.298830949247100186e-03
-3.360848303317176544e-03
-3.418978758647162053e-03
-3.451453644857216396e-03
-3.456871186873877733e-03
-3.434204989183120560e-03
-3.393252009001312963e-03
-3.358526212334567163e-03
-3.327180198283596901e-03
-3.289648790834709402e-03
-3.251666708760536650e-03
-3.213105566376661670e-03
-3.175752656913388705e-03
-3.145250086355133590e-03
-3.120824021749624144e-03
-3.098216667065445407e-03
-3.077947033455430415e-03
-3.059736712095029176e-03
-3.043307294159802723e-03
-3.028380370825645151e-03
-3.014677533267784426e-03
-3.001920372662225667e-03
