-2.695158362963870902e-01
-1.574253060020125439e-03
2.098712274857581495e-01
3.677434542634410164e-01
4.749652761955214242e-01
5.344595422044917665e-01
5.491491012128457694e-01
5.219568021430796012e-01
4.487474869454211035e-01
3.296067656408367963e-01
1.717544949678371236e-01
-6.392066917113026214e-03
-1.861852990019966514e-01
-3.506643411561686241e-01
-4.821462475758213628e-01
-5.647904546072498588e-01
-5.884580781899502178e-01
-5.527749292813184390e-01
-4.587656768095242921e-01
-3.144261167511848143e-01
-1.328062594565521115e-01
6.619406366242186479e-02
2.638060235059342951e-01
4.375696244476390273e-01
5.687480992676541280e-01
6.448619009783294054e-01
6.562777337265557343e-01
6.002803636524260966e-01
4.806628027448056617e-01
3.109781698926457061e-01
1.053732326949825548e-01
-1.141283631477127969e-01
-3.248769864401510610e-01
-5.045229626391192213e-01
-6.343966710640588369e-01
-6.989059182034913498e-01
-6.892375317105504662e-01
-6.089385909883346937e-01
-4.634219791570435287e-01
-2.665500663489457356e-01
-3.681553273443016749e-02
2.004473156668469258e-01
4.218224542234876306e-01
6.019106810309997613e-01
7.210152846667168269e-01
7.686388703817144119e-01
7.374118340909243674e-01
6.291642044934602218e-01
4.528901904612994134e-01
2.287658447087030922e-01
-2.325540458330832561e-02
-2.760537617303542302e-01
-5.030233191602555554e-01
-6.800591219449219071e-01
-7.881803140647339889e-01
-8.142114308518137999e-01
-7.526417059286401035e-01
-6.128398187595165414e-01
-4.062479757588690621e-01
-1.544200089459424330e-01
1.176962936132652793e-01
3.801560160029320290e-01
6.063905548772847709e-01
7.707504203056041447e-01
8.545327452377466937e-01
8.513456308620972468e-01
7.588020499096039817e-01
5.860752456962039503e-01
3.491778545994668193e-01
7.552309342714602636e-02
-2.092521784947598551e-01
-4.742337143844413960e-01
-6.910084177740929423e-01
-8.375391177151928490e-01
-8.973294058923686478e-01
-8.636825250118611574e-01
-7.377500447803840844e-01
-5.345747399431198810e-01
-2.715712737666554633e-01
2.228287779026238979e-02
3.170088954019607552e-01
5.811461422188308745e-01
7.875734348244327609e-01
9.130718978485066195e-01
9.426770292687425279e-01
8.767298874971192202e-01
7.191585830851228156e-01
4.861622109650869383e-01
1.997999064405253655e-01
-1.078952550811169697e-01
-4.065179086849977086e-01
-6.624581451896777162e-01
-8.485049436288872871e-01
-9.477213055831587019e-01
-9.476754587901492499e-01
-8.479831345550887800e-01
-6.568899292227620146e-01
-3.971811366447509650e-01
-9.241830618883395410e-02
2.241438453355899529e-01
5.195757745215474621e-01
7.626149388619007929e-01
9.277985108044004559e-01
9.965238326199936658e-01
9.591264654598561368e-01
8.237478519765364382e-01
6.016618599481751151e-01
3.166759490109321007e-01
-3.028808520996295606e-03
-3.219914504469032490e-01
-6.081038922775321431e-01
-8.297380127488468426e-01
-9.627466774583989251e-01
-9.963901465803367552e-01
-9.249705950189539561e-01
-7.565398437136117149e-01
-5.069816075923628818e-01
-2.059189503863871895e-01
1.183417541296776232e-01
4.307581451234134828e-01
6.982440806760252805e-01
8.935992428879238059e-01
9.959872429667602223e-01
9.953128736385461472e-01
8.898486894370363220e-01
6.934524257255507695e-01
4.232131622935637605e-01
1.095431877639327922e-01
-2.155669319092946568e-01
-5.173983853171277847e-01
-7.653666075382132838e-01
-9.324311339258677389e-01
-1.000000000000000000e+00
-9.653088596810588395e-01
-8.296846340941831377e-01
-6.078209270976184797e-01
-3.209297532683754728e-01
-1.526893299872211784e-03
3.189218635318427086e-01
6.046642134944271163e-01
8.259909920290020580e-01
9.629417516859337667e-01
1.000000000000000000e+00
9.335507395948847709e-01
7.690350608777420938e-01
5.272349811895438165e-01
2.302556530068191609e-01
-8.865408379719852405e-02
-3.961845934677025172e-01
-6.602198420670037926e-01
-8.538450095152844144e-01
-9.567284711516974571e-01
-9.569578266999781979e-01
-8.593481932152297054e-01
-6.720884485660343355e-01
-4.156569231615411253e-01
-1.155537858888771030e-01
1.943856310964706680e-01
4.833176389267557216e-01
7.198257714001341512e-01
8.791948200186638918e-01
9.491148980947512470e-01
9.210573702712843147e-01
7.988114854336083592e-01
5.941273430971363290e-01
3.317077615398995594e-01
3.615697322624500387e-02
-2.603652052523793836e-01
-5.269109054062997011e-01
-7.365844942362513859e-01
-8.680847861807270416e-01
-9.086031548888211518e-01
-8.530197285013196851e-01
-7.116587756061645287e-01
-4.972359380287895148e-01
-2.333315873627634929e-01
5.341564727428260717e-02
3.320266525795869672e-01
5.747787611006529573e-01
7.557574488316252115e-01
8.559963844444913317e-01
8.697399558936180775e-01
7.945604530972030233e-01
6.392766510716814121e-01
4.191654499276895596e-01
1.600339264454440080e-01
-1.132934126957219068e-01
-3.712623982091749486e-01
-5.871492337856677457e-01
-7.408868859797318462e-01
-8.168146238445248564e-01
-8.081071180790581066e-01
-7.151262776699378598e-01
-5.510622301221838049e-01
-3.307013128179672190e-01
-7.905993848380321598e-02
1.776555219386048989e-01
4.130556843531614231e-01
6.040855169440846328e-01
7.310439624339875042e-01
7.808188146975958421e-01
7.532171860867211688e-01
6.503661050229516682e-01
4.838218096540969348e-01
2.703814766704792927e-01
3.449895745768127853e-02
-2.009303682445727768e-01
-4.105250718615148786e-01
-5.734128171027582654e-01
-6.771826438838822737e-01
-7.111869415750093903e-01
-6.727237290857940311e-01
-5.660651391463249471e-01
-4.054563563198263498e-01
-2.054711402309583601e-01
1.216595600163650204e-02
2.250799337970572633e-01
4.122019609594660405e-01
5.556017389413296925e-01
6.408310006466653164e-01
6.592611059819843966e-01
6.139482218216534282e-01
5.090466628374086255e-01
3.555741066070725598e-01
1.688177704846378635e-01
-3.071804391708310433e-02
-2.239306296960097420e-01
-3.902982383148737577e-01
-5.134633928154120897e-01
-5.849808394121783772e-01
-5.977995087093046500e-01
-5.512422557287361968e-01
-4.503959283969486416e-01
-3.082654759582663662e-01
-1.373834308121250070e-01
4.464037970296064195e-02
2.193329366919392065e-01
3.701425063962651141e-01
4.831894162822234495e-01
5.468775503595129095e-01
5.547581829633716488e-01
5.106755612634026331e-01
4.187202952604416328e-01
2.881899047740192898e-01
1.321709320326232007e-01
-3.282530981980757989e-02
-1.915129071108155889e-01
-3.273480194843744195e-01
-4.273069412907133380e-01
-4.851369354400200118e-01
-4.953689114680688288e-01
-4.573221565808578415e-01
-3.754750200161693918e-01
-2.604348074819159420e-01
-1.216738513885374795e-01
2.729375687046986521e-02
1.717181872492710148e-01
2.988077019605432927e-01
3.973348636653986077e-01
4.572204461640654305e-01
4.728584714618531137e-01
4.464981444178519610e-01
3.802138847125959842e-01
2.794258415230139736e-01
1.534595633844368923e-01
1.510011102887998113e-02
-1.234958658371428930e-01
-2.480524885970062376e-01
-3.471183983059802358e-01
-4.143290791948871510e-01
-4.432218494947900433e-01
-4.296759784432212514e-01
-3.748677877859529772e-01
-2.861822059623438941e-01
-1.704053517187248401e-01
-3.846071741155732138e-02
9.681040414261277149e-02
2.229072065447537110e-01
3.288214858955440523e-01
4.035359728305267790e-01
4.397591075559792451e-01
4.367719995684711254e-01
3.940301402989083712e-01
3.142471771443808848e-01
2.046176949950029300e-01
7.662925500492101527e-02
-5.916934771469473109e-02
-1.892797579987486323e-01
-3.015299911839224301e-01
-3.872737722709543862e-01
-4.380748498297757365e-01
-4.468439561697665763e-01
-4.119570771160602218e-01
-3.389838116553974823e-01
-2.331410875685112627e-01
-1.030488646665455033e-01
3.955927670551884212e-02
1.805557325483158060e-01
3.072680927301436604e-01
4.058346052318781982e-01
4.661316303496922941e-01
4.843948119757863768e-01
4.575210917383520925e-01
3.862564303653222009e-01
2.764548347996933497e-01
1.397224238813374875e-01
-1.300039061623470271e-02
-1.665758331419051608e-01
-3.056790149058292716e-01
-4.169366377480759889e-01
-4.893223948998675077e-01
-5.132630492175256354e-01
-4.846296909528798880e-01
-4.087094283689843843e-01
-2.909356915016996226e-01
-1.415386204741804210e-01
2.555888364637670662e-02
1.929223341643218070e-01
3.448459324521970792e-01
4.643185898735813222e-01
5.385802865049962307e-01
5.619344403141139921e-01
5.302869124238589471e-01
4.452017739954143849e-01
3.139720950197926186e-01
1.512391531292833768e-01
-2.956656821167003013e-02
-2.102517597699626872e-01
-3.723035929977160929e-01
-4.995546900311026439e-01
-5.789457031957814248e-01
-6.003777229486970679e-01
-5.597627520051832173e-01
-4.636133413502573353e-01
-3.192277260629917679e-01
-1.397226548629402210e-01
5.817350658997932911e-02
2.533438605320881276e-01
4.268950392681589712e-01
5.592326483640632784e-01
6.359012421280565430e-01
6.511757878968007507e-01
6.014439790220142967e-01
4.902564225437251455e-01
3.272188474516009027e-01
1.305208154343007187e-01
-8.261621547058306536e-02
-2.898654004173718546e-01
-4.694142273696083612e-01
-6.027210912695184497e-01
-6.756805776154460874e-01
-6.792641703762193339e-01
-6.108169238621146135e-01
-4.795242449334847779e-01
-2.959547608841035515e-01
-7.911368973657073589e-02
1.494208718368996713e-01
3.652523928855080371e-01
5.469263048076515865e-01
6.739542229274371188e-01
7.319472026547708676e-01
7.173152378623490755e-01
6.292209264269761348e-01
4.758387105478367740e-01
2.713153645172430295e-01
3.883374144585460819e-02
-2.000075235620272229e-01
-4.193399307670065967e-01
-5.961193231572483597e-01
-7.134341363946989922e-01
-7.580514426780715631e-01
-7.244700559696017894e-01
-6.143632610507208103e-01
-4.407799316460165873e-01
-2.183351607825344542e-01
2.883595518655202028e-02
2.755687086739142533e-01
4.958523497018294535e-01
6.673330580053522532e-01
7.705557361256143434e-01
7.931646764304196573e-01
7.359392609938111285e-01
6.022824498038104046e-01
4.054127915968559481e-01
1.638634432373229366e-01
-9.553151072358156970e-02
-3.474124721674963778e-01
-5.634352526643007231e-01
-7.207329627586851473e-01
-8.053355858589508198e-01
-8.066934871790878425e-01
-7.239356242747319037e-01
-5.638738882748615122e-01
-3.455316492700395425e-01
-8.831158111937720268e-02
1.800454560949005245e-01
4.316915424876539564e-01
6.402156672677943305e-01
7.840397115763819702e-01
8.467219870425364281e-01
8.196287561947757094e-01
7.094643166384311250e-01
5.252320145821254282e-01
2.863008040452010849e-01
1.625810994666676557e-02
-2.549737351821372844e-01
-5.002825490525979468e-01
-6.924192894833036682e-01
-8.105491889994806964e-01
-8.452275416061598712e-01
-7.909585217265291401e-01
-6.535103603910816794e-01
-4.458080802600612458e-01
-1.926394870751527710e-01
8.253245641669848531e-02
3.501558856531024055e-01
5.818978229931430768e-01
7.541937588283225136e-01
8.487864811711025581e-01
8.557832288255153852e-01
7.727783890789063914e-01
6.112094122446043443e-01
3.849863762419198920e-01
1.191066392333259838e-01
-1.594288549863949189e-01
-4.206410312901974757e-01
-6.381182386528745365e-01
-7.877867711414880958e-01
-8.529132367197189701e-01
-8.304737022574000260e-01
-7.207864126799843341e-01
-5.354674898532285621e-01
-2.922535311050278306e-01
-1.902905745479344102e-02
2.575054052668601656e-01
5.064456465890214698e-01
7.015138371341937962e-01
8.246232707780212223e-01
8.618609015571179199e-01
8.092744201050758868e-01
6.708877375635438067e-01
4.642888727881795408e-01
2.081398840745136702e-01
-6.872961534006227780e-02
-3.371404941546624068e-01
-5.688289808994444474e-01
-7.400676424821728272e-01
-8.323550144347224844e-01
-8.348031221077323316e-01
-7.514664771673521537e-01
-5.891132806432914926e-01
-3.652616967078076149e-01
-1.022375423004844297e-01
1.700158529495146009e-01
4.243182973370560607e-01
6.325998608220706476e-01
7.728796152952921439e-01
8.343312141953076466e-01
8.092073541323185903e-01
7.005006029106566334e-01
5.186421571907335881e-01
2.857867707898962273e-01
2.374144438455871864e-02
-2.387614884614877031e-01
-4.739721514627045496e-01
-6.578013322028775089e-01
-7.712754687850826851e-01
-8.029140370637022350e-01
-7.483201781752304438e-01
-6.171403177277757779e-01
-4.210565545879216831e-01
-1.818193875332712039e-01
7.608717482308002822e-02
3.243906545645565132e-01
5.379838235915110900e-01
6.933172015298829649e-01
7.734787991587002143e-01
7.741690687148730099e-01
6.940349845311788446e-01
5.421071983075615996e-01
3.333856040940494925e-01
9.259575532885455651e-02
-1.568126355324128696e-01
-3.871680783624931177e-01
-5.739665708662575749e-01
-6.996567496099318495e-01
-7.508035955264723560e-01
-7.226063568638980694e-01
-6.171941541921800445e-01
-4.489509544845682321e-01
-2.332191691080287566e-01
5.267841818876739524e-03
2.410685909593814902e-01
4.494056719639636377e-01
6.092265451513452224e-01
7.035041167352455993e-01
7.218265137563490974e-01
6.668948081848478093e-01
5.433559626118695807e-01
3.648872342888223042e-01
1.497610834654301559e-01
-7.699667937828369446e-02
-2.926748917449506493e-01
-4.733306199297745431e-01
-6.001156482943357240e-01
-6.637662465962667069e-01
-6.569555725409875757e-01
-5.808862338482990717e-01
-4.433535721809032104e-01
-2.619142270033230080e-01
-5.362774077351672997e-02
1.584132581200643486e-01
3.515250009183426005e-01
5.061071541950024066e-01
6.065404257070601268e-01
6.427474213852988338e-01
6.104785532772523116e-01
5.171205543712624753e-01
3.711924488195614824e-01
1.889886511906755384e-01
-1.049862030374926203e-02
-2.052369061625378688e-01
-3.756710480630698346e-01
-5.029809794119614041e-01
-5.736439293520130267e-01
-5.844282318163015466e-01
-5.336919956925058051e-01
-4.273374127592464156e-01
-2.764000460256446079e-01
-9.940959231957446907e-02
8.641569204545751504e-02
2.603444758922286439e-01
4.037201388775806254e-01
5.035174868644354262e-01
5.495104860036599259e-01
5.374178150905033480e-01
4.683966626809619171e-01
3.527777209659699320e-01
2.011310391789946639e-01
3.123357347364419390e-02
-1.382356374936263288e-01
-2.896030030833744995e-01
-4.077889581814411191e-01
-4.799982668010528419e-01
-4.985167711114775191e-01
-4.657572856338590972e-01
-3.846920575398514730e-01
-2.641906568965035618e-01
-1.170648600018495689e-01
3.917839954292889892e-02
1.889209269616001219e-01
3.151601034520972178e-01
4.048013166402937291e-01
4.523877831564273588e-01
4.527703959582392024e-01
4.061479547370174803e-01
3.179734554494881849e-01
2.001896044802173869e-01
6.372910598572478769e-02
-7.610029455616906802e-02
-2.038867526511392025e-01
-3.070366420219198256e-01
-3.754950072517660997e-01
-4.024402192422525948e-01
-3.852441043974536017e-01
-3.292456785403889974e-01
-2.396010926626115367e-01
-1.262479601553002651e-01
-1.471589728259892205e-03
1.210043448388709031e-01
2.290425203006143384e-01
3.103862536641472936e-01
3.566609073468141045e-01
3.669211678974098056e-01
3.400102636714785742e-01
2.786424369768369935e-01
1.896015333849430107e-01
8.421208889447884260e-02
-2.743086712481201950e-02
-1.326281898787070590e-01
-2.199980230124306546e-01
-2.824640468216254030e-01
-3.139583104154053395e-01
-3.111599424592542684e-01
-2.747086419527272616e-01
-2.109201604519391759e-01
-1.254658266672069589e-01
-2.862598871746646623e-02
6.828660756366322637e-02
1.554024668380080687e-01
2.243594436008584658e-01
2.674310624791191859e-01
2.802743497424549091e-01
2.651508538616107469e-01
2.235632340825113307e-01
1.597425437187731667e-01
8.107205037795250924e-02
-2.636395465261731630e-03
-8.314074355381129156e-02
-1.508469636932473490e-01
-1.987461273792554550e-01
-2.253162776104749021e-01
-2.278262081632747016e-01
-2.055292957390715269e-01
-1.615962684020573192e-01
-1.025169634357170345e-01
-3.345602997890739783e-02
3.766083703575273667e-02
1.025484323535601483e-01
1.553712996656020362e-01
1.913250836623949791e-01
2.064757882685606116e-01
1.996822086293361664e-01
1.743848538873844500e-01
1.327731709590582732e-01
7.913097319001605179e-02
1.977533409224174754e-02
-3.882558817454462297e-02
-9.112012832099958271e-02
-1.306055585338568026e-01
-1.533588038781773522e-01
-1.603022263014064475e-01
-1.508061797073545485e-01
-1.251113212120528173e-01
-8.657308456464207769e-02
-4.057042377342501283e-02
8.746344024737950917e-03
5.540267926801800691e-02
9.407028515343207609e-02
1.225268878107133030e-01
1.382016313135330243e-01
1.384940675591781467e-01
1.237228977896924764e-01
9.758121420721854733e-02
6.217021306217485055e-02
2.158863806927691087e-02
-1.877131128235298707e-02
-5.498058297351005042e-02
-8.384190419531534211e-02
-1.016551246927068775e-01
-1.067892001254902024e-01
-1.010297930358320384e-01
-8.474458909033077969e-02
-5.933184285128467739e-02
-2.848749480696211034e-02
3.657057004069041994e-03
3.443185959470440594e-02
5.999591015925953563e-02
7.757603284235892183e-02
8.771515027612108995e-02
8.943050305750555040e-02
8.164524574114784272e-02
6.592899408966412800e-02
4.529156301724124312e-02
2.138881703286488190e-02
-2.964498016399197411e-03
-2.473253394116370352e-02
-4.262004742334701834e-02
-5.503590090268517532e-02
-5.992924379421538106e-02
-5.731446603872059065e-02
-4.934086091484535253e-02
-3.645902585403204554e-02
-1.960366162949644941e-02
-1.183628163069050387e-03
1.677902909924333663e-02
3.284326983401286704e-02
4.495289716478989561e-02
5.203380221755526946e-02
5.484280183746914616e-02
5.299216882993573741e-02
4.605911752913627311e-02
3.529717121981601480e-02
2.259155676288471248e-02
8.889896707289013378e-03
-4.337220635072691621e-03
-1.559889747723086639e-02
-2.450714306397361320e-02
-3.023421892673627820e-02
-3.147847798328851088e-02
-2.833508268685869247e-02
-2.215048021702914482e-02
-1.337953266889080339e-02
-3.116799807613590545e-03
7.047102153240780709e-03
1.617989850983492239e-02
2.347126781658426253e-02
2.781592500850482708e-02
2.882567163609506267e-02
2.711746014032878627e-02
2.279664466257380617e-02
1.640698982984956089e-02
9.198946421216769309e-03
2.399499493865864252e-03
-3.464768677003293718e-03
-7.844113517982420625e-03
-1.032133134771462402e-02
-1.128941520618342853e-02
-1.060904567696963063e-02
-8.158851309390757756e-03
-4.580842384898198283e-03
-6.961135009267982454e-04
3.211494326598840487e-03
6.748353358760894594e-03
9.505414268336620509e-03
1.156169415434771253e-02
1.272309201817467539e-02
1.279197110003904569e-02
1.201555787547370358e-02
1.080242709015633018e-02
9.242730230108131551e-03
7.473253226522924564e-03
5.766518841060719325e-03
4.245930440615941492e-03
3.033488618283008975e-03
2.200285080442787589e-03
1.668204945816098572e-03
1.252309031814391460e-03
1.007372821116625516e-03
1.117651603153912987e-03
1.559176153863361947e-03
2.242377336310275027e-03
3.109300264702907768e-03
4.028181782963935476e-03
4.925376042652418462e-03
5.825932686848167563e-03
6.639408892177511845e-03
7.194653575701037695e-03
7.422610368319926266e-03
7.310772120970421284e-03
6.885211865698792622e-03
6.280439712192498192e-03
5.630833988437888848e-03
5.061491604735790517e-03
4.616098965368076179e-03
4.300541466473184471e-03
4.135884169499393082e-03
4.083100835035047282e-03
4.143000903129578916e-03
4.302150676278815311e-03
4.482240870367304453e-03
4.601083542647321778e-03
4.650362190900425574e-03
4.650191093216626825e-03
4.611186788148424753e-03
4.580567836618643085e-03
4.552166903839971468e-03
4.504010361968679987e-03
4.458862760668091951e-03
4.434157363261803653e-03
4.430814267518456973e-03
4.449118611872471263e-03
4.482350241961308157e-03
4.512401578128155677e-03
4.541089815151888587e-03
4.574966712197259255e-03
4.609180320445549484e-03
4.643335048311048041e-03
4.675828259625758321e-03
4.702138109435205493e-03
4.722573206974445270e-03
4.740315820251694845e-03
4.755425689796144439e-03
4.768177307993504144e-03
4.778845167229262003e-03
4.787703759889128108e-03
4.795027578358590503e-03
4.801091115023581324e-03
