1.494655717978581322e-01
-5.238719685515091928e-02
-2.036015251292453421e-01
-3.082240126455586537e-01
-3.703012590252237057e-01
-3.938798638893736825e-01
-3.830064268591417687e-01
-3.417275475556634801e-01
-2.700510548803035649e-01
-1.697656356942108813e-01
-4.759829561361428318e-02
8.029212676198893561e-02
1.992274142971890427e-01
2.988460896866851346e-01
3.678831774710957792e-01
3.975240263758366144e-01
3.835663481755349213e-01
3.299181866275049391e-01
2.407819520587426432e-01
1.249543954004121993e-01
-5.698126392297053755e-03
-1.359072830465203330e-01
-2.527011767152168575e-01
-3.423528281344476731e-01
-3.949710280379947758e-01
-4.080134821860260663e-01
-3.789438026111804358e-01
-3.096228172006594281e-01
-2.068822359998994109e-01
-8.321112118209683661e-02
5.024790022721692395e-02
1.787083865629346402e-01
2.879113897865424043e-01
3.669651570825318565e-01
4.075679073600420033e-01
4.049389073836642261e-01
3.585802566168070360e-01
2.753161202607383728e-01
1.620149974695210826e-01
3.090823269954134922e-02
-1.040886777652246797e-01
-2.284672064786849033e-01
-3.297480963620771366e-01
-3.958048606899908783e-01
-4.189708449722971961e-01
-3.999067137713196995e-01
-3.394565934946254249e-01
-2.429941379312798855e-01
-1.200171386182965483e-01
1.518257580252568850e-02
1.496407139423927557e-01
2.678966635925426054e-01
3.572379599527368832e-01
4.105310060980911224e-01
4.217384113877040708e-01
3.890066468681081524e-01
3.153539975355963421e-01
2.103610541116491817e-01
8.293146686058694428e-02
-5.322077820957604732e-02
-1.834315602925185029e-01
-2.943407212463060585e-01
-3.749697460371769209e-01
-4.155112109700850320e-01
-4.108402865353895095e-01
-3.649498331476590529e-01
-2.815702949194051063e-01
-1.688607535553509065e-01
-3.838318257043205062e-02
9.527759425014581396e-02
2.191138576076436806e-01
3.190090394692075559e-01
3.844323857784643916e-01
4.114435367129156695e-01
3.966583872720683690e-01
3.410459000046599520e-01
2.503848313028325112e-01
1.362316540247072716e-01
8.359588404557527497e-03
-1.200945868809704109e-01
-2.354700970700510654e-01
-3.269098623961192995e-01
-3.855361164833017718e-01
-4.045640368212704008e-01
-3.815914836123147635e-01
-3.216812324839075643e-01
-2.297235287838217399e-01
-1.146890473175947722e-01
1.184755035325157912e-02
1.364760730361260777e-01
2.473304809442233854e-01
3.318413969739824054e-01
3.811413850412361803e-01
3.932675320899425842e-01
3.663429087452163557e-01
3.021373139200171920e-01
2.068819286552601167e-01
9.170051832888881371e-02
-3.336459708448502592e-02
-1.550754812173539277e-01
-2.607813571214639969e-01
-3.411093335699915130e-01
-3.881558665639901484e-01
-3.959014545186396727e-01
-3.629357905129750872e-01
-2.951216214540592908e-01
-1.977782862168891986e-01
-8.044699606851768436e-02
4.491235461243725524e-02
1.655331193492031172e-01
2.701894910071624967e-01
3.471894589654413998e-01
3.885189644949169629e-01
3.928010025154200502e-01
3.587872240972866944e-01
2.887742345694634949e-01
1.895296534229142793e-01
7.242838605256163298e-02
-5.254620291788492104e-02
-1.724185271062510516e-01
-2.750669211665617286e-01
-3.519575166414943279e-01
-3.953196829575940097e-01
-3.991839038637796655e-01
-3.625157761834966186e-01
-2.910855088794852552e-01
-1.902535160570882899e-01
-6.913456228327985453e-02
6.059746097348051030e-02
1.857228826964132384e-01
2.945650278665623567e-01
3.746959089135561971e-01
4.175428420782318906e-01
4.212219882700041218e-01
3.840623654347408156e-01
3.079929979469184786e-01
1.996578284844297002e-01
7.079806127215859668e-02
-6.771451382564275256e-02
-2.014119111619140368e-01
-3.166023990971574831e-01
-4.026032021010069739e-01
-4.504635416320404984e-01
-4.531721025803161496e-01
-4.089697296322378772e-01
-3.243249532791513401e-01
-2.055799236103958982e-01
-6.399139532658348895e-02
8.650591038149979539e-02
2.301846419500470642e-01
3.532359119476877751e-01
4.413917730797833894e-01
4.847373789254858512e-01
4.807868392634340182e-01
4.281304121429834186e-01
3.304407045424924139e-01
1.965039651150566336e-01
4.139321920381489051e-02
-1.213400007305799333e-01
-2.743977397185911604e-01
-4.016583807094150638e-01
-4.909113119886331367e-01
-5.321724893034740500e-01
-5.191964810005997855e-01
-4.515463018735209610e-01
-3.374451384829666445e-01
-1.857157918433861576e-01
-1.159457353382853384e-02
1.676358123088810270e-01
3.328811520499153076e-01
4.675793396341900721e-01
5.555754649331929862e-01
5.861807207244698059e-01
5.582390616009351714e-01
4.721461963444759657e-01
3.349953046679152724e-01
1.591047802659804056e-01
-3.598960547509921781e-02
-2.320097239964460378e-01
-4.068305487198174974e-01
-5.414760389877240065e-01
-6.227963561064876474e-01
-6.407120243792403524e-01
-5.914483247647330799e-01
-4.778676952172533632e-01
-3.131001660432735090e-01
-1.108961909714021310e-01
1.064619729028197792e-01
3.160126722150957690e-01
4.952489126550638776e-01
6.253884167593664056e-01
6.906803305623396838e-01
6.820996543325263950e-01
6.029362076160884598e-01
4.585256555141625778e-01
2.629389616573978294e-01
3.499001340552299055e-02
-1.994067361454829879e-01
-4.168891427507623870e-01
-5.923219039500958738e-01
-7.062815563132978092e-01
-7.489723168637101303e-01
-7.133020143838127991e-01
-6.014515472167207832e-01
-4.230040610777510146e-01
-1.986644962524600766e-01
5.121424411878572336e-02
2.990438215582054138e-01
5.182027835749616340e-01
6.850009405454364764e-01
7.810464228404616627e-01
7.947768619765769316e-01
7.220808652744767908e-01
5.730956288197577297e-01
3.601615819918353445e-01
1.061228394012023735e-01
-1.633705839381583980e-01
-4.181245759315389554e-01
-6.316383319882030722e-01
-7.788246906241432788e-01
-8.420739439386837333e-01
-8.172043094094797455e-01
-7.038034299702361496e-01
-5.133353493277169610e-01
-2.637026607643147003e-01
1.602164933220762144e-02
2.984654712755923089e-01
5.515285202690745070e-01
7.471945600347935645e-01
8.652922132140741240e-01
8.913935586281653833e-01
8.221786959754056046e-01
6.623335307907072256e-01
4.313501676713702437e-01
1.500566984426514594e-01
-1.499324447236770608e-01
-4.368120246616841174e-01
-6.789778846320719818e-01
-8.503596023462383080e-01
-9.305960113968424485e-01
-9.082987584783159818e-01
-7.897096672741406032e-01
-5.842976420507216551e-01
-3.145942969794687238e-01
-7.733928354219821166e-03
3.009483781540907010e-01
5.794744407833523070e-01
7.956572386137050756e-01
9.249318826135646265e-01
9.560684485731292259e-01
8.830029330338777793e-01
7.138439390799711237e-01
4.646255458454033871e-01
1.658310566633722782e-01
-1.536879291989148300e-01
-4.580691466399071654e-01
-7.138217078022912609e-01
-8.936895083714908594e-01
-9.772792220183120770e-01
-9.557961956248325341e-01
-8.290604437280105765e-01
-6.135295494043562226e-01
-3.286052715534358848e-01
-7.412110189475518141e-03
3.160967336382112247e-01
6.058697316931385135e-01
8.310322635465601238e-01
9.657896145057263126e-01
9.935723326781655818e-01
9.156265101014913199e-01
7.373833641050508980e-01
4.788540928654825279e-01
1.658154639299285193e-01
-1.649490465403556927e-01
-4.791970674089011117e-01
-7.403586375753654636e-01
-9.193958591290876114e-01
-1.000000000000000000e+00
-9.712019265858808925e-01
-8.366845284868836830e-01
-6.088783993774262715e-01
-3.163665143959067949e-01
1.246505738453929091e-02
3.398742152805105388e-01
6.299414855091316490e-01
8.511184251722507810e-01
9.789822882584271468e-01
1.000000000000000000e+00
9.096210499204142597e-01
7.213078755415127663e-01
4.519933065338512801e-01
1.341093950809046920e-01
-1.982718596198392857e-01
-5.076218869931875544e-01
-7.611176879989195454e-01
-9.299633651894483322e-01
-9.943990230747360437e-01
-9.519809557969487468e-01
-8.048983217868328488e-01
-5.706640694544991010e-01
-2.731632293751007357e-01
5.146472378568089923e-02
3.695722874693663229e-01
6.441575867264539568e-01
8.450234684422852638e-01
9.538648714611186463e-01
9.571797694818091617e-01
8.556135199058250151e-01
6.588073192892229812e-01
3.925258290869459987e-01
8.290278269171458270e-02
-2.336925640939072624e-01
-5.223689493989485122e-01
-7.515374091199579221e-01
-8.961127514372485559e-01
-9.410049384335740230e-01
-8.797670246975293207e-01
-7.236772357946794632e-01
-4.871404620818747810e-01
-1.986447500494243901e-01
1.108942184545265164e-01
4.056635717677217201e-01
6.541721771998321167e-01
8.279692392722841632e-01
9.070099458502582923e-01
8.875124106074767649e-01
7.697839513112418874e-01
5.684410247368647529e-01
3.043173826244565117e-01
1.013707208491654299e-02
-2.834965933105165758e-01
-5.422705747158544920e-01
-7.372437790541385150e-01
-8.497864975235023266e-01
-8.666652532998773140e-01
-7.876794976568496365e-01
-6.204156043618478389e-01
-3.877595214628166698e-01
-1.128791038331924401e-01
1.714779687583734002e-01
4.335164770797184097e-01
6.443112372908679220e-01
7.808079702737424910e-01
8.284697037023618371e-01
7.807567893462612485e-01
6.477056389182134222e-01
4.418999550154005806e-01
1.891857034184569741e-01
-8.244402900965508429e-02
-3.411512167675498919e-01
-5.590367699324757522e-01
-7.110082852415837706e-01
-7.795020015117637424e-01
-7.618162747085357456e-01
-6.586184199934329575e-01
-4.832717047384957887e-01
-2.547417697602136766e-01
-2.409876028391932934e-03
2.470588922131480292e-01
4.642316322263682071e-01
6.245277772192174837e-01
7.134434191589542618e-01
7.204242453063627316e-01
6.462325792705962968e-01
4.986378107123308201e-01
2.983831325203094575e-01
6.587831130197541185e-02
-1.704972190293329026e-01
-3.835727644849280527e-01
-5.497929190280133049e-01
-6.507620925107524545e-01
-6.764580364066060669e-01
-6.233820558052295402e-01
-5.013570418433114240e-01
-3.220787256973203228e-01
-1.086613084753115244e-01
1.145551178833856820e-01
3.212912656411843759e-01
4.888480850423309043e-01
5.973844025567134342e-01
6.339218094685692417e-01
5.993283370500559482e-01
4.963588924857131879e-01
3.379270092019246441e-01
1.414213736460712134e-01
-6.793837441206407313e-02
-2.671780142471690267e-01
-4.315744557581265850e-01
-5.420482307316303316e-01
-5.897598587269550219e-01
-5.683795813868679492e-01
-4.813531513147506491e-01
-3.381953146226603923e-01
-1.591118025934907809e-01
3.732172671553835031e-02
2.270486419150408164e-01
3.873477298316305717e-01
5.004680176041742534e-01
5.534725712120911467e-01
5.411510038327276284e-01
4.639342602415539307e-01
3.341461377457981552e-01
1.646759991280073443e-01
-2.232613275813422060e-02
-2.045246675695157057e-01
-3.604782045815707603e-01
-4.725581188059828630e-01
-5.274255589576474224e-01
-5.178337149495653158e-01
-4.490954339431583175e-01
-3.276158344439549230e-01
-1.684958491521048041e-01
1.008812122603375272e-02
1.851369034452443607e-01
3.370426238093628957e-01
4.468415916589496550e-01
5.011851154589583857e-01
4.978532312707852903e-01
4.358228091980835828e-01
3.225696741253734068e-01
1.706235676108216470e-01
4.623122191333983722e-04
-1.698181262080654674e-01
-3.191707901313870499e-01
-4.291850971720739816e-01
-4.883764306735670635e-01
-4.892576985889230956e-01
-4.324386504551928079e-01
-3.233744821331256958e-01
-1.775001856350036933e-01
-9.584575792607519240e-03
1.592786716800036473e-01
3.087272941221350653e-01
4.214216947714657380e-01
4.841467177701748170e-01
4.897496269640819744e-01
4.363731575341163182e-01
3.325254586471380058e-01
1.876865102173665978e-01
2.036754856729383611e-02
-1.499607286452173671e-01
-3.028105624152965802e-01
-4.208714659546416437e-01
-4.889209634353338663e-01
-4.977403357337744083e-01
-4.499561943878388481e-01
-3.491792073872646007e-01
-2.068897485828049554e-01
-3.842308566544816451e-02
1.347458784309094604e-01
2.935032573234237496e-01
4.174418360726932509e-01
4.914406507752471231e-01
5.097779273788272114e-01
4.686429344079430237e-01
3.724538794274221409e-01
2.310785186666595159e-01
6.339622653646803663e-02
-1.136902936224541971e-01
-2.788441485198467351e-01
-4.120854855055072763e-01
-4.984350561532097101e-01
-5.274858972010527669e-01
-4.959952978441610760e-01
-4.059024411964436974e-01
-2.697115277380200959e-01
-1.002354829774240175e-01
8.189749713560368072e-02
2.557513097989883022e-01
4.011083620309967568e-01
5.015651802831151418e-01
5.441964411534376822e-01
5.223491246205056449e-01
4.419754398169564169e-01
3.099910923354125547e-01
1.418771469418838027e-01
-4.394278902966453071e-02
-2.248308394457839698e-01
-3.810619524525251656e-01
-4.932828437382991149e-01
-5.477802265807573123e-01
-5.413721524141107411e-01
-4.729904377022194906e-01
-3.503196854026454643e-01
-1.862228578637449283e-01
-2.063017509651765558e-03
1.835449823731758467e-01
3.488842316564588764e-01
4.744739659788588249e-01
5.475302361841754006e-01
5.590863298801282966e-01
5.079316108346407788e-01
3.984240686489266547e-01
2.451740759074616527e-01
6.278021732903060759e-02
-1.269795116605548779e-01
-3.025844377238370297e-01
-4.443350455063312943e-01
-5.365248098392521037e-01
-5.683164821541044631e-01
-5.348359680995156129e-01
-4.430463919605195366e-01
-3.010089348245975627e-01
-1.252215001940423234e-01
6.529978843334971472e-02
2.480116007979915604e-01
4.032739654389267958e-01
5.121925307536112637e-01
5.616828672304932102e-01
5.497078358067415405e-01
4.760198209493506916e-01
3.488134791031081150e-01
1.812270129516404538e-01
-5.672672866721129026e-03
-1.928437231904432947e-01
-3.581737491305226895e-01
-4.825703926512237008e-01
-5.539487711884529819e-01
-5.637468051259355573e-01
-5.111612843820017016e-01
-4.009515563400372073e-01
-2.480116125435026797e-01
-6.686490402792544252e-02
1.212743753398406454e-01
2.951937827818491566e-01
4.357759748918619280e-01
5.278171605295320923e-01
5.606148442562877143e-01
5.293754128547960569e-01
4.410791826043136687e-01
3.036250637292017274e-01
1.333905851365952966e-01
-5.088595428621012218e-02
-2.277590984782045247e-01
-3.785100418191200689e-01
-4.853374707487707607e-01
-5.358853280445886602e-01
-5.282418056342775836e-01
-4.621152429202232126e-01
-3.451231371622088817e-01
-1.897414466345658246e-01
-1.585884620894417729e-02
1.589646211876307724e-01
3.144389829286577953e-01
4.329951764283894722e-01
5.039688716327743734e-01
5.192055448825492192e-01
4.773836621084235343e-01
3.826307271202484817e-01
2.479958769414367659e-01
8.626018981285388243e-02
-8.346038620362505878e-02
-2.420514955851572614e-01
-3.724201987615785026e-01
-4.607966350286467616e-01
-4.974216355448664029e-01
-4.777625978601484080e-01
-4.076818170580974732e-01
-2.935351387109211840e-01
-1.484740695521016285e-01
1.172284807392087735e-02
1.683833334061828335e-01
3.051200349574374471e-01
4.057887267369437723e-01
4.591090288180716961e-01
4.631325543735473893e-01
4.167381224180639610e-01
3.251717061385810403e-01
1.982677206564302796e-01
5.228500420305559615e-02
-9.821431512015998955e-02
-2.357713151395225415e-01
-3.448529646498593726e-01
-4.154798969864674785e-01
-4.401006195726679948e-01
-4.165504379748821151e-01
-3.472564162742387550e-01
-2.424544956632889159e-01
-1.119479453976397476e-01
2.895478829374753538e-02
1.642861154688084468e-01
2.795671118207323502e-01
3.629433270650088694e-01
4.047200183128887296e-01
3.999070422170896144e-01
3.529359841555939070e-01
2.681733842867517481e-01
1.556284798313554152e-01
2.802284758421857980e-02
-9.959191164874658941e-02
-2.140102000968787666e-01
-3.016838362515309457e-01
-3.529825031718908379e-01
-3.659334914362698532e-01
-3.389097735219034346e-01
-2.751242110263129037e-01
-1.820721242139855534e-01
-7.260040300804071478e-02
4.262001459457187558e-02
1.503717544525744465e-01
2.383267535077482346e-01
2.988947251318820886e-01
3.258890659699626990e-01
3.167444294958503548e-01
2.728220676422949964e-01
2.012052075258676798e-01
1.084411680137069567e-01
5.748603210909752903e-03
-9.490460272316647572e-02
-1.829430519324686255e-01
-2.495530021884793115e-01
-2.871212961725035928e-01
-2.917058200370006293e-01
-2.664435502935174060e-01
-2.136677566145327445e-01
-1.390695536005054356e-01
-5.113334047402029459e-02
3.960474492435306360e-02
1.238806545511255131e-01
1.913253527792793118e-01
2.347430865662429866e-01
2.529780336085576398e-01
2.440854882758467514e-01
2.087137881384015792e-01
1.512987071854172694e-01
8.011180289200559024e-02
1.879202517585998322e-03
-7.422417249648372017e-02
-1.392353292910305518e-01
-1.874829762869372196e-01
-2.143366326949883716e-01
-2.166267281910710940e-01
-1.943321031292208900e-01
-1.522636740936726962e-01
-9.415918111339960372e-02
-2.725420237787579136e-02
4.001593369118294774e-02
1.005797476402385815e-01
1.485722919307543854e-01
1.782784911069004163e-01
1.867043488308282040e-01
1.759143908634546172e-01
1.468765900012456438e-01
1.026365111100377980e-01
4.888022632300059733e-02
-7.339095468930634247e-03
-6.058764952453254971e-02
-1.042325933887636724e-01
-1.335595837901997207e-01
-1.486444584520361101e-01
-1.480431223538679619e-01
-1.311482446972684901e-01
-1.006092193336847185e-01
-6.126833867044323423e-02
-1.660885750089002855e-02
2.776191265951721832e-02
6.631155478498040878e-02
9.622187891246491986e-02
1.148281216525905979e-01
1.196678251431153583e-01
1.107546694466923221e-01
9.130703369095938271e-02
6.286831478721688349e-02
2.841772264078845645e-02
-7.429019400595593403e-03
-4.087993132528777718e-02
-6.890644713415117195e-02
-8.770612951284728620e-02
-9.552280851846572940e-02
-9.402919941811216376e-02
-8.317252391955221036e-02
-6.360558702323004798e-02
-3.829370966058098791e-02
-1.066805601959963656e-02
1.694702303557149570e-02
4.097198611369701204e-02
5.864038140763661033e-02
6.987701762520726056e-02
7.363764926201410432e-02
6.878274780007487266e-02
5.645503843659627208e-02
3.943236137866845681e-02
1.904591260367904937e-02
-2.451742262990386223e-03
-2.226342770899547574e-02
-3.900166239883007258e-02
-5.113492600716840197e-02
-5.635825863657639712e-02
-5.434661731495771253e-02
-4.707227784015677319e-02
-3.500357338475323932e-02
-1.959813415616196153e-02
-3.473342069753249106e-03
1.153526791300829579e-02
2.418663609291060723e-02
3.298106486241336732e-02
3.716625885026614284e-02
3.742464791057575901e-02
3.366869953045892316e-02
2.613511569058535322e-02
1.643246501740613930e-02
6.595049427261523434e-03
-2.663302811271806014e-03
-1.054709587571389662e-02
-1.625215492566545183e-02
-2.022745927099445229e-02
-2.203719816598892489e-02
-2.101474849440299053e-02
-1.772341464150228862e-02
-1.313832289996752500e-02
-7.614178533836835072e-03
-1.828734023381906049e-03
3.407521967283111408e-03
7.785613363308518942e-03
1.090676614676988621e-02
1.232156621243052363e-02
1.211628480987614331e-02
1.086388094497392487e-02
8.638990344361552332e-03
5.635467961525142400e-03
2.415111782213763547e-03
-6.112803149412870951e-04
-3.198413196438876227e-03
-5.102502924188456745e-03
-6.255727346837769431e-03
-6.890618631504641378e-03
-6.927698098019074990e-03
-6.240379258595663003e-03
-5.047108508562159201e-03
-3.643236155836504508e-03
-2.129213091211945574e-03
-6.069480400343607585e-04
8.085204135808155002e-04
2.137785540741177215e-03
3.242878529091886008e-03
3.828382233164395743e-03
3.842046619720651535e-03
3.411496979363937143e-03
2.575401881586447672e-03
1.505493683326530885e-03
3.999375914727210102e-04
-6.453834478685749332e-04
-1.530149816812320651e-03
-2.130064224534322648e-03
-2.379230999397075053e-03
-2.291507929319869241e-03
-1.883874522062400914e-03
-1.265432325094795196e-03
-6.075159905717386621e-04
-9.547831258849281966e-05
2.371822442659432539e-04
4.179065851486196692e-04
4.460231914216183924e-04
4.098285268079315813e-04
3.033495845685685310e-04
1.075808267128053330e-04
-1.027448413293274854e-04
-2.642477259189313088e-04
-3.673366174494763214e-04
-4.152155261581969015e-04
-4.187597655135322228e-04
-4.146102736104495534e-04
-3.992153181531232775e-04
-3.778050726070958376e-04
-3.556097104376876317e-04
-3.378594051107741691e-04
-3.297843300915648257e-04
-3.366146588458240885e-04
