-5.202345208088954287e-02
-1.957052538383692308e-01
-2.844843585533346486e-01
-3.255787511331456052e-01
-3.262064164851620207e-01
-2.935853395167437041e-01
-2.349335051352502424e-01
-1.574688982480419996e-01
-7.027054063889581759e-02
2.201928118396878631e-02
1.120027640128076207e-01
1.874519160226841841e-01
2.385982863784543717e-01
2.628684834519068314e-01
2.570093300629523458e-01
2.220323154113166275e-01
1.616715637271834982e-01
8.440525653421615537e-02
-2.248459348502596100e-03
-8.770486617446981992e-02
-1.613867066771577097e-01
-2.154093275486119730e-01
-2.441125462804802915e-01
-2.442564510865204985e-01
-2.155888504569244413e-01
-1.633997588569252590e-01
-9.244858014622314712e-02
-1.221337243077724732e-02
6.701439710145495887e-02
1.361209799331104531e-01
1.876473161289127223e-01
2.150073218080854609e-01
2.148536548848463124e-01
1.899334289025675915e-01
1.424047621362356519e-01
7.788898610383454546e-02
4.396430183207122866e-03
-6.814774287877767289e-02
-1.317251110755087717e-01
-1.776499444846969533e-01
-2.002613885507258384e-01
-2.000186989319781006e-01
-1.763347458912813970e-01
-1.312262196063573860e-01
-7.016730331963494383e-02
-2.008854070056242946e-03
6.614651912135127709e-02
1.252694878856881466e-01
1.674713503409397397e-01
1.888747913083579366e-01
1.867609472808557936e-01
1.611128752151451682e-01
1.147324535571485615e-01
5.479985342222248867e-02
-1.284877274421336590e-02
-7.937037845741490294e-02
-1.357468021465105812e-01
-1.752701300136774165e-01
-1.931549569066344230e-01
-1.867139218218576424e-01
-1.560574777069566599e-01
-1.060641412909443249e-01
-4.105265448899164671e-02
3.043258223277911512e-02
9.909942752295086699e-02
1.563381222849180574e-01
1.952889988658086384e-01
2.096906525127515408e-01
1.966768010938655387e-01
1.595397356703540659e-01
1.010219308929458659e-01
2.749963130485166829e-02
-5.248764740588418576e-02
-1.284547719056164938e-01
-1.916426398508915829e-01
-2.324302830733415703e-01
-2.447546936279998420e-01
-2.289753433471374278e-01
-1.852721115771182037e-01
-1.172876820228330175e-01
-3.213426957654808014e-02
5.880305255886986160e-02
1.461622528666752796e-01
2.184715679147342104e-01
2.659090090563092090e-01
2.832818801762562178e-01
2.673062427271453156e-01
2.184812684887309508e-01
1.409232146673327080e-01
4.466366365532747906e-02
-6.143047113304522799e-02
-1.644584428460426073e-01
-2.515933748833747430e-01
-3.122926947702193701e-01
-3.389075685152230788e-01
-3.266776267332049954e-01
-2.749607139098140252e-01
-1.904033444069024306e-01
-7.982692902144439273e-02
4.356283993012333156e-02
1.655633697318377173e-01
2.717364485591340362e-01
3.500907462274662763e-01
3.895406587597243231e-01
3.837761492209830205e-01
3.351828638273339767e-01
2.467584019563409115e-01
1.270339968051710233e-01
-1.182393622241850739e-02
-1.526394704188478446e-01
-2.806290345023954025e-01
-3.794816458314543839e-01
-4.369841910644066685e-01
-4.482687860784456690e-01
-4.097745385965891884e-01
-3.239612326874038439e-01
-1.985509755502036233e-01
-4.877304147535821421e-02
1.113601234727066291e-01
2.630200531441950762e-01
3.884082785366607116e-01
4.731235390633123927e-01
5.067517579464417832e-01
4.844208637147191521e-01
4.063232884116212418e-01
2.818011744295094712e-01
1.212062255364314556e-01
-5.699784931578910641e-02
-2.334798358574753374e-01
-3.880966162641746875e-01
-5.038579259371409602e-01
-5.657121695285982632e-01
-5.647200785160095826e-01
-5.030774493196095154e-01
-3.845473552632479031e-01
-2.208331465017376871e-01
-2.785243414803606488e-02
1.718167503060377133e-01
3.575211816287313660e-01
5.065287102037141498e-01
6.014707185513286092e-01
6.335469354019354071e-01
5.966723668466811237e-01
4.933043522840496742e-01
3.323162004136854808e-01
1.329649967823842704e-01
-8.623661043086572331e-02
-3.003602784004145709e-01
-4.855341347289074960e-01
-6.210976693015337613e-01
-6.914016989456772677e-01
-6.874029050893690762e-01
-6.067482717126302383e-01
-4.597230221241808135e-01
-2.586197574538005028e-01
-2.648353050805551945e-02
2.121387381222628044e-01
4.303556018975056574e-01
6.049219693279297427e-01
7.148713282262146862e-01
7.462864628487084762e-01
6.980937439365819674e-01
5.724038641802671190e-01
3.822124344391735207e-01
1.459376185583582952e-01
-1.085694851327934085e-01
-3.556757791569661320e-01
-5.666299680399413674e-01
-7.178957936415316654e-01
-7.949226751032253402e-01
-7.870385516334161835e-01
-6.940646647562441762e-01
-5.235382209695680356e-01
-2.959280447073502351e-01
-3.219064696676909865e-02
2.378735290603901653e-01
4.852322217495439460e-01
6.826388054033163399e-01
8.083231351915582952e-01
8.473317539985127933e-01
7.927418743981027305e-01
6.536790724945085174e-01
4.418467288053595787e-01
1.800355217304505651e-01
-1.054554062231833900e-01
-3.819445499955050893e-01
-6.205038539703320311e-01
-7.933690771467672986e-01
-8.802530986152901082e-01
-8.744043522759582521e-01
-7.735420748859849205e-01
-5.883501103540380583e-01
-3.362779417411938532e-01
-4.717613384218333206e-02
2.508271490423750194e-01
5.243354851011625684e-01
7.429938965208273682e-01
8.835237774308930536e-01
9.295097351004442121e-01
8.759587090067419979e-01
7.257531154176783961e-01
4.975479892590701780e-01
2.120233108731719440e-01
-9.805662221132149803e-02
-3.997526588191726571e-01
-6.600085791774168431e-01
-8.511103964281794276e-01
-9.514552596026736309e-01
-9.481536882493751817e-01
-8.452804456237027475e-01
-6.507673235149349367e-01
-3.859488240128570169e-01
-7.717795988571685140e-02
2.398235229913932010e-01
5.326080624327194091e-01
7.679437599612031207e-01
9.198876371266244689e-01
9.753864325204510966e-01
9.260569980290527248e-01
7.773147632091366166e-01
5.428396610771666353e-01
2.508101800754753974e-01
-7.083556466051221800e-02
-3.859833414463770263e-01
-6.606756116195818818e-01
-8.656809967813968720e-01
-9.785628150468697051e-01
-9.877880426129325153e-01
-8.901858554354447062e-01
-6.990851032395615228e-01
-4.312627587919346528e-01
-1.174788423351907918e-01
2.097975182324374188e-01
5.145277677222146462e-01
7.650591636192309863e-01
9.333480675325207532e-01
1.000000000000000000e+00
9.619389032293443886e-01
8.206336479393847583e-01
5.919301188137280345e-01
2.980457661045019524e-01
-2.689616077308620845e-02
-3.501903596043907108e-01
-6.350452379380790990e-01
-8.509341146073106099e-01
-9.776048783922622887e-01
-1.000000000000000000e+00
-9.163166403091915768e-01
-7.336270813759304676e-01
-4.749767235567587953e-01
-1.645504018424412962e-01
1.627794945050120567e-01
4.724720252759428973e-01
7.313149663528477618e-01
9.120323369635743305e-01
9.947744611943154514e-01
9.687452183299145592e-01
8.416568381905256135e-01
6.245774972428848049e-01
3.419099906473535011e-01
2.229365514241909985e-02
-2.981092858355093300e-01
-5.865589576929048921e-01
-8.111564619263169629e-01
-9.474581751292417975e-01
-9.847790401734576315e-01
-9.174974637712057790e-01
-7.541624727149138785e-01
-5.108253279705623484e-01
-2.172412324899839486e-01
9.831321603118725605e-02
4.013896687270657182e-01
6.596313483513678300e-01
8.469373268848194858e-01
9.434432312381033636e-01
9.402983803260533957e-01
8.366001126258189036e-01
6.468395379901537012e-01
3.883184842935958336e-01
9.081751869925902554e-02
-2.147074524934250439e-01
-4.953429354379458305e-01
-7.223635850504258604e-01
-8.712245300070518006e-01
-9.253735946681315161e-01
-8.838789262217677800e-01
-7.494688304625349851e-01
-5.375155249636669463e-01
-2.690460537112735473e-01
2.496210510477170352e-02
3.150226363637860238e-01
5.687024709416070856e-01
7.593848447375635136e-01
8.705075927001046932e-01
8.895667682666563714e-01
8.156435255912126703e-01
6.557012473958030441e-01
4.303085654458569387e-01
1.605734462936039275e-01
-1.236644366095622782e-01
-3.926333671006444481e-01
-6.184273316805581899e-01
-7.780783639063223456e-01
-8.548243452959001232e-01
-8.396111957645888690e-01
-7.393152416505162083e-01
-5.630956887251526988e-01
-3.306889335696910903e-01
-6.577846167076006889e-02
2.020440956060474136e-01
4.459272081360634576e-01
6.395528488063280115e-01
7.626485153098891967e-01
8.064320909784949976e-01
7.656637074350238770e-01
6.460107011027615975e-01
4.596718596463256201e-01
2.297425468476725907e-01
-2.205715874046476621e-02
-2.688709086252052405e-01
-4.848034615242636791e-01
-6.488819460741854783e-01
-7.446578921327059453e-01
-7.633625243082924339e-01
-7.026834849542471506e-01
-5.724917863034377774e-01
-3.845467596950866707e-01
-1.599585169971883269e-01
7.824967242585278981e-02
3.049834683795074053e-01
4.979338219434099599e-01
6.367390783034310164e-01
7.070133778558675974e-01
7.060163842079973939e-01
6.332039668766771268e-01
4.967944185841108862e-01
3.103318048365610871e-01
9.533787581827435353e-02
-1.274599134951397428e-01
-3.337569868294739672e-01
-5.025752947338268939e-01
-6.194796198214289618e-01
-6.725571297683824445e-01
-6.568413770727998813e-01
-5.737964577687550971e-01
-4.350131615652869099e-01
-2.527927796977741393e-01
-4.740723988229234021e-02
1.597695032496930789e-01
3.479036435871440958e-01
4.988698153282813408e-01
5.970639859628099622e-01
6.323877517581413255e-01
6.054187209185171170e-01
5.181840068093648277e-01
3.797960084720275464e-01
2.039789605175796883e-01
1.040841057085040156e-02
-1.825332972386876085e-01
-3.541140902421346937e-01
-4.874085131886963795e-01
-5.725865620042011050e-01
-6.008305138333305262e-01
-5.693029999962622156e-01
-4.812980211433364186e-01
-3.480174993436001563e-01
-1.808862028610596084e-01
2.493179459361671846e-03
1.836000918823368355e-01
3.447734223560516842e-01
4.707878093265933650e-01
5.485135796771587469e-01
5.699318035967066987e-01
5.366639884366550817e-01
4.511156437715417855e-01
3.212344767265278289e-01
1.592952530408608958e-01
-1.738788461187779077e-02
-1.923257150413528738e-01
-3.466686024815313072e-01
-4.652031263061845445e-01
-5.389730660078269064e-01
-5.601295729002973012e-01
-5.257311214034162683e-01
-4.386951003562864493e-01
-3.096085683980266401e-01
-1.491378525475318684e-01
2.584530853568733910e-02
1.975081426014178021e-01
3.491048392836941794e-01
4.662857328501435195e-01
5.365035726007196804e-01
5.521556197644357233e-01
5.147205203168083720e-01
4.266574519786576758e-01
2.959452358861300869e-01
1.349184272818839680e-01
-3.897448572311834614e-02
-2.096227017841876261e-01
-3.586520940904676102e-01
-4.712753412190825442e-01
-5.390168239398134276e-01
-5.542222742468505547e-01
-5.142373010657863563e-01
-4.224260214195360019e-01
-2.895043513719519623e-01
-1.263759933090596865e-01
5.004417240249958709e-02
2.219641086354000592e-01
3.721602944070585561e-01
4.859917809695306623e-01
5.505854284160465184e-01
5.583263003199163688e-01
5.112131142599007916e-01
4.122901987648941446e-01
2.704537920038589949e-01
9.886789102644444327e-02
-8.396063505450035436e-02
-2.606864559744226373e-01
-4.116126332870229110e-01
-5.210919572445387171e-01
-5.801438553152744593e-01
-5.815018844821278066e-01
-5.238536297700879807e-01
-4.119058908368321559e-01
-2.586897649943480371e-01
-7.713445243001160190e-02
1.137904331636154787e-01
2.944562410370663574e-01
4.462675398888016343e-01
5.539130702357886182e-01
6.045942613586854364e-01
5.914419171344331705e-01
5.188115367557148971e-01
3.922069448163976180e-01
2.241127433321163931e-01
3.087039679778347256e-02
-1.663216324675306224e-01
-3.481509921793811690e-01
-4.941627327251091328e-01
-5.886411079062112695e-01
-6.239916667213936119e-01
-5.950261489328062536e-01
-5.040728852357947432e-01
-3.594749912414341164e-01
-1.785036387272982417e-01
2.271990046804672758e-02
2.228463794493567018e-01
4.007284916241116157e-01
5.381715989559299196e-01
6.207162791241918054e-01
6.387247742619051039e-01
5.887281099957455410e-01
4.784985482620127684e-01
3.171884942389593398e-01
1.216494075789325002e-01
-8.861338824179976204e-02
-2.905710489252096851e-01
-4.638789819086198696e-01
-5.887894507363835572e-01
-6.512314444920106471e-01
-6.474529513363451727e-01
-5.760582163419892820e-01
-4.440142871840091487e-01
-2.637888961006111810e-01
-5.636670796024356722e-02
1.585360528101780186e-01
3.570723372593394007e-01
5.177812786719324656e-01
6.247691119892075928e-01
6.661094905903430785e-01
6.370481082301144848e-01
5.391112267960092019e-01
3.848043034366941395e-01
1.876449766929355611e-01
-2.997685842247233001e-02
-2.449174402465829070e-01
-4.341977786888816526e-01
-5.783234275641198074e-01
-6.610066990107297258e-01
-6.723242675624534481e-01
-6.144972863640454364e-01
-4.917521326706705276e-01
-3.170149156238627475e-01
-1.076976941070405536e-01
1.119726639456424255e-01
3.199915263084338601e-01
4.927622227291008628e-01
6.117753131999463800e-01
6.675852913147684031e-01
6.529631565890652301e-01
5.692183454126331643e-01
4.242671393884176467e-01
2.360073485300295815e-01
2.194328719507487868e-02
-1.941028264758499766e-01
-3.889187895598242850e-01
-5.421125673809584766e-01
-6.375932694654211641e-01
-6.651271842293750014e-01
-6.206438278505619355e-01
-5.121777506329276974e-01
-3.492575217988220793e-01
-1.499697662212180482e-01
6.506719666168225835e-02
2.718255647797640506e-01
4.490930252060454375e-01
5.766992273061852803e-01
6.403343732323518722e-01
6.367441148758945513e-01
5.649768628798956804e-01
4.329033014724268380e-01
2.536598287343707625e-01
4.881152626458495902e-02
-1.615119244311651325e-01
-3.535441427410244142e-01
-5.063368882979030206e-01
-6.053199765218719719e-01
-6.395697660192087852e-01
-6.057207042992760471e-01
-5.064643055195495736e-01
-3.552497691447477068e-01
-1.659950518553887644e-01
3.930916264829109608e-02
2.382753615358803589e-01
4.096865778558738125e-01
5.358553657151965410e-01
6.029765864719107693e-01
6.032225225459537654e-01
5.407585653527864356e-01
4.210897781560387632e-01
2.574420986528263011e-01
6.687071537874045291e-02
-1.281355393327663350e-01
-3.076555722971072715e-01
-4.513730403364313304e-01
-5.438558711816309232e-01
-5.790393856781890225e-01
-5.523839065282102334e-01
-4.670502231543943727e-01
-3.318976419911708886e-01
-1.641378160808455444e-01
2.012134281499644572e-02
2.001373549705318666e-01
3.560525393161912966e-01
4.720394995837362551e-01
5.361035929313884285e-01
5.423498010055964880e-01
4.897696674984171050e-01
3.867067904795937761e-01
2.425030049625440665e-01
7.422846526462367756e-02
-9.981639744843429085e-02
-2.607097179574003887e-01
-3.920205158808310886e-01
-4.789817356246817148e-01
-5.120102037585697596e-01
-4.917351345138392116e-01
-4.196712568425358114e-01
-3.038799703556606113e-01
-1.565021339575078940e-01
4.693355144022026693e-03
1.632331582562487338e-01
3.005300915320214816e-01
4.018800062178844446e-01
4.596291534617269470e-01
4.673277314401242943e-01
4.244753381078016918e-01
3.357885385525496424e-01
2.136333644491816841e-01
6.952999205430110408e-02
-8.013004994183903218e-02
-2.186892485447955448e-01
-3.318148525670042703e-01
-4.080557414976546671e-01
-4.391930678872345561e-01
-4.215880689705877593e-01
-3.606902815976232857e-01
-2.621763101184472200e-01
-1.377682356648379791e-01
-1.343451559103536752e-03
1.316750991647612778e-01
2.477506220227625455e-01
3.336792277414453167e-01
3.802675380951356932e-01
3.862271145249711601e-01
3.507673263960711108e-01
2.781354761672800713e-01
1.766170857910978054e-01
5.963227405581439378e-02
-6.127108647865953106e-02
-1.723223000592228882e-01
-2.613115149403619775e-01
-3.210934297438713392e-01
-3.455669763018210938e-01
-3.324916506526308657e-01
-2.837330191567031257e-01
-2.069312612154657893e-01
-1.092129334491439563e-01
-2.170564837423061277e-03
1.019587419295513442e-01
1.923653730112693250e-01
2.600672565680879345e-01
2.975677573294530642e-01
3.009591440705619014e-01
2.733983533458084203e-01
2.175074037708135677e-01
1.393990390782315902e-01
4.782878949922442224e-02
-4.636795470773025230e-02
-1.336411027071194857e-01
-2.035311684739826710e-01
-2.486346812916064852e-01
-2.675123491920009533e-01
-2.582141488711051647e-01
-2.215874218469078283e-01
-1.621363801361128676e-01
-8.828136413047782405e-02
-7.011958317842514887e-03
7.228281892486410065e-02
1.404467821516703907e-01
1.915195253486428051e-01
2.206561148639691883e-01
2.246707374073264596e-01
2.034480260890292325e-01
1.616906380190705761e-01
1.031846834970835403e-01
3.520267467959259378e-02
-3.380341131108177688e-02
-9.654108872651012696e-02
-1.469270399874045285e-01
-1.791122025394623618e-01
-1.898897233891365666e-01
-1.811018722475190579e-01
-1.536054557966146650e-01
-1.102615219280145276e-01
-5.655777739321743436e-02
4.217473061161047809e-04
5.511220660954019301e-02
1.007901048442472192e-01
1.325494925190262574e-01
1.500030472504616519e-01
1.514592706683111079e-01
1.361991696500346460e-01
1.066242670217447674e-01
6.742720454974215905e-02
2.206995734797367881e-02
-2.385040801988114190e-02
-6.465783505741706794e-02
-9.708703039274746427e-02
-1.182476286530229626e-01
-1.255462238259290597e-01
-1.186871230590935689e-01
-1.006232995925676610e-01
-7.285181425805609123e-02
-3.834245700296456949e-02
-1.658908099699485383e-03
3.321105424789072558e-02
6.303712196763422426e-02
8.384808930026110829e-02
9.364386886722098069e-02
9.384546576062846590e-02
8.428893985684871026e-02
6.552220435440436752e-02
4.036041497694453639e-02
1.224493000666471154e-02
-1.643069347707548644e-02
-4.195832180273884049e-02
-6.137299813353014333e-02
-7.436566286027301853e-02
-7.977573267223669884e-02
-7.629340802699802193e-02
-6.483593677160870428e-02
-4.811236783982864029e-02
-2.743622334861128831e-02
-5.058731448084330395e-03
1.611936604748431812e-02
3.450000397726493695e-02
4.843055836229304134e-02
5.540108919492348072e-02
5.486725377101109302e-02
4.871856396600215966e-02
3.733123424598683293e-02
2.202282659769028150e-02
5.432439834152980040e-03
-1.040497895411696128e-02
-2.416493829296018081e-02
-3.412842367471957683e-02
-3.928519196878876851e-02
-4.020928801031653510e-02
-3.673064749710308607e-02
-2.899571254540078691e-02
-1.862890116472415425e-02
-7.812979780440265642e-03
2.659098795346537258e-03
1.178091838100892019e-02
1.848713510349053735e-02
2.306293190353048139e-02
2.501271357376722015e-02
2.365724561798887571e-02
1.960325865810652601e-02
1.399661857869460846e-02
7.246236861121246875e-03
1.198515519680309893e-04
-6.382204287121440167e-03
-1.181288033689176231e-02
-1.570612387389336284e-02
-1.755420255700868015e-02
-1.744637378506996850e-02
-1.606892827276151792e-02
-1.349436667171399762e-02
-9.886963167673679109e-03
-5.892656025885623094e-03
-2.018686027371208169e-03
1.425715633741830857e-03
4.088537962357641220e-03
5.835446267571819945e-03
6.917739130682054594e-03
7.214189945511373381e-03
6.537723236659243042e-03
5.125181153259550371e-03
3.328021315075258002e-03
1.278962825378648915e-03
-8.536290436791382774e-04
-2.875292679611729518e-03
-4.751219035418086101e-03
-6.300463788307064661e-03
-7.172899452308700852e-03
-7.301625108137477227e-03
-6.862803068465650469e-03
-5.898359530942642870e-03
-4.607390378039588619e-03
-3.250409543135157620e-03
-1.963081211961759109e-03
-8.659206135908092961e-04
-9.317446878764901186e-05
2.852237867700946339e-04
2.949271198231517843e-04
-5.191170478469064875e-05
-6.460586196820328198e-04
-1.288729684919887042e-03
-1.759257317705764656e-03
-2.026094737834660542e-03
-2.135963556885944747e-03
-2.098507060308563155e-03
-2.025893683829993464e-03
-1.908485666420767224e-03
-1.709642621182672073e-03
-1.506173275495292785e-03
-1.360532256791113781e-03
-1.281121772773174960e-03
-1.268603729120743040e-03
-1.309501219495246005e-03
-1.354550123840669862e-03
-1.409171200114078815e-03
-1.489076828946167552e-03
-1.572103001586500071e-03
-1.645570525957151808e-03
-1.705475971428449533e-03
-1.746058741097233913e-03
-1.770928603763488596e-03
-1.793084681702139527e-03
-1.810545533347363012e-03
-1.824666086172266333e-03
-1.836801267650067793e-03
-1.848306005253763651e-03
-1.860535226457016300e-03
-1.874843858732599955e-03
