-3.874064729444014477e-01
7.060592046800340249e-02
4.178360529495868114e-01
6.626903635665135628e-01
8.135752913849474410e-01
8.788972754710546731e-01
8.670627548909985993e-01
7.864781687109494435e-01
6.369248868960606380e-01
4.201760799634344234e-01
1.533731503578155131e-01
-1.312247434148383629e-01
-4.032013253944570774e-01
-6.357673778673801346e-01
-8.034731823746238399e-01
-8.870828840810297544e-01
-8.756214848956119789e-01
-7.734880274471517270e-01
-5.885116787089983426e-01
-3.402729541039992700e-01
-5.308129732973032588e-02
2.403912174766131837e-01
5.106664393594619877e-01
7.274253660723839499e-01
8.670617670466491678e-01
9.179932481458177307e-01
8.724821603735206654e-01
7.348503164364978968e-01
5.175324952214941376e-01
2.461184166287331276e-01
-5.411692695752656768e-02
-3.501431877729895836e-01
-6.104770269219023104e-01
-8.077124216216886587e-01
-9.206124053390580819e-01
-9.369944302528514513e-01
-8.528554735706338485e-01
-6.801463990805295401e-01
-4.336703863968056627e-01
-1.404775191366111065e-01
1.697699158021519494e-01
4.630412843101539000e-01
7.092928552494006667e-01
8.808210620138392510e-01
9.580286550201957407e-01
9.362686093445373725e-01
8.151536606873897028e-01
6.074661522988593632e-01
3.328233739839283611e-01
2.281415757033178338e-02
-2.923380867481222278e-01
-5.774617147236106307e-01
-8.020564574590105522e-01
-9.441940686760190715e-01
-9.875357846542074380e-01
-9.273876086372073724e-01
-7.678291079973198485e-01
-5.287270959896865907e-01
-2.316375480306138712e-01
8.995780367622341345e-02
4.022896798321300427e-01
6.720185410444805552e-01
8.711348655781088191e-01
9.778223426564791598e-01
9.790547821521931038e-01
8.789196704897277446e-01
6.852181693958470099e-01
4.188591252910172091e-01
1.061307692575130801e-01
-2.173734480778289901e-01
-5.191666161897556808e-01
-7.657024339690743364e-01
-9.305571029488368673e-01
-1.000000000000000000e+00
-9.646440606521897720e-01
-8.283594357985171186e-01
-6.036168460859216989e-01
-3.172343092466440861e-01
3.950407272639733236e-03
3.246031603473524818e-01
6.108890645113378426e-01
8.329179932102530604e-01
9.672019627187133928e-01
9.997083521101080006e-01
9.250307465838576437e-01
7.549714508012004277e-01
5.044113009764925604e-01
2.009491008442343407e-01
-1.247647607026273198e-01
-4.368911105915795901e-01
-7.036069811814923414e-01
-8.953813774610753784e-01
-9.908598545768432242e-01
-9.839520453916403842e-01
-8.731246222417003988e-01
-6.706379553287589168e-01
-3.958742485704587200e-01
-8.082694948114377276e-02
2.438394629067492936e-01
5.421873217594876948e-01
7.823916671322168614e-01
9.408608142006824604e-01
1.000000000000000000e+00
9.540082453980032184e-01
8.057741992811946474e-01
5.742973961788089277e-01
2.805539117152657802e-01
-4.215779186245061094e-02
-3.600035087645447884e-01
-6.391497548930604733e-01
-8.508690595725176831e-01
-9.723047990601421109e-01
-9.892932782176450113e-01
-9.046418380707312856e-01
-7.249267544673608787e-01
-4.699141288889144841e-01
-1.649299039282769996e-01
1.551063189161205891e-01
4.580861412017636081e-01
7.104027885909471873e-01
8.852864550970012125e-01
9.681940661414587534e-01
9.487408036460307503e-01
8.294578410565813797e-01
6.214432379417800245e-01
3.500268668180288589e-01
4.073148391638148347e-02
-2.722375733325486102e-01
-5.558449591329679418e-01
-7.805048104846109558e-01
-9.226732968410887858e-01
-9.675219455434070914e-01
-9.086552098859201898e-01
-7.567249851234578717e-01
-5.252034685418949245e-01
-2.395796054636242234e-01
7.126291926941719090e-02
3.728580264969683089e-01
6.344998480614760794e-01
8.273079849255462470e-01
9.301054016987577722e-01
9.361970464942659387e-01
8.431317563264946191e-01
6.615525278693119571e-01
4.091076156557811316e-01
1.156956392236634379e-01
-1.901639225737473682e-01
-4.746893983736301115e-01
-7.073701515835977283e-01
-8.651621243130345196e-01
-9.309286568397860950e-01
-8.984581784578959951e-01
-7.695909679977104290e-01
-5.614294763597027504e-01
-2.929705825555412035e-01
4.959988032637863142e-03
3.008409784992243097e-01
5.630332198676566424e-01
7.645521095576763848e-01
8.835680266415675277e-01
9.063868893539201999e-01
8.352648359206646944e-01
6.757562679020572283e-01
4.456234409262791463e-01
1.679973162621684057e-01
-1.249789062165476139e-01
-4.037896324200437315e-01
-6.373025689122686632e-01
-8.007368724284810169e-01
-8.807823076648017002e-01
-8.676560562041937263e-01
-7.633364485468741023e-01
-5.778440121855605849e-01
-3.342979793553099155e-01
-5.576977617343437110e-02
2.266458997947924381e-01
4.828303136645271110e-01
6.860304571819244579e-01
8.149755172052581820e-01
8.563378613281069640e-01
8.044758842807850918e-01
6.692299287011282960e-01
4.627667001052677698e-01
2.082828308552191476e-01
-6.799579021616963814e-02
-3.351750682458159991e-01
-5.658241417162768183e-01
-7.341720218978018409e-01
-8.215780301436739208e-01
-8.229475383650702858e-01
-7.366211567401179661e-01
-5.725510079648807871e-01
-3.470320511313715883e-01
-8.718187705086322126e-02
1.813901228162064783e-01
4.285439317927985936e-01
6.274710076323082308e-01
7.588285495886646359e-01
8.082185507886054943e-01
7.710732342259427607e-01
6.501586260890124258e-01
4.618649112053556660e-01
2.236872782527792314e-01
-3.663200600799132456e-02
-2.909382001493071579e-01
-5.118961963812695970e-01
-6.765603100228008149e-01
-7.670324507130357183e-01
-7.727529893886235790e-01
-6.978730651976747801e-01
-5.488483917349085139e-01
-3.424577335673179013e-01
-1.000546637910759706e-01
1.497645672470828693e-01
3.813530808404874684e-01
5.684828049974404163e-01
6.909058469713753592e-01
7.396022389599852254e-01
7.081729156387102098e-01
6.005047131464260612e-01
4.274418402741897438e-01
2.108508133269757501e-01
-2.829437775515863951e-02
-2.628425490975612178e-01
-4.669882699669842818e-01
-6.194693390611030193e-01
-7.040665934476753041e-01
-7.126897382241015322e-01
-6.435549505954973881e-01
-5.071703310722384117e-01
-3.158832604729798765e-01
-9.242451605646739843e-02
1.391005815796049205e-01
3.530699132077561586e-01
5.271923626057490875e-01
6.416769907298840447e-01
6.834328160870328794e-01
6.524030994775023018e-01
5.505865845548905124e-01
3.895549957294128784e-01
1.858613705205569566e-01
-3.597882147854802870e-02
-2.530385394525321852e-01
-4.396999801604858371e-01
-5.755334555003822627e-01
-6.490638669343865574e-01
-6.513883577638208688e-01
-5.825916243981972276e-01
-4.494887735832082676e-01
-2.698542070813620963e-01
-6.090825393643439778e-02
1.532322382497819380e-01
3.487491877810804386e-01
5.045837164886823878e-01
6.040780985927345359e-01
6.362309512594008787e-01
5.964079812377252043e-01
4.927137807782318024e-01
3.345720540388819053e-01
1.408964110068005038e-01
-6.713128115318189870e-02
-2.656158566592826675e-01
-4.336429148876917994e-01
-5.517059822068668407e-01
-6.062621118246064311e-01
-5.952278376044221053e-01
-5.185974320032360474e-01
-3.853663052407347855e-01
-2.096586825871618043e-01
-1.375321304278120937e-02
1.823769093435969602e-01
3.558605622405490720e-01
4.871542226582898927e-01
5.642900374962578347e-01
5.781554696460342591e-01
5.275463902479917699e-01
4.173255636427044557e-01
2.624510129623613963e-01
7.775680050070410410e-02
-1.148463634861469629e-01
-2.936603624695498516e-01
-4.390505769327566199e-01
-5.352597509092220651e-01
-5.714032252910909992e-01
-5.425092493792087467e-01
-4.553889255291690974e-01
-3.178418423746649513e-01
-1.457736705620511497e-01
4.223389606966976295e-02
2.240559868655196407e-01
3.803125376822229509e-01
4.922573593490939814e-01
5.468011094009297413e-01
5.415340185313475274e-01
4.756835020842791195e-01
3.566074470963476184e-01
1.966796107115902359e-01
1.610842318484628777e-02
-1.667842535756484112e-01
-3.304242480832321194e-01
-4.559267969030721401e-01
-5.309231353843286705e-01
-5.465426557715356015e-01
-5.012700556291117548e-01
-3.990582201996760725e-01
-2.538093283827652646e-01
-7.926696390287646388e-02
1.039726641260729778e-01
2.751667771747026148e-01
4.152179475029535993e-01
5.088038317120233689e-01
5.445375331198802904e-01
5.170106004257999377e-01
4.327394794983783211e-01
2.991210916957156574e-01
1.317662638331316138e-01
-5.104101814283368288e-02
-2.276958121012363501e-01
-3.793255210114391263e-01
-4.876098215284698778e-01
-5.396818413348918320e-01
-5.329176507944651808e-01
-4.665339066194826856e-01
-3.478545154304669706e-01
-1.892723383449419483e-01
-1.107900347554602316e-02
1.688755990806862783e-01
3.296940745388148297e-01
4.528512983263974778e-01
5.263225811132061782e-01
5.412638129040434620e-01
4.959156795836885401e-01
3.941389558494423628e-01
2.494248708698403316e-01
7.528299847848929360e-02
-1.078165870289838901e-01
-2.793599271877111878e-01
-4.202852145410265194e-01
-5.152052707943846066e-01
-5.527198842501463982e-01
-5.273146555788710277e-01
-4.451596450556591922e-01
-3.133159609021146652e-01
-1.463709149054234215e-01
3.803938475206791736e-02
2.181139314472073654e-01
3.747262007522447202e-01
4.888370593220900950e-01
5.468950084520365351e-01
5.455540821234023952e-01
4.833109512546769349e-01
3.666817576456045114e-01
2.073946820957606185e-01
2.533721831079827069e-02
-1.615110185166824808e-01
-3.315092414835081325e-01
-4.650653799956743217e-01
-5.484142837523877656e-01
-5.717994254613782967e-01
-5.326325643205913618e-01
-4.338038429719746070e-01
-2.883696067701118082e-01
-1.095911962733040479e-01
8.192261826428914873e-02
2.650317092263592134e-01
4.194311421516783156e-01
5.285007126186831439e-01
5.787429171687086260e-01
5.629925738326801987e-01
4.867973370329639060e-01
3.565969204908359114e-01
1.866169748163692965e-01
-5.339402099210799335e-03
-1.966667732189930629e-01
-3.673500160464577835e-01
-4.971392614290270906e-01
-5.711021945135079658e-01
-5.840305723853711495e-01
-5.329820006522905107e-01
-4.233880662215162571e-01
-2.663373465385659999e-01
-8.179108502855214624e-02
1.125653334002318928e-01
2.949704577881371304e-01
4.447416360141620562e-01
5.463735051355527172e-01
5.884930784991877495e-01
5.665890279269860663e-01
4.817464428399054199e-01
3.451992790698656943e-01
1.691263346639220178e-01
-2.602916142541233935e-02
-2.191047249523532248e-01
-3.888839033244095855e-01
-5.174573149847550013e-01
-5.896475902700335503e-01
-5.964355266751997231e-01
-5.407858347268508226e-01
-4.268998243533183024e-01
-2.667080176938343428e-01
-7.637820383503979293e-02
1.217802956744018505e-01
3.074429886555798408e-01
4.586993808158235097e-01
5.587548399318731374e-01
5.997870161862648430e-01
5.760573840480285313e-01
4.897692924635428380e-01
3.492236776063313286e-01
1.721363787670775469e-01
-2.486066838154599168e-02
-2.196088821929115253e-01
-3.904913378413735758e-01
-5.194158853583803470e-01
-5.925574589823836558e-01
-6.017300921842101413e-01
-5.445840869783182825e-01
-4.299691101260610937e-01
-2.678593305260410506e-01
-7.710646361993866993e-02
1.217135003538876159e-01
3.066203359394794603e-01
4.585143955836286089e-01
5.598925389190052559e-01
5.990703754721311558e-01
5.753874048680649445e-01
4.898939251706355691e-01
3.517155574783397132e-01
1.749084456574079294e-01
-1.919795873833363142e-02
-2.112777739363289609e-01
-3.793161486042552211e-01
-5.051032361366765144e-01
-5.779899951062023034e-01
-5.893623461983905631e-01
-5.377995819915490916e-01
-4.281499838218084664e-01
-2.746419627589484769e-01
-9.136973510705392876e-02
1.008526144492536414e-01
2.811164021959893233e-01
4.302833487024935177e-01
5.327835156212648027e-01
5.769985161831141518e-01
5.571863023408138993e-01
4.793117148281438311e-01
3.501401283051566171e-01
1.834244086541068075e-01
-3.698886582449434357e-03
-1.898255474956683786e-01
-3.559396033436789120e-01
-4.828820446017529910e-01
-5.566356129041570844e-01
-5.727430563176199030e-01
-5.284048816406834437e-01
-4.282303078589003720e-01
-2.822447745142914188e-01
-1.084738316620991183e-01
7.659868135038672143e-02
2.524547138863304507e-01
3.997052218023287029e-01
5.037008157686369003e-01
5.535055678684026592e-01
5.440190705627043766e-01
4.754374015410405274e-01
3.575593844366955487e-01
2.008467875174713146e-01
2.371349596933991499e-02
-1.544328253518107985e-01
-3.145525556193180527e-01
-4.403366246230103753e-01
-5.175742071851308079e-01
-5.374919028698866841e-01
-5.018440025781383262e-01
-4.133377627485949057e-01
-2.813501633551928061e-01
-1.195341180710005613e-01
5.283671834818726154e-02
2.184419904340053620e-01
3.581711665857254534e-01
4.571615616455988462e-01
5.084434452094943602e-01
5.058581967627473475e-01
4.494065044314607960e-01
3.449178590814336864e-01
2.059393021447992744e-01
4.524783235350171573e-02
-1.191126165384835955e-01
-2.691377756042542257e-01
-3.894430510464798045e-01
-4.677950578975564877e-01
-4.958144035368234892e-01
-4.700668871630038215e-01
-3.966794366121241255e-01
-2.821286241428090369e-01
-1.389303823561635065e-01
1.780141293966042149e-02
1.705752189769966787e-01
3.039727959876761254e-01
4.026691309229921689e-01
4.559599022990303840e-01
4.618705592162768436e-01
4.190943162194917804e-01
3.319516277066629772e-01
2.094395550117236215e-01
6.665540178746298672e-02
-8.268821043145346827e-02
-2.217175752836861857e-01
-3.352479380300935619e-01
-4.130460745551830515e-01
-4.469934488993745347e-01
-4.334115045182572734e-01
-3.734375924883364117e-01
-2.758395260170699581e-01
-1.492495979976736775e-01
-8.516441029978505384e-03
1.306321358610362804e-01
2.537003224818457081e-01
3.484281423571298220e-01
4.041424146307512899e-01
4.147064847719696967e-01
3.828823897707380741e-01
3.114392342614407116e-01
2.077293449552441995e-01
8.281366044181681652e-02
-4.829414423861866368e-02
-1.725077981531790705e-01
-2.754768176083137732e-01
-3.464103962198601394e-01
-3.814812688241637773e-01
-3.766512934059956796e-01
-3.320628435868607786e-01
-2.527867693586490772e-01
-1.494688404171407026e-01
-3.150972732320367342e-02
8.788214065238686423e-02
1.953050638023314800e-01
2.801046117049610373e-01
3.339369268001801672e-01
3.510999080037633391e-01
3.296996966373457738e-01
2.748790789114285982e-01
1.914471059769051742e-01
8.852289630984055968e-02
-2.264943117039663889e-02
-1.298515856613940977e-01
-2.224556821027957598e-01
-2.895928339691182796e-01
-3.240947799506672666e-01
-3.258955844190636331e-01
-2.944910234115359904e-01
-2.326729374579333820e-01
-1.471257968702138763e-01
-4.858988107374972998e-02
5.353824330476886217e-02
1.474658775902142338e-01
2.229141721348955052e-01
2.740382948720170297e-01
2.957052654949736681e-01
2.852840599638153396e-01
2.440818176298933384e-01
1.786158695514332706e-01
9.454105631998555026e-02
1.902723022447760926e-03
-8.836262535005112717e-02
-1.671139086527909656e-01
-2.267513789368856836e-01
-2.604488940279419129e-01
-2.647067085654044583e-01
-2.422712974556562315e-01
-1.951007584878300394e-01
-1.279083769483149169e-01
-4.834484267760041920e-02
3.391647590061230844e-02
1.107881622722166615e-01
1.729828093573020364e-01
2.140331747329871082e-01
2.331393201957849826e-01
2.281365763082450204e-01
1.987586837754098390e-01
1.487058655917343764e-01
8.493009946236385055e-02
1.307575621892853590e-02
-5.851391260690708140e-02
-1.215648624731304750e-01
-1.705904260705064512e-01
-2.009970525766272553e-01
-2.092728112394933726e-01
-1.948701813541264816e-01
-1.617589675253728876e-01
-1.127172757338041897e-01
-5.294327630360640136e-02
1.053980760087069868e-02
7.088565015112346934e-02
1.223202594542323052e-01
1.583729999785585818e-01
1.753080321661404373e-01
1.745004689554445765e-01
1.558879656663294533e-01
1.206174552831136282e-01
7.291235121482420034e-02
1.897292394739080734e-02
-3.625496305586117796e-02
-8.606005499549240767e-02
-1.248607271137397445e-01
-1.506994489795557834e-01
-1.611481513899043483e-01
-1.542988714344235568e-01
-1.312885536205411485e-01
-9.641130519150875600e-02
-5.245581011930144921e-02
-4.244352855768629418e-03
4.228854261130399195e-02
8.274383127600604126e-02
1.134874990099601355e-01
1.302720401346968426e-01
1.313563170050076057e-01
1.191388077486594810e-01
9.453723695936000482e-02
6.011094407826633734e-02
2.055208025390653503e-02
-1.942798280195823235e-02
-5.621894070950583799e-02
-8.507476189650431397e-02
-1.028482544865356729e-01
-1.100137819914951409e-01
-1.058321924679186399e-01
-9.003868535864867351e-02
-6.514033220753201459e-02
-3.533199068017078837e-02
-3.034152250958044306e-03
2.794258351085621150e-02
5.383117413292604070e-02
7.360217091648202370e-02
8.548956332572066330e-02
8.713868552767878306e-02
7.882174074245118511e-02
6.327986608173330474e-02
4.162668645722655825e-02
1.601280670648841387e-02
-1.015002769161899021e-02
-3.436231900405561923e-02
-5.459792004246688535e-02
-6.797087848169236501e-02
-7.327667239939672505e-02
-7.198376595573352521e-02
-6.395283124515804829e-02
-4.930990292545045506e-02
-3.033292815485533200e-02
-9.784811815740646068e-03
1.075566243508840891e-02
2.885505369402419085e-02
4.247674305950677187e-02
5.153880906464114453e-02
5.513502532268454992e-02
5.206987240916638449e-02
4.315735585107827177e-02
3.059970422272040302e-02
1.527822271151157985e-02
-1.300049942890235677e-03
-1.700923576446966567e-02
-3.066315501106131602e-02
-4.103476949697992815e-02
-4.611841491816259797e-02
-4.541413556172180233e-02
-4.031352323832471107e-02
-3.113774323116191844e-02
-1.903591006602212143e-02
-6.060359032151740877e-03
6.279241941381297210e-03
1.695686000510687741e-02
2.467510969563058154e-02
2.865512053697605310e-02
2.925422888834283697e-02
2.636781631782159074e-02
2.016184503759754776e-02
1.191743569253467250e-02
3.410532667839083487e-03
-4.751370944998778434e-03
-1.185029356785871624e-02
-1.708941080458648010e-02
-2.075828573166416113e-02
-2.245584460947880334e-02
-2.157371232034388520e-02
-1.854834517595571608e-02
-1.422035976888957887e-02
-8.909136729479794070e-03
-3.241269272618807484e-03
2.000115386862066913e-03
6.436107132484769622e-03
9.686271056537298918e-03
1.133778977256882925e-02
1.142331354751036088e-02
1.044819063565216588e-02
8.449528090862967744e-03
5.508197520282642756e-03
2.110912734963221737e-03
-1.311850626041222156e-03
-4.502875584131316167e-03
-7.168093691089172381e-03
-9.154069385680418947e-03
-1.060103609941243086e-02
-1.135919683965458393e-02
-1.113594251603866603e-02
-1.003050531729066108e-02
-8.345634488883701962e-03
-6.206474232002379132e-03
-3.857395826633025493e-03
-1.568733847605474629e-03
5.640531308517271469e-04
2.345795332566069646e-03
3.438659921224829219e-03
3.735955082628805712e-03
3.359740572535852010e-03
2.358594447446460407e-03
9.680974412134002449e-04
-4.985609530732126871e-04
-1.807219285010153165e-03
-2.843445382957332512e-03
-3.523727518711994300e-03
-3.790972186688890133e-03
-3.725838248231361227e-03
-3.335943360127546775e-03
-2.696388774389713028e-03
-2.013345904090857452e-03
-1.499077548076543920e-03
-1.187163840330018871e-03
-1.044768667078366242e-03
-1.060163960324489452e-03
-1.119949852062096518e-03
-1.235028255105352635e-03
-1.440194569209629627e-03
-1.657828526575144679e-03
-1.824862978285657356e-03
-1.932805168575080224e-03
-1.984140138638901263e-03
-1.993601214542173317e-03
-2.009287613771171266e-03
-2.023759758564502853e-03
-2.016645055544108445e-03
-2.006726728688179584e-03
-2.005201771692499690e-03
-2.013368731670239775e-03
-2.032375366468053279e-03
-2.055800983759348277e-03
-2.069941536523289827e-03
-2.077152403280435600e-03
-2.084029512902763059e-03
-2.087893340447677382e-03
-2.088434580064579826e-03
-2.085488282246972247e-03
-2.077297777255071587e-03
-2.065221513587678359e-03
-2.052201985460300193e-03
-2.038151053641579225e-03
-2.022749443377880318e-03
-2.006680989154907557e-03
-1.989542373046160328e-03
-1.971957611612285000e-03
-1.955546563832788465e-03
-1.940751929235595696e-03
-1.927336435256776781e-03
-1.914541686204862536e-03
-1.902248337589451666e-03
-1.890337044920586962e-03
-1.878688463708089174e-03
-1.867183249461557004e-03
-1.855702057690922224e-03
