6.053951594958624227e-01
8.280257271567541544e-01
9.121390883382531900e-01
8.803034068468378326e-01
7.550868464889861631e-01
5.590575710711778168e-01
3.147837443998902085e-01
4.483353028160141918e-02
-2.151057272920049446e-01
-4.500665751840545736e-01
-6.393066239259119765e-01
-7.584808481290049587e-01
-7.929291703805060321e-01
-7.419797225454939360e-01
-6.088425193903055366e-01
-4.091203231387454675e-01
-1.621872411948604986e-01
1.032711375800303699e-01
3.600368870247352415e-01
5.782098806540487690e-01
7.338233359176065118e-01
8.128959139021869618e-01
8.052740062318239911e-01
7.118160743556256609e-01
5.410070590447428884e-01
3.143863255541783364e-01
5.330703044802542756e-02
-2.127243129168834290e-01
-4.548343319667061957e-01
-6.469748337960892215e-01
-7.684988432552575244e-01
-8.058027861878962472e-01
-7.530059682334865334e-01
-6.197199706510507777e-01
-4.177234581275329761e-01
-1.702309111562840815e-01
9.678212939490982158e-02
3.531786648217027924e-01
5.723458897947018009e-01
7.294649888477482413e-01
8.067902643777451477e-01
7.999137386601884447e-01
7.078810512411444211e-01
5.414258155248032889e-01
3.174233280562404058e-01
6.329332918583197021e-02
-1.957684665157375381e-01
-4.306837501169151761e-01
-6.158524964205205343e-01
-7.337005956646533988e-01
-7.710251112060143575e-01
-7.246229241392725395e-01
-5.985157872319778471e-01
-4.095699572894013762e-01
-1.755407858584242531e-01
7.652833324116992131e-02
3.194783814574548853e-01
5.271230771763939504e-01
6.776937127056568144e-01
7.546144481908214630e-01
7.485925514634996780e-01
6.651892024520318358e-01
5.118320834079008730e-01
3.056530749854036166e-01
6.789330241997193482e-02
-1.738063550546118385e-01
-3.945221586189661123e-01
-5.691685519090672329e-01
-6.786970034948818231e-01
-7.153750468867439150e-01
-6.743324241367046890e-01
-5.608498008725472106e-01
-3.865286929835370922e-01
-1.734685676913191310e-01
5.768168852482125075e-02
2.811602299747326672e-01
4.724106000962775553e-01
6.120451062270035880e-01
6.855751744667597514e-01
6.862718359901625043e-01
6.134555392334655188e-01
4.784145709656955070e-01
2.937097331326117278e-01
8.160207853200951433e-02
-1.346315773777194691e-01
-3.316244203864787687e-01
-4.892084518190702447e-01
-5.902156006846521752e-01
-6.236249216755433977e-01
-5.907123574733945670e-01
-4.943020508672791857e-01
-3.456389663224120889e-01
-1.605163968448877210e-01
3.865921486421064479e-02
2.315725971457940346e-01
3.962281286371427402e-01
5.152836365013078179e-01
5.803279268673322555e-01
5.841884679589186558e-01
5.271946847014772342e-01
4.157913311893328689e-01
2.651698363640699885e-01
8.976458265174769302e-02
-9.042115512316406534e-02
-2.556016651551539232e-01
-3.891163983060371701e-01
-4.776651861844246616e-01
-5.127608410526314220e-01
-4.909065320243132247e-01
-4.185636027755874622e-01
-3.026549668016151884e-01
-1.567590752536848209e-01
3.216852832292449449e-03
1.595005400949529584e-01
2.963781629155204378e-01
3.987120070072189826e-01
4.559448282204112690e-01
4.666580678391905046e-01
4.298135873453572398e-01
3.499159819571804331e-01
2.358845024074613939e-01
1.022214569080928115e-01
-3.789787206839911882e-02
-1.686345470804381241e-01
-2.760610266335057350e-01
-3.516375155759691173e-01
-3.881297871761129059e-01
-3.823768939790205268e-01
-3.356816928847157211e-01
-2.560720204684945323e-01
-1.509800671264713845e-01
-3.303656505545748967e-02
8.424696823621813380e-02
1.892703378949076587e-01
2.721723919597973662e-01
3.245551789918785790e-01
3.416543251081134436e-01
3.260504073925676316e-01
2.796898041405253554e-01
2.078424272196961464e-01
1.189343211689735114e-01
2.372490713634123338e-02
-6.857174088104622811e-02
-1.477234666081647108e-01
-2.061955295769031249e-01
-2.423808949184220740e-01
-2.532173403052421223e-01
-2.376782414118964182e-01
-1.987350516172213810e-01
-1.426058251250571507e-01
-7.426144674594370443e-02
-1.222218664577279235e-03
6.851242577719629523e-02
1.294617543275597971e-01
1.766943358993806612e-01
2.056478104987815581e-01
2.144149408021525094e-01
2.055243537535014209e-01
1.799874474533609270e-01
1.400222343659058843e-01
9.031159755334305927e-02
3.581135397722534641e-02
-1.903815124452479246e-02
-6.841635424162029189e-02
-1.082993086311064834e-01
-1.383757844540827175e-01
-1.563762646889504948e-01
-1.592006429827377278e-01
-1.472548170954082192e-01
-1.238058992554842419e-01
-9.055537577884642531e-02
-4.999917396939212999e-02
-5.853785779829645541e-03
3.904135484866699812e-02
8.140412304380917341e-02
1.168647886890892273e-01
1.430356940354424733e-01
1.600670810695432600e-01
1.663238814918905906e-01
1.588428798232655037e-01
1.381943299822474547e-01
1.077608113876662443e-01
6.921012161943562724e-02
2.442219930548605866e-02
-2.331237711084377384e-02
-7.089927319832356467e-02
-1.145068411322213153e-01
-1.479547661999645047e-01
-1.676301464428670007e-01
-1.729041000044752030e-01
-1.622346329045100122e-01
-1.338541748237649376e-01
-8.950909328481948535e-02
-3.398905807830232551e-02
2.906815841808918499e-02
9.386300107907175061e-02
1.537945465194376915e-01
2.030197351316558319e-01
2.363640152243122738e-01
2.472628130940650593e-01
2.330264107861592660e-01
1.967192943346416367e-01
1.401806531476008644e-01
6.711273419837127108e-02
-1.551157276499537385e-02
-9.853122721546425655e-02
-1.743377627728566193e-01
-2.334116402728053652e-01
-2.684891519833771945e-01
-2.766640354593150608e-01
-2.556426719337838716e-01
-2.055410069093510650e-01
-1.305887557852279945e-01
-3.963126880482181758e-02
6.021418024503955024e-02
1.583983363814001066e-01
2.438067955330989189e-01
3.073643477684064873e-01
3.418926575193650397e-01
3.413797377850262826e-01
3.041659056942296324e-01
2.354069029137098035e-01
1.400196039600472009e-01
2.706669389190374808e-02
-9.201678850104033636e-02
-2.037731251205662231e-01
-2.966789175064361572e-01
-3.584615989255688362e-01
-3.811384226877678749e-01
-3.639956639836474661e-01
-3.067369135377463474e-01
-2.134968454466029675e-01
-9.287340201398364137e-02
4.102130797384706540e-02
1.756986227179826443e-01
2.954675622488798226e-01
3.864494178591664220e-01
4.392895500412252741e-01
4.471475411381267140e-01
4.076556324869997638e-01
3.233178894318715635e-01
2.042123416178633910e-01
6.029624023843305203e-02
-9.244154437140073011e-02
-2.372647187654809420e-01
-3.579973959613593770e-01
-4.414926083159079750e-01
-4.761364759993305107e-01
-4.559773171946329695e-01
-3.857828930664259914e-01
-2.708045894689915523e-01
-1.225872132758494271e-01
4.378928725822861523e-02
2.088585726472469428e-01
3.554445820560734326e-01
4.653777977115534092e-01
5.254426257328563832e-01
5.309359754268470066e-01
4.791001743946636804e-01
3.744047459638366604e-01
2.268629306200813378e-01
5.473127515435805002e-02
-1.259281912759910860e-01
-2.947345644262138187e-01
-4.322719550310937242e-01
-5.237158637303347408e-01
-5.582723325109029133e-01
-5.313701728076221098e-01
-4.440513633497743529e-01
-3.071046078108865540e-01
-1.322599915328324105e-01
6.039831552405749981e-02
2.500357921939451167e-01
4.154538012147610537e-01
5.388202892102578190e-01
6.047400751904776772e-01
6.042544136771905716e-01
5.404171338532215429e-01
4.176510805855255803e-01
2.484544711393144034e-01
4.966453605409637539e-02
-1.553128750922739831e-01
-3.451755773425384533e-01
-4.968167167931883954e-01
-5.927285511002593488e-01
-6.247031483950342690e-01
-5.870867829593398035e-01
-4.829821448342211943e-01
-3.219306662548516718e-01
-1.238048935845024179e-01
9.263920667463132474e-02
3.025672205245910629e-01
4.822315219514301532e-01
6.117651870652236479e-01
6.763464715616358536e-01
6.681477724564792720e-01
5.857899214887367645e-01
4.400939286328064970e-01
2.435768607344328540e-01
1.950232966905907084e-02
-2.077581653228398606e-01
-4.126169704927374893e-01
-5.731231708506685507e-01
-6.699553504639697010e-01
-6.908114065872036358e-01
-6.365029053051297625e-01
-5.103334675152744193e-01
-3.257909186916687627e-01
-1.014127510588070935e-01
1.358332225185931996e-01
3.614224607760050390e-01
5.484630104792866945e-01
6.758611950085116060e-01
7.323997057065325667e-01
7.097050738567425299e-01
6.094327183756418354e-01
4.406825836947525499e-01
2.244486964576322130e-01
-1.872656212940215781e-02
-2.606866512515174650e-01
-4.744686605070103091e-01
-6.364174113930058940e-01
-7.282705568728842227e-01
-7.394595451703845912e-01
-6.665537319077743383e-01
-5.199969606364051034e-01
-3.124331052066665615e-01
-6.778575359784511090e-02
1.880549002421041394e-01
4.258522497319090494e-01
6.201942808676601526e-01
7.478730798466206586e-01
7.931964406428282377e-01
7.544787851583811822e-01
6.331958080112305431e-01
4.423993709874518565e-01
2.008635203400919167e-01
-6.254902457675670657e-02
-3.209337128694973451e-01
-5.438208317176682627e-01
-7.060340648660066165e-01
-7.917194823239364077e-01
-7.896153189708299269e-01
-6.996584104230867407e-01
-5.294494336887138886e-01
-3.004075702241097989e-01
-3.413595457681362078e-02
2.387088359913775992e-01
4.881284590691801206e-01
6.863724395912265130e-01
8.114316840238733342e-01
8.484229899562780730e-01
7.906959838936162832e-01
6.481322186322990841e-01
4.330699993629414379e-01
1.700975019200896554e-01
-1.132050961454625915e-01
-3.841119179199221634e-01
-6.138679114232532541e-01
-7.755632723079942670e-01
-8.499943510757641540e-01
-8.321860838854741038e-01
-7.213478151075887190e-01
-5.298442514803166636e-01
-2.766135544221984821e-01
7.463687704066801487e-03
2.940101647087192127e-01
5.502950965027835206e-01
7.475611666920121134e-01
8.657035572933307055e-01
8.903307457275639880e-01
8.188838581385395887e-01
6.568098482835496021e-01
4.245542152468877450e-01
1.438476161985620116e-01
-1.527813223838386802e-01
-4.332207714802229770e-01
-6.662958966110266168e-01
-8.265041109354460680e-01
-8.952076589581907662e-01
-8.625188481741188351e-01
-7.361815102443163283e-01
-5.268707941275458939e-01
-2.577000474599057123e-01
4.397771997189225957e-02
3.429996777983339573e-01
6.079047340927770104e-01
8.077991252030007896e-01
9.196057463282762967e-01
9.343454938321789083e-01
8.477375255449295377e-01
6.694325189867686987e-01
4.165061665197615781e-01
1.197013676137290705e-01
-1.918963540697258274e-01
-4.830332148062387310e-01
-7.212280199930627411e-01
-8.809313144397327155e-01
-9.438303545114880011e-01
-9.034303707395031635e-01
-7.614363400848839225e-01
-5.362720321342842045e-01
-2.486284276988079966e-01
6.772719071088850740e-02
3.787156426216218286e-01
6.498045654265482973e-01
8.518901995408982852e-01
9.619408692761850510e-01
9.659680033821655964e-01
8.677149651346725001e-01
6.748156393170869904e-01
4.089026064408456396e-01
9.687706427816555887e-02
-2.244871936926583489e-01
-5.218484279356063738e-01
-7.608578775026126895e-01
-9.147841470328157421e-01
-9.704577991781508928e-01
-9.193441309220898860e-01
-7.672174426352678100e-01
-5.283611834316752631e-01
-2.319828561071862749e-01
9.320393902549439780e-02
4.100687445140556164e-01
6.838634578100877270e-01
8.851557434969323790e-01
9.915774674454269633e-01
9.923211233519944052e-01
8.851172894317982376e-01
6.846078554989281084e-01
4.086472976451824834e-01
8.943263209076723896e-02
-2.394201314211554799e-01
-5.413293073389859877e-01
-7.844478826434195806e-01
-9.411346904738340235e-01
-9.928838712001337719e-01
-9.385155059046093040e-01
-7.811021848294757985e-01
-5.383566973937099487e-01
-2.342643600573131035e-01
9.548895341687391181e-02
4.170895586173133385e-01
6.932329839312005859e-01
8.937251523917055795e-01
1.000000000000000000e+00
9.986397673012354925e-01
8.902752815422920740e-01
6.845636685385030340e-01
4.074403500992225258e-01
8.532323317466516954e-02
-2.451196524281810118e-01
-5.482352297571566613e-01
-7.911135155340383029e-01
-9.474711535132294138e-01
-1.000000000000000000e+00
-9.406945469754729450e-01
-7.806431261541937339e-01
-5.341274907139337280e-01
-2.294689424637104125e-01
1.016781762985885518e-01
4.215999190353179049e-01
6.968534331959781447e-01
8.963671724489232773e-01
9.974835051869008762e-01
9.933583599400523934e-01
8.821830928289631224e-01
6.772396936566531522e-01
3.990023644211226905e-01
8.136199466851357087e-02
-2.440890903043533289e-01
-5.407789499551398649e-01
-7.761424327706527571e-01
-9.266912100485156234e-01
-9.752970309379270786e-01
-9.178827828862852201e-01
-7.588816201889040380e-01
-5.190268955711514476e-01
-2.208878510227982872e-01
1.010252094755552665e-01
4.123294649352926555e-01
6.791251685016261863e-01
8.731202736872736292e-01
9.730404667868470803e-01
9.666100453765982259e-01
8.597099098293172759e-01
6.614906155787323438e-01
3.943312781345822415e-01
8.538002257446808407e-02
-2.296139107370867016e-01
-5.180620495118866131e-01
-7.472529228056696837e-01
-8.920424640928046323e-01
-9.409608004912732859e-01
-8.871110752036979186e-01
-7.374397286821402497e-01
-5.066337165134668918e-01
-2.233855934159282297e-01
8.461375072937826758e-02
3.826975292724614786e-01
6.383023316989422380e-01
8.247412117488286398e-01
9.219260850247650296e-01
9.205360475348329796e-01
8.191910742812200663e-01
6.325744798926187240e-01
3.779146707866323229e-01
8.559141526947144918e-02
-2.129718255161999751e-01
-4.849973622162608855e-01
-7.021180857186002378e-01
-8.404600367106217496e-01
-8.842755373037284317e-01
-8.338299401821163137e-01
-6.928474167203697576e-01
-4.778500075536723513e-01
-2.109224838371217547e-01
7.608879595718809341e-02
3.537895599133036306e-01
5.906049227380258948e-01
7.611733661580295518e-01
8.513878561101959619e-01
8.505565615596486495e-01
7.597911707403313120e-01
5.881776650034333809e-01
3.580690548776515048e-01
9.172429383140934256e-02
-1.804267714487267638e-01
-4.288875782892852540e-01
-6.275054494059706389e-01
-7.554314350711366366e-01
-7.997734285740003557e-01
-7.549761887115078451e-01
-6.304625893055839647e-01
-4.377866160504715332e-01
-1.994661354597190295e-01
5.929019926077350178e-02
3.092349521141952717e-01
5.244711805294013374e-01
6.809354123573405637e-01
7.613965074479305262e-01
7.619592179304832680e-01
6.815809418782234896e-01
5.301205300224052230e-01
3.232386650497827141e-01
8.637395889843224595e-02
-1.566574803358382617e-01
-3.782618766305705371e-01
-5.543405558330636307e-01
-6.685637788211261645e-01
-7.086522931274374937e-01
-6.716332231978709988e-01
-5.611268545011449671e-01
-3.928200432481642190e-01
-1.827882996528827908e-01
4.459644810641449908e-02
2.645291917674481574e-01
4.535260845560091791e-01
5.921139503365673296e-01
6.652205027652329239e-01
6.644259883193601723e-01
5.952503011386505172e-01
4.643746010163196658e-01
2.870635691831300296e-01
8.235345820228534564e-02
-1.256651329680950058e-01
-3.154954421221166649e-01
-4.657655115415829661e-01
-5.603332634291088299e-01
-5.933058214547236586e-01
-5.608231133670767976e-01
-4.675784168884564718e-01
-3.239224867612535697e-01
-1.489755791259540496e-01
4.019552323188091414e-02
2.225761151300045260e-01
3.779157579893699381e-01
4.910940319010861366e-01
5.506407689253869364e-01
5.515406772261821633e-01
4.938198979595156413e-01
3.868895445182591875e-01
2.408581713753799036e-01
7.332322037797545100e-02
-9.715010601674545221e-02
-2.522030793630831713e-01
-3.760745399460019289e-01
-4.551205472670206698e-01
-4.808700664182771201e-01
-4.554283343823598562e-01
-3.812749319586072883e-01
-2.668986280843084202e-01
-1.247078333947015949e-01
2.800713339252802747e-02
1.754938444353495441e-01
3.004686696349099240e-01
3.896228845082627679e-01
4.372135159494832113e-01
4.381662583048260284e-01
3.929062352969983074e-01
3.068582488092623795e-01
1.923291754434837131e-01
6.026636265346008159e-02
-7.432168115268522612e-02
-1.961740431762287740e-01
-2.930985919004372997e-01
-3.555697292139309296e-01
-3.772583910510762806e-01
-3.559495853419377687e-01
-2.973957642869842211e-01
-2.071719600787574889e-01
-9.643568291729209818e-02
2.192150526478919836e-02
1.348148787023222273e-01
2.308946757961871654e-01
2.992492127670882684e-01
3.327563314503576564e-01
3.319487449389897371e-01
2.970490248899890773e-01
2.321011035362359198e-01
1.448868130305336344e-01
4.711237891391117927e-02
-5.141779703072091312e-02
-1.391838345306586344e-01
-2.066404856573595961e-01
-2.496877653114342177e-01
-2.640565503662436475e-01
-2.483256161498281767e-01
-2.050449302795310791e-01
-1.412506960243605780e-01
-6.282054180104468255e-02
2.092961530000736481e-02
1.000355373384225199e-01
1.666724369118586235e-01
2.145137049986240996e-01
2.384342027532835306e-01
2.362860218334206230e-01
2.114470691582877038e-01
1.662631615242420313e-01
1.057943903814229092e-01
3.729376490833646862e-02
-3.134710486885095015e-02
-9.333149887144320811e-02
-1.409506965100180143e-01
-1.692797443827531723e-01
-1.789032162032171414e-01
-1.690040458102495258e-01
-1.401157275913345046e-01
-9.608681499044879892e-02
-4.332614573556459181e-02
1.317723820602423324e-02
6.653754595348271295e-02
1.105230557268459535e-01
1.423629461780180350e-01
1.591995516991284720e-01
1.587042643035767586e-01
1.414827454358187353e-01
1.116846221174934151e-01
7.185367692850275212e-02
2.682781946247336791e-02
-1.728873152944843117e-02
-5.609591675817660050e-02
-8.612819382084035968e-02
-1.037234450746349346e-01
-1.073446506922521859e-01
-9.913042759060752829e-02
-7.976696320279308416e-02
-5.131455815623386929e-02
-1.800203496705665707e-02
1.579395518211779148e-02
4.706299481277698149e-02
7.184070746521475925e-02
8.754031816000806820e-02
9.505677369932863385e-02
9.362798417534534678e-02
8.272219938028801955e-02
6.442199914381574466e-02
4.198390167816046237e-02
1.730093960062673020e-02
-6.522374644352457729e-03
-2.649677715729437111e-02
-4.179167761695623540e-02
-5.102916383377176235e-02
-5.257667040880942277e-02
-4.689994645853012845e-02
-3.634476851891332849e-02
-2.167674775694816702e-02
-4.375288368908769598e-03
1.301310360287555312e-02
2.878568261488090307e-02
4.160231011562731673e-02
4.969598530108854106e-02
5.252957659302404103e-02
5.135226770667289387e-02
4.611018721489568151e-02
3.697027163877542044e-02
2.555721537496258300e-02
1.360496050406845292e-02
2.041050859824755648e-03
-7.830572481323794243e-03
-1.501363923718612714e-02
-1.971991763907987583e-02
-2.147189792913428708e-02
-1.966876897315017469e-02
-1.494076534530230926e-02
-8.555323662744696023e-03
-9.712912623834890624e-04
7.094874444299570371e-03
1.463848220340180362e-02
2.121247475303533747e-02
2.621224362730001367e-02
2.862551572420279911e-02
2.829897224889044161e-02
2.600002452894378813e-02
2.190708667339391624e-02
1.667599217235893327e-02
1.133112045804707257e-02
6.483018900048431732e-03
2.578028945571464448e-03
1.568691340290140346e-04
-5.446675752418528305e-04
1.989540941820244768e-04
2.317761601056789189e-03
5.385475419982022061e-03
8.604028110098971283e-03
1.120830555431551190e-02
1.301121764848378604e-02
1.401942937177280690e-02
1.420383265687541474e-02
1.393803710019514419e-02
1.320861646366378039e-02
1.200700063232607029e-02
1.072553165012002374e-02
9.708638847243378223e-03
9.019848306561106810e-03
8.646602789304402847e-03
8.552677126989705059e-03
8.524978813192696236e-03
8.589881923099618177e-03
8.812102016807488170e-03
9.058503560188002623e-03
9.224472955611906499e-03
9.296369529098846840e-03
9.280598214459034878e-03
9.206893755072442787e-03
9.160693636142802632e-03
9.128551451017319351e-03
9.071974176105834786e-03
9.021175605770315187e-03
8.994036339571742644e-03
8.992116691736384837e-03
9.018903310203052470e-03
9.063343300042880912e-03
9.100541882697932294e-03
9.133738678297254054e-03
9.172877682059432658e-03
9.213238555538127983e-03
9.256114088418643249e-03
9.299884352385268116e-03
9.338764913712216398e-03
9.373618659502147565e-03
9.408508352171773836e-03
9.442739631769780928e-03
9.476545057358398694e-03
9.510157188000079032e-03
9.543808582756385661e-03
9.577731800690214570e-03
9.612159400863129477e-03
