1.134525426976653595e-01
-2.624162534431695448e-01
-5.224220278222686531e-01
-6.789187971762069562e-01
-7.442605782415592230e-01
-7.308013877549002224e-01
-6.508952424528056113e-01
-5.168961590718516019e-01
-3.386772019061321526e-01
-1.213656740047535099e-01
1.154530852161304022e-01
3.428260260980058316e-01
5.356054386974635761e-01
6.731968751252412897e-01
7.387332745242212173e-01
7.241400010695095979e-01
6.280592370178057493e-01
4.621199051076778641e-01
2.408520724932068369e-01
-9.774654889245226741e-03
-2.633022154810994442e-01
-4.908702040317792781e-01
-6.677330078925951540e-01
-7.730305598178097704e-01
-7.930499098798751145e-01
-7.275293857817276555e-01
-5.803755250180857583e-01
-3.678809423685445168e-01
-1.108282701671402526e-01
1.604912630516373007e-01
4.179598419165537759e-01
6.314138397177799789e-01
7.766957815212656158e-01
8.394221837525390750e-01
8.100643461800369760e-01
6.915751775681013847e-01
4.941128344801657413e-01
2.414920284453656585e-01
-4.193102576599394560e-02
-3.234404691795811360e-01
-5.723405152410416807e-01
-7.608305021623832376e-01
-8.673327289478998114e-01
-8.800165389024799945e-01
-7.947541291795309215e-01
-6.228643250485177418e-01
-3.793404209060335930e-01
-9.248928801220490659e-02
2.079561836425838361e-01
4.877840237909190080e-01
7.169924916823118277e-01
8.691093650105778945e-01
9.256622886445002862e-01
8.829888976765665198e-01
7.425684375990047048e-01
5.204507949895940122e-01
2.381210853050867993e-01
-7.115052612107541918e-02
-3.755782214818677023e-01
-6.398221304003417487e-01
-8.345176709130788240e-01
-9.398057176399816637e-01
-9.419821555278853342e-01
-8.413111074930934574e-01
-6.459948616301292024e-01
-3.802236233512278352e-01
-6.957035088665286526e-02
2.501515631863815425e-01
5.445598280023433713e-01
7.808331953821265881e-01
9.326597802665663739e-01
9.829539902754329539e-01
9.234604862341759812e-01
7.643541976289549567e-01
5.198006411991582532e-01
2.180648339987882878e-01
-1.097969764524958647e-01
-4.258837870061441544e-01
-6.965383792644492811e-01
-8.910179748556732449e-01
-9.866466407913134784e-01
-9.757626073280507573e-01
-8.568305110434539795e-01
-6.444327268197493908e-01
-3.594233297953273176e-01
-3.633231010147053297e-02
2.921432407836743739e-01
5.888357757815798621e-01
8.207611290527918602e-01
9.634533461047041225e-01
1.000000000000000000e+00
9.278559961980492599e-01
7.524060101673182288e-01
4.960245947174153347e-01
1.834598333722348151e-01
-1.487231867374992911e-01
-4.649914031568342931e-01
-7.301555692339543047e-01
-9.152131591205621142e-01
-1.000000000000000000e+00
-9.732920974801713143e-01
-8.421726276491137142e-01
-6.181880035954603336e-01
-3.275622358345061658e-01
-4.598046616410833565e-05
3.262065213682401321e-01
6.166694596745820878e-01
8.384389995788110728e-01
9.664480345744355105e-01
9.899757984781543119e-01
9.043102035645382841e-01
7.207151823188602258e-01
4.571633363080500612e-01
1.460436761049008769e-01
-1.811589562649696949e-01
-4.871191869869707647e-01
-7.381039321246083418e-01
-9.074275712733960164e-01
-9.758793319196648053e-01
-9.376830067744318375e-01
-7.949433479906410360e-01
-5.670025595060399493e-01
-2.759500085714128303e-01
4.342295123509787302e-02
3.567178480503345739e-01
6.289440484655617336e-01
8.306776816162793065e-01
9.401412156756556726e-01
9.439990486967273497e-01
8.462625023628358445e-01
6.554911741486935117e-01
3.948232166136469434e-01
9.128910067601636591e-02
-2.190300125106275919e-01
-5.033629808733766087e-01
-7.295653053118444920e-01
-8.725332916404460182e-01
-9.202850518199827690e-01
-8.660873129849177010e-01
-7.180135381434515907e-01
-4.908960889145592699e-01
-2.134286069779552930e-01
8.617866073578350772e-02
3.733363711066894908e-01
6.164332506516880805e-01
7.896753167479266811e-01
8.738606762640328540e-01
8.619064363469151058e-01
7.538968292893455381e-01
5.655998829243311654e-01
3.154480483317143591e-01
3.374544323977590743e-02
-2.490544338486383458e-01
-5.010897911407010685e-01
-6.952115303952441927e-01
-8.103449039852942404e-01
-8.329782109695169634e-01
-7.652486042864151683e-01
-6.131270415974078292e-01
-3.955899995373161060e-01
-1.354358880857415848e-01
1.360161819597029975e-01
3.899007088495114459e-01
5.970977600946640873e-01
7.346208119793307123e-01
7.907816146274710967e-01
7.584906944402893814e-01
6.435311261611373901e-01
4.577306128125397944e-01
2.254358815853920728e-01
-2.953478383003083074e-02
-2.774273837656787700e-01
-4.906580524173932423e-01
-6.465330386309183774e-01
-7.279801552102496132e-01
-7.279431861481420185e-01
-6.456468950715255062e-01
-4.940980196226532062e-01
-2.884043418756703225e-01
-5.432528296090455289e-02
1.821531923053600899e-01
3.941485626076925985e-01
5.587385538966695986e-01
6.580583494306200265e-01
6.806429101726267916e-01
6.284389909507461791e-01
5.063169029649539077e-01
3.299879003679488942e-01
1.185520384264164839e-01
-1.017898753863288874e-01
-3.073102603993029813e-01
-4.741893151069214163e-01
-5.838210285124310062e-01
-6.276114340741523190e-01
-6.000786489211594743e-01
-5.062007538101804816e-01
-3.561436528372057264e-01
-1.700760324084152897e-01
3.260228798916453563e-02
2.277454053396572586e-01
3.931476198358976326e-01
5.112691381439511407e-01
5.691202195936035935e-01
5.622114240604694224e-01
4.910092100996585884e-01
3.669389980332933288e-01
2.026413870915022564e-01
1.888125949781627178e-02
-1.635100905739037547e-01
-3.236173880444618289e-01
-4.438735903608697075e-01
-5.110128766801873557e-01
-5.171279501470219531e-01
-4.657337174966222904e-01
-3.619355353382525120e-01
-2.189604651549140746e-01
-5.262384018742150005e-02
1.163137867017123295e-01
2.692648719632888543e-01
3.880772393162310596e-01
4.591521274156666887e-01
4.776870642373580722e-01
4.410922146554301371e-01
3.550109250580906206e-01
2.290412530409360325e-01
8.037406448709472073e-02
-7.524425655052524586e-02
-2.192146384979172247e-01
-3.345726061895549774e-01
-4.091916116181553154e-01
-4.346923616294776638e-01
-4.096618233479945026e-01
-3.365413466382074503e-01
-2.265034383457930067e-01
-9.096222584724167337e-02
5.292213359760955527e-02
1.882831235203128450e-01
2.995384771112750144e-01
3.741812993168431856e-01
4.039341732647152572e-01
3.848256551688622462e-01
3.219269798286317208e-01
2.213646022150235204e-01
9.651873166678925919e-02
-3.804019964500660045e-02
-1.658259253034992664e-01
-2.725464077425595599e-01
-3.452907450298103864e-01
-3.752569106170580149e-01
-3.619008945531553278e-01
-3.060249196403634908e-01
-2.149456390079668155e-01
-9.895629686401774538e-02
2.635623414792243047e-02
1.472734211858597320e-01
2.488630183100697391e-01
3.189943901145115834e-01
3.515632676933337919e-01
3.422441063325936117e-01
2.926591647596299417e-01
2.081207180738393614e-01
1.005501421637988724e-01
-1.889009094418958590e-02
-1.352664962363269163e-01
-2.345473701753216789e-01
-3.055533167381939696e-01
-3.400090774976197716e-01
-3.344809651898389413e-01
-2.889822925991833991e-01
-2.106224184949300193e-01
-1.069602957120400211e-01
8.789452651700724317e-03
1.231082492520854110e-01
2.225064485899921340e-01
2.957726224890531164e-01
3.338698557321544413e-01
3.317165974135554141e-01
2.923266186843165304e-01
2.192051414886346805e-01
1.209142856764842122e-01
8.234464837812094373e-03
-1.046216372268752304e-01
-2.051575977337076750e-01
-2.807502684423845984e-01
-3.222924340551976963e-01
-3.272195253036315199e-01
-2.940836590081572499e-01
-2.268133476064484455e-01
-1.325902993519981754e-01
-2.397853687120610200e-02
8.792293535062833953e-02
1.898074781951153422e-01
2.693806895343280328e-01
3.180847267833459835e-01
3.302037334779168720e-01
3.047803234230472835e-01
2.439280771399563452e-01
1.561993144917244170e-01
5.008972228836383600e-02
-6.151258665862813224e-02
-1.657104798932381717e-01
-2.507039360230037817e-01
-3.070709688579570384e-01
-3.280535802195473360e-01
-3.105228159248992759e-01
-2.586254573982063043e-01
-1.770251820041561786e-01
-7.572753076212590528e-02
3.386227379079786992e-02
1.386948278881459107e-01
2.274484778951701980e-01
2.893748201822499144e-01
3.171114309013929322e-01
3.098483417564543707e-01
2.676597553618076386e-01
1.954668999454738376e-01
1.011089983207096310e-01
-3.113156936662919705e-03
-1.064830734384630828e-01
-1.967737739536142838e-01
-2.635621922104292025e-01
-3.009555511465545896e-01
-3.045102070375290682e-01
-2.740418709776640815e-01
-2.126580394560172449e-01
-1.288547357213595257e-01
-3.072816338948647363e-02
6.997496294701566200e-02
1.616788224672973673e-01
2.345000312773064532e-01
2.806647471378329595e-01
2.952611369456006329e-01
2.764366287366313291e-01
2.283163972200386027e-01
1.552870668497878803e-01
6.612356434945354522e-02
-2.919867762154970681e-02
-1.197140607682626312e-01
-1.959115884919891970e-01
-2.487698313775247305e-01
-2.723357327213700163e-01
-2.666674657945330429e-01
-2.320401047374565096e-01
-1.723965810716477920e-01
-9.427656805526873907e-02
-7.641152986972432615e-03
7.860826819897814843e-02
1.542082505455217856e-01
2.106917122404834419e-01
2.436444847012870785e-01
2.495186710715522338e-01
2.280018893091608767e-01
1.816241313652937617e-01
1.172799272974198725e-01
4.115704810330411689e-02
-3.779184485372522051e-02
-1.104073978109721965e-01
-1.691794297729003471e-01
-2.081967712151202576e-01
-2.233311507229787107e-01
-2.129757834682429740e-01
-1.804381742289757895e-01
-1.288497935352590495e-01
-6.482003175537209838e-02
3.978468001399226850e-03
6.973326592146755765e-02
1.257182344822307396e-01
1.654297823865489292e-01
1.846844281738913018e-01
1.840622712896344826e-01
1.638090999388470692e-01
1.264345521912670911e-01
7.666358255020866430e-02
2.147199167729318958e-02
-3.346315565227342415e-02
-8.156052110599742999e-02
-1.174760847313786050e-01
-1.394299088177455292e-01
-1.453885501002740721e-01
-1.350143910593656349e-01
-1.102321135461701296e-01
-7.542936777891229294e-02
-3.402087683040411203e-02
8.811235267487393941e-03
4.762681596256013172e-02
7.880905558299100555e-02
9.957633438917445901e-02
1.081777655036824104e-01
1.043516599670633038e-01
9.045505790821573022e-02
6.801116559182207588e-02
4.023350739521625030e-02
1.113062844696699472e-02
-1.607680027752977914e-02
-3.874663304454095680e-02
-5.433017223135905294e-02
-6.166851165608411289e-02
-6.206205192817515481e-02
-5.573083079686957930e-02
-4.403896861814482477e-02
-2.946539028924111125e-02
-1.432171704563423020e-02
-2.828221814139553203e-04
1.065667407094461616e-02
1.735692979504355193e-02
2.053247187437645671e-02
2.005134399384411736e-02
1.667324971091632690e-02
1.204168634247548830e-02
7.688042826357710524e-03
4.338132067813971204e-03
3.035497658312236169e-03
4.456486305876916632e-03
7.910133838648025772e-03
1.309638872231633222e-02
1.876497308650604268e-02
2.318046609243662459e-02
2.485550305878314603e-02
2.316776993138258689e-02
1.723783655686150773e-02
6.716052434680097605e-03
-7.243772439268436614e-03
-2.370952490239341959e-02
-4.060865967425619782e-02
-5.537732369517112119e-02
-6.554935805684625194e-02
-6.960339874854548636e-02
-6.563457641212311344e-02
-5.278304309576531406e-02
-3.242454245922876677e-02
-5.748577261741383282e-03
2.485490629283271247e-02
5.598008742424420703e-02
8.351439119423331725e-02
1.044147945692135426e-01
1.148017092089108626e-01
1.121905883197742426e-01
9.718212451307928212e-02
7.034334616720383515e-02
3.329764649465216664e-02
-1.049732009216075568e-02
-5.554740709609840010e-02
-9.752755602654727962e-02
-1.307729359312860273e-01
-1.505158401928540224e-01
-1.545526747635582732e-01
-1.414868513206618550e-01
-1.114127783077789591e-01
-6.665203976750044834e-02
-1.256038953359073229e-02
4.639510606605234955e-02
1.034914544971394790e-01
1.517416288264672453e-01
1.854123697004241844e-01
2.003898309605214312e-01
1.935470825561977914e-01
1.642974797372989126e-01
1.163966617725045172e-01
5.338975067995055390e-02
-1.795067943501016394e-02
-8.978622548303405448e-02
-1.538911248530615561e-01
-2.034097230753162400e-01
-2.314993741689382878e-01
-2.340986252828218817e-01
-2.120249081774366884e-01
-1.662920525292910234e-01
-1.007875062788097242e-01
-2.195415117472043764e-02
6.065156880474731338e-02
1.389337763812026338e-01
2.034676196450315722e-01
2.466363997254006346e-01
2.646376522050608582e-01
2.545031452885067047e-01
2.162276835772101169e-01
1.530202128860571609e-01
7.245785920525849022e-02
-1.838479249772084767e-02
-1.092163730425375068e-01
-1.898008298924080961e-01
-2.512311849617056003e-01
-2.866422094913798624e-01
-2.912465878780583495e-01
-2.634112620900158630e-01
-2.072862340741000731e-01
-1.273212997457593421e-01
-3.194749644609551353e-02
6.892544848350357078e-02
1.638236841121212262e-01
2.428413298541962639e-01
2.961443144527418081e-01
3.171554901042106245e-01
3.051706826793976202e-01
2.602204489228545636e-01
1.864166042420229985e-01
9.088550394164007784e-02
-1.498422450555969565e-02
-1.208982611320076339e-01
-2.145432721338473847e-01
-2.852888527170329702e-01
-3.262437087517028322e-01
-3.323639438031239512e-01
-3.025146424726593564e-01
-2.390146699395064855e-01
-1.498726139112789291e-01
-4.299001865529084032e-02
6.961408862332474357e-02
1.756112655919896959e-01
2.634187085379693372e-01
3.236654037621917723e-01
3.487630081327712794e-01
3.349067086378034741e-01
2.857311142173821761e-01
2.052921018661868491e-01
1.021618080222213010e-01
-1.296157945153464386e-02
-1.267878036325059687e-01
-2.275933666676508427e-01
-3.035054301901218832e-01
-3.458762880147062679e-01
-3.519337589184744486e-01
-3.201177128182726150e-01
-2.536846774553007666e-01
-1.593389157154240232e-01
-4.894462214896122543e-02
6.704850152258168272e-02
1.758088625863634125e-01
2.651907130423560854e-01
3.262519530939573809e-01
3.523215505612156129e-01
3.406511721899245781e-01
2.919099080015106207e-01
2.127061956308706758e-01
1.100892872526277877e-01
-4.063014352725602407e-03
-1.173638722100679432e-01
-2.174951047550525152e-01
-2.940344475067838692e-01
-3.380276875595146224e-01
-3.441558852085730980e-01
-3.142043135743846083e-01
-2.505159477499278031e-01
-1.597890637760869259e-01
-5.129404747777055462e-02
6.219346407699433144e-02
1.690709487219477225e-01
2.567626753567142650e-01
3.156466404693922811e-01
3.414039178092338478e-01
3.307073786524286074e-01
2.846289969878419424e-01
2.078153472243240429e-01
1.102123349642558647e-01
9.737271598726504607e-04
-1.076544098482742351e-01
-2.035877075188364804e-01
-2.768992581176095147e-01
-3.199796630674301978e-01
-3.282331988704659809e-01
-3.003220530382600950e-01
-2.411383113190590510e-01
-1.559709577236586542e-01
-5.494835498543071406e-02
5.076719212607128107e-02
1.495163656648632600e-01
2.311812403995150422e-01
2.864235025671157953e-01
3.090938270720229308e-01
2.992257315308048948e-01
2.574007597140071102e-01
1.882345215798977289e-01
9.911586778662284658e-02
1.128361666236088467e-03
-9.589034744999358484e-02
-1.807190457720566634e-01
-2.441750969312955766e-01
-2.814550964299474822e-01
-2.883962531539987495e-01
-2.643126671549808071e-01
-2.118665320823556186e-01
-1.383360726482584235e-01
-5.056889750638560166e-02
4.129617558102549602e-02
1.269835675563608657e-01
1.976248830463753769e-01
2.460733755329607142e-01
2.671511133903570201e-01
2.585247668050880687e-01
2.234205396270823041e-01
1.650574344916286851e-01
9.001744365204711329e-02
6.506510933933729035e-03
-7.591272299967966042e-02
-1.488363264794620999e-01
-2.037403915105552299e-01
-2.347054380156599063e-01
-2.408462370452826296e-01
-2.213321616535683933e-01
-1.782319159631666761e-01
-1.163089006254032221e-01
-4.360300981458964387e-02
3.280201060897303122e-02
1.041043543773070290e-01
1.623402512826830346e-01
2.024909396266336703e-01
2.205132924968196129e-01
2.145586914294337344e-01
1.853718416609202446e-01
1.376937795091637273e-01
7.586556806327249269e-02
7.446755288739836942e-03
-5.950516296331731514e-02
-1.180650977620038011e-01
-1.624615261908276542e-01
-1.877783357583591162e-01
-1.914190493784659886e-01
-1.752925451787450406e-01
-1.409517765484846752e-01
-9.220309847891061672e-02
-3.471388186839574619e-02
2.441280418391689189e-02
7.920363485745962606e-02
1.231120617947456530e-01
1.515412856066145064e-01
1.639073717385888251e-01
1.588777286205100836e-01
1.367430619413410042e-01
1.003619413718550568e-01
5.490529398715349174e-02
4.639635255759166910e-03
-4.449109036097009806e-02
-8.674808496863350982e-02
-1.184842143821419613e-01
-1.367016735256856297e-01
-1.395305511277863397e-01
-1.269961950832432240e-01
-1.020027987749740905e-01
-6.676703913592796358e-02
-2.536684470110806000e-02
1.720146530796773376e-02
5.643557389957409853e-02
8.856518281444625273e-02
1.097302191608753308e-01
1.178394497545485198e-01
1.141039006689454904e-01
9.886547503519227398e-02
7.354407084811165340e-02
4.130385706490580233e-02
6.255675398761706418e-03
-2.821226518158004293e-02
-5.774614133306088526e-02
-7.910133432634547379e-02
-9.173747313884161869e-02
-9.451133827572244517e-02
-8.680052817597461168e-02
-6.989504882462493907e-02
-4.670537657210116489e-02
-1.923171676090684734e-02
9.222991396179658352e-03
3.508548120064847176e-02
5.624923398670023111e-02
7.083029900558734937e-02
7.671423018037093478e-02
7.341783517176447837e-02
6.283788711476612221e-02
4.583143128342048733e-02
2.441109726430545912e-02
1.648115804276706342e-03
-1.997537556531825409e-02
-3.848491669921905167e-02
-5.140465591683418545e-02
-5.746598817447823304e-02
-5.751404865744080830e-02
-5.146022782534065421e-02
-3.973863158070156665e-02
-2.431929115602737834e-02
-7.661928401624495955e-03
8.858197307809900778e-03
2.323020104870754388e-02
3.377431682002818292e-02
4.061464474192821861e-02
4.309040753513659894e-02
4.044563058590555649e-02
3.345099566444509342e-02
2.377120366153495645e-02
1.217110949190747249e-02
8.992816240116496829e-06
-1.106521856847852980e-02
-2.027699558526097068e-02
-2.680565842142978994e-02
-2.963745108907844816e-02
-2.878792885986392047e-02
-2.538084505435922456e-02
-1.959817438822153424e-02
-1.186501795834193906e-02
-3.409135852957545509e-03
4.755114722003295213e-03
1.197030139857502284e-02
1.734687568706183569e-02
2.044179411385815825e-02
2.168066946075208890e-02
2.089340782284643261e-02
1.791781231162126176e-02
1.338590196398348198e-02
8.157420203416032578e-03
2.627220649114470064e-03
-2.626605903645939932e-03
-7.023424098486774625e-03
-1.047926864728754293e-02
-1.266752902355061661e-02
-1.309384196462026750e-02
-1.186684432313800386e-02
-9.557309803038926965e-03
-6.337251391939635603e-03
-2.589614643365600877e-03
1.100715067223978494e-03
4.410581263676771613e-03
7.030546973274320877e-03
8.492885467269006838e-03
8.658840996192962436e-03
7.815689628122957089e-03
6.029383934871290762e-03
3.619709094476952771e-03
1.120307044123025619e-03
-1.064358610731175325e-03
-2.753609257199474136e-03
-3.808281855537054561e-03
-4.149141751219165286e-03
-3.945896000717374896e-03
-3.210887985326982275e-03
-2.057321161361924666e-03
-8.234893327002668073e-04
1.609721454127743812e-04
8.332708564204871493e-04
1.224628408470929131e-03
1.347730534242863598e-03
1.376713458341116691e-03
1.293553925494350665e-03
1.052354340298489177e-03
7.845690735264199134e-04
6.008299021205143475e-04
5.148688016294311609e-04
5.155901013886854400e-04
5.773996729261376970e-04
6.188482026283637083e-04
6.522960977028979812e-04
7.139575594885538834e-04
7.714411720627367686e-04
8.032801017376911545e-04
8.078585144943861707e-04
7.832691047975348653e-04
7.405360980594632991e-04
7.057052698211663255e-04
6.754106298003659248e-04
6.389654517939824530e-04
6.017791366310643042e-04
5.631756758464057100e-04
5.247400784640365856e-04
4.920542002488925704e-04
4.639939579156315830e-04
4.360664502476296889e-04
4.093114442831335964e-04
3.835029020868852001e-04
3.584147857229602607e-04
3.338210572561006728e-04
3.094956787506042417e-04
2.852126122709908174e-04
