2.826198880079102693e-01
3.865635393096411576e-02
-1.545967581998116680e-01
-2.998920931420864244e-01
-3.999822956535286078e-01
-4.576200104918072276e-01
-4.755578824145908490e-01
-4.565485561795507019e-01
-3.978703716531883927e-01
-2.992267191558961592e-01
-1.667216868243893702e-01
-1.697293526403365060e-02
1.337616659526876806e-01
2.716939798585458199e-01
3.821326585350002247e-01
4.519261888558336882e-01
4.730888024839021710e-01
4.468454490420832315e-01
3.744147409264659832e-01
2.620377757731435775e-01
1.206071099499268495e-01
-3.391570870532967241e-02
-1.868100418022691223e-01
-3.203427303144067428e-01
-4.202293228971202277e-01
-4.784762716153344586e-01
-4.882110203242125968e-01
-4.474645971933991495e-01
-3.598782333987239346e-01
-2.363108414403102264e-01
-8.708240003962897102e-02
7.170703122184329814e-02
2.230980193101779196e-01
3.515160397873104969e-01
4.440666363372109959e-01
4.896042694053717170e-01
4.823713612304170173e-01
4.266501110590978918e-01
3.266429588708672505e-01
1.914487742976023199e-01
3.429194950724046009e-02
-1.272443630709778617e-01
-2.772837986527862952e-01
-3.982574739995929924e-01
-4.770984286449303502e-01
-5.084662939299139373e-01
-4.878445202588151952e-01
-4.161074226454066771e-01
-2.999109437503640896e-01
-1.532770617118688339e-01
1.101583920603266264e-02
1.753785866170545216e-01
3.219659826311009887e-01
4.357004969830078345e-01
5.048751319593298703e-01
5.208557614600928254e-01
4.804948260204029431e-01
3.908409679532520720e-01
2.592096315015575136e-01
9.946404220107463168e-02
-7.176429462755540278e-02
-2.357368526022749489e-01
-3.760571965068060241e-01
-4.762711489580134794e-01
-5.250147116280166060e-01
-5.201254580057661503e-01
-4.605932769912659541e-01
-3.517471186335966449e-01
-2.043152047508088875e-01
-3.600008563216738899e-02
1.375323084889381597e-01
2.969640005244416070e-01
4.249021835931292568e-01
5.095544333639656642e-01
5.413948476383989572e-01
5.161868079439217993e-01
4.355935812715872046e-01
3.097290921468975888e-01
1.490557626292055016e-01
-2.863320409182201765e-02
-2.044723382831503677e-01
-3.598558543259888776e-01
-4.789669968350024343e-01
-5.475700142213797417e-01
-5.572932446875045187e-01
-5.106093191319478475e-01
-4.105925355741174565e-01
-2.666539872222234431e-01
-9.285206177254867743e-02
9.096957787797776973e-02
2.665350351182020905e-01
4.131120234530409885e-01
5.147562926919866388e-01
5.634829306875912547e-01
5.527322458330459209e-01
4.824790190542707080e-01
3.590980431523937977e-01
1.978192576639481448e-01
1.299529361642570713e-02
-1.750383426024719746e-01
-3.457400374590294811e-01
-4.809583575843552339e-01
-5.663845006168017893e-01
-5.913774629731749499e-01
-5.514851499486537190e-01
-4.540804234061818212e-01
-3.072192004770398777e-01
-1.266667289341932845e-01
6.876343840092413728e-02
2.571211628313849751e-01
4.191419271107907907e-01
5.356867507734486278e-01
5.933018630253279468e-01
5.888241440516255309e-01
5.209396043785050612e-01
3.962455541619551713e-01
2.271100312190545978e-01
3.417736597770004714e-02
-1.641557280544823083e-01
-3.455204122652950627e-01
-4.897071568118737117e-01
-5.826978061011836019e-01
-6.137501268854523850e-01
-5.789310226724856401e-01
-4.806434048871365272e-01
-3.313509646253927077e-01
-1.440797380009043449e-01
5.985084642305937841e-02
2.584123598638756736e-01
4.300108891993934535e-01
5.565669221764613095e-01
6.228337920322715160e-01
6.201961163847515834e-01
5.526347197586978233e-01
4.251905923474301741e-01
2.507359859268736280e-01
4.668756333750923027e-02
-1.632818652620976474e-01
-3.576926930019994622e-01
-5.134092857334029425e-01
-6.129719893644380857e-01
-6.486050768045814596e-01
-6.146836986891663912e-01
-5.139852356942029576e-01
-3.559653001851410536e-01
-1.601681704849743371e-01
5.511710061685404227e-02
2.656035949919486328e-01
4.477572514765593148e-01
5.819836334300674263e-01
6.534861150892388171e-01
6.537638410237160969e-01
5.808383590069206015e-01
4.449816503752781482e-01
2.578345075432857403e-01
4.120811829957604644e-02
-1.814415544555406656e-01
-3.852586314208873430e-01
-5.487917391872829675e-01
-6.525380875404939163e-01
-6.838173601141321889e-01
-6.426578257051382970e-01
-5.312079999025551835e-01
-3.611047746515111401e-01
-1.494440797870931759e-01
7.831025273149405663e-02
2.991225287810934663e-01
4.870797010159844120e-01
6.212623643585564182e-01
6.899121595945241214e-01
6.838800972968501757e-01
6.030023665875257066e-01
4.545421768356348036e-01
2.571508512997902063e-01
2.914347785508386579e-02
-2.033843999973701244e-01
-4.147972894033710167e-01
-5.819735954470239836e-01
-6.866193445323348632e-01
-7.163954585117249252e-01
-6.661305762839098144e-01
-5.446416851105875256e-01
-3.623099509176278543e-01
-1.393318039848984169e-01
1.010145579908106050e-01
3.310113462544153062e-01
5.263711549472223084e-01
6.636793824303008904e-01
7.265220875919733423e-01
7.113875426821838488e-01
6.175421647597834074e-01
4.547986400433670084e-01
2.391535211274871120e-01
-3.240546985898040688e-03
-2.482897046530614382e-01
-4.675952359174542217e-01
-6.362474279454680692e-01
-7.370394424131047062e-01
-7.577242772649470659e-01
-6.958067001942320751e-01
-5.559699971286241604e-01
-3.560735038081175308e-01
-1.144528521916736707e-01
1.412126510752504949e-01
3.829877927672087345e-01
5.839935679519012712e-01
7.223558528476070606e-01
7.810996148250084481e-01
7.513955150168902808e-01
6.407524160268180946e-01
4.584984977981108045e-01
2.246878321683210000e-01
-3.646348264675991491e-02
-2.943635609040233803e-01
-5.218825067887795655e-01
-6.921411604607228263e-01
-7.853024344973285054e-01
-7.942690874050422067e-01
-7.156691487331392487e-01
-5.580177058188234840e-01
-3.368795407334276293e-01
-7.981967790085431336e-02
1.881766366480095432e-01
4.368622630555110131e-01
6.380656785083445026e-01
7.704546640600715701e-01
8.186477983312423490e-01
7.773994399846924086e-01
6.489448991601063366e-01
4.497010043849727357e-01
1.977346893322751153e-01
-7.766563030476636431e-02
-3.467725988341139320e-01
-5.795866652369177086e-01
-7.509928937609584576e-01
-8.407036158728444786e-01
-8.368371728919561381e-01
-7.439374847643636102e-01
-5.691534146618101309e-01
-3.313195016889034505e-01
-5.433507903381251669e-02
2.293426362844042110e-01
4.902007503094789609e-01
6.974438906649884640e-01
8.275151785962360229e-01
8.694283181673458927e-01
8.162161160652490199e-01
6.733696144290515218e-01
4.542908069672013660e-01
1.859952065742394023e-01
-1.057000636027916052e-01
-3.875785854618035708e-01
-6.282148941746064086e-01
-8.015054969899360060e-01
-8.879637467066083811e-01
-8.780204227485218782e-01
-7.702362192220565396e-01
-5.790679691313733723e-01
-3.214123445480703278e-01
-2.769346228937341614e-02
2.704519680089696454e-01
5.397582606526099003e-01
7.516146776392917950e-01
8.814193446036622248e-01
9.132465890203771419e-01
8.476660619487668136e-01
6.888264382128761465e-01
4.541412110531362067e-01
1.670979364334861383e-01
-1.382304120806473469e-01
-4.305305876519595065e-01
-6.757222842180414801e-01
-8.467188380599059983e-01
-9.284422602718516160e-01
-9.097522526382608721e-01
-7.923445009941838535e-01
-5.868971936773235143e-01
-3.188927911362768874e-01
-1.375279921812555539e-02
2.936074582388767951e-01
5.696224972116994412e-01
7.843067897400299859e-01
9.140978120962595099e-01
9.446184855118133772e-01
8.702546745970518582e-01
7.027936184290770605e-01
4.568310441415417422e-01
1.602027477381726683e-01
-1.563160045549741861e-01
-4.568767046398306553e-01
-7.099379927615276920e-01
-8.863033899085056566e-01
-9.654142127818425845e-01
-9.427441264913237751e-01
-8.179520441891292570e-01
-6.047484635203193015e-01
-3.239186488297260968e-01
-8.800052512134115545e-03
3.091884894184275812e-01
5.937730468755046953e-01
8.136368214506772834e-01
9.469847508505992995e-01
9.780287582998097307e-01
9.037661355322892387e-01
7.299569653604742747e-01
4.786859318362435278e-01
1.732595578677784687e-01
-1.515841146608621903e-01
-4.610982282607416494e-01
-7.214580481767467468e-01
-9.048189278446642225e-01
-9.900079462372229910e-01
-9.653997667727453047e-01
-8.386280334982291196e-01
-6.204250086904000705e-01
-3.351455022749911805e-01
-1.190909646117843668e-02
3.120683068916398906e-01
6.032289289867700521e-01
8.282361389900327886e-01
9.617875628520817788e-01
9.931251942883683181e-01
9.165246370823645350e-01
7.409030005665235841e-01
4.833677164045557806e-01
1.755590230137271668e-01
-1.528591762699477163e-01
-4.653652267190633296e-01
-7.277422883823587707e-01
-9.127591625545681264e-01
-1.000000000000000000e+00
-9.808291713437963244e-01
-8.553173978591670501e-01
-6.400992083546822586e-01
-3.545067797152581246e-01
-3.145411352408167271e-02
2.950767418559727684e-01
5.894096841954772348e-01
8.207956945325545206e-01
9.632456441169832129e-01
1.000000000000000000e+00
9.320183650926698871e-01
7.639319774605446423e-01
5.142347689673480993e-01
2.076387971516922004e-01
-1.203365066754609192e-01
-4.363237213914357149e-01
-7.040505815287368963e-01
-8.945078689611370981e-01
-9.908905218882659849e-01
-9.810700770844401619e-01
-8.664677633420676539e-01
-6.575428995397367693e-01
-3.803706367169031877e-01
-6.110377490319574001e-02
2.644561647114156422e-01
5.613721371631130719e-01
7.979714494208152153e-01
9.490506970342553750e-01
9.979929446250406233e-01
9.373878818167387106e-01
7.785004843862080026e-01
5.353995845099286388e-01
2.355811444339419580e-01
-8.994808558934674902e-02
-4.046386110820716642e-01
-6.760513185891151577e-01
-8.737815526831923529e-01
-9.757096090652992437e-01
-9.752431983812820393e-01
-8.703328773834433374e-01
-6.731357406125756393e-01
-4.032573416086101536e-01
-9.330099879300590704e-02
2.263893590554677537e-01
5.202617573244092686e-01
7.564534992918556799e-01
9.118599443303556651e-01
9.691750749600975823e-01
9.231147001697423971e-01
7.770309120796705660e-01
5.499351497913587128e-01
2.626657675926911129e-01
-5.196169619955004482e-02
-3.606952452547785848e-01
-6.303419917807016049e-01
-8.328411372236985688e-01
-9.458997398634393372e-01
-9.561035579324775879e-01
-8.675333842831429720e-01
-6.872962621055450638e-01
-4.351224773969252224e-01
-1.362091558936043834e-01
1.752077514681613657e-01
4.675096720110964998e-01
7.076451750847672084e-01
8.697621003303621645e-01
9.406607665458615042e-01
9.112697129290474596e-01
7.853170174677428506e-01
5.748351677958600803e-01
3.059091268318274714e-01
4.070984382505526966e-03
-2.971275411630052155e-01
-5.652976870608767967e-01
-7.724464616885096113e-01
-8.967297634275175344e-01
-9.251329584232718117e-01
-8.529683753681251979e-01
-6.920936069312276784e-01
-4.568607327056036782e-01
-1.744049924855100020e-01
1.256145182017991413e-01
4.101442409341946593e-01
6.500091065700543957e-01
8.185168074586766096e-01
8.968812477229128888e-01
8.813272688573463576e-01
7.717122556877926698e-01
5.805414185072244049e-01
3.270113681318522758e-01
4.142073824605696508e-02
-2.480124210385274974e-01
-5.088035950321467826e-01
-7.130656463973987780e-01
-8.422300619474226702e-01
-8.818251087065119842e-01
-8.282846796005524093e-01
-6.863689763351972228e-01
-4.746467344761866602e-01
-2.126407452462786285e-01
6.991986536663308271e-02
3.430386763730801647e-01
5.777701108319486245e-01
7.498954763542680091e-01
8.406816477342959892e-01
8.394729879048856702e-01
7.516938783936657487e-01
5.848573986680420944e-01
3.570897439649851623e-01
9.139951008829028112e-02
-1.818461740074387434e-01
-4.348970823200853930e-01
-6.391854735724353809e-01
-7.727699818357420813e-01
-8.256562633963914211e-01
-7.910444835511990513e-01
-6.731458354660933008e-01
-4.835698647286453822e-01
-2.459116488911077258e-01
1.727665829797220276e-02
2.768953860698646352e-01
5.048534549326233467e-01
6.777717486515058010e-01
7.776730807387490785e-01
7.944453497209946757e-01
7.251627792313475318e-01
5.809284309061586438e-01
3.746597643483919882e-01
1.304550001524709124e-01
-1.256202203333095513e-01
-3.657125536962411161e-01
-5.653889725808126654e-01
-7.025415708090029243e-01
-7.620716941142678946e-01
-7.423540012719644920e-01
-6.442156317151388478e-01
-4.787663806577459047e-01
-2.629931160301384185e-01
-2.285513086129464799e-02
2.177154809095251942e-01
4.314130111003471324e-01
5.954926616424134345e-01
6.961505375765453252e-01
7.220892621698493663e-01
6.709260707999242790e-01
5.477272955993863768e-01
3.688664532123910877e-01
1.508808475017320294e-01
-8.146176538386229460e-02
-3.031620348700863055e-01
-4.909891203874724441e-01
-6.257251827932179822e-01
-6.927128941122702166e-01
-6.841555118425143300e-01
-6.060919894711153111e-01
-4.655319327668843155e-01
-2.775244767555590242e-01
-6.134602411897904783e-02
1.582568120837679615e-01
3.590202576715764149e-01
5.182510332887948490e-01
6.189590153000230632e-01
6.547453138743088985e-01
6.211043533115765403e-01
5.220155624539335459e-01
3.677253759908438724e-01
1.777880939588154519e-01
-2.977834655220912286e-02
-2.320734446860254208e-01
-4.068712187312472084e-01
-5.366366637953148278e-01
-6.081391358337663311e-01
-6.143608291777253871e-01
-5.540365233224688879e-01
-4.368047080218963041e-01
-2.732069044462761553e-01
-8.268505113495938641e-02
1.138516699161435941e-01
2.953049437799641908e-01
4.433305985752480360e-01
5.413544252377169297e-01
5.786333367835427843e-01
5.557684193364802461e-01
4.743872909249804426e-01
3.434350370263670182e-01
1.767382493723177461e-01
-5.496452072419666379e-03
-1.850261989723547273e-01
-3.411442661673970145e-01
-4.573290472530981976e-01
-5.252226857338595511e-01
-5.372745190941266014e-01
-4.923071093482619398e-01
-3.953917397469020045e-01
-2.598052823623224761e-01
-9.806050127806609229e-02
7.141823537313540804e-02
2.299283108949508048e-01
3.612589993780130904e-01
4.522337222756220854e-01
4.931393712190181855e-01
4.795048073798511279e-01
4.170339220953196424e-01
3.113960594947011717e-01
1.740816875583077739e-01
1.974842177384728004e-02
-1.341264023154274954e-01
-2.720241564554093383e-01
-3.780369051166926342e-01
-4.409173406955031460e-01
-4.581998248549370434e-01
-4.276854473089859443e-01
-3.524823626347668437e-01
-2.407090739903684495e-01
-1.066863700919430391e-01
3.681498395455307104e-02
1.735849630452876990e-01
2.885168511213975773e-01
3.712316326253468635e-01
4.134677915536304482e-01
4.108560770374749538e-01
3.637000713242015681e-01
2.797785759527167126e-01
1.665627787686629890e-01
3.772445850238148601e-02
-9.190665016727661563e-02
-2.087646384932433374e-01
-3.013044607202743919e-01
-3.589761850116826025e-01
-3.756310747603754940e-01
-3.538203587137127570e-01
-2.955769268720281895e-01
-2.068598026782455523e-01
-9.756059764837587966e-02
1.870253454493986389e-02
1.302635323316552185e-01
2.238664525603177857e-01
2.896376383109349195e-01
3.245842224110060403e-01
3.248509852531076270e-01
2.899478799265349238e-01
2.242966263509329483e-01
1.372282121102654795e-01
3.654061770755778760e-02
-6.631964624958508470e-02
-1.594528564198252063e-01
-2.338293780032956182e-01
-2.823719943040454705e-01
-2.999446260456940516e-01
-2.849469015552794637e-01
-2.421085056199321350e-01
-1.752061346122031349e-01
-9.151794725912532069e-02
-5.828511923936519068e-04
8.758446879510239924e-02
1.643429168653929295e-01
2.203827427435565145e-01
2.498820051347971916e-01
2.536834328412600481e-01
2.313392259816218210e-01
1.845006419653549834e-01
1.186643693695685897e-01
4.252940494400259119e-02
-3.667576423906282468e-02
-1.094938925577211286e-01
-1.677449050600714475e-01
-2.075405738225563068e-01
-2.250362801580120253e-01
-2.177377135718314705e-01
-1.868291298543911516e-01
-1.378850380881070370e-01
-7.499857051621949822e-02
-5.538158960158412469e-03
6.189186210379471476e-02
1.205931918482401333e-01
1.651326580176060155e-01
1.901088009381337596e-01
1.930315680396870182e-01
1.766154812257103579e-01
1.422257622712550518e-01
9.338405417068740277e-02
3.627564641204150675e-02
-2.211139230636094410e-02
-7.628647227602503023e-02
-1.194806608747090992e-01
-1.471825231390102573e-01
-1.599546041423317577e-01
-1.565764111656484658e-01
-1.364663574175632998e-01
-1.026382185195257035e-01
-6.036607749749212104e-02
-1.327096841732366972e-02
3.291266377366208751e-02
7.262533076091948203e-02
1.033860863845843525e-01
1.224453887225152027e-01
1.269106193330695742e-01
1.168193507076273896e-01
9.560297023216257628e-02
6.484018743094432935e-02
2.756153244102654831e-02
-1.134702514114027672e-02
-4.779773352115312957e-02
-7.855871475903608570e-02
-9.938736257616376246e-02
-1.082446715002346460e-01
-1.068469351535631384e-01
-9.506007514027969840e-02
-7.340199990794016305e-02
-4.504011787690576085e-02
-1.383450472341485327e-02
1.766117404343203745e-02
4.545605086138260198e-02
6.632603158479244421e-02
7.997798338680950359e-02
8.513747969514517955e-02
8.028504077833331642e-02
6.652205688774315284e-02
4.698398653831059590e-02
2.314180083953898404e-02
-2.487024297551654328e-03
-2.662078882309992789e-02
-4.744976589343463669e-02
-6.310465490798378152e-02
-7.069046434861292472e-02
-6.955066701667478313e-02
-6.181379532222142092e-02
-4.793675239786387987e-02
-2.945774120967181720e-02
-9.399059358450312374e-03
9.887100097974776958e-03
2.683125449113132888e-02
3.939904773889058021e-02
4.635979105170995318e-02
4.828388674553774074e-02
4.491172019801359383e-02
3.626043075320617426e-02
2.410653220964809051e-02
1.100686931717742567e-02
-2.104609627752163092e-03
-1.405187554634634850e-02
-2.351130118144073577e-02
-3.066200208499891833e-02
-3.478421091892858197e-02
-3.476420641919164556e-02
-3.105783522494209858e-02
-2.494330635052555145e-02
-1.685702600276883789e-02
-7.685879616143531656e-03
1.296862301827905739e-03
9.343776312243257109e-03
1.575919082950116845e-02
1.962905885675270135e-02
2.074163745594437280e-02
1.977350453973225619e-02
1.673918337659374700e-02
1.180270156119123115e-02
5.825266921054783609e-03
-3.316110177956632654e-04
-6.185400779736505150e-03
-1.110023564611395397e-02
-1.462014394569544073e-02
-1.688407224295462861e-02
-1.765112240177701963e-02
-1.658091993645272044e-02
-1.398544590630079743e-02
-1.052100981866566087e-02
-6.427831243601800359e-03
-2.064224292545047135e-03
2.068633298894395622e-03
5.750805595967856121e-03
8.634503117900038660e-03
1.007030154240040609e-02
9.900035304480914178e-03
8.498920497886253145e-03
5.974816179359798696e-03
2.763320701039351235e-03
-5.361201485766242669e-04
-3.566679065447608821e-03
-6.063170264783201979e-03
-7.716232358413122050e-03
-8.362498927879213895e-03
-8.109548424272916556e-03
-6.999320368691885896e-03
-5.297829136484910606e-03
-3.478381018012788317e-03
-2.022999982845052891e-03
-1.030813106687955560e-03
-4.539322612376883725e-04
-2.969539870222304145e-04
-3.299035719362963803e-04
-5.701583108700392089e-04
-1.059323344621332375e-03
-1.589124884779358204e-03
-1.976771833468671247e-03
-2.197128659626956804e-03
-2.268696732923070059e-03
-2.223826224682201591e-03
-2.185255791776752332e-03
-2.135134895409063205e-03
-2.022559210607899338e-03
-1.905024846635461344e-03
-1.824185620571294741e-03
-1.783460712487361377e-03
-1.781107338917231608e-03
-1.799200025689340343e-03
-1.795906616215092733e-03
-1.778538017249142733e-03
-1.768715434054546343e-03
-1.758487951585618880e-03
-1.747507062650699439e-03
-1.735697324569462907e-03
-1.719588147297113068e-03
-1.704179700838026612e-03
-1.696871833823498932e-03
-1.696087887167130326e-03
-1.697925636883867995e-03
-1.701725447397106628e-03
-1.705066952149669746e-03
-1.707926309923335495e-03
-1.711878695395796512e-03
-1.716389394728512485e-03
-1.721316705055042640e-03
-1.726664089953033887e-03
-1.732183212096005676e-03
-1.738281699469212960e-03
-1.745631957423277036e-03
-1.754087120273917222e-03
-1.763080333029853897e-03
-1.772358168398269207e-03
-1.781692747588214942e-03
-1.791450997427501690e-03
-1.801658651555460011e-03
-1.812341443611420466e-03
-1.823525107234158504e-03
-1.835235376063448776e-03
-1.847497983737844685e-03
