-3.805154176473490857e-01
-7.622451307145194921e-02
1.666325671823387644e-01
3.511126625435943005e-01
4.802726124418863485e-01
5.571692563067853765e-01
5.848594335678636291e-01
5.663999836546955713e-01
4.975661206406924997e-01
3.776485908786715306e-01
2.142115345224990808e-01
2.807789818051609210e-02
-1.603299187378977031e-01
-3.333088707453141231e-01
-4.722187588920974122e-01
-5.602652455234173878e-01
-5.872464937824710685e-01
-5.547951900566775452e-01
-4.644531121574924093e-01
-3.242156931991594382e-01
-1.479251219247808002e-01
4.414404594275267435e-02
2.334718371442607854e-01
3.978638060369832363e-01
5.194806528913915589e-01
5.886803612847952838e-01
5.972554664814091474e-01
5.433112468414194041e-01
4.318935858142651796e-01
2.771068770762723510e-01
9.212684939019011310e-02
-1.028439194290937664e-01
-2.866778665872619092e-01
-4.404670105444351558e-01
-5.487304647448346673e-01
-5.985178472976815378e-01
-5.835304493895527855e-01
-5.099892241611441168e-01
-3.837503976047190735e-01
-2.166477566040262426e-01
-2.537719734193155663e-02
1.686216908186441987e-01
3.461975295219426041e-01
4.865493846553312629e-01
5.745429140624880304e-01
6.050577218372299448e-01
5.736114408334129777e-01
4.821217835792952489e-01
3.394459476303564038e-01
1.629678838475603353e-01
-3.176862457425688735e-02
-2.238829759174294498e-01
-3.924629774509559299e-01
-5.207748971386692016e-01
-5.958517761739285934e-01
-6.085797581389509325e-01
-5.563149106388254328e-01
-4.480283096636474838e-01
-2.926556907582543721e-01
-1.068403695289208422e-01
8.974748242811925181e-02
2.760882267212567687e-01
4.338684194390953763e-01
5.448460497861640217e-01
5.967793463975974433e-01
5.884977815579550686e-01
5.194794084983167526e-01
3.958332608341599279e-01
2.300115601267458398e-01
4.183104426220674021e-02
-1.513262545540708937e-01
-3.281006121441819579e-01
-4.697042752295883528e-01
-5.644268885736871688e-01
-6.020433686904336223e-01
-5.775663750621835568e-01
-4.930262348384435445e-01
-3.594851377488846866e-01
-1.877953847260988018e-01
3.594313671536841781e-03
1.945684621212984133e-01
3.656878234479126188e-01
5.002998191564873576e-01
5.827714480648209516e-01
6.038322788455758872e-01
5.659585754595244378e-01
4.714883536991922863e-01
3.285334796333396756e-01
1.509258017652357342e-01
-4.150158986947360962e-02
-2.304242532652347464e-01
-3.941704375518295667e-01
-5.157462822132592439e-01
-5.863354510999636560e-01
-5.977817271405155841e-01
-5.474189269603166874e-01
-4.398551661476254315e-01
-2.885361741744610908e-01
-1.059428914548362632e-01
8.873116746785392195e-02
2.748817201680218147e-01
4.336926194776717924e-01
5.496062238511094655e-01
6.084051260086769108e-01
6.025528181851906862e-01
5.372368393152202604e-01
4.174102071075966869e-01
2.541459368292329213e-01
6.365699937892665972e-02
-1.331042126284963656e-01
-3.172774583051327646e-01
-4.678618048332017221e-01
-5.689927531370249092e-01
-6.139079210943068077e-01
-5.968101168092377895e-01
-5.181706103390174567e-01
-3.857013769123051050e-01
-2.157907349871832636e-01
-2.268049832172369662e-02
1.737237791996231184e-01
3.525720844809219212e-01
4.963345324715191520e-01
5.906709834389860525e-01
6.239927240112159712e-01
5.915345152336557444e-01
5.004591914942937425e-01
3.578954201959700931e-01
1.771184276998305496e-01
-2.418489828077152737e-02
-2.242316371652279816e-01
-4.036533109579254486e-01
-5.417479383386574199e-01
-6.235887068898808838e-01
-6.444589172917565278e-01
-6.005219087684277035e-01
-4.944439290041439117e-01
-3.359839252500733675e-01
-1.435182528769648469e-01
6.620299779255933714e-02
2.709171217296739709e-01
4.488299902432193456e-01
5.824814487228786586e-01
6.580741547710495798e-01
6.658044446211635048e-01
6.030468775824657790e-01
4.794986939056562480e-01
3.050328052389474909e-01
9.766190903039118076e-02
-1.212948342543116453e-01
-3.284899543056550852e-01
-5.035364485094491194e-01
-6.261451456025950435e-01
-6.825121626842662881e-01
-6.704221996336620082e-01
-5.890389817561314523e-01
-4.452455719418395574e-01
-2.528377523601557098e-01
-3.428735147207584433e-02
1.903433783594470352e-01
3.963634505931643570e-01
5.617737556139434929e-01
6.716411438623348662e-01
7.136052560789019061e-01
6.817323621457491711e-01
5.778914247542430438e-01
4.147051815324442892e-01
2.053915634469836160e-01
-2.736574454401607959e-02
-2.592929181553034201e-01
-4.660682517416414594e-01
-6.268854153197409573e-01
-7.225718464725690016e-01
-7.414848456088456441e-01
-6.857498560570876034e-01
-5.585824779870145473e-01
-3.715028768814865323e-01
-1.423197195680039329e-01
1.031950741624358958e-01
3.410726376394164205e-01
5.435835178196291029e-01
6.889683671268898024e-01
7.652515621056068529e-01
7.625342368725276376e-01
6.792983628156872289e-01
5.226347362260790330e-01
3.115336641386357019e-01
6.428618180733902676e-02
-1.923560915588978792e-01
-4.309419112739972801e-01
-6.261742631004607595e-01
-7.576641774789699690e-01
-8.088866954338275184e-01
-7.718281825235062676e-01
-6.549843879787353718e-01
-4.677748712107578921e-01
-2.291724358798138406e-01
3.680132322109841425e-02
3.002216765725700398e-01
5.345398939088685797e-01
7.125712384524649501e-01
8.143176274596855002e-01
8.325524395186558735e-01
7.629991495021417602e-01
6.120619310006056857e-01
3.943104672797947963e-01
1.362767798330979385e-01
-1.383489868129077482e-01
-3.998082288449151811e-01
-6.194103008513984765e-01
-7.747536114954399755e-01
-8.489070178299020775e-01
-8.333996167632464758e-01
-7.279220559406460733e-01
-5.461192883870116255e-01
-3.033660064471066509e-01
-2.701304280756000598e-02
2.537981142063658879e-01
5.085430206222798510e-01
7.108806667487983511e-01
8.368462590204022167e-01
8.711701866734502531e-01
8.147612386050657740e-01
6.707848385850756490e-01
4.536453315187365387e-01
1.845535106308933138e-01
-1.052653884602037238e-01
-3.867232371397256729e-01
-6.267461412202887105e-01
-7.990306089249979982e-01
-8.886000864315526382e-01
-8.838372788811343916e-01
-7.842121960933100544e-01
-5.985498231278454373e-01
-3.500844523693675825e-01
-6.142011524359058949e-02
2.352165198865854290e-01
5.075735729630765913e-01
7.263509695193823834e-01
8.682216312582047291e-01
9.162702079065248029e-01
8.628679768837446140e-01
7.186280888699885239e-01
4.958939835942093310e-01
2.193346937747697734e-01
-8.213061930588760884e-02
-3.741369776090317512e-01
-6.264218656568552035e-01
-8.096075992591608150e-01
-9.026751677738633628e-01
-8.999795185406016529e-01
-7.993982707030158341e-01
-6.117136350892100616e-01
-3.557725971786511732e-01
-6.320132409204148871e-02
2.375049993989235553e-01
5.124215386259902694e-01
7.308992209518929695e-01
8.713660014225634853e-01
9.177431562872040427e-01
8.650633426742415644e-01
7.172353531137796168e-01
4.935877884506898461e-01
2.145126527617067236e-01
-8.767231649158324647e-02
-3.801285441525549258e-01
-6.308056188262076702e-01
-8.130816295671023930e-01
-9.056985648773872022e-01
-8.967701565500691974e-01
-7.930051826038283513e-01
-6.030566935675669704e-01
-3.474664955023467616e-01
-5.248108136239371113e-02
2.471227993433042780e-01
5.201137492009133556e-01
7.342401594565364231e-01
8.653120520184529596e-01
9.036650726834949410e-01
8.430861639277409392e-01
6.901702411542178783e-01
4.601288827803662329e-01
1.821125434532584464e-01
-1.169247420160203221e-01
-4.028760280477693412e-01
-6.433584828096685637e-01
-8.128483648044375620e-01
-8.926699104176148980e-01
-8.744419575053659077e-01
-7.582073298820302121e-01
-5.604914868457187005e-01
-2.993503384357611985e-01
-6.351370896134134192e-03
2.858782785625557654e-01
5.447918861521585665e-01
7.428396417796403473e-01
8.569850306931030559e-01
8.733038931156273943e-01
7.957988701526532704e-01
6.307347075809761616e-01
3.967428983595622238e-01
1.185571094768353984e-01
-1.697277223600052176e-01
-4.378418273717383791e-01
-6.539089596527238868e-01
-7.936527805969568750e-01
-8.468968466359405589e-01
-8.059885289794389562e-01
-6.755078165544090574e-01
-4.689173382423345027e-01
-2.132084668171787545e-01
6.646500258200882527e-02
3.372070599905192534e-01
5.679064674667317902e-01
7.338152823084977960e-01
8.165406237391832356e-01
8.078919542467790649e-01
7.075194900856749403e-01
5.303535526144191881e-01
2.927285915276027772e-01
2.359316254390741996e-02
-2.468782787748816654e-01
-4.879635605208615390e-01
-6.736278442538514710e-01
-7.817086530072760997e-01
-7.988779374826928681e-01
-7.292242355731355374e-01
-5.783871104038176281e-01
-3.634169432408269618e-01
-1.071307137293838752e-01
1.589211762473456968e-01
4.062774107867448414e-01
6.046300688232861820e-01
7.311770687219396603e-01
7.764989608483090500e-01
7.338842923253259265e-01
6.082942116626763873e-01
4.128091621971989866e-01
1.735962387706209142e-01
-8.548582834154916377e-02
-3.336964268198058248e-01
-5.418336398047635116e-01
-6.872021757893971294e-01
-7.533298803993710990e-01
-7.331422004840666418e-01
-6.271837308192277360e-01
-4.511915657732187279e-01
-2.217458202398886469e-01
3.231286218323115023e-02
2.814760796512134622e-01
4.971074026742083873e-01
6.554215034119865724e-01
7.371836082621627817e-01
7.316124370595871174e-01
6.449779672967266286e-01
4.848633209384707321e-01
2.696640572978816763e-01
2.294405816903521966e-02
-2.240924415234378797e-01
-4.445708994544579351e-01
-6.112959606866581463e-01
-7.045329878059374273e-01
-7.188348496995395909e-01
-6.505333806973638833e-01
-5.071815486897390812e-01
-3.040599495564973997e-01
-6.807629511008028711e-02
1.767989463156112162e-01
4.011262168374278847e-01
5.777909297574896907e-01
6.875170759651274555e-01
7.172222723749999140e-01
6.641959749987507156e-01
5.326621809472735780e-01
3.409637538946448387e-01
1.075373412476750001e-01
-1.388795192002334478e-01
-3.695635062516313685e-01
-5.578413948230086516e-01
-6.823499191890902704e-01
-7.277656502789173754e-01
-6.869791646635576843e-01
-5.690719833326581822e-01
-3.843367278677892740e-01
-1.545305664531229084e-01
9.499453345936781368e-02
3.337975891395821293e-01
5.355081638598959692e-01
6.745497203245462980e-01
7.334951636270730102e-01
7.101377965707058593e-01
6.044759822520586745e-01
4.280897182051413008e-01
1.993734342744617472e-01
-5.230181209085249527e-02
-3.007390056098651065e-01
-5.155888722739343510e-01
-6.709000104401754427e-01
-7.507774486032054995e-01
-7.445100377631282962e-01
-6.525048263720463204e-01
-4.828737171974319953e-01
-2.581654001420665701e-01
-9.619698567397971800e-05
2.602530116251562387e-01
4.925152466393638573e-01
6.700773694837933725e-01
7.724493739173645679e-01
7.868529956443897078e-01
7.089830170970368162e-01
5.509238916683332210e-01
3.264801651814392969e-01
6.323030613045599324e-02
-2.091735254807555178e-01
-4.586481834096903798e-01
-6.577242442811956913e-01
-7.815146854220167416e-01
-8.139823348382613233e-01
-7.558671732954402867e-01
-6.105133607414314767e-01
-3.939027563335724125e-01
-1.286236805235242420e-01
1.519755849562858252e-01
4.183415676941781847e-01
6.379617840303291043e-01
7.850603779472937749e-01
8.465985876656916265e-01
8.130816291874558566e-01
6.873078342912122274e-01
4.811039167838204733e-01
2.209437167196188767e-01
-6.797366386862802035e-02
-3.513575540906682670e-01
-5.965706615215708997e-01
-7.761420558450629059e-01
-8.693647843308860423e-01
-8.655897487514470079e-01
-7.627217352152024787e-01
-5.750784566793115671e-01
-3.191330104854930294e-01
-2.559679976142303914e-02
2.732110375478593589e-01
5.428644775241142639e-01
7.539373683400649728e-01
8.803796379686616991e-01
9.057843610822231550e-01
8.321650160229647764e-01
6.642825644151870712e-01
4.203396456048509311e-01
1.251307472606790760e-01
-1.855997830815280247e-01
-4.791108000809267686e-01
-7.195495661258147768e-01
-8.791619722503265510e-01
-9.439172979515292328e-01
-9.038957050853986264e-01
-7.628281157447213134e-01
-5.339508349193127223e-01
-2.464412924138906780e-01
7.202483789098623745e-02
3.844586913083012369e-01
6.554159049427727979e-01
8.550172421421096125e-01
9.607085596289621776e-01
9.604620945469743987e-01
8.515798481673333420e-01
6.494263627779517378e-01
3.718365548832371914e-01
5.239174865478890553e-02
-2.737541953542248496e-01
-5.696646086063426040e-01
-8.035828862450681287e-01
-9.477412792951988019e-01
-9.843018866297276181e-01
-9.143829683917640283e-01
-7.425022174877844439e-01
-4.877313876761493194e-01
-1.761807253804357210e-01
1.542762481506330108e-01
4.692447295612256486e-01
7.311816412672884624e-01
9.106725728217925919e-01
9.925681719433907535e-01
9.653940382152241817e-01
8.317224317992863991e-01
6.042897492299748041e-01
3.120065734055157414e-01
-1.707697933305074578e-02
-3.447086958366317733e-01
-6.342899121790821493e-01
-8.544073277692365576e-01
-9.808090444604358193e-01
-1.000000000000000000e+00
-9.078636507572168668e-01
-7.185727841151795525e-01
-4.488463487619467340e-01
-1.303325897374276732e-01
2.028254455939770828e-01
5.129904330452177419e-01
7.673900154878632307e-01
9.363428065106871312e-01
1.000000000000000000e+00
9.571671865413851066e-01
8.098960769588059438e-01
5.745746214227462900e-01
2.750268909546500495e-01
-5.266095012550620069e-02
-3.748750524913156967e-01
-6.537186212907890592e-01
-8.582685481600038635e-01
-9.701179884874082671e-01
-9.755703716660302227e-01
-8.744314164688159474e-01
-6.761585109743585287e-01
-4.067752288797681359e-01
-9.192348916983050788e-02
2.321401879722977402e-01
5.296412026157810704e-01
7.683928859790400967e-01
9.228053917244933846e-01
9.756052728781861028e-01
9.191262758640554864e-01
7.650595006393345887e-01
5.272511948912390611e-01
2.336491842103278760e-01
-8.416604704029151396e-02
-3.898408385179399360e-01
-6.514115664612929457e-01
-8.388289390782404098e-01
-9.308512281135961075e-01
-9.230975995298584813e-01
-8.146398313594122031e-01
-6.182908278882917052e-01
-3.546052765156492148e-01
-5.665415136110318883e-02
2.456849338825639606e-01
5.178234217756410018e-01
7.295726293868920465e-01
8.614072249393378566e-01
8.984832470333443677e-01
8.377533556364451517e-01
6.850150388417637348e-01
4.611100458999741747e-01
1.872101360514013546e-01
-1.046334395393382355e-01
-3.822880960381618287e-01
-6.159177927302066369e-01
-7.810180137259387090e-01
-8.594053274002783072e-01
-8.416736552057266785e-01
-7.362475268059456290e-01
-5.527689907051793750e-01
-3.117406400200545269e-01
-3.855710325428851615e-02
2.349191573874134242e-01
4.803232134932875486e-01
6.693833183866286785e-01
7.814205869636483559e-01
8.100904360420631001e-01
7.513299041938796829e-01
6.122405820091991746e-01
4.075422523109883954e-01
1.635205169150071303e-01
-9.592658045215396445e-02
-3.414748562697361711e-01
-5.455904279445560334e-01
-6.881141140211608498e-01
-7.541794131998605932e-01
-7.377254094951575247e-01
-6.399108379771218935e-01
-4.755780714532578113e-01
-2.600935443962215654e-01
-1.956836833961861366e-02
2.188896815993979228e-01
4.296560292403612813e-01
5.910917058313642780e-01
6.852750096170330263e-01
7.017183888486939747e-01
6.450152495110241802e-01
5.204521357591698205e-01
3.420206795966476143e-01
1.290913735269072493e-01
-9.235181286059113148e-02
-2.995723644704729738e-01
-4.686769267907059389e-01
-5.816721088643030946e-01
-6.323028747245424963e-01
-6.147725440121200036e-01
-5.313413005275231527e-01
-3.916256269061528794e-01
-2.146582836881167911e-01
-1.743625058282760598e-02
1.775390249306072477e-01
3.481523289197703264e-01
4.774609203748434449e-01
5.525684169234630350e-01
5.665746795149049220e-01
5.182276631974982450e-01
4.168675892697566443e-01
2.718648045643830002e-01
1.005934391213720858e-01
-7.754035293876571089e-02
-2.430921929214376886e-01
-3.793075564618350048e-01
-4.704253858958090673e-01
-5.066187924870517723e-01
-4.899702759986156453e-01
-4.220212375324997600e-01
-3.099853530543804636e-01
-1.662762573635497843e-01
-8.856368608171627521e-03
1.462791847604545392e-01
2.805788874213475115e-01
3.795198627865701280e-01
4.370029618241566549e-01
4.471052993093851402e-01
4.088618839161903828e-01
3.272733613431919597e-01
2.147662538572536750e-01
8.173282900565181919e-02
-5.661389183804554914e-02
-1.840845465324990604e-01
-2.879614251480853149e-01
-3.582736600569095264e-01
-3.872725314313436584e-01
-3.720162310473957845e-01
-3.186270347537744074e-01
-2.321105787075665727e-01
-1.230323381489342172e-01
-4.649732231912562241e-03
1.096939252249429231e-01
2.085899851830803620e-01
2.802087516224722741e-01
3.170393707399083993e-01
3.202443707176103604e-01
2.896420365537146768e-01
2.281745641038357419e-01
1.436504754112581939e-01
4.804404293734365616e-02
-4.939549469438564433e-02
-1.371470978942392893e-01
-2.053799758709999868e-01
-2.505312953165979017e-01
-2.683105832887343611e-01
-2.564247322477191116e-01
-2.172775151590170539e-01
-1.578620322331893977e-01
-8.329421562369165866e-02
-2.460770246293320085e-03
7.450973054650367189e-02
1.401549286683769768e-01
1.885114210625737918e-01
2.139532548239218013e-01
2.142865034064382890e-01
1.933420565495711507e-01
1.529470281029094991e-01
9.733425523535021995e-02
3.370577334890789700e-02
-3.048200342656859352e-02
-8.904898058252330717e-02
-1.342316971616022148e-01
-1.613480542505040249e-01
-1.715973111122458539e-01
-1.639071849707702810e-01
-1.381733806265422748e-01
-9.828678392660483709e-02
-5.026283947028420407e-02
1.747417688655383827e-03
5.113150349686379492e-02
9.186819420240466272e-02
1.221365093116546507e-01
1.393407320359532076e-01
1.401829874094879802e-01
1.251204756990642597e-01
9.866640538310389452e-02
6.294810003165540735e-02
2.224943752714247935e-02
-1.763969935924891708e-02
-5.316724439420250636e-02
-8.126570191212667549e-02
-9.784605263651591223e-02
-1.016187992895211112e-01
-9.525937966894792996e-02
-7.905728738624384633e-02
-5.438636908358351896e-02
-2.558267827966498320e-02
2.947831211136398011e-03
2.894773932837502173e-02
4.942364900163842556e-02
6.222266627052741583e-02
6.842496573387535364e-02
6.725410179916169184e-02
5.789288241456325146e-02
4.251250033966780251e-02
2.440425056777750790e-02
4.927506946101889440e-03
-1.373175476285626306e-02
-2.918765891575914040e-02
-4.097677251988363079e-02
-4.798341310011799976e-02
-4.883644192164871001e-02
-4.413507843331776481e-02
-3.592080853313983635e-02
-2.474350312449824507e-02
-1.168062195047125940e-02
1.301585244628089555e-03
1.297123400118871395e-02
2.235987859803834077e-02
2.827546239809453077e-02
3.047373141242881722e-02
2.997918341482663784e-02
2.674425888605558299e-02
2.084400148810527931e-02
1.343587363920728528e-02
5.690601957875962569e-03
-1.786099137658259117e-03
-8.221631785475302934e-03
-1.306256655019710777e-02
-1.652599212107297433e-02
-1.826186501009452456e-02
-1.775720877482755977e-02
-1.536990289691297917e-02
-1.188185352242843162e-02
-7.545393299395297682e-03
-2.770172613448140808e-03
1.857018198466509062e-03
6.094022149411904010e-03
9.546190206301208292e-03
1.154126525668530689e-02
1.193203585186597415e-02
1.110323183950989723e-02
9.130542512371553343e-03
6.405216201657681907e-03
3.529053172093954416e-03
8.850103196222924851e-04
-1.291853275173004967e-03
-2.786801035480124256e-03
-3.487098904929264442e-03
-3.516905918728219227e-03
-2.888071081131093898e-03
-1.764753520309025880e-03
-5.464278359907925875e-04
3.389537343574389183e-04
8.318818344961176336e-04
1.018749053265155524e-03
9.286656852902641646e-04
7.910857821926686739e-04
5.834364518839674218e-04
2.248400649431658849e-04
-1.400637007510363574e-04
-3.961582656876183606e-04
-5.288792754895021986e-04
-5.366176902124042414e-04
-4.478797194785721913e-04
-3.581992945141942997e-04
-2.565580640602194151e-04
-1.105355076572722695e-04
4.081324262839025607e-05
1.772418425562971578e-04
2.915812793162775307e-04
3.717113674353011987e-04
4.245011056573932962e-04
4.738676689810539244e-04
5.154548411283599307e-04
5.515402229436805470e-04
5.844014152716070498e-04
6.163160189565086711e-04
6.495616348434207765e-04
6.864158637764905535e-04
