6.069545785654129055e-02
-4.332894134391236385e-01
-7.292246970853720756e-01
-8.559228823619547954e-01
-8.421964585486230170e-01
-7.168579149251272931e-01
-5.087197407712196195e-01
-2.465944253666522146e-01
2.763083326555637598e-02
2.965945593039318595e-01
5.290830078371335787e-01
6.804035249600222102e-01
7.197345007611071210e-01
6.492709800019811350e-01
4.725439249606282477e-01
2.206570278064161617e-01
-7.080911333365769167e-02
-3.472448322917924823e-01
-5.672178415158571907e-01
-6.946311367563160477e-01
-7.024482528829950612e-01
-5.900105962265960180e-01
-3.697990729435460810e-01
-9.180112920866345672e-02
1.979080268778965479e-01
4.434268763359163756e-01
6.052687488347527900e-01
6.592175991313466987e-01
5.903036659118432450e-01
4.172597384091452088e-01
1.658264908315216779e-01
-1.057717128322597233e-01
-3.489001292850072433e-01
-5.184656084485312899e-01
-5.834182513822103733e-01
-5.363771064719269344e-01
-3.833429900315122874e-01
-1.664621138178750126e-01
7.998071511754023533e-02
3.024072886467523702e-01
4.567434944983335132e-01
5.175915785184983520e-01
4.726596117624528581e-01
3.386530278564325869e-01
1.383847424066233511e-01
-7.831630711868342587e-02
-2.750926783161655731e-01
-4.145105578009217195e-01
-4.672967793506722645e-01
-4.255705357406379674e-01
-2.929287713286167216e-01
-1.073461421225118118e-01
9.693216473832944047e-02
2.765202904578396570e-01
4.019689693803940589e-01
4.548965789876229238e-01
4.224834479121848396e-01
3.154696088514534758e-01
1.496244941817368446e-01
-3.551349333836206768e-02
-2.071255734972082818e-01
-3.344838023987547482e-01
-3.958476841202061003e-01
-3.827279123018454410e-01
-2.968960133920245381e-01
-1.644670642080273693e-01
-4.189245272538388853e-03
1.513251224117353466e-01
2.731721438530376744e-01
3.441114610467883583e-01
3.531948215178777328e-01
3.026243350422148648e-01
2.009473672671175937e-01
7.370300004226004731e-02
-6.073247159017847174e-02
-1.771563974439706035e-01
-2.534730296330977017e-01
-2.807193155386349392e-01
-2.558703672980299215e-01
-1.888088245870414017e-01
-9.187331069054016641e-02
1.181290622413988523e-02
1.074576458420211100e-01
1.799674008980358675e-01
2.147506918793000708e-01
2.082666315046908245e-01
1.620914025782131951e-01
9.133650932775072562e-02
1.053887244787277133e-02
-6.237889660366990885e-02
-1.166232144574824714e-01
-1.446919322013642262e-01
-1.396011199365193578e-01
-1.040131882635833005e-01
-4.350810000405580524e-02
2.324136964962764118e-02
8.047140997642476812e-02
1.159088628595668080e-01
1.225729319222403912e-01
9.916075875169205744e-02
4.794789733720117297e-02
-1.689046505037716805e-02
-8.474740636030464458e-02
-1.364602744242213728e-01
-1.561129041127632400e-01
-1.381886690979441390e-01
-8.217016801770493650e-02
2.444420061312735371e-03
1.021581439566017213e-01
1.915304434652915777e-01
2.548846559137896151e-01
2.777988854292949839e-01
2.481713007452719388e-01
1.652583463714305534e-01
3.662274015725142107e-02
-1.092222609701145597e-01
-2.463167361793964227e-01
-3.436336647208823036e-01
-3.823148045334214817e-01
-3.521444000345165248e-01
-2.480625202064373758e-01
-8.742065905689433425e-02
1.081034862584429046e-01
2.942928058560330129e-01
4.354887334944992361e-01
5.022436290489984412e-01
4.758024768879014488e-01
3.564627690264015047e-01
1.565664585293264910e-01
-8.075788101052550072e-02
-3.194861189953741576e-01
-5.071203448751826492e-01
-6.022758132438204015e-01
-5.847644240277164451e-01
-4.494071979027908226e-01
-2.234788442768034233e-01
5.975151888476104567e-02
3.370288272705319610e-01
5.612446580184269340e-01
6.870994949838822308e-01
6.822207672091284980e-01
5.461174616207820076e-01
2.932376918553185607e-01
-1.644341709351104797e-02
-3.287271143743756285e-01
-5.766009273596262030e-01
-7.143683290008626674e-01
-7.174677564736939850e-01
-5.743668414228366714e-01
-3.176366487441025788e-01
1.411427230085271489e-02
3.444365369767872220e-01
6.118448958734312715e-01
7.634475290864897179e-01
7.661603034609461016e-01
6.230870680743478829e-01
3.522586849898172723e-01
1.834251028183664367e-02
-3.255654984246525441e-01
-6.070834584647571974e-01
-7.699950962994767112e-01
-7.876916702640530676e-01
-6.514015301805258229e-01
-3.955900078963038302e-01
-6.012088305533502819e-02
2.807044374786364926e-01
5.711169640233428879e-01
7.586103765556786449e-01
8.048585417522511332e-01
7.056192920599697604e-01
4.712351862332038177e-01
1.590968778256938165e-01
-1.787449170481955063e-01
-4.762228266085499762e-01
-6.859500759347629817e-01
-7.769505408853580875e-01
-7.288736925798611210e-01
-5.569339168163589537e-01
-2.840152498102984646e-01
3.146866467558884217e-02
3.390101173884474406e-01
5.852415253060700984e-01
7.301060036511077822e-01
7.515661640125845810e-01
6.432874783723776524e-01
4.358958210974568370e-01
1.560200943949836550e-01
-1.423407796184018581e-01
-4.100326113387291471e-01
-6.036800875111296705e-01
-6.917421265692955679e-01
-6.622923729225744793e-01
-5.166058583204403698e-01
-2.892023871097900711e-01
-1.083387389533652101e-02
2.648789943334346475e-01
4.905835926006227865e-01
6.291024308419728150e-01
6.567236697059968265e-01
5.732035980877683290e-01
3.888024321658591909e-01
1.461686229584417962e-01
-1.194779633112731387e-01
-3.565944014382714800e-01
-5.213152988366420715e-01
-5.877727234413858692e-01
-5.429354365264047466e-01
-4.010429112377816852e-01
-1.837785062837808958e-01
5.835884776571287347e-02
2.866206207190953315e-01
4.565578256875397756e-01
5.329569818184163310e-01
5.055182419086250434e-01
3.758329086515701523e-01
1.784619271060263745e-01
-5.171910148270686403e-02
-2.616607088293613215e-01
-4.141814615301768754e-01
-4.812252122583540181e-01
-4.436111366821942070e-01
-3.123432306112914336e-01
-1.067745437022380450e-01
1.195223289886120366e-01
3.217853864990254387e-01
4.545764819235666998e-01
4.892445173946911030e-01
4.201725464557013456e-01
2.515459061630465065e-01
2.391746945936867874e-02
-2.251948833551322693e-01
-4.353282596199239407e-01
-5.600581084678235566e-01
-5.718061199088401159e-01
-4.587802668864482403e-01
-2.443626638830043163e-01
4.016982843187855146e-02
3.290309591956164237e-01
5.725244218467382407e-01
7.186066231576966334e-01
7.297082817561100221e-01
5.988958160708637291e-01
3.362368595394624737e-01
1.348576272864665526e-03
-3.502891563920550455e-01
-6.447281058738435489e-01
-8.293935695362867344e-01
-8.691427392725932233e-01
-7.442648215825382607e-01
-4.790225672587601347e-01
-1.074737049671872224e-01
2.918747536740582404e-01
6.522014876266797323e-01
9.043163054225229480e-01
1.000000000000000000e+00
9.218641594152561236e-01
6.734511432556635757e-01
3.115371017297807743e-01
-1.133547168777486736e-01
-5.174954918611792687e-01
-8.307382594814480825e-01
-1.000000000000000000e+00
-9.924714938587126944e-01
-8.158940672798622451e-01
-4.925972832011259461e-01
-9.263637069591401652e-02
3.246418488820428383e-01
6.807791019197222404e-01
9.132985509130033819e-01
9.892615013119008260e-01
8.939068752808798646e-01
6.556514892501650316e-01
3.099230617559738388e-01
-7.060012974877816205e-02
-4.287108053483299486e-01
-7.036945508175158626e-01
-8.479307703223004644e-01
-8.479050969596696463e-01
-7.034347681552184373e-01
-4.541418364366108795e-01
-1.405082102709049874e-01
1.749470821449545799e-01
4.453510070856578906e-01
6.318755526340096296e-01
7.039260328971275182e-01
6.594241917720311541e-01
5.061185047533178771e-01
2.869057632388296586e-01
4.008463461690614515e-02
-1.896482045336461697e-01
-3.690452016472821617e-01
-4.762610875316983794e-01
-4.959172570331208396e-01
-4.366745663027221669e-01
-3.095194565524931329e-01
-1.485631935761643208e-01
1.645592655627825529e-02
1.589364815963283384e-01
2.583496172371857469e-01
3.043234511855226199e-01
2.942366528614821508e-01
2.437634951860987442e-01
1.622172258022480662e-01
7.084759678265362126e-02
-1.014654581655627386e-02
-6.942479889542529925e-02
-9.974834400604437601e-02
-1.029613251577410349e-01
-8.424931254659151492e-02
-5.824980553902958658e-02
-3.129579072036892118e-02
-9.979076356663174607e-03
-2.395203441145299372e-03
-1.114467017906040081e-02
-3.463932308921535697e-02
-5.923065249343639760e-02
-7.371444418670658472e-02
-6.843086121017594170e-02
-4.154112599014192497e-02
4.149363619524226721e-03
6.655531084680710308e-02
1.335989124753729218e-01
1.940603737350132807e-01
2.292382470696372465e-01
2.258442028602303253e-01
1.813700707158718561e-01
9.742351762341838750e-02
-1.404265521408920581e-02
-1.371329398588052584e-01
-2.457332300613186415e-01
-3.229093511046250420e-01
-3.525766253450914878e-01
-3.217255277005270919e-01
-2.296679197845404863e-01
-8.494015593027215427e-02
8.217674353748516403e-02
2.443719308700118553e-01
3.707054870303887473e-01
4.410440487019504641e-01
4.429134972177588558e-01
3.688591170660981966e-01
2.306401204424068929e-01
4.492405753089334652e-02
-1.506850067402648596e-01
-3.236153011674559599e-01
-4.438855228908825667e-01
-4.905690310016037614e-01
-4.546362915601674937e-01
-3.379871793959340343e-01
-1.663046876957932074e-01
3.905861098293539335e-02
2.398066718637770212e-01
4.011147856055286010e-01
4.968179367750684694e-01
5.107304649863020352e-01
4.419439198185148854e-01
2.985046863187150734e-01
1.113894265896053781e-01
-9.484468631017628493e-02
-2.829939575898758886e-01
-4.200588470238617589e-01
-4.859001021378930307e-01
-4.694210412964527901e-01
-3.759869763897764061e-01
-2.181656601617157909e-01
-2.917585966888114335e-02
1.655024517900720582e-01
3.315944535284920391e-01
4.391487386994079589e-01
4.739328656747445745e-01
4.297430331370044598e-01
3.169892469695572146e-01
1.518277054218699629e-01
-3.146221115892755549e-02
-2.074355612384657377e-01
-3.455014957024279409e-01
-4.195194789109709665e-01
-4.217685107457285199e-01
-3.514850522486818729e-01
-2.246448624879087141e-01
-6.101868600170601287e-02
1.052181257517588175e-01
2.500632418641066668e-01
3.509031071769317389e-01
3.882214585657526307e-01
3.582759411912830316e-01
2.648934657367794099e-01
1.330283176879341056e-01
-1.352998697633356340e-02
-1.453735575680655812e-01
-2.431371122101491089e-01
-2.948498896490586718e-01
-2.901765939036753394e-01
-2.333570788097109050e-01
-1.335643870990220750e-01
-1.725053061591941272e-02
9.323757641359020631e-02
1.775303349937495945e-01
2.219655085060012745e-01
2.212163673102822692e-01
1.758001736391292535e-01
1.029660938929790603e-01
1.492676870843001602e-02
-6.643316890277950471e-02
-1.224356251130960249e-01
-1.448745375410286362e-01
-1.296740486094946077e-01
-8.375141538045804968e-02
-1.752395594488043162e-02
4.847821410161512468e-02
1.018869538609472603e-01
1.307716672800931512e-01
1.247953552609624150e-01
8.356721288739143993e-02
1.284232019977826766e-02
-6.446103557780435978e-02
-1.297809817496340390e-01
-1.656785529146417302e-01
-1.636930719205857976e-01
-1.236901269366633693e-01
-4.700048657589683820e-02
5.096508184830628174e-02
1.545789798966159534e-01
2.365651989369392805e-01
2.764764177832492731e-01
2.646681073317938004e-01
1.980273006157831084e-01
8.673344810766470125e-02
-5.359797011943623346e-02
-1.915115767786101930e-01
-3.055323566915647548e-01
-3.716863210726324418e-01
-3.708298710044378721e-01
-2.998658764979618141e-01
-1.643644634585530451e-01
8.360025568129758611e-03
1.909432841428779781e-01
3.460129479505293926e-01
4.485152593893693140e-01
4.804550187958853691e-01
4.289834557610261445e-01
3.005951976782992308e-01
1.097759894733525421e-01
-1.037236534726766468e-01
-3.047119874459219835e-01
-4.549154954517938831e-01
-5.280577950141753796e-01
-5.101621219705068100e-01
-3.973855909421128985e-01
-2.137145531340447491e-01
1.694903301046513100e-02
2.477046014344395086e-01
4.381896293812881371e-01
5.551666394977599062e-01
5.761369173523911424e-01
4.974126490737005302e-01
3.272728316947939309e-01
1.037320769930196729e-01
-1.412314728824455301e-01
-3.587406843951264079e-01
-5.080144777609316709e-01
-5.646746358093379659e-01
-5.170429696450504764e-01
-3.788116909174082947e-01
-1.705259060049078013e-01
6.081960240683503827e-02
2.795425778010900419e-01
4.450760434381015873e-01
5.247944982274646009e-01
5.084031274827263136e-01
3.966153975238868590e-01
2.194542150139919823e-01
7.344664661983468790e-03
-1.942646251398655322e-01
-3.533866768177629236e-01
-4.451048674517730230e-01
-4.504644432184643499e-01
-3.732380327081316063e-01
-2.248173645473973137e-01
-4.426140801637712396e-02
1.351226391778239666e-01
2.793079091941768066e-01
3.651666484314028960e-01
3.826911223488203007e-01
3.281775636469288493e-01
2.202614400879401302e-01
7.621552532664876978e-02
-6.984123033012923365e-02
-1.896309622846864551e-01
-2.645282804722803860e-01
-2.827580396017568276e-01
-2.464892203246652480e-01
-1.639990764688510350e-01
-6.048934982244635883e-02
4.779384385162566140e-02
1.400565454729214565e-01
1.974875953600969680e-01
2.124125239414067501e-01
1.830821758566789637e-01
1.232599776881919684e-01
4.690224704583156878e-02
-2.624086194594577037e-02
-8.512513487614825625e-02
-1.224223192322861919e-01
-1.300518411826225851e-01
-1.080217456443662849e-01
-6.017983629994494432e-02
-2.472381407459756097e-03
5.190935804200558223e-02
9.175261971709280928e-02
1.107049449772412597e-01
1.057945120044756493e-01
7.678550818537721590e-02
3.309396810347720042e-02
-1.919550996107777241e-02
-6.683145901632125963e-02
-9.805038017075395906e-02
-1.085420141776166636e-01
-9.571766523962255135e-02
-6.070455785055051123e-02
-9.049579411961161668e-03
4.643293550092786326e-02
9.858558508780257412e-02
1.364521477645537217e-01
1.491303952569891234e-01
1.332917967255051739e-01
9.018758123973147356e-02
2.874254860847780257e-02
-4.079472747706369695e-02
-1.032772819643794637e-01
-1.501980706143422051e-01
-1.729043720247399607e-01
-1.629635890990178693e-01
-1.203767664377641822e-01
-4.939751311324314109e-02
3.475240247908528701e-02
1.172278195373430698e-01
1.819056089486408290e-01
2.189314304794529598e-01
2.210299581856438600e-01
1.836480350299365405e-01
1.122788138317549755e-01
1.443003249909624586e-02
-8.929652100776330759e-02
-1.798606420608332979e-01
-2.409439519319416245e-01
-2.622417319613564723e-01
-2.384242486219045887e-01
-1.697925229686937376e-01
-6.996574434483460170e-02
4.950290233218157532e-02
1.651454439931727691e-01
2.551963412792797037e-01
3.041622752545403152e-01
3.027578781077848724e-01
2.494766595783222130e-01
1.500819385937950390e-01
2.577676050452715195e-02
-1.079685712098589212e-01
-2.258982008920674689e-01
-3.047829088778940543e-01
-3.316664225971412971e-01
-3.005010946627312274e-01
-2.161341844364426112e-01
-8.959985002265891119e-02
5.243217941736522114e-02
1.908042046792051138e-01
2.997078871772289599e-01
3.566277926626286732e-01
3.537518081231563194e-01
2.899231760232556798e-01
1.775516366576077587e-01
3.336271617493791197e-02
-1.121929984528347024e-01
-2.381403808735822469e-01
-3.231074050913911311e-01
-3.487439230732390927e-01
-3.114007132737260930e-01
-2.148447684118207635e-01
-8.196646004109675587e-02
6.457964737619747986e-02
1.954064089363911627e-01
2.912100656756937411e-01
3.389886931329229025e-01
3.277498916770436033e-01
2.605981309758185205e-01
1.465275217093251481e-01
1.284170593435551844e-02
-1.167071190614717979e-01
-2.185647951474142259e-01
-2.767942320345710971e-01
-2.833232070052623675e-01
-2.360393732950457624e-01
-1.503022048041332548e-01
-3.877278176877074767e-02
7.302191905436927755e-02
1.630026565493531976e-01
2.180066611985715941e-01
2.292646671259768176e-01
1.973963258956081823e-01
1.289591197023203240e-01
4.399263458917479497e-02
-4.420889391709470484e-02
-1.180012321752010873e-01
-1.613380309163253701e-01
-1.671371653684652347e-01
-1.347422766800397964e-01
-7.794648862772657338e-02
-9.911021708332801161e-03
5.189949292430462435e-02
9.805323140887911570e-02
1.225977826903958956e-01
1.189225405578666628e-01
8.907182339908636948e-02
3.863617009192310547e-02
-1.491733964278207925e-02
-5.809377953454464283e-02
-8.262804327417505590e-02
-8.463057828086972822e-02
-6.596764805346733151e-02
-3.035597347229679333e-02
1.071995234857170409e-02
5.039066124574032024e-02
8.019530784290140879e-02
9.190356799757926076e-02
8.185226444766624532e-02
5.076838065148447932e-02
8.946594931934281902e-03
-3.356692360370849837e-02
-6.545131565689943365e-02
-8.259551646996843299e-02
-8.333861011307530653e-02
-6.445548875442508319e-02
-2.923593402510604733e-02
1.701771540734009491e-02
6.141694541681830266e-02
9.402530678468101755e-02
1.100316666745424499e-01
1.068193708809614950e-01
8.594990877785324557e-02
5.125498100499292775e-02
1.086939731799341224e-02
-3.051912897011799242e-02
-6.557155738947850754e-02
-8.645369755366938413e-02
-8.942715425230929327e-02
-7.446081009642302462e-02
-4.735617720182516699e-02
-1.422785158208428324e-02
1.751388314760715659e-02
4.530382093939788746e-02
6.760332870675855865e-02
8.064456077956672075e-02
8.365207730515011875e-02
7.649340071090082738e-02
5.949830094925401269e-02
3.535891150263870131e-02
9.266166759962946031e-03
-1.685496079992288010e-02
-4.136621175244026283e-02
-6.181016998768584791e-02
-7.824957247555064388e-02
-8.822243062644896661e-02
-8.492999626931441171e-02
-6.678957145328257017e-02
-3.719085098012198110e-02
1.697246286309406216e-03
4.451539510851554304e-02
8.508207303181425374e-02
1.169872242504579329e-01
1.351838071512962980e-01
1.331421233772680512e-01
1.077092471635576754e-01
6.167695619197299806e-02
-1.007510913904496874e-03
-6.738208406618628743e-02
-1.244625786692484803e-01
-1.604340082888150443e-01
-1.689279006270002492e-01
-1.463852183333241852e-01
-9.206448625492191784e-02
-1.516375213877452222e-02
7.455057110097373929e-02
1.564524141212968456e-01
2.128675812929534672e-01
2.327225218000361640e-01
2.106136945971615049e-01
1.486290964185725816e-01
5.408482624591637311e-02
-5.234900359732619357e-02
-1.553805755967745394e-01
-2.329754894019522293e-01
-2.665259728872587663e-01
-2.496155591299367149e-01
-1.825017409766420684e-01
-7.848159370400309420e-02
4.608883299188093474e-02
1.635740685442099718e-01
2.559669040393315331e-01
3.066420027333858211e-01
3.014703580833089092e-01
2.389785033475713139e-01
1.255204807650267540e-01
-1.238602652784825953e-02
-1.506921520730313269e-01
-2.620577780287254299e-01
-3.287113943064402521e-01
-3.391182553793743448e-01
-2.858284526106297241e-01
-1.779222907728186254e-01
-2.856597963334828183e-02
1.300670293928325449e-01
2.701530747860287907e-01
3.659264684545748825e-01
3.994425379586390434e-01
3.620715904744167268e-01
2.550490986195177445e-01
1.009453404892040052e-01
-8.141024000465679755e-02
-2.561415548429977207e-01
-3.906646475806903052e-01
-4.595268130202448953e-01
-4.473400158246854108e-01
-3.535314783978531494e-01
-1.873027562728118989e-01
1.734587985959090695e-02
2.328402959489179747e-01
4.168398251734979354e-01
5.330888114371554742e-01
5.597391781670792987e-01
4.867667283998236005e-01
3.267427701951819419e-01
1.004542157043413209e-01
-1.445234899225449343e-01
-3.712027372608029951e-01
-5.346911933457795252e-01
-5.997095294924248421e-01
-5.563979727136658671e-01
-4.065813973663254810e-01
-1.817462411646346698e-01
8.322034471138883838e-02
3.317457391823026569e-01
5.231349918588368286e-01
6.248124125167997533e-01
6.133209241553629898e-01
4.935052768885617169e-01
2.809827501731880783e-01
2.626803324251358873e-02
-2.260604911890424784e-01
-4.260814962141735718e-01
-5.410248123271770293e-01
-5.573325313464452258e-01
-4.686819448715285885e-01
-3.012482473198743183e-01
-8.311225821821066617e-02
1.344210359286617251e-01
3.113191140210687102e-01
4.201911256663961591e-01
4.432970175493480269e-01
3.861167332466854951e-01
2.613770998047788563e-01
7.590746425200212144e-02
-1.095922149663859368e-01
-2.710862023664523113e-01
-3.845387624642608859e-01
-4.259141597758761000e-01
-3.711766588173655013e-01
-1.962905241047937510e-01
