-3.179819808708232998e-01
-2.381779615272454631e-01
-1.493926883207935541e-01
-5.623531331306197423e-02
3.668501143435443090e-02
1.247591338598612598e-01
2.033779019018640000e-01
2.679321634987692491e-01
3.070144938919832089e-01
3.169802831704660040e-01
2.959192014538865045e-01
2.456129811679435004e-01
1.702507440984590836e-01
7.761135212675762673e-02
-2.407510182320748982e-02
-1.237851086620461727e-01
-2.113734957604436193e-01
-2.785790748451033583e-01
-3.182784349798556400e-01
-3.251782418633125671e-01
-2.977113980569600082e-01
-2.401432764548199206e-01
-1.569001918924990413e-01
-5.597060623962213377e-02
5.279118779523472860e-02
1.577104810029705817e-01
2.485234021950966099e-01
3.147450434892222759e-01
3.489932749708102300e-01
3.493866752250194274e-01
3.148591392670656575e-01
2.481890815280354268e-01
1.555192581311444222e-01
4.749792766958416124e-02
-6.605204479236570503e-02
-1.727579195339317142e-01
-2.612112081730261215e-01
-3.229066055736748986e-01
-3.512747837931683437e-01
-3.429270101477616128e-01
-2.980231891603818406e-01
-2.224840193525386978e-01
-1.226006862469218861e-01
-9.611916007493337410e-03
1.044633597083275411e-01
2.077104460242236161e-01
2.898868077560157186e-01
3.417603970343014996e-01
3.575427577177567873e-01
3.379201161198723824e-01
2.841947910857096637e-01
2.018071986750844538e-01
9.908045936373310880e-02
-1.198288112498624436e-02
-1.205148009656686892e-01
-2.142181821805042574e-01
-2.833888313356630606e-01
-3.231184711980265023e-01
-3.289465402818338990e-01
-3.001539887683001284e-01
-2.398016125593535053e-01
-1.558104625366920626e-01
-5.572654474585181372e-02
4.938687790865747829e-02
1.482914280375415839e-01
2.311681741754412212e-01
2.899828205938603798e-01
3.187277995579642642e-01
3.144795801590118955e-01
2.803731715327193452e-01
2.195635959589554709e-01
1.385426204208761725e-01
4.575977573413592125e-02
-4.859888881877993949e-02
-1.354040463192914823e-01
-2.052711393953826624e-01
-2.513556713639365503e-01
-2.717764049056815567e-01
-2.647043507781653426e-01
-2.312189999365740212e-01
-1.752790678308768779e-01
-1.042349295147699806e-01
-2.463921136193747419e-02
5.507262130902756958e-02
1.266440341614816223e-01
1.841974998379489747e-01
2.227713308009373616e-01
2.389115380664992294e-01
2.316022671191884097e-01
2.040166324324890201e-01
1.588472612816502760e-01
1.012263637154442453e-01
3.754831349407639074e-02
-2.610145260536977929e-02
-8.426491234837329980e-02
-1.313774992915078821e-01
-1.635839705796614529e-01
-1.807302627549942642e-01
-1.818923183067170379e-01
-1.670513597741406508e-01
-1.384895367253928811e-01
-1.001692263508267011e-01
-5.517190209207112339e-02
-7.340378782167422678e-03
3.946320171058514958e-02
8.324318069895331185e-02
1.209973662742271916e-01
1.490054607286059873e-01
1.656305473009713758e-01
1.716073717133055343e-01
1.663572008498697130e-01
1.482768440454209635e-01
1.183422704545653570e-01
7.944215883397309774e-02
3.401213804982194944e-02
-1.484136677109604285e-02
-6.379399261312657110e-02
-1.100488999900210985e-01
-1.498655615192887591e-01
-1.780427981504457691e-01
-1.917858952635327352e-01
-1.903258400305603004e-01
-1.723433233625962790e-01
-1.367540852713634569e-01
-8.559313372945553944e-02
-2.351925272192423311e-02
4.553843982735927831e-02
1.156088416839042843e-01
1.801622207579236523e-01
2.328072398106466601e-01
2.677508236059704672e-01
2.785402201119333565e-01
2.621595388379867053e-01
2.200369216773478964e-01
1.539040770639841238e-01
6.808519829199566331e-02
-3.035808598632372401e-02
-1.310072154760855145e-01
-2.245052440634888180e-01
-2.994292202443216144e-01
-3.466844290900248371e-01
-3.607302046816336372e-01
-3.377740872871058952e-01
-2.775454125993236376e-01
-1.838176905035883157e-01
-6.616907364795809876e-02
6.591176392957986963e-02
1.983590007904270092e-01
3.170209256595430958e-01
4.082073389968594590e-01
4.612307037097327367e-01
4.674745191593074889e-01
4.232149932941948745e-01
3.335723857756518473e-01
2.048985327087653463e-01
4.964879070078231926e-02
-1.172294299834977238e-01
-2.767642132995683513e-01
-4.122922734293906766e-01
-5.069661439780770440e-01
-5.486702638768785611e-01
-5.328817909392765673e-01
-4.580699216848487243e-01
-3.305389736175536886e-01
-1.613757631921625135e-01
3.001183157016318326e-02
2.256540534588142854e-01
4.035797188469842922e-01
5.436840480468734249e-01
6.299191476916894405e-01
6.509898864945151686e-01
6.030001890754479454e-01
4.878536314369945615e-01
3.182605904612147985e-01
1.087729288029168906e-01
-1.171829886357094175e-01
-3.360443828557557744e-01
-5.230030979921043155e-01
-6.573677020657096026e-01
-7.223476667642854121e-01
-7.080032285839481521e-01
-6.171109896597564148e-01
-4.558356674004381270e-01
-2.410382338261192192e-01
6.640021290452935432e-03
2.586407171603475330e-01
4.887824295553719889e-01
6.697369211939605549e-01
7.803100109678198226e-01
8.092323002768151419e-01
7.501618989110110380e-01
6.087361365030217186e-01
3.971367755128234478e-01
1.402930970578573078e-01
-1.371152235453209078e-01
-4.034308563610953247e-01
-6.292979417682156296e-01
-7.892863088026856877e-01
-8.644762510475109130e-01
-8.459775326387131145e-01
-7.324745787225819260e-01
-5.378854898096168125e-01
-2.793282339641769418e-01
1.313785033120384860e-02
3.088190167039657208e-01
5.742366747232399149e-01
7.806477006069483249e-01
9.040661705212538202e-01
9.287047430170782825e-01
8.541755806244468729e-01
6.850899271721584416e-01
4.405308719133043116e-01
1.444865272293929248e-01
-1.681956797245288682e-01
-4.650966524564897897e-01
-7.117657219107547117e-01
-8.805173245123123493e-01
-9.547770836086415525e-01
-9.237262681631164263e-01
-7.910535970382961413e-01
-5.683660181435439274e-01
-2.828263025621193805e-01
3.772519690204134690e-02
3.562398791525733799e-01
6.380810763840378819e-01
8.520128678840204195e-01
9.737951472779848849e-01
9.905755743405979530e-01
8.979166835347198727e-01
7.085581882059270864e-01
4.394467605869916138e-01
1.224797165530759901e-01
-2.091293195128950400e-01
-5.176453046062745589e-01
-7.699757444473199763e-01
-9.374310505131676630e-01
-1.000000000000000000e+00
-9.541671706627989913e-01
-8.020372038933396563e-01
-5.617999362130553509e-01
-2.572102163122049756e-01
7.546131282323398359e-02
4.016091655081890366e-01
6.833440576348697171e-01
8.894945729056642492e-01
9.997048777748400727e-01
1.000000000000000000e+00
8.916261476792235463e-01
6.841551432865875526e-01
4.040270319345056205e-01
7.882269915565331964e-02
-2.535977419739198213e-01
-5.571777591426272380e-01
-7.983612818193197569e-01
-9.504489141843502908e-01
-9.973825951205734786e-01
-9.318901284684237840e-01
-7.651761399079789472e-01
-5.125982594575999585e-01
-2.046472550748662522e-01
1.261771834327964914e-01
4.417723964822106719e-01
7.084238379096083893e-01
8.962681604182851647e-01
9.836841106452804961e-01
9.648961943147049691e-01
8.398651636327498782e-01
6.246450802607252939e-01
3.410982618090427909e-01
2.398198908156934372e-02
-2.938807087305184140e-01
-5.761104522923655713e-01
-7.915952496785043646e-01
-9.189913918055273578e-01
-9.432803337615606187e-01
-8.638268123365564488e-01
-6.877746381082803229e-01
-4.384373087318867990e-01
-1.406383773828199235e-01
1.704381094369460392e-01
4.610073493128983291e-01
6.990084994179401878e-01
8.584405400325478830e-01
9.227062905941982862e-01
8.833748205185050217e-01
7.495266441515890943e-01
5.338528017632147016e-01
2.623383503219538504e-01
-3.643749610251723059e-02
-3.275270895871948973e-01
-5.798344872125029692e-01
-7.650952359970364380e-01
-8.623684475679689321e-01
-8.649619820735812148e-01
-7.711556027838617489e-01
-5.936361766641575777e-01
-3.506477807021908255e-01
-7.243747406380496301e-02
2.123207751863600556e-01
4.711704153404747686e-01
6.753893818665051008e-01
8.041974968046308181e-01
8.431277010140081352e-01
7.902828525294891548e-01
6.503250683002010923e-01
4.425479548929500684e-01
1.877273285364080557e-01
-8.384612562761628585e-02
-3.425738106768473346e-01
-5.598443465265350305e-01
-7.121579893016146690e-01
-7.833028125468080027e-01
-7.643930226198872857e-01
-6.623685081348256176e-01
-4.870805730381325693e-01
-2.600104266799170283e-01
-5.376944159714680538e-03
2.467285977139304087e-01
4.693981801398245945e-01
6.376004647460287167e-01
7.324925414793612699e-01
7.473332813254194296e-01
6.795547152441594463e-01
5.388721988727636081e-01
3.401468411224093380e-01
1.088274002317679567e-01
-1.313732656147548195e-01
-3.531553336203957505e-01
-5.317836764893608681e-01
-6.491595393592088925e-01
-6.923712035195350722e-01
-6.587782812502269714e-01
-5.514184048321760789e-01
-3.855481947091377037e-01
-1.777354634053380789e-01
4.698905972383426999e-02
2.639773031880141563e-01
4.492671302429704916e-01
5.829552949032303921e-01
6.508943704045644374e-01
6.450764807650906096e-01
5.705535834323949285e-01
4.345070968227511266e-01
2.534136083328228928e-01
4.652984057558229303e-02
-1.615280242433647651e-01
-3.486061687509073304e-01
-4.934429989515191073e-01
-5.799775025737103906e-01
-6.021447896486069595e-01
-5.568404610344008798e-01
-4.506073042174437715e-01
-2.946349664144845004e-01
-1.090201613027383942e-01
8.731589196153000110e-02
2.718926832346497680e-01
4.240396520315261597e-01
5.281414783772264698e-01
5.729463667035137320e-01
5.550303167105750113e-01
4.757687245867627812e-01
3.469145892653853203e-01
1.812266963779001205e-01
-9.866623003074170839e-04
-1.794084816778739322e-01
-3.343147171709731635e-01
-4.492047510716380421e-01
-5.117835797974514822e-01
-5.148316910870907037e-01
-4.618522837740711706e-01
-3.579524569029929326e-01
-2.157635623756072318e-01
-5.066191988237034316e-02
1.172466809347187944e-01
2.701486729516731078e-01
3.905906107094201385e-01
4.653131888609931543e-01
4.893691912065643024e-01
4.596008115962455509e-01
3.802885993800573239e-01
2.599861833747918460e-01
1.144522404478705013e-01
-4.156332371198723230e-02
-1.900017892868136604e-01
-3.140980256773076018e-01
-4.010977554054895311e-01
-4.416824902210318982e-01
-4.326795755918038111e-01
-3.748038268868484346e-01
-2.769183622606106177e-01
-1.485950911065747615e-01
-5.480030357600806923e-03
1.364501228558951951e-01
2.614200048012387256e-01
3.561555760731931475e-01
4.101445482058720948e-01
4.171466351246215787e-01
3.798393514142621719e-01
3.017739101853949002e-01
1.922424040405994461e-01
6.308125608296766273e-02
-6.996366928126607210e-02
-1.927372174051972253e-01
-2.907991300584124028e-01
-3.532321220210973278e-01
-3.758480854464486542e-01
-3.558004273534585149e-01
-2.959874938862443461e-01
-2.029567567963347363e-01
-8.924817133517259915e-02
3.371948017893289240e-02
1.516951575230016669e-01
2.511181732985714454e-01
3.217305883615559914e-01
3.560370585226027007e-01
3.509805901087923452e-01
3.068494989367478443e-01
2.307287936646749138e-01
1.300079929853572569e-01
1.735011779693618195e-02
-9.422228035662683077e-02
-1.923152504281644415e-01
-2.665318233332950593e-01
-3.085036424180278569e-01
-3.134090968034696223e-01
-2.837873357239123484e-01
-2.225509752742989011e-01
-1.369870833523103570e-01
-3.669613688544814956e-02
6.565825934198055158e-02
1.591359079285579181e-01
2.326074951613401609e-01
2.778862153617782660e-01
2.927220614737009452e-01
2.752046597269621753e-01
2.276348098370482020e-01
1.555479362864564674e-01
6.890808504010981217e-02
-2.353328847146751723e-02
-1.108113932980347993e-01
-1.825569668880194785e-01
-2.315211466741986523e-01
-2.525635871895087758e-01
-2.441410628995953624e-01
-2.072505909276419755e-01
-1.478968273396790156e-01
-7.190722873703014884e-02
1.114841909026709210e-02
9.139853512483520070e-02
1.599419813795677214e-01
2.094895498914162157e-01
2.344612434206505558e-01
2.320819169246777225e-01
2.051194632640798154e-01
1.561863209370886185e-01
9.135745690626229099e-02
1.826406365264654497e-02
-5.405564288757813696e-02
-1.177498188193725204e-01
-1.648384493644228233e-01
-1.899560449171645571e-01
-1.928428680500776649e-01
-1.730739362157537320e-01
-1.330962916583643407e-01
-7.778396409551890933e-02
-1.501384009574846523e-02
4.857077258909403561e-02
1.050265690788654283e-01
1.474416772467765924e-01
1.722696451724281541e-01
1.768658086089387460e-01
1.610707476582788900e-01
1.269269219181412556e-01
8.009321920386214266e-02
2.532772696963636605e-02
-3.033746447129348489e-02
-7.971868936340498202e-02
-1.174208030536753045e-01
-1.394150876710100739e-01
-1.432461517412983998e-01
-1.284919451154561409e-01
-9.849519326491451565e-02
-5.618217645500467317e-02
-7.785611274415016325e-03
4.003244379762849192e-02
8.156523453284525438e-02
1.121801167950666756e-01
1.279977424383336171e-01
1.271655263339894759e-01
1.116224301322152890e-01
8.284579408102832332e-02
4.484967430107777986e-02
2.909946759645176684e-03
-3.699165285260797020e-02
-7.017796624680983086e-02
-9.183145583468044215e-02
-9.915191112171806154e-02
-9.344507155418391164e-02
-7.502117875699720884e-02
-4.589427383530908511e-02
-1.003171305434813476e-02
2.705157688059345311e-02
6.108469424029427941e-02
8.696398475836653041e-02
1.008231468773248540e-01
1.021062373774468401e-01
9.040275117316531883e-02
6.697271259157977497e-02
3.476280465065428871e-02
-9.993820406708486814e-04
-3.642592446579084875e-02
-6.645752418234263104e-02
-8.639765804945087613e-02
-9.405916367812405809e-02
-8.822769178131040224e-02
-6.932349191047726400e-02
-3.936589667264589476e-02
-3.114118371056795453e-03
3.576221138028712332e-02
7.182866860863490466e-02
9.965086069789408363e-02
1.156093824139703408e-01
1.173954427583239202e-01
1.041805395226458320e-01
7.691078178346910654e-02
3.964716981967519871e-02
-4.216075556937926017e-03
-4.873768215878160337e-02
-8.776136804548384518e-02
-1.161776796702859160e-01
-1.302357931586154427e-01
-1.272472413907089761e-01
-1.066606354821147962e-01
-7.157886561696202854e-02
-2.477727148621133857e-02
2.796664005964832889e-02
8.010108535991244949e-02
1.248765657555521713e-01
1.568727616756142584e-01
1.707718755076979011e-01
1.638480052642681262e-01
1.381158863226679134e-01
9.528334171677577125e-02
3.959894464674373893e-02
-2.281924675335711417e-02
-8.373980262588220924e-02
-1.363493842355881780e-01
-1.730915954852780825e-01
-1.886658738665388801e-01
-1.821229735919457360e-01
-1.529978668953044796e-01
-1.037104666358433791e-01
-3.917670889627411501e-02
3.211435361122250143e-02
1.030732127010838273e-01
1.648175983674444733e-01
2.092433164190798944e-01
2.311599694039210284e-01
2.273039273203767419e-01
1.973571850615367662e-01
1.435692246995159405e-01
7.286962874900493325e-02
-8.292902292954096310e-03
-9.010974541837868390e-02
-1.627562141071503543e-01
-2.176296784998625888e-01
-2.481906063450989297e-01
-2.498412843354357316e-01
-2.211074131940827803e-01
-1.662480582802050577e-01
-8.975666026838258205e-02
-7.718846225044373455e-04
9.058456354819299783e-02
1.734120395232900957e-01
2.385232422246237327e-01
2.772525935966636546e-01
2.842436642625303378e-01
2.602734716439309981e-01
2.066795647438532946e-01
1.289386244343126986e-01
3.517186074023381792e-02
-6.269716706851991006e-02
-1.544622716875476698e-01
-2.287810491541122371e-01
-2.766918327235750041e-01
-2.941091969375916326e-01
-2.780533667545427301e-01
-2.296979221870291132e-01
-1.536291238582661034e-01
-5.962763671032211832e-02
4.331290673929877322e-02
1.429554899926734901e-01
2.276102677348763592e-01
2.878469922286794880e-01
3.167214086573679754e-01
3.108615454604499728e-01
2.700560549822592638e-01
2.000273111865054076e-01
1.069339271027796023e-01
1.983430071127445515e-03
-1.030284453021698132e-01
-1.960547161945094263e-01
-2.669627422768096059e-01
-3.068500161662023329e-01
-3.104668974658180147e-01
-2.796728704805144794e-01
-2.168001229570314381e-01
-1.286054611521386670e-01
-2.431526281385110178e-02
8.329769331936764942e-02
1.828180357283961666e-01
2.619602488362626769e-01
3.115559812136929896e-01
3.280179182731710608e-01
3.087398153803768697e-01
2.557105290914230000e-01
1.743620402277221704e-01
7.542691380047528149e-02
-3.147715823812458069e-02
-1.339388673554267051e-01
-2.200451319363152525e-01
-2.806595792706272352e-01
-3.091587119086088853e-01
-3.025893133925485756e-01
-2.611304116503123662e-01
-1.910652310044539393e-01
-9.889499187057515517e-02
3.941598890398800847e-03
1.055932850407563794e-01
1.947273540642693312e-01
2.618690617895909067e-01
2.991657749558460644e-01
3.021444035328999522e-01
2.731691636417861169e-01
2.148689246849528889e-01
1.338452236231688630e-01
3.899916053418106543e-02
-5.782522131183309710e-02
-1.464126525176818738e-01
-2.161828085670250976e-01
-2.593782933894585030e-01
-2.738345141187257248e-01
-2.576216812231553188e-01
-2.126603850182008371e-01
-1.440556486761630506e-01
-6.110503486463469969e-02
2.803299993912866661e-02
1.129650631794125726e-01
1.837689090103853395e-01
2.334057371510835921e-01
2.568116540063538622e-01
2.521737988117416229e-01
2.201308382164166577e-01
1.660052395643993872e-01
9.496975246722505482e-02
1.580904401455884845e-02
-6.222807965549970177e-02
-1.306865283908575925e-01
-1.825132511342071329e-01
-2.118842692734601574e-01
-2.156786394713778865e-01
-1.961362758824282126e-01
-1.551769948786747566e-01
-9.758746034446130757e-02
-2.998371242484376697e-02
3.938751526351680354e-02
1.032586439152509694e-01
1.538691492968027319e-01
1.857668999595085690e-01
1.979904826045433275e-01
1.892816692400913769e-01
1.606993556727445149e-01
1.158305617419461697e-01
6.115911246339855722e-02
2.082580069400652434e-03
-5.442416360823676413e-02
-1.017183861793232724e-01
-1.357200195386829567e-01
-1.532085066544138785e-01
-1.525473154534472409e-01
-1.341586534973454592e-01
-1.017338940926219015e-01
-5.835799227341276207e-02
-9.767467606727864293e-03
3.779754417899061636e-02
7.942581511087465351e-02
1.110815677103509369e-01
1.293274614029900071e-01
1.325151970788851497e-01
1.223757593688461487e-01
9.997481094820748204e-02
6.811522101083977709e-02
3.105821271711461939e-02
-6.445373378757390803e-03
-4.060639961622658500e-02
-6.717625175006647353e-02
-8.348401599432242470e-02
-9.022504724414215360e-02
-8.681324872520101987e-02
-7.334806663594684029e-02
-5.201352351649857209e-02
-2.618527685879845635e-02
1.650996608825838763e-03
2.788121455102721136e-02
4.930464054684735586e-02
6.486826626082464742e-02
7.327743220657878531e-02
7.348266908388656482e-02
6.600493977295318615e-02
5.306550679139077076e-02
3.581871281549720010e-02
1.635859396784522524e-02
-2.515836742316035490e-03
-1.905958264900264876e-02
-3.186943053333535225e-02
-3.926345515714935175e-02
-4.075474476910501131e-02
-3.769763829257077870e-02
-3.030916877063072334e-02
-1.928607334906484727e-02
-6.532281255874239356e-03
6.217099710409623725e-03
1.787887440773627823e-02
2.698199588019467576e-02
3.263820496017477701e-02
3.537184008682459080e-02
3.486336142645529712e-02
3.089027133197652653e-02
2.446722229017739281e-02
1.700667567910829625e-02
9.080640927074945523e-03
1.510470159781673871e-03
-4.788363912953119694e-03
-9.683669925525495437e-03
-1.271469758682586271e-02
-1.329102765914735862e-02
-1.169281886259709857e-02
-8.802750453178576073e-03
-4.819542504188811805e-03
-1.268785962981189286e-04
4.532162639957482142e-03
8.754253133607337034e-03
1.215739216341193973e-02
1.418928837134703080e-02
1.474459973218067432e-02
1.424774406682094430e-02
1.273773956989088241e-02
1.049590708874137412e-02
8.106421241674599543e-03
5.978300169726447066e-03
4.301271448056143143e-03
3.206023979487104825e-03
2.749571727332256188e-03
2.759975963620098227e-03
3.244670447587916229e-03
4.129549750131467079e-03
5.088715728006176775e-03
5.779579080229080290e-03
6.162588001357605094e-03
6.315860098200509753e-03
6.280066004955342507e-03
6.221599396061927578e-03
6.119017968499340654e-03
5.996163411206678617e-03
5.876877413123482441e-03
5.785001663188849008e-03
5.744377850342319292e-03
5.778847663522990175e-03
