8.526366700406695642e-02
-1.327181614163754908e-01
-2.805732957578416231e-01
-3.666120043014782226e-01
-3.991445553284311831e-01
-3.864812171198465096e-01
-3.369322579568703180e-01
-2.588079461206517218e-01
-1.619081181948046622e-01
-4.937718130765367253e-02
6.692102343379469076e-02
1.718785129519948551e-01
2.534030941127434211e-01
3.034127906142332076e-01
3.161482945897278185e-01
2.919635205288204638e-01
2.337337385402087353e-01
1.507764046863635521e-01
5.255050563682472919e-02
-4.787010240310052289e-02
-1.383703719466617965e-01
-2.084908787407879771e-01
-2.501905768261231122e-01
-2.598922197328280559e-01
-2.366065422064492774e-01
-1.857368437603460487e-01
-1.132945745647787605e-01
-3.014396374457284367e-02
5.310800871170306969e-02
1.258546408053389243e-01
1.793743194008921016e-01
2.079235229517986117e-01
2.081938835963972334e-01
1.823956341870416331e-01
1.336486341446319059e-01
7.018334419650251732e-02
5.420243272782343524e-04
-6.527367995379784738e-02
-1.188712516547278941e-01
-1.532418786845236580e-01
-1.638150731950338557e-01
-1.514820803729792775e-01
-1.176586557409634581e-01
-6.802624464465667486e-02
-9.267965889296791993e-03
4.931837884533063487e-02
9.978021567849881812e-02
1.345174455652895507e-01
1.482866098317947579e-01
1.404919805431783519e-01
1.114558853177616271e-01
6.586630721435282609e-02
9.600716356688909769e-03
-4.813133107007727673e-02
-9.967857363047172292e-02
-1.371459010967909231e-01
-1.542325924232141876e-01
-1.484948933749903333e-01
-1.194650777086967430e-01
-7.125862021090834109e-02
-9.188924806766585185e-03
5.730531105049951890e-02
1.199590091226687694e-01
1.693452007702183071e-01
1.977012949348362358e-01
2.005528578539592655e-01
1.758295940737963914e-01
1.262767028062763419e-01
5.646331953219418942e-02
-2.390749117886636910e-02
-1.057897678000500052e-01
-1.776597026087731734e-01
-2.295454787392537943e-01
-2.538450620130260349e-01
-2.457776683127854689e-01
-2.054309382921531979e-01
-1.355303298895202957e-01
-4.507745760299042281e-02
5.672983544664633726e-02
1.564225950751325644e-01
2.416203367140519198e-01
3.007569496175932500e-01
3.252748425172991009e-01
3.109782585188407555e-01
2.571372585064928273e-01
1.701967119941119044e-01
5.794897318297254074e-02
-6.553124265268051030e-02
-1.862340596154287153e-01
-2.886602490227185847e-01
-3.600296203128582340e-01
-3.902284802446681633e-01
-3.733685956621930480e-01
-3.116604037406474070e-01
-2.095647879454770601e-01
-7.884790650902684384e-02
6.689168604512718552e-02
2.094126106216864791e-01
3.323757148895096769e-01
4.197473453545883526e-01
4.597033238563075219e-01
4.474870756554214513e-01
3.817813559473106633e-01
2.697677624145533581e-01
1.220682773936443422e-01
-4.319250220754078384e-02
-2.083774103181526005e-01
-3.532706894247339413e-01
-4.602365976991272811e-01
-5.160068792343625033e-01
-5.121947941439033425e-01
-4.487020344201272382e-01
-3.299948582156079224e-01
-1.704194056278515168e-01
1.405453217407126587e-02
2.013460508683424521e-01
3.700962752276002465e-01
4.999841438523531245e-01
5.750353629967803748e-01
5.856248047711194449e-01
5.280435888974293057e-01
4.092705367746898304e-01
2.399121974723834594e-01
4.012805030546195972e-02
-1.683975999380449284e-01
-3.609460770371930582e-01
-5.154514312068694259e-01
-6.129785458216305827e-01
-6.406171589365664554e-01
-5.956279322488611250e-01
-4.803548074730681350e-01
-3.079298898266442652e-01
-9.583671133091065109e-02
1.306614851612641903e-01
3.467729876895582208e-01
5.266230183932703035e-01
6.490050682182120223e-01
7.000112129749687107e-01
6.716909957470513781e-01
5.668614352923377897e-01
3.948587683554640737e-01
1.762265241151477202e-01
-6.640340724616711210e-02
-3.046309226958707761e-01
-5.112809047682378427e-01
-6.622669517037046427e-01
-7.393911736942349044e-01
-7.333699236152746437e-01
-6.425296540501626019e-01
-4.778248252817233199e-01
-2.550369239791985265e-01
-3.119221784690928700e-04
2.585135975251491303e-01
4.913706369980432864e-01
6.717166231262114984e-01
7.780194745747390783e-01
7.964999427547647670e-01
7.258555140253140081e-01
5.713598578984580012e-01
3.507156249848033536e-01
8.677360037790560199e-02
-1.895924460584700322e-01
-4.478705715656645658e-01
-6.576026926952438512e-01
-7.943648804135390318e-01
-8.428885811318336252e-01
-7.956046165734433906e-01
-6.577308820825142899e-01
-4.424277144685304641e-01
-1.752252337024305939e-01
1.157502442080238225e-01
3.968688525663413014e-01
6.360990578166383358e-01
8.059644974831583486e-01
8.862901648874419447e-01
8.676866900759374612e-01
7.499105641917778176e-01
5.472722699629433141e-01
2.798915435201594359e-01
-2.089109448218018361e-02
-3.218858860485549478e-01
-5.884778415602303081e-01
-7.904472602193741704e-01
-9.041565368913841994e-01
-9.152103784622316329e-01
-8.234314973094998269e-01
-6.367375247726467791e-01
-3.767353647258038229e-01
-7.091541422420821750e-02
2.450211002625164447e-01
5.360024847248512359e-01
7.681850593085242096e-01
9.147954918969902760e-01
9.599503291471953581e-01
8.966642843546841490e-01
7.323495410922227222e-01
4.834763548880063322e-01
1.795511491862076259e-01
-1.469264707863394692e-01
-4.582688816624479466e-01
-7.190982160967170911e-01
-8.997685212194015403e-01
-9.791576845966428744e-01
-9.486230113052216417e-01
-8.096785225490665816e-01
-5.795110922884939564e-01
-2.816814160261711386e-01
4.893457414365176561e-02
3.756580691208883938e-01
6.611178802679946731e-01
8.731462901715465463e-01
9.874054301935863975e-01
9.898611822240190872e-01
8.820087715284792296e-01
6.741486271466452518e-01
3.907379565717150616e-01
6.226983031926125456e-02
-2.729610706684967303e-01
-5.775536199499683443e-01
-8.163941629586358717e-01
-9.622723673045759929e-01
-1.000000000000000000e+00
-9.240299196037506935e-01
-7.440562448993395250e-01
-4.789386267413613396e-01
-1.605789221746944939e-01
1.764563989179275261e-01
4.933128942788393978e-01
7.541042650213332088e-01
9.296759023821759005e-01
1.000000000000000000e+00
9.582041477532590168e-01
8.078285870824792880e-01
5.681960013308771096e-01
2.646430511692086096e-01
-6.678011885175449969e-02
-3.888860689161708351e-01
-6.650273362340799466e-01
-8.644380283247492525e-01
-9.650180036693236652e-01
-9.549949486972131307e-01
-8.382645369105058419e-01
-6.270375798406349066e-01
-3.469878625220068624e-01
-2.900368301502298518e-02
2.894757107279346542e-01
5.729298299826157681e-01
7.892116559317683411e-01
9.141569904356010579e-01
9.361190393956713152e-01
8.522019615583455998e-01
6.740600336357083222e-01
4.212574445330048434e-01
1.249327119532990249e-01
-1.822963181436132452e-01
-4.649450065076623506e-01
-6.912329029085719778e-01
-8.366898644051180556e-01
-8.853784168527774057e-01
-8.341251307172430351e-01
-6.886172017398235479e-01
-4.685286396123443664e-01
-1.979330973152507722e-01
9.063891417741265499e-02
3.645870161912994067e-01
5.930587933576447757e-01
7.510566257624873288e-01
8.221598656509963021e-01
7.987870514823656176e-01
6.873452512365385569e-01
5.003041214914867307e-01
2.614651838735131406e-01
-2.227016523513203339e-03
-2.595524374418450853e-01
-4.819280360140550945e-01
-6.446634403302635707e-01
-7.300475728493084349e-01
-7.318940764284534994e-01
-6.504768279319914637e-01
-4.981228708451790332e-01
-2.922880159973458847e-01
-5.922680926990608885e-02
1.750994284725513328e-01
3.835725088609835964e-01
5.430425706302859368e-01
6.375364637674625357e-01
6.573809585975658454e-01
6.035121854287937015e-01
4.826746977677067729e-01
3.124229431200180596e-01
1.119414712173143478e-01
-9.408912588327000837e-02
-2.822096660508601751e-01
-4.318024434329948980e-01
-5.268653172417389063e-01
-5.590399547976402372e-01
-5.256979113832641604e-01
-4.347017150339589353e-01
-2.966801239058675099e-01
-1.306910782920088776e-01
4.385776833198895552e-02
2.062716434814217958e-01
3.385702168843387483e-01
4.269241301367321384e-01
4.621911846729267470e-01
4.444679521983685433e-01
3.766905538860125802e-01
2.699287386664659394e-01
1.371406344803260957e-01
-3.892787264143438009e-03
-1.370510853276228902e-01
-2.469631490109404082e-01
-3.215558666672446719e-01
-3.555958133133169108e-01
-3.461496101045014040e-01
-2.974326604708756872e-01
-2.162602024712835247e-01
-1.153945703380477861e-01
-6.781974885034292022e-03
9.590077787785111774e-02
1.804596184376614509e-01
2.385783177333347105e-01
2.643468475596895129e-01
2.576364435415925414e-01
2.203777358598300040e-01
1.604509335905093259e-01
8.562556121842912482e-02
6.777592292607437230e-03
-6.593504356524582111e-02
-1.241238053396381824e-01
-1.612277936203810880e-01
-1.746568932751997316e-01
-1.636949172008197451e-01
-1.327630680906531913e-01
-8.637811158902763964e-02
-3.259415264277409907e-02
2.082678491350842265e-02
6.663867303121651098e-02
9.900739703027050531e-02
1.146701857785241696e-01
1.120301178518248175e-01
9.371925930161917329e-02
6.245756602604513041e-02
2.438381234580444534e-02
-1.446895054028085603e-02
-4.797869012151678714e-02
-7.124086788408623416e-02
-8.105292309687073260e-02
-7.581616426297366207e-02
-5.754522950650486912e-02
-2.835735343900314120e-02
6.364176680287103594e-03
4.125240007520236674e-02
7.053899949834119276e-02
8.963603444329049097e-02
9.517961622310733283e-02
8.550972843364745835e-02
6.232926220352719149e-02
2.763308865615021759e-02
-1.326706335139471449e-02
-5.488974801091850431e-02
-9.091051106222491907e-02
-1.161817272941672030e-01
-1.262009828840817693e-01
-1.184686150167411078e-01
-9.435675178917302119e-02
-5.561033109601110080e-02
-6.962141545965971901e-03
4.605571666919283658e-02
9.601397727480631694e-02
1.366733275715164009e-01
1.619185326515482082e-01
1.676711629427285466e-01
1.535661762029789656e-01
1.200567188066132829e-01
7.091118640408455853e-02
1.124595796190286379e-02
-5.094934669017325835e-02
-1.088237188193252880e-01
-1.548931149578687272e-01
-1.829182799764038636e-01
-1.895330897818892080e-01
-1.731285978667649328e-01
-1.356059093468350296e-01
-8.042835530546066369e-02
-1.482655784707553881e-02
5.443407253820820024e-02
1.187519320531573719e-01
1.703095337955771171e-01
2.030360246656097711e-01
2.127356229547379129e-01
1.983306866042207073e-01
1.607013493081603794e-01
1.050263327578979666e-01
3.671424814112822510e-02
-3.575910218164302101e-02
-1.040831254495160341e-01
-1.602468747832889173e-01
-1.978306300865287914e-01
-2.124021546177012887e-01
-2.017686109498869618e-01
-1.683533117740737550e-01
-1.152229131225656067e-01
-4.916060587264192705e-02
2.241892121498234580e-02
9.085533012363167238e-02
1.486230237435843815e-01
1.888846710437050991e-01
2.068831322621851321e-01
2.019964491910855031e-01
1.744403973993242651e-01
1.279022759363914741e-01
6.754898797062502958e-02
1.339592342750606235e-03
-6.365947915830683090e-02
-1.197697626599910636e-01
-1.605840420810190627e-01
-1.826169310360679088e-01
-1.833989799345152605e-01
-1.635200898417205062e-01
-1.252925794978106966e-01
-7.432223610605837028e-02
-1.594331079405353346e-02
4.268017999211060065e-02
9.475108644874596919e-02
1.348160563490146124e-01
1.586873332122675784e-01
1.644657454348785741e-01
1.517546097258763993e-01
1.233984568227310952e-01
8.241176789886428544e-02
3.431060439305899656e-02
-1.518257208817719306e-02
-6.045157870522610555e-02
-9.671042075751190570e-02
-1.201230690406326351e-01
-1.283392354169826666e-01
-1.222530883421335535e-01
-1.027704996589705599e-01
-7.274833442966122110e-02
-3.592003303395707725e-02
2.905923453409453572e-03
3.946673541671930074e-02
6.946073906443750445e-02
8.974345863171406812e-02
9.966289226141644697e-02
9.850271397417986741e-02
8.706691676197131358e-02
6.725117139677361244e-02
4.242047463061093815e-02
1.533192641425928926e-02
-1.073343209296373502e-02
-3.264541450949676182e-02
-4.872486533044517731e-02
-5.769354812126692433e-02
-5.930296368045184785e-02
-5.400451402778794208e-02
-4.361675071555304317e-02
-2.950840826508804859e-02
-1.379319008496948662e-02
1.235290072211459034e-03
1.414144746742462821e-02
2.381080727867446178e-02
2.961373671279599051e-02
3.141856464930259385e-02
3.012958022576950334e-02
2.618486005025322250e-02
2.069709834770816492e-02
1.502564573647124924e-02
9.928282093727647251e-03
5.928944178412054455e-03
3.327345194128916717e-03
2.080865680717414179e-03
1.467666790012200906e-03
1.321818518647654983e-03
1.032627743796199482e-03
-2.148416224160287769e-04
-2.695438419212159431e-03
-6.362970968929015925e-03
-1.083150594057069593e-02
-1.548361579944623756e-02
-1.923919225171666358e-02
-2.159349894066042719e-02
-2.169140266968760944e-02
-1.868813699080174029e-02
-1.255210034836007349e-02
-3.589558905794598687e-03
7.481094085643347213e-03
1.956640977969170692e-02
3.096021471291043881e-02
4.049693597359849129e-02
4.657215851045326538e-02
4.784813019386735533e-02
4.408369790471056149e-02
3.531875422737074111e-02
2.205448514143548699e-02
5.481244779765415132e-03
-1.224050063187853699e-02
-2.948305926315708536e-02
-4.399316427257582429e-02
-5.367328835237628049e-02
-5.739249424419512469e-02
-5.448848928814675752e-02
-4.487311744372057820e-02
-2.930295846932140513e-02
-9.817416285676228149e-03
1.193402595266879196e-02
3.333919316039035685e-02
5.166634811634085445e-02
6.477798975308579621e-02
7.114874210841670710e-02
6.965335829833296799e-02
6.013073544880986887e-02
4.404969726065322000e-02
2.269012373500123303e-02
-1.314081689455570690e-03
-2.501555661314946999e-02
-4.565863513244516891e-02
-6.101223412513001598e-02
-6.896925310990231761e-02
-6.844554300276939340e-02
-6.022279513089234815e-02
-4.491268145227989006e-02
-2.413837965393006435e-02
-3.259425251210812391e-04
2.339523942646071220e-02
4.454059203979743309e-02
6.037681294196217685e-02
6.900054185554727049e-02
7.033028187751089177e-02
6.408087063977085940e-02
5.078289016373216391e-02
3.202119148060811327e-02
1.046405904570679724e-02
-1.174078568465630745e-02
-3.179164136770185056e-02
-4.714382202107947339e-02
-5.644104417311146538e-02
-5.870845972519711520e-02
-5.376797923050313788e-02
-4.226338332478785098e-02
-2.611664546209069293e-02
-6.872371365539642341e-03
1.298144375247400895e-02
3.084035246242589068e-02
4.480160495262786036e-02
5.343212209831960102e-02
5.579351612770011570e-02
5.172313350291068978e-02
4.240335053088095663e-02
2.870921451566177396e-02
1.251693645619944562e-02
-3.966137604324959653e-03
-1.878866086261155033e-02
-3.036887005075716850e-02
-3.721567766613742556e-02
-3.862692488408059344e-02
-3.531120256220854348e-02
-2.759052348788182396e-02
-1.654650654739153737e-02
-3.820860789930491386e-03
8.792826034140555080e-03
1.988113351733900025e-02
2.785240210808215267e-02
3.172508097694981544e-02
3.179536866897292313e-02
2.805126739424124160e-02
2.103903175076426990e-02
1.192003986163769902e-02
2.241864082713762585e-03
-6.912999652192053368e-03
-1.416592330158117363e-02
-1.841846195841179146e-02
-1.962410492162580677e-02
-1.766777197413571532e-02
-1.285319826829922629e-02
-6.011096797225667920e-03
1.530004014676178414e-03
8.927153443225588347e-03
1.496948775270889875e-02
1.854628056133567071e-02
1.945490934969340557e-02
1.757041172387108219e-02
1.308130724998446404e-02
6.664973884942471116e-03
-4.302231650499255267e-04
-7.446129130317724609e-03
-1.318186444361724163e-02
-1.646825076658664511e-02
-1.700508323742289107e-02
-1.464779906028279566e-02
-9.464850274927716356e-03
-2.053699865566138705e-03
6.302497439172549676e-03
1.481247670999508159e-02
2.216892467879350015e-02
2.703267033073974979e-02
2.884793686703068794e-02
2.730971983062269182e-02
2.231122042495248259e-02
1.432893848828831196e-02
4.636668834838264530e-03
-5.952916209337799636e-03
-1.599520837899925940e-02
-2.389090581130370872e-02
-2.866154096905570992e-02
-2.969469661817358830e-02
-2.652968609169092939e-02
-1.934527674413932807e-02
-9.278611051579677138e-03
2.909705643849180845e-03
1.570898196200110064e-02
2.732352350166711297e-02
3.632182282549423213e-02
4.166173803564188205e-02
4.222339434794997182e-02
3.766831827393435361e-02
2.895565363278573834e-02
1.669439244038151138e-02
2.325795534650287877e-03
-1.226050651220389476e-02
-2.526650627807258687e-02
-3.530107660385140012e-02
-4.082966027344669957e-02
-4.103372102580338243e-02
-3.642139084151696515e-02
-2.725468234447514515e-02
-1.437065020175010144e-02
6.506343459464769552e-04
1.571080629928789385e-02
2.932499602872651323e-02
3.967860489852115258e-02
4.539713696206426619e-02
4.643993666264067954e-02
4.256904237505265698e-02
3.389548914341911079e-02
2.140752086776953611e-02
6.872207126557228207e-03
-8.379403573571142516e-03
-2.238537075794144737e-02
-3.329695516135011690e-02
-4.015208363010036585e-02
-4.220731510186204183e-02
-3.906879905232230055e-02
-3.107854792212960682e-02
-1.953773236505917943e-02
-5.378476821119471118e-03
9.680678914245399724e-03
2.366868377308173343e-02
3.508549696420359965e-02
4.278162429186727067e-02
4.567285534523657375e-02
4.340588194750627515e-02
3.685085140265642600e-02
2.649985817979416680e-02
1.345522108273544681e-02
-6.370824282805331862e-04
-1.409043925887409898e-02
-2.554463461534961510e-02
-3.338428273132532098e-02
-3.669215900153433019e-02
-3.585113105660242550e-02
-3.084849417276869232e-02
-2.203209443849096782e-02
-1.053117617979559828e-02
2.058123658365440534e-03
1.455512800461455925e-02
2.531691363403654194e-02
3.299038581360980160e-02
3.727910614933005462e-02
3.776755704576384431e-02
3.419919495528001008e-02
2.707263359392131363e-02
1.760367877188961927e-02
6.579548742698282382e-03
-4.642236073321259759e-03
-1.456747487282927800e-02
-2.235207197065269824e-02
-2.728231038701611766e-02
-2.853199304090081601e-02
-2.598071486789532702e-02
-2.052132431340969454e-02
-1.257341417219759450e-02
-3.115798059276198018e-03
6.452200668274121753e-03
1.508669719683597421e-02
2.199936116147305221e-02
2.624858668708074383e-02
2.742175334344221227e-02
2.600640663121467355e-02
2.207451792278436464e-02
1.599862612923241834e-02
8.773960575403361162e-03
1.479257118280230543e-03
-5.286350554755792075e-03
-1.069024940763718678e-02
-1.412233171900090234e-02
-1.581069025355341662e-02
-1.556716705876992624e-02
-1.321170995037290741e-02
-9.228308418806285829e-03
-4.376788540045417619e-03
9.511169907852057293e-04
6.093206912884063797e-03
1.037944599098628018e-02
1.362056394269517412e-02
1.551025968699515367e-02
1.568390331663316317e-02
1.428263763086645710e-02
1.188085638032077007e-02
8.642212536998927774e-03
4.894400531075815408e-03
1.218557203455317151e-03
-2.022985037292035493e-03
-4.552684794537076307e-03
-6.010689516545153488e-03
-6.315880007793706064e-03
-5.775013800250472507e-03
-4.404672742219006842e-03
-2.303778827935976103e-03
1.346578108132323592e-04
2.544228705576578875e-03
4.732409516180036135e-03
6.449405613775605062e-03
7.532112146786618112e-03
8.083475105844728503e-03
8.038271597843760219e-03
7.338698644892893697e-03
6.177133907017351433e-03
4.826260562708961643e-03
3.383954902847374768e-03
1.977244488851725990e-03
7.653518199406406097e-04
-2.258845244276219688e-04
-9.013359093839046210e-04
-1.109862143399253931e-03
-8.764303516389793103e-04
-3.603414199068177837e-04
4.025764405406473401e-04
1.320665620412331265e-03
2.242662656526839271e-03
3.092792657629184205e-03
3.793125014067921796e-03
4.233595044823790232e-03
4.381777194962133137e-03
4.295802421424577133e-03
3.985708559611556012e-03
3.520217448654161529e-03
3.023258998263278485e-03
2.599654597214007268e-03
2.283823187403166699e-03
2.085240745943295337e-03
2.011869327960935649e-03
2.017384089298079886e-03
2.104524156431031301e-03
2.268831744835608788e-03
2.446922085494573906e-03
2.575996292755178274e-03
2.648462009263052863e-03
2.676191314493037154e-03
2.667828028866336965e-03
2.655370666264644797e-03
2.634673011621346816e-03
2.610289870795368117e-03
2.586776049645633790e-03
2.568686354031290975e-03
2.560575589811486807e-03
2.566998562845368426e-03
