-1.409609163793551501e-01
4.223323569368471198e-01
7.827823771650146423e-01
9.666009797158361394e-01
1.000000000000000000e+00
9.091912734281950570e-01
7.203866354111083670e-01
4.597979213594352021e-01
1.602615462644956246e-01
-1.659121523833209100e-01
-4.844903213087692340e-01
-7.501261103407341757e-01
-9.281760783545728311e-01
-1.000000000000000000e+00
-9.533780397139998142e-01
-7.964266889971108876e-01
-5.450542004949086028e-01
-2.355476179965061423e-01
9.747031745344458820e-02
4.093771645081605293e-01
6.605091233756594793e-01
8.202773276994372864e-01
8.677276809233975818e-01
7.994921722411505449e-01
6.212027980126859639e-01
3.610327888265332241e-01
4.746264033099034663e-02
-2.763648428429715809e-01
-5.698513258485171651e-01
-7.960249645015847753e-01
-9.266124634106843727e-01
-9.469661140482067418e-01
-8.524543965495728903e-01
-6.611908964921706655e-01
-3.935278906936758858e-01
-8.858448021540699102e-02
2.151638049773598738e-01
4.782141880264272338e-01
6.683128007105558765e-01
7.627661091611974697e-01
7.487656807358382682e-01
6.346783096880355135e-01
4.321653999214505326e-01
1.718390682548831538e-01
-1.136184598317019345e-01
-3.848836581256598333e-01
-6.089416458479794958e-01
-7.570946381944405612e-01
-8.102772731854863686e-01
-7.701886722614832426e-01
-6.406530400677259429e-01
-4.416247593418406447e-01
-1.979910057644542754e-01
5.464934456445358357e-02
2.855031218140664517e-01
4.639081985996487134e-01
5.668261278456008245e-01
5.875260025678645803e-01
5.231221230499614183e-01
3.860205461106651637e-01
1.938285189803536923e-01
-2.321523740246478340e-02
-2.392346068029089778e-01
-4.257084528448850103e-01
-5.578089683002229737e-01
-6.222835775620292331e-01
-6.117042667599899008e-01
-5.318984118742680067e-01
-3.932693894367271792e-01
-2.193154501619812846e-01
-3.086041815714490877e-02
1.460274101292964311e-01
2.876619551933319308e-01
3.782721922945087023e-01
4.072206013155972304e-01
3.743625364828029323e-01
2.843889728789035232e-01
1.545001202340587909e-01
2.319968864119559271e-04
-1.558277723968828354e-01
-2.923025216671180093e-01
-3.927078935413641503e-01
-4.449050280080097952e-01
-4.444902073898174821e-01
-3.918918909213842117e-01
-2.988593959267068501e-01
-1.762141544195527931e-01
-4.288831356169819919e-02
8.246072390962999599e-02
1.837292363921987359e-01
2.484229715943344630e-01
2.693366715960763269e-01
2.439714002527568759e-01
1.797225291925843571e-01
8.352154750816986883e-02
-2.919789083416113318e-02
-1.424558007175148466e-01
-2.409766415559930763e-01
-3.124333727975350250e-01
-3.473590606970428096e-01
-3.410879730941817067e-01
-2.983968905340631528e-01
-2.234605358031960254e-01
-1.279563432123025368e-01
-2.525889460224506333e-02
6.990353624781708852e-02
1.453978146737695543e-01
1.898541363571371043e-01
1.968279498453218146e-01
1.693460510910047567e-01
1.096463645610286086e-01
2.607675172193868463e-02
-7.010870278101921649e-02
-1.641957909546553074e-01
-2.444224495646017958e-01
-2.984341321220564947e-01
-3.177978883886918293e-01
-3.030780756505743190e-01
-2.550916584030886725e-01
-1.799548103116320741e-01
-8.715887708516290022e-02
8.519696568143775295e-03
9.561920828838466058e-02
1.612923873388114604e-01
1.950525387781618658e-01
1.939711554596699195e-01
1.572109231273413066e-01
8.954284408290713593e-02
-1.038782344552013903e-03
-1.000511923334526099e-01
-1.961666994814174059e-01
-2.756295753556450290e-01
-3.259185394131220992e-01
-3.407601437992134885e-01
-3.173498523929468851e-01
-2.586856299839198625e-01
-1.710516076314316791e-01
-6.834212529584193785e-02
3.800456554952535981e-02
1.326838523781974644e-01
2.014698903661145124e-01
2.353095206656876659e-01
2.289290439440851976e-01
1.828092149732085669e-01
1.013390562805638329e-01
-2.462492811992178510e-03
-1.174185097443344317e-01
-2.269420433092805833e-01
-3.152352993237171885e-01
-3.704302754884174487e-01
-3.846393858942618316e-01
-3.554452354062931363e-01
-2.849317615950027749e-01
-1.846773143115972848e-01
-6.508943430462088564e-02
5.646503993473439564e-02
1.629907272786792483e-01
2.400014691943077594e-01
2.770417470918546954e-01
2.685046804571791235e-01
2.138086200332625086e-01
1.224960989083727636e-01
3.619075113305170177e-03
-1.253401077954875431e-01
-2.467376574168838044e-01
-3.439251166051261466e-01
-4.041523157637435526e-01
-4.183940149418402532e-01
-3.831529625678941064e-01
-3.055240582306507635e-01
-1.927427167659102603e-01
-6.224687718645671719e-02
6.802082666351649820e-02
1.801675130958986237e-01
2.598633932163920690e-01
2.957289144593124863e-01
2.819836219431000046e-01
2.234825020096449233e-01
1.254213380325972516e-01
2.283812535494034179e-03
-1.295229450161516915e-01
-2.508659842637450677e-01
-3.465210663807546387e-01
-4.026135858276126411e-01
-4.110136636819445854e-01
-3.752584406776172665e-01
-2.981777875220971152e-01
-1.901641580453179436e-01
-6.512509831889778944e-02
5.844316300549423637e-02
1.654559277309548548e-01
2.404755989359845803e-01
2.727035184995205697e-01
2.617013759923230154e-01
2.079827342002225077e-01
1.191590788238185983e-01
6.385725817128484749e-03
-1.128989264146061933e-01
-2.247879926125947447e-01
-3.140243242184040939e-01
-3.677608725174725812e-01
-3.813714834601454884e-01
-3.528729724231280951e-01
-2.869507769277375164e-01
-1.916259931936107330e-01
-8.204165415093278568e-02
2.953803946150235227e-02
1.280769502369116797e-01
1.996130728163612034e-01
2.362788657931320646e-01
2.335071626785572008e-01
1.924863314601625852e-01
1.178862468206682834e-01
2.198744848384603934e-02
-8.488181577238707032e-02
-1.879898363172411990e-01
-2.730237636356245279e-01
-3.297799241342923571e-01
-3.512112405476101040e-01
-3.348116559722891239e-01
-2.820091818197688616e-01
-2.020676765390666541e-01
-1.031036948824969324e-01
7.621457389741514987e-04
9.520003535244336845e-02
1.680728352643703349e-01
2.102264172844225953e-01
2.158170407330550766e-01
1.833026455532289489e-01
1.190032101539773013e-01
2.882738800127415679e-02
-7.392327823660305164e-02
-1.751325144158861757e-01
-2.610367567767010177e-01
-3.206923880465680776e-01
-3.449181009533007769e-01
-3.294203216217340691e-01
-2.788843319667690945e-01
-1.976226797624222042e-01
-9.717180200386177358e-02
9.019530316525470326e-03
1.054838671001976369e-01
1.797118537077500022e-01
2.197783401729846986e-01
2.190583177246556712e-01
1.807952498706675293e-01
1.079607400563158404e-01
1.062126186801415351e-02
-9.831759512907700671e-02
-2.018808115980225137e-01
-2.867976285524227453e-01
-3.398031448989097258e-01
-3.519328386238518291e-01
-3.242967419296339804e-01
-2.590836984046114289e-01
-1.656622451273177532e-01
-5.622359630557305366e-02
5.139069157838349611e-02
1.434401219934815508e-01
2.059119722538744757e-01
2.281469583114719146e-01
2.093494824314463543e-01
1.510242596186448516e-01
6.217212757694934311e-02
-4.564197669789360479e-02
-1.543117213245850383e-01
-2.500250144835960420e-01
-3.185566842261992049e-01
-3.482244782280238260e-01
-3.367686761055624922e-01
-2.851028880719220782e-01
-2.018701690403091886e-01
-9.795188050073644348e-02
8.906613751927361378e-03
1.051552540025193494e-01
1.766458311347498533e-01
2.113547288818760084e-01
2.062743897804022453e-01
1.617704061567573071e-01
8.573787183387659994e-02
-1.180691287538160328e-02
-1.140282155071086212e-01
-2.080519126564832622e-01
-2.801873505357271865e-01
-3.185909334436866081e-01
-3.199118865061166828e-01
-2.839562042524896857e-01
-2.174546613937219375e-01
-1.292721276334742875e-01
-3.476380395209688334e-02
5.438652573279778579e-02
1.254355016215886742e-01
1.670508943539887881e-01
1.755880401365159660e-01
1.502349437854608727e-01
9.613261328039945930e-02
2.057872255592618771e-02
-6.317160814986788608e-02
-1.451242494828971497e-01
-2.138916851191223767e-01
-2.589076437536533826e-01
-2.761649718867047465e-01
-2.640765761388943478e-01
-2.256807814137029577e-01
-1.662331572313118233e-01
-9.628034926081907585e-02
-2.364468723760471125e-02
4.197229258882684277e-02
9.096065002627473639e-02
1.188215318317829006e-01
1.229888186050107635e-01
1.038663078702410925e-01
6.418524066473318967e-02
1.122117186818805123e-02
-4.982427024690161410e-02
-1.112824177511755330e-01
-1.646752085714300318e-01
-2.048176199636591033e-01
-2.279177665035657663e-01
-2.306329891449128144e-01
-2.124838148512926406e-01
-1.781796927978329670e-01
-1.305047569291036824e-01
-7.457743631286617436e-02
-1.760891999127367491e-02
3.425449984147665994e-02
7.597777527597493474e-02
1.012289177619940528e-01
1.066390740112741486e-01
9.421233287995356420e-02
6.422687497902224152e-02
1.761318704516234845e-02
-4.055193029187986742e-02
-1.023623286348843697e-01
-1.621423391331531239e-01
-2.116305958940424281e-01
-2.440280028824871605e-01
-2.567886497322273698e-01
-2.470348615301787287e-01
-2.130714386125488469e-01
-1.578093784123592025e-01
-8.879468492875175478e-02
-1.195414661702243198e-02
6.228074616232848193e-02
1.232188358513623960e-01
1.622833631395745879e-01
1.736597640737467252e-01
1.537763032043901745e-01
1.031490619994106517e-01
2.904110530458559047e-02
-6.203324066561133332e-02
-1.571253280448388079e-01
-2.428818891471958841e-01
-3.069091852182180835e-01
-3.401079437532495975e-01
-3.360124525949617080e-01
-2.930267607035350608e-01
-2.179640253947509043e-01
-1.174571148323381165e-01
-6.479034830403240797e-03
9.949834491406406300e-02
1.848754077496632675e-01
2.377341716911200997e-01
2.490396196062583112e-01
2.152327100809638960e-01
1.424939126551425517e-01
3.730835045928238003e-02
-8.385478010036095942e-02
-2.039669561408901099e-01
-3.049813668038336978e-01
-3.728076292880160292e-01
-3.964162594633076075e-01
-3.706781654667494763e-01
-3.011498228094555696e-01
-1.940503804876000382e-01
-6.685930665244832483e-02
6.236220431171557443e-02
1.738940525388519287e-01
2.521471404418393902e-01
2.846881227784006096e-01
2.652853190745139145e-01
1.991148893541803133e-01
9.212093555189659888e-02
-3.785066267905123905e-02
-1.722643481336290083e-01
-2.904250501764217285e-01
-3.758393050272549329e-01
-4.151516040587315270e-01
-4.013930982571486394e-01
-3.394507797608071753e-01
-2.349059497768866134e-01
-1.053388256322232985e-01
3.077876473307550320e-02
1.524260373174992633e-01
2.427731021613066531e-01
2.879262343021524728e-01
2.802836671760060572e-01
2.242208144405963832e-01
1.247901986503341387e-01
-1.366528072587080977e-03
-1.364543550492208768e-01
-2.597141751319923531e-01
-3.544346016768287200e-01
-4.063286973169731864e-01
-4.070795838511628295e-01
-3.602142995121780933e-01
-2.699134425361283673e-01
-1.509186454460517135e-01
-1.960735086396536708e-02
1.040381048202725367e-01
2.038560268109510520e-01
2.651798105113807313e-01
2.787008666117385403e-01
2.465773530463872820e-01
1.716080272180842137e-01
6.542896649592755409e-02
-5.791978079214732400e-02
-1.797878040548923639e-01
-2.850781312285409763e-01
-3.588588224652433656e-01
-3.904673623548985395e-01
-3.797864619955538812e-01
-3.275687570788599068e-01
-2.413249760718618742e-01
-1.318039186062602841e-01
-1.554985376423179133e-02
9.410571895596508973e-02
1.826546544278393469e-01
2.379538133311052128e-01
2.557422021112041310e-01
2.336867175281986952e-01
1.750087627142082880e-01
8.646413706818201206e-02
-1.873610779664824921e-02
-1.297961058767420628e-01
-2.328526164101141216e-01
-3.143049542766426230e-01
-3.652681175908193412e-01
-3.797934564447019712e-01
-3.559299314616276577e-01
-2.955338209916353875e-01
-2.075289401511188903e-01
-9.992526528470901948e-02
1.380121967455316678e-02
1.193282798033925562e-01
2.038609844694092565e-01
2.573750932982534767e-01
2.712036909684176766e-01
2.417858372103816045e-01
1.749435624214574769e-01
7.612340924188054636e-02
-4.254081785107799440e-02
-1.665099647930440296e-01
-2.792151084517950910e-01
-3.670217661589887381e-01
-4.162309802110457646e-01
-4.187714894110892150e-01
-3.769646606843682912e-01
-2.935236836094420321e-01
-1.780222681134290275e-01
-4.427070258656184976e-02
8.750148064491791722e-02
2.015968213091317018e-01
2.814244183122649456e-01
3.145158671833832020e-01
2.986388291773263148e-01
2.337901018026473654e-01
1.283414273117406967e-01
-5.120311698762813890e-03
-1.456448370288527805e-01
-2.763542015875006808e-01
-3.781923346291612420e-01
-4.351587900121169916e-01
-4.405156124398019735e-01
-3.922802944466755593e-01
-2.983537634406852046e-01
-1.700469908397356233e-01
-2.864981370219465973e-02
1.082956837812603101e-01
2.202598244423361606e-01
2.897590918811709937e-01
3.084449253222978360e-01
2.728849266382935568e-01
1.900157878808448331e-01
7.028333217717341874e-02
-6.525573359887915093e-02
-1.992738383432719473e-01
-3.110619013212155837e-01
-3.829199381670883584e-01
-4.061875393376042087e-01
-3.770131004493117999e-01
-3.019298622543368227e-01
-1.908353498285998429e-01
-6.418578630014071251e-02
6.137111212341572752e-02
1.659067971143539655e-01
2.323984870378741352e-01
2.528252729887219274e-01
2.237108141211894274e-01
1.516303914043450884e-01
4.625912151812672235e-02
-7.270090869492018548e-02
-1.894499374332939690e-01
-2.853071581776908117e-01
-3.443375820279689359e-01
-3.595465802046581283e-01
-3.281648369336934712e-01
-2.569043406280070441e-01
-1.553176181435284020e-01
-4.222903690339074867e-02
6.745887387317162087e-02
1.564071452125317396e-01
2.097715021948001191e-01
2.214251167009813059e-01
1.891364319024293472e-01
1.193858682680970507e-01
2.134106020605575083e-02
-8.734353543727690905e-02
-1.927761930535067947e-01
-2.788604182769812700e-01
-3.316102706356002239e-01
-3.452121617067436254e-01
-3.174117740144738464e-01
-2.536789358088624713e-01
-1.621577960712874411e-01
-5.875028291520301149e-02
4.400897044560081461e-02
1.312658078664319383e-01
1.896970932963104595e-01
2.131310529058592085e-01
1.985764138594245942e-01
1.494694278488128969e-01
7.202654116138251794e-02
-2.045933675448075029e-02
-1.174560346001941591e-01
-2.056192143927377813e-01
-2.723487719714213773e-01
-3.106912258226720569e-01
-3.163832743079979526e-01
-2.899284535211196223e-01
-2.347509058852726982e-01
-1.605779296189969729e-01
-7.514999634588681587e-02
1.020657424667970048e-02
8.396955165152375500e-02
1.383661111089937723e-01
1.676989163958957363e-01
1.689139231928329377e-01
1.420508983162718231e-01
9.291859091271792437e-02
2.592582305859836289e-02
-5.076260654665643024e-02
-1.274649036686223980e-01
-1.957080695574918705e-01
-2.485068176361919789e-01
-2.786368023006299266e-01
-2.823857382481612666e-01
-2.627367838699212754e-01
-2.209975438672888703e-01
-1.604402994371562086e-01
-8.791418933076022846e-02
-1.256714250903956387e-02
5.797707517125916254e-02
1.138790425145834728e-01
1.480654197146751283e-01
1.590083759552303189e-01
1.445515082384847272e-01
1.045296977393777027e-01
4.320016997589126717e-02
-3.060425976399938630e-02
-1.100586186593294213e-01
-1.847511131908234905e-01
-2.444057729646312849e-01
-2.820656040263849196e-01
-2.928598734420356786e-01
-2.743077327222160910e-01
-2.277729078743109259e-01
-1.607424085307685990e-01
-7.941690441356630270e-02
4.827441062804638250e-03
8.009675201609622874e-02
1.363924402874692188e-01
1.665106694717664038e-01
1.656499770916353143e-01
1.330071484521242464e-01
7.489503716848222581e-02
-3.186473524882105224e-03
-8.925763582189916168e-02
-1.707278416342720151e-01
-2.360004259405685811e-01
-2.764154757512439220e-01
-2.856603734052374222e-01
-2.616512318329096143e-01
-2.100328117177239218e-01
-1.358066046902142165e-01
-5.126141195112865478e-02
3.070360153463336239e-02
9.767283441416307888e-02
1.403035392351543731e-01
1.516253040615420655e-01
1.290453549620746987e-01
7.812239515801899792e-02
3.820976763098116180e-03
-8.113665763090127658e-02
-1.635068658037257538e-01
-2.303188605737759298e-01
-2.718366180070306282e-01
-2.808211750079281366e-01
-2.545857924268484229e-01
-1.989813110370051152e-01
-1.193345682170140476e-01
-2.911333799597515259e-02
5.777265383174468028e-02
1.275439943048881641e-01
1.698453995542417161e-01
1.769224198525023439e-01
1.458525758821598295e-01
8.270755371412708001e-02
-6.756515470951685032e-03
-1.081074477033667769e-01
-2.063992957006013373e-01
-2.864721865326212979e-01
-3.367261078500923821e-01
-3.478465612707276611e-01
-3.158780625954146215e-01
-2.466276452899340832e-01
-1.459647618462430740e-01
-2.964929915911440617e-02
8.592983398334186340e-02
1.838816389417525787e-01
2.508497428352596259e-01
2.756493549797962572e-01
2.527677970977915134e-01
1.870983421217082832e-01
8.386526448235653852e-02
-4.276891908613922322e-02
-1.764961354057887899e-01
-2.976489938442712369e-01
-3.907255640377054196e-01
-4.409981351325636956e-01
-4.398407139532197752e-01
-3.909013103895591090e-01
-2.974758384158632252e-01
-1.703413680703188549e-01
-2.442595412980408387e-02
1.192691879151175360e-01
2.435467464035230289e-01
3.303267393435513899e-01
3.664625443061142462e-01
3.492988605680864556e-01
2.785733658990299233e-01
1.626781057013566567e-01
1.434359618120084612e-02
-1.451863883989725768e-01
-2.983063552951985553e-01
-4.246725875928637484e-01
-5.063984715674791914e-01
-5.336216310500989657e-01
-5.014228487678804580e-01
-4.137963911712341236e-01
-2.793116138244048363e-01
-1.171605280244242264e-01
5.547191167292164771e-02
2.156977928689580715e-01
3.423560609644900055e-01
4.197079165610546614e-01
4.371868440420800805e-01
3.923426143545090117e-01
2.884250822297340644e-01
1.407705373431771267e-01
-3.578162269102180826e-02
-2.175368259526017090e-01
-3.814375019518825294e-01
-5.067119057313138608e-01
-5.775422934799452346e-01
-5.845717016488893858e-01
-5.249153843217930770e-01
-4.082752562383166195e-01
-2.453392757701249316e-01
-5.823982301705621367e-02
1.300586590473962190e-01
2.952485992765434553e-01
4.173117917407991317e-01
4.792237646241395144e-01
4.713995009783662482e-01
3.990278663002742032e-01
2.682289120408225536e-01
9.540481344395690400e-02
-9.938803393231854244e-02
-2.896138691624223771e-01
-4.526249180880050904e-01
-5.658486049360831327e-01
-6.139028568599800284e-01
-5.949546156024090315e-01
-5.090581191640687342e-01
-3.671599438943319305e-01
-1.855480253403776203e-01
9.648743480478616519e-03
1.964421229025610227e-01
3.503924486911622616e-01
4.506384872049991053e-01
4.864235528312517154e-01
4.522803078971995294e-01
3.538523259450871983e-01
2.017900153628686688e-01
1.889888914637039008e-02
-1.745032066551581718e-01
-3.525432876661075410e-01
-4.916628913682852264e-01
-5.753285741542474296e-01
-5.927423455606772862e-01
-5.431988783598977744e-01
-4.316102227011904269e-01
-2.762547231105362266e-01
-9.424727728389348247e-02
8.899954775388940753e-02
2.493910380771855451e-01
3.669465775818150366e-01
4.270430934312519078e-01
4.233991825342717785e-01
3.557448358634167640e-01
2.373722320860678359e-01
8.130053686429761228e-02
-8.933347061853014193e-02
-2.517396124323064699e-01
-3.847982690152758067e-01
-4.720881713940539015e-01
-5.032632640465806162e-01
-4.740540582899864797e-01
-3.932686782816439131e-01
-2.698729474143584106e-01
-1.242695990762365810e-01
2.303638867993229589e-02
1.522399691901865637e-01
2.473862128616259870e-01
2.973685866719246729e-01
2.963639895860696871e-01
2.493916878736763820e-01
1.617873708160724178e-01
4.945313220615177308e-02
-7.090129961832647432e-02
-1.819762433814982039e-01
-2.700392167808471910e-01
-3.244635437468502692e-01
-3.392750561782017504e-01
-3.184072296711593086e-01
-2.645401511369226411e-01
-1.883900926058319492e-01
-1.022561725530537480e-01
-1.891378911358188031e-02
5.101149543988392487e-02
9.827438338042604471e-02
1.177578920385087269e-01
1.120650296649472466e-01
8.231628558093917469e-02
3.575158644939269159e-02
-1.890596517540044097e-02
-7.280167389888292373e-02
-1.190490200586071801e-01
-1.514001812754730558e-01
-1.661278636584379020e-01
-1.662655261442546051e-01
-1.560865443014534115e-01
-1.361134290265546554e-01
-1.068686912160793367e-01
-6.887484176654812273e-02
-2.265439157448223551e-02
3.127014846359754685e-02
