2.006105998642249144e-01
5.786288896438183116e-01
8.056623682643715423e-01
9.019731632491820861e-01
8.878234021215469784e-01
7.834752124047643651e-01
6.091907216221317256e-01
3.852320572969469836e-01
1.379605972088904231e-01
-1.212795660635391792e-01
-3.678422885481097415e-01
-5.717965993870509633e-01
-7.106022165890468756e-01
-7.714177183716134367e-01
-7.464366114136566921e-01
-6.402328761245874578e-01
-4.628449685074439435e-01
-2.366864335334065705e-01
1.558291122979094112e-02
2.646602403647013713e-01
4.831405275027005342e-01
6.475000629911744632e-01
7.397593880395036958e-01
7.510837430706458484e-01
6.790592079581450058e-01
5.348856029471185103e-01
3.322002469532796542e-01
9.586199427212016566e-02
-1.484641071695551595e-01
-3.732584375993373005e-01
-5.546469716926754057e-01
-6.726786101020132413e-01
-7.138831528873134102e-01
-6.777835548073157801e-01
-5.671164916183536464e-01
-3.957065984253178570e-01
-1.815131226241532003e-01
4.933174627441405669e-02
2.726513557274048427e-01
4.628083423551698772e-01
5.991369061498084125e-01
6.700448403384429152e-01
6.671337823666254607e-01
5.921884413561346872e-01
4.529372709479069226e-01
2.679733071405545619e-01
5.583785663677587330e-02
-1.586729556915764672e-01
-3.519802874593300768e-01
-5.036054424617613101e-01
-5.974386707972981769e-01
-6.248435303942720953e-01
-5.825849525874182699e-01
-4.786657026700785744e-01
-3.231042767493388368e-01
-1.353468242459954229e-01
6.406438186686691516e-02
2.525757513296771339e-01
4.103498358589821038e-01
5.200276026229935233e-01
5.695671258807943893e-01
5.577331820732669421e-01
4.854230629169891120e-01
3.621912687830020072e-01
2.013022382055462689e-01
2.276346176363674978e-02
-1.546066253498058485e-01
-3.101435526230386097e-01
-4.270582485807070672e-01
-4.956907436058775041e-01
-5.086094816831148169e-01
-4.659966514543868454e-01
-3.728318746688656926e-01
-2.426838846305976460e-01
-8.875519947913068641e-02
7.075734511409459415e-02
2.180307881147300897e-01
3.376680697633633876e-01
4.173832068793121852e-01
4.497784611577897440e-01
4.316359612942106683e-01
3.685444231502832402e-01
2.670233529778360815e-01
1.405447970431790150e-01
3.719779481947460553e-03
-1.278073464324354092e-01
-2.402826776549070731e-01
-3.214809080961024135e-01
-3.629366354085542534e-01
-3.641420904443104511e-01
-3.254040933424569015e-01
-2.525778727646451616e-01
-1.544633925292768772e-01
-4.430086515228470745e-02
6.612557967316146090e-02
1.639029646174658961e-01
2.384940744962782411e-01
2.848829614059322779e-01
2.986287812613854786e-01
2.796914411222168884e-01
2.313498198668073602e-01
1.619071616755871634e-01
7.882776988736694967e-02
-7.450144802566560642e-03
-8.660759738607826108e-02
-1.507979354955352180e-01
-1.938510453228616814e-01
-2.126014429889987456e-01
-2.061376165007883232e-01
-1.781975939855796609e-01
-1.322290675857802356e-01
-7.537872847386284381e-02
-1.537984482804866104e-02
4.082469531748866842e-02
8.733482026984629165e-02
1.193189256302997769e-01
1.340266087208532575e-01
1.330328952777124485e-01
1.171847278564455141e-01
9.005626090480434165e-02
5.641791236059190418e-02
2.146356397033777341e-02
-1.045462080110870495e-02
-3.500997980020992273e-02
-4.961334242497406066e-02
-5.511919133408149651e-02
-5.142345361574940377e-02
-4.051649366307996658e-02
-2.559112954923992156e-02
-1.045857597360622115e-02
2.321836105244612369e-03
1.011090835067052218e-02
1.107049794431902434e-02
5.893914066488870063e-03
-4.881905853405754669e-03
-1.866132833868450192e-02
-3.229703593353749902e-02
-4.217081954141443934e-02
-4.601597756114739202e-02
-4.151529524737596066e-02
-2.732692696585703462e-02
-4.784169197928789252e-03
2.458009712537512215e-02
5.700081181282357079e-02
8.812350073183417010e-02
1.127551568870999166e-01
1.271648097020190438e-01
1.272330358416771112e-01
1.106193512213822228e-01
7.886457321158513167e-02
3.381433936372224558e-02
-2.046057724878225237e-02
-7.838529975901886715e-02
-1.321211617687912954e-01
-1.754649456533848850e-01
-2.012939145798602336e-01
-2.044963870189727695e-01
-1.840809418099417227e-01
-1.402005968070818565e-01
-7.603262958521894710e-02
2.789130053221677841e-03
8.665744736638658630e-02
1.674368615395571691e-01
2.348793352567413173e-01
2.798007922410725712e-01
2.960329311847589295e-01
2.799542113423869605e-01
2.314714345408703799e-01
1.536429835532642230e-01
5.518907419079255305e-02
-5.543382354213721719e-02
-1.655224595036192126e-01
-2.624481673725541642e-01
-3.344554294108149639e-01
-3.725775997832614372e-01
-3.701528680522450099e-01
-3.248027627930828443e-01
-2.419604973864843966e-01
-1.278620804250346632e-01
5.394411004172594559e-03
1.440625732688356475e-01
2.719362099943130051e-01
3.750988232377090448e-01
4.400470221027317219e-01
4.577472476078512376e-01
4.267692327129335439e-01
3.477156572322677164e-01
2.278694042275417608e-01
7.837436712000611649e-02
-8.310393336732557756e-02
-2.406879808603087367e-01
-3.758938433853368233e-01
-4.728759117892689101e-01
-5.209816045257078532e-01
-5.129206252632221297e-01
-4.481200459816929715e-01
-3.310695208237784959e-01
-1.751333982111796805e-01
5.767368305188202982e-03
1.911482726204143390e-01
3.609806597341826961e-01
4.959807038730195128e-01
5.807511936533842345e-01
6.042032679698905451e-01
5.611442142865992189e-01
4.577861280248727294e-01
3.022499934385358689e-01
1.106767170903093511e-01
-9.807433099722073777e-02
-3.000276139112912910e-01
-4.739511157044212775e-01
-5.990709477956207563e-01
-6.602417305843615303e-01
-6.520058164861111116e-01
-5.724085461926364804e-01
-4.292131517039166066e-01
-2.353860399335084841e-01
-1.350140501382401936e-02
2.150599296774033942e-01
4.245635193901116100e-01
5.915807658316656337e-01
6.976361248281561789e-01
7.298072489202525048e-01
6.839599609047062323e-01
5.621280597753093300e-01
3.787228337575119230e-01
1.500437537358882967e-01
-9.785298510175588493e-02
-3.388264709239333650e-01
-5.461252316263044415e-01
-6.973309644544185559e-01
-7.747830215528318520e-01
-7.678722632087700006e-01
-6.794154738940509919e-01
-5.157535337173706491e-01
-2.944439679799840670e-01
-3.704903325972896955e-02
2.268773931376137920e-01
4.703374813915128794e-01
6.654440011173070602e-01
7.903469434387453418e-01
8.334383372188303163e-01
7.875036560601822444e-01
6.571238458275774352e-01
4.537112969078263003e-01
2.011071591995789998e-01
-7.670271503597192453e-02
-3.485226101354705897e-01
-5.851636207499826270e-01
-7.609698253466181672e-01
-8.562415268307738136e-01
-8.606736836180642891e-01
-7.712836225823984648e-01
-5.995164372378880557e-01
-3.601536997789482886e-01
-8.024970972195766272e-02
2.116786770250480565e-01
4.833440769792707314e-01
7.063438686721494886e-01
8.554993061093354445e-01
9.132271867685179956e-01
8.758873754889024976e-01
7.445301101143242395e-01
5.335322889649756206e-01
2.628101027588727323e-01
-3.665549833920311862e-02
-3.349585011826117231e-01
-5.983652310594445023e-01
-7.985567373322284279e-01
-9.157278558529714507e-01
-9.355351045750671668e-01
-8.560537842781517082e-01
-6.832854868817811456e-01
-4.381677172118403352e-01
-1.433830721933807562e-01
1.681069349242718669e-01
4.638537479943527497e-01
7.118079082722950091e-01
8.855146626330112625e-01
9.656887979813386647e-01
9.414629103340257377e-01
8.188331598810987266e-01
6.079063689518309221e-01
3.322165016261717785e-01
1.909762982259044506e-02
-2.961817040294865144e-01
-5.813651732888256429e-01
-8.047204164504940804e-01
-9.415870772953541801e-01
-9.798196024159275819e-01
-9.130553111836378077e-01
-7.493524828502252655e-01
-5.038856980403716435e-01
-2.057854129263113618e-01
1.163181594332778346e-01
4.269918397414982358e-01
6.932624362748893709e-01
8.873564379345137976e-01
9.880347957678770054e-01
9.854257859739199432e-01
8.777161238813460109e-01
6.789279137994803648e-01
4.067539580139827304e-01
9.213800128726123972e-02
-2.328683759366697581e-01
-5.329817309114157631e-01
-7.772196919368326018e-01
-9.390241558023508794e-01
-1.000000000000000000e+00
-9.571777026782108955e-01
-8.126028363419348644e-01
-5.826716727417802222e-01
-2.894341754529968780e-01
3.369762631658956842e-02
3.544009925292754826e-01
6.368772868534229303e-01
8.512813665734080271e-01
9.772608145819154934e-01
1.000000000000000000e+00
9.179833032754061151e-01
7.379201070322169986e-01
4.819833671300075562e-01
1.740996506945242661e-01
-1.514766247111491992e-01
-4.610255091506462177e-01
-7.215618033201245396e-01
-9.057944030054073670e-01
-9.940816468033983888e-01
-9.752578766615140893e-01
-8.553731194482103728e-01
-6.446254011031842257e-01
-3.667434233548899636e-01
-4.933708267534053782e-02
2.721162909591714474e-01
5.650403752085209064e-01
7.974973947677663766e-01
9.444723914913826235e-01
9.934398333397842507e-01
9.375385045456854360e-01
7.841708310545372207e-01
5.478397876987741721e-01
2.568421864977978863e-01
-6.088303821863627618e-02
-3.706396810795470342e-01
-6.398951777133441432e-01
-8.410712542758804755e-01
-9.527797557540935713e-01
-9.645046800931751374e-01
-8.735244871023837288e-01
-6.924098031772309980e-01
-4.373885791037548376e-01
-1.376242175107492693e-01
1.763739111539077697e-01
4.707642429189122790e-01
7.155420952301221327e-01
8.845315377494011866e-01
9.591783101959321378e-01
9.354164218944160947e-01
8.138642574867935853e-01
6.086229374201417297e-01
3.394489651817460540e-01
3.709221410836471833e-02
-2.684114275930615801e-01
-5.432122471609743819e-01
-7.587498588287028278e-01
-8.949555920778609064e-01
-9.366027705830453076e-01
-8.802984179017023791e-01
-7.305796338989458683e-01
-5.065222492482837069e-01
-2.290338449603208648e-01
7.061557229291981486e-02
3.613301738419825160e-01
6.124983012637938984e-01
7.983314435379771368e-01
8.996792904458197349e-01
9.049310694768881724e-01
8.176350099053244502e-01
6.451868160948468489e-01
4.071125340963330785e-01
1.270803839844274474e-01
-1.633026922736063868e-01
-4.349098552569389264e-01
-6.583598656471547628e-01
-8.102231888443200969e-01
-8.779944021977429403e-01
-8.534671331295395902e-01
-7.405370549493338617e-01
-5.499319935548163674e-01
-3.046585418757685737e-01
-2.811402335854185086e-02
2.493715119157939863e-01
4.989162712318158110e-01
6.950118049559297351e-01
8.174241394487737900e-01
8.543972471220038223e-01
8.011088990119381581e-01
6.669633966694168414e-01
4.641828393594060742e-01
2.155080825686535029e-01
-5.397728065474738379e-02
-3.149212315152483121e-01
-5.410183303362766649e-01
-7.082256638336978938e-01
-7.987805502226454912e-01
-8.068837650878222245e-01
-7.305999421518301062e-01
-5.792672290917912914e-01
-3.676606716510786299e-01
-1.205361305897997282e-01
1.380316516131829818e-01
3.799093689059023227e-01
5.798863333748720539e-01
7.187746070745200111e-01
7.819962242088362991e-01
7.641505479906169906e-01
6.662660910923234869e-01
5.016593073571842254e-01
2.855389471719471661e-01
4.253988244036044364e-02
-2.021223899291100246e-01
-4.227854368661375650e-01
-5.972530923732295438e-01
-7.075188209457619060e-01
-7.417276000546818571e-01
-7.002200342769826502e-01
-5.863190439188132874e-01
-4.131894278048632296e-01
-1.981737656245436963e-01
3.411609461988529546e-02
2.606302103849806873e-01
4.568033596265350660e-01
6.025256362312849667e-01
6.858361111549653444e-01
6.976371506196148431e-01
6.377910896040637212e-01
5.122140867449633816e-01
3.368841137344220638e-01
1.283306606882159695e-01
-9.043470633064631947e-02
-2.967052832045015132e-01
-4.694258226219534258e-01
-5.912233275521069364e-01
-6.498913479127765846e-01
-6.388847989936823346e-01
-5.633391451446188025e-01
-4.302333390947165048e-01
-2.542451041418402058e-01
-5.304748883791843284e-02
1.510331489844412012e-01
3.376559405940757763e-01
4.868407008704767058e-01
5.831501825946303619e-01
6.197978645297157474e-01
5.925816423665106747e-01
5.053959562275904815e-01
3.670041597207200912e-01
1.943322573037600254e-01
3.736190577638298649e-03
-1.843546457765506963e-01
-3.502635890949020725e-01
-4.777000911831689178e-01
-5.540178764809213785e-01
-5.722226221564876703e-01
-5.301215272147092872e-01
-4.350610002587479430e-01
-2.957799699466066023e-01
-1.283068146539562138e-01
4.987969176506901192e-02
2.198999055163883831e-01
3.649579914291187777e-01
4.698609816933128069e-01
5.238071353121740437e-01
5.245629532071132139e-01
4.717031896266796753e-01
3.715838591398428203e-01
2.344843910063376669e-01
7.670024971029087979e-02
-8.642420880459578125e-02
-2.371221660127726949e-01
-3.600321155191796851e-01
-4.448589937956844986e-01
-4.829599239239416031e-01
-4.710716232705329798e-01
-4.106119987382851333e-01
-3.101838211952782087e-01
-1.789541849904864312e-01
-3.163201878133758971e-02
1.164200357805458275e-01
2.501108671694713959e-01
3.564093357723197020e-01
4.243275536541037951e-01
4.469023875236861620e-01
4.252170480568304711e-01
3.612168703388396462e-01
2.619014121637877057e-01
1.373645517377370950e-01
1.772712044622926086e-03
-1.315790341526424934e-01
-2.480353177221743532e-01
-3.358344587598400821e-01
-3.885650324965993496e-01
-4.008329038785058973e-01
-3.718108190666806756e-01
-3.047298950991671473e-01
-2.086214744117577125e-01
-9.222102136630494496e-02
3.193316375265098372e-02
1.508057407202745281e-01
2.526269934102836068e-01
3.276183697392260896e-01
3.678013757907339087e-01
3.688600623200577466e-01
3.339418120314361360e-01
2.663715628773086763e-01
1.733666378136242692e-01
6.459824753189469249e-02
-4.787827150104528862e-02
-1.531421866246605035e-01
-2.397717199299066460e-01
-2.990362713272194384e-01
-3.274174106749665469e-01
-3.220746329969587096e-01
-2.839677040507121442e-01
-2.175103545637735447e-01
-1.315520410854394973e-01
-3.379100268091694836e-02
6.560965262783735596e-02
1.561376544435000291e-01
2.294400573136738952e-01
2.786472653817657630e-01
2.988035687206358482e-01
2.880155390910399404e-01
2.498200164363535425e-01
1.876772086899558545e-01
1.080625982482639191e-01
1.922800534003665796e-02
-6.937781725682545808e-02
-1.493010528104450341e-01
-2.117971672548500939e-01
-2.506494710922858582e-01
-2.644771556709707427e-01
-2.518513343745049093e-01
-2.138813507583466889e-01
-1.546449949235789711e-01
-8.147652849606279446e-02
-9.973238614212620590e-04
7.811637046635477866e-02
1.476159627662185780e-01
2.016219639578964440e-01
2.350729425926179061e-01
2.442436352215986428e-01
2.282861681336367798e-01
1.908784913584771203e-01
1.352589168730069513e-01
6.745261996444251729e-02
-5.130795864629611458e-03
-7.500945579247131345e-02
-1.356519211983213680e-01
-1.803738658041001974e-01
-2.047392142041797314e-01
-2.086464459658201598e-01
-1.916811604312167461e-01
-1.553198627912436569e-01
-1.036730472264738578e-01
-4.328035154194154188e-02
2.039214798349386903e-02
8.038349539986233694e-02
1.304949385676106299e-01
1.673069631983279404e-01
1.872998587257754810e-01
1.879937520694259234e-01
1.696425800704548514e-01
1.356892200443107210e-01
8.891639024883435383e-02
3.412710982571565133e-02
-2.274989042539343753e-02
-7.602265548325981559e-02
-1.208038950988123972e-01
-1.519178521018834660e-01
-1.662638879310915918e-01
-1.646845660785781762e-01
-1.472415631050265628e-01
-1.150365504051205079e-01
-7.151162645463970957e-02
-2.186756610868878514e-02
2.943194785415625958e-02
7.655337040419007977e-02
1.146206792649380191e-01
1.413373961368811216e-01
1.541755290156900937e-01
1.511386882816712074e-01
1.327356818097096269e-01
1.023149373117300254e-01
6.230024157891334013e-02
1.702229107525221607e-02
-2.822669659555698818e-02
-6.903287702057092634e-02
-1.017314940981303151e-01
-1.224924022980462546e-01
-1.292825123980144708e-01
-1.233338048029011258e-01
-1.050915931693290339e-01
-7.594617652513502293e-02
-3.930864920512822103e-02
2.684015326583910621e-04
3.927137863596152911e-02
7.317546711166666995e-02
9.848296840416104203e-02
1.144845223977777326e-01
1.196152180725500447e-01
1.125959173468813468e-01
9.449449393940367870e-02
6.826221704483459440e-02
3.596221408298272415e-02
1.048067090875903773e-03
-3.249278658807386311e-02
-6.170732516262100731e-02
-8.401224979320742747e-02
-9.654347074401969930e-02
-9.816361573278065134e-02
-9.041886889733574684e-02
-7.382553050604057088e-02
-4.962094696262486782e-02
-2.069119772678629232e-02
9.642206919936446852e-03
3.871455408587265445e-02
6.283234745331323090e-02
7.942328404300291744e-02
8.848219306687510333e-02
8.913868267208902019e-02
8.050153734526932503e-02
6.373064283592055901e-02
4.154567312982515581e-02
1.569571652633272585e-02
-1.098891404137491978e-02
-3.541188780806026060e-02
-5.580080762051586873e-02
-7.035267276685275295e-02
-7.664007598207545069e-02
-7.405953159127343088e-02
-6.440514297295019119e-02
-4.830047312523533254e-02
-2.731280417998160903e-02
-4.310071213581956329e-03
1.822305763261744538e-02
3.842840013568360469e-02
5.375653150235404354e-02
6.263180482995234222e-02
6.551640257352153718e-02
6.208492167585211163e-02
5.223158067233235613e-02
3.756797499006059304e-02
2.062936683507143876e-02
2.711926717207324700e-03
-1.426120923380125305e-02
-2.835436369637067688e-02
-3.921932572498476599e-02
-4.584228594979444793e-02
-4.673484501603775154e-02
-4.211415523802863881e-02
-3.355194775705627741e-02
-2.162469321280557910e-02
-7.461423527447275106e-03
7.100798224452420371e-03
2.071679069927534478e-02
3.225301283689829823e-02
4.005722077223539124e-02
4.341295994878557885e-02
4.306292807870026884e-02
3.890167963615898117e-02
3.095506197762354361e-02
2.043479116831381504e-02
8.873264633501687371e-03
-2.851788079106798435e-03
-1.338748821737811845e-02
-2.155960126246603270e-02
-2.724451824587981186e-02
-2.989314627862194040e-02
-2.874176663201888360e-02
-2.415931801794735101e-02
-1.736592660343028172e-02
-8.838960609396040446e-03
5.626557475806315267e-04
9.606150152588810442e-03
1.757953222380459479e-02
2.377131252665942718e-02
2.703431792010846380e-02
2.703728920486558884e-02
2.450664117016043697e-02
1.960107998196147783e-02
1.295327625019471185e-02
5.723372253958247668e-03
-1.187879239801348241e-03
-7.218954205918004519e-03
-1.169763961694181287e-02
-1.418934705433905208e-02
-1.488790424837205251e-02
-1.371000981761583137e-02
-1.069942982288807354e-02
-6.538359198742571543e-03
-2.187703551012831760e-03
2.051663433240147327e-03
5.854084795635872140e-03
8.818092888589257328e-03
1.109384367753740719e-02
1.245196404115489486e-02
1.253917741508181471e-02
1.155300455712326979e-02
9.895253879622423199e-03
7.689779827389831013e-03
5.187790399771463612e-03
2.743708669689315371e-03
5.448149956244208170e-04
-1.223597749870686258e-03
-2.362716914487306141e-03
-2.868932902422294262e-03
-2.947894004712514615e-03
-2.581104170868542269e-03
-1.748016084057280040e-03
-6.307348318504990559e-04
5.892077213025537219e-04
1.819406403066547995e-03
2.973594340954566206e-03
3.991039318443689865e-03
4.899188035427437526e-03
5.606944271572489313e-03
5.911360981947888504e-03
5.791288611301625977e-03
5.361575840756804823e-03
4.658444223887059366e-03
3.805109649206661615e-03
2.936969958148738513e-03
2.097826292376980817e-03
1.370476181349777889e-03
8.788611243113475524e-04
6.798356093817847778e-04
7.694681955225934900e-04
1.130028502087654374e-03
1.658456577277478416e-03
2.217400797767554721e-03
2.663840542540096834e-03
2.965385952975241324e-03
3.132814267148509302e-03
3.158257357775084984e-03
3.105993195466227874e-03
2.974700469410951342e-03
2.762603528214224724e-03
2.539965200894167552e-03
2.369294280447853396e-03
2.261797653873465208e-03
2.216114303867255941e-03
2.226385849361189884e-03
2.253529721646829742e-03
2.301278291395814080e-03
2.379179145388432559e-03
2.461632781461053909e-03
2.529174837391234831e-03
2.578017498787943396e-03
2.606935312014613260e-03
2.619877099804934772e-03
2.630254283373822943e-03
2.636435569613126972e-03
2.640144364260743615e-03
2.643104073054791670e-03
2.647038101733611981e-03
2.653669856035545394e-03
2.664722741698710706e-03
