5.925879871168393542e-02
1.546343110912968832e-01
1.937328424440087904e-01
1.864769373775991834e-01
1.427891404998480329e-01
7.259199641853419926e-02
-1.419195025856279102e-02
-1.076401549236638555e-01
-1.897600901613066826e-01
-2.572933615782077021e-01
-3.002459181425829460e-01
-3.055722686134458854e-01
-2.658859661278433206e-01
-1.839579576202686750e-01
-6.523628748095411378e-02
7.552706012667753654e-02
2.223041855378871112e-01
3.529171413119718270e-01
4.502250449898976825e-01
4.965170051236795778e-01
4.796753329254532794e-01
4.005636966705343749e-01
2.636317474818126172e-01
8.344548306473664745e-02
-1.210708369995318057e-01
-3.211068899678238830e-01
-4.933924009617282058e-01
-6.125898929561421902e-01
-6.588286969526546688e-01
-6.251354663846531157e-01
-5.105613283598646746e-01
-3.269593874676363088e-01
-9.221901967927237376e-02
1.619601858366848113e-01
4.084182560236035986e-01
6.146894808883305306e-01
7.522195139102774153e-01
8.029639328603879189e-01
7.572313539913737568e-01
6.191971208229178902e-01
4.006187337648194902e-01
1.306992200793573033e-01
-1.632499434571150765e-01
-4.437314717718944257e-01
-6.758063179910701601e-01
-8.309298134454393692e-01
-8.889384397057619180e-01
-8.421030084118180659e-01
-6.920454940885282236e-01
-4.599384267194129849e-01
-1.678260532841311381e-01
1.472260340500497477e-01
4.481994335503978188e-01
6.986601999175994226e-01
8.693557366803634778e-01
9.385087281490738231e-01
8.950586472449575393e-01
7.496100445107074517e-01
5.150049857654612762e-01
2.209393121602771792e-01
-9.929243732875114858e-02
-4.063528827564323320e-01
-6.662322402622300466e-01
-8.471452060427066000e-01
-9.271627831506422668e-01
-9.037077091301404241e-01
-7.773758226113268721e-01
-5.640804538329886597e-01
-2.872506318310787954e-01
1.680653809138332733e-02
3.164329887153007892e-01
5.767723723786697398e-01
7.681723047908681767e-01
8.743498284631388007e-01
8.834386283900499404e-01
7.965122159155757497e-01
6.230737046805301382e-01
3.874598848426100695e-01
1.127853106056697641e-01
-1.690703485572966347e-01
-4.267163119207056932e-01
-6.339210912391539665e-01
-7.697694281953930684e-01
-8.211743164698726005e-01
-7.827890251514783015e-01
-6.650698293806319716e-01
-4.790150865417186488e-01
-2.457185246223889674e-01
9.949620530170788513e-03
2.604065209037671469e-01
4.810499228829177021e-01
6.477975007109719741e-01
7.434652073049785592e-01
7.646424011824517475e-01
7.086205269040566357e-01
5.807240194233913577e-01
3.937925037065566070e-01
1.695645903686866518e-01
-7.150417606725456565e-02
-3.036366363919683620e-01
-5.031607454545562463e-01
-6.528093141033884939e-01
-7.374920852114648095e-01
-7.462736255504671679e-01
-6.769510064072591371e-01
-5.407828279259777604e-01
-3.486285868774037233e-01
-1.192930151069174771e-01
1.241057779820466944e-01
3.560495256400300068e-01
5.540805428058113158e-01
6.952380071707349174e-01
7.636658709649755128e-01
7.558019374836952853e-01
6.698156525857390520e-01
5.123444434196746666e-01
2.982232450852528860e-01
5.256600870246552759e-02
-2.021362788803002797e-01
-4.372693890199623734e-01
-6.269194856781059588e-01
-7.524595166400727120e-01
-7.990657858726876173e-01
-7.596511925002027432e-01
-6.362179354746462234e-01
-4.440336052944002798e-01
-1.992352608322087715e-01
7.010185080260544765e-02
3.346464082501288129e-01
5.649172969786380172e-01
7.362888109745695520e-01
8.273095299435337946e-01
8.258756346641880075e-01
7.374801036987286285e-01
5.688368323382906322e-01
3.376632272268498269e-01
6.780735879455312975e-02
-2.081956212671449702e-01
-4.613435119971891485e-01
-6.608101314921488445e-01
-7.839149027264908920e-01
-8.224310511617067831e-01
-7.705482644175631890e-01
-6.343103860808406713e-01
-4.281733185041102230e-01
-1.796462402696051841e-01
8.678799002596448986e-02
3.403748326398281510e-01
5.518947591106349027e-01
6.999645890196786180e-01
7.692507972367348401e-01
7.539894364063295384e-01
6.556485251762658173e-01
4.903462640493416735e-01
2.741254544923183989e-01
3.394949709582339992e-02
-2.024858141701491032e-01
-4.103581875406424606e-01
-5.688879230697999612e-01
-6.619352846689393610e-01
-6.804043767519686314e-01
-6.299078624871639054e-01
-5.159232692301671808e-01
-3.522851349455085046e-01
-1.575893317128274074e-01
4.552057209172755137e-02
2.373193198139180726e-01
3.974385259005228654e-01
5.107301291776216168e-01
5.737697020620560195e-01
5.813980992664078418e-01
5.336405420311567394e-01
4.373209085952991515e-01
3.051499198686886682e-01
1.483508329997049735e-01
-1.765274157704910252e-02
-1.768344926210987378e-01
-3.175007757650570861e-01
-4.283950216266215749e-01
-4.983908420463882827e-01
-5.218160755873075818e-01
-5.017924545429309768e-01
-4.392893673055410231e-01
-3.363321509641520324e-01
-2.012781608906077935e-01
-4.592962248085474819e-02
1.177988408900800810e-01
2.733940030508588137e-01
4.071382354440273854e-01
5.094845649650867614e-01
5.694410897903237068e-01
5.745049501808960901e-01
5.213318997856752901e-01
4.172687826817575996e-01
2.683698788259518686e-01
8.538632304498761094e-02
-1.151086026015196717e-01
-3.116931824924601413e-01
-4.854703154322886904e-01
-6.141846793381029457e-01
-6.819642785643821314e-01
-6.821933347501263345e-01
-6.103758663753044988e-01
-4.694000142341605564e-01
-2.709801088488981158e-01
-3.824693752080554621e-02
2.086352581013455332e-01
4.418703529069629710e-01
6.343635785540218119e-01
7.636786219895366212e-01
8.133909587496217508e-01
7.744528213011188100e-01
6.468154475509051426e-01
4.451034831795790403e-01
1.857199887948606243e-01
-1.010882576228391283e-01
-3.837890515525379520e-01
-6.290051193463896961e-01
-8.090138398925046381e-01
-8.992020288377258197e-01
-8.854901585340266834e-01
-7.732529900455105132e-01
-5.702812358108826363e-01
-2.980794017759699210e-01
1.545916515850853656e-02
3.316419360436113628e-01
6.161820731815523811e-01
8.328241880528204355e-01
9.549740565004418702e-01
9.726088538015875695e-01
8.800241737113805307e-01
6.870432159686568063e-01
4.128654767713020313e-01
9.306944642885373042e-02
-2.402286137679359168e-01
-5.474221970607962007e-01
-7.920743529014253603e-01
-9.472366774873755002e-01
-9.945108994229491239e-01
-9.296182251817797226e-01
-7.573983104124081267e-01
-5.020107212509075101e-01
-1.881688834477710515e-01
1.459054093586584777e-01
4.621334721985419502e-01
7.245602470327339173e-01
9.041927445107618144e-01
9.800869882014111578e-01
9.417604894930124981e-01
8.001667086719457256e-01
5.683144871053311675e-01
2.748995181601427973e-01
-4.738899182941502808e-02
-3.601906810946789994e-01
-6.299251597252659707e-01
-8.248123985936597347e-01
-9.224077856648276175e-01
-9.186077093734301702e-01
-8.123921703563166119e-01
-6.171733304879680748e-01
-3.543036400822197063e-01
-5.793541745171304491e-02
2.417271623412438064e-01
5.100944784327237080e-01
7.169491216051901983e-01
8.439201569222625210e-01
8.770866821039897676e-01
8.145001637165807384e-01
6.629068971261906640e-01
4.438197700820065705e-01
1.783285234466847058e-01
-1.022581865610608931e-01
-3.665405185612788941e-01
-5.865890227645045307e-01
-7.396102564757132125e-01
-8.092379040720698580e-01
-7.875674679577047144e-01
-6.837112656495306640e-01
-5.072935133554488107e-01
-2.781980837467031842e-01
-2.103370786958913552e-02
2.345658242321617681e-01
4.622613135229403092e-01
6.356488828528348289e-01
7.358603564622283599e-01
7.583201255548481790e-01
6.996999965561858659e-01
5.663736308199842640e-01
3.724590102937814784e-01
1.426418886788112239e-01
-1.007542852855473070e-01
-3.299817096699966257e-01
-5.194318413103828913e-01
-6.511690687801459099e-01
-7.113997311742912277e-01
-6.938933146397920915e-01
-5.999804791797170855e-01
-4.438576794684113702e-01
-2.396968443657427894e-01
-1.214109045111666507e-02
2.128677663155214006e-01
4.112333603271813853e-01
5.626977924555520705e-01
6.499514011379758927e-01
6.631392210730540082e-01
6.072742708963030367e-01
4.874155465130378673e-01
3.164458571534720654e-01
1.130327682452125782e-01
-9.771899329131772394e-02
-2.941737465765060788e-01
-4.532258306838365947e-01
-5.577746248155475151e-01
-6.026404699664562603e-01
-5.824002269532331244e-01
-4.989066413515854670e-01
-3.617202489781751185e-01
-1.894773695396269053e-01
1.612827742266009778e-03
1.898486357612911846e-01
3.536833276606863308e-01
4.769939275422812042e-01
5.476096365211280403e-01
5.587610909935913917e-01
5.093806646798706428e-01
4.088975796778675509e-01
2.662952708969652527e-01
9.800031759341187865e-02
-7.712005845292191353e-02
-2.403559764073781579e-01
-3.756178241923686656e-01
-4.672134243508162532e-01
-5.053938223653885453e-01
-4.922275174585974966e-01
-4.286880999217517196e-01
-3.204750740805968334e-01
-1.791287662429711380e-01
-2.164465017794592328e-02
1.368396019385897944e-01
2.779142505156713128e-01
3.866755064943359077e-01
4.560196128934430604e-01
4.787136292571045892e-01
4.508744446348231794e-01
3.754420169917507266e-01
2.632154811131097727e-01
1.232526706554362139e-01
-2.922220446307588482e-02
-1.770950666954784758e-01
-3.058117746925508307e-01
-4.031918928740424457e-01
-4.573828022551337247e-01
-4.621053767770233467e-01
-4.212940169077991071e-01
-3.376933762834012365e-01
-2.176060347987451848e-01
-7.310831754877122890e-02
7.903818523970596033e-02
2.245701220105849050e-01
3.462367891674349440e-01
4.309921973554959873e-01
4.737952693871276821e-01
4.686745380571928354e-01
4.131730203811589952e-01
3.123378372000846781e-01
1.784630350096572116e-01
2.231460103883198265e-02
-1.389499321837452950e-01
-2.870920753163387351e-01
-4.059941325409266444e-01
-4.828965662490307675e-01
-5.065384196505493541e-01
-4.722112859947377173e-01
-3.867978554408924019e-01
-2.566368975541734043e-01
-9.428238511155417889e-02
8.324527598593567390e-02
2.547099010836730848e-01
4.019031106165520395e-01
5.049141462984272355e-01
5.504243704994162822e-01
5.366107677790945552e-01
4.622944414812790725e-01
3.334860116334512625e-01
1.630871340008208659e-01
-2.702238890662056470e-02
-2.181880027621235785e-01
-3.870101275454574941e-01
-5.124343001864999358e-01
-5.809019518244653568e-01
-5.833049496636304454e-01
-5.180144358470690769e-01
-3.902421320997382370e-01
-2.171163365421865388e-01
-1.457637277865708736e-02
1.928273852285176115e-01
3.802643015423725625e-01
5.257834445804683288e-01
6.125385458248098214e-01
6.285362608654136984e-01
5.694824428947258266e-01
4.454193205743368633e-01
2.668664656752801623e-01
5.586560745981139497e-02
-1.630457770741767787e-01
-3.634194459543507172e-01
-5.229413561938778265e-01
-6.206135950734623652e-01
-6.434209830262245244e-01
-5.934932353597401899e-01
-4.739703657168423678e-01
-2.978844425536301133e-01
-8.449816874780147202e-02
1.380806388075503932e-01
3.460842758011164477e-01
5.133350412104589200e-01
6.193612166352611137e-01
6.559530795381811608e-01
6.170666450133146519e-01
5.064270171442253332e-01
3.354700053917314406e-01
1.272684364480698438e-01
-9.757379391040854610e-02
-3.115589501297583164e-01
-4.886508874466736208e-01
-6.092920665291865490e-01
-6.595188976361792133e-01
-6.339702152977388927e-01
-5.341441930820640671e-01
-3.746795221618841598e-01
-1.702386430041578080e-01
5.395471539076113210e-02
2.717678569476162931e-01
4.582770025938489589e-01
5.929841510484221700e-01
6.590675027036394518e-01
6.477363417454558014e-01
5.659153327550108248e-01
4.205437799596463133e-01
2.277301753677341001e-01
8.483416493310302897e-03
-2.103736138074167039e-01
-4.053326851952057108e-01
-5.519415403743432869e-01
-6.329855618123190197e-01
-6.445735907446620283e-01
-5.837823427287958111e-01
-4.567985706183119721e-01
-2.770881146182779808e-01
-6.819654713040590455e-02
1.493495814219185647e-01
3.501082606841896538e-01
5.104131528806510332e-01
6.141337031542930536e-01
6.497290741617951504e-01
6.133621857011322120e-01
5.079125278638885188e-01
3.483158467999758479e-01
1.490329439239845843e-01
-6.648907580040019916e-02
-2.736755867974027812e-01
-4.498683278900901250e-01
-5.765013745603216888e-01
-6.377787190322246058e-01
-6.255020284058590008e-01
-5.464611591642962729e-01
-4.073197866298310377e-01
-2.231516926283172442e-01
-1.391328284228743328e-02
1.956663936235454315e-01
3.839744295170914867e-01
5.283162236279688173e-01
6.123634286157575435e-01
6.317149910819934711e-01
5.828259991226523162e-01
4.700652529449376171e-01
3.053034683153419415e-01
1.098977924057431554e-01
-9.795800239353669170e-02
-2.949774781285885439e-01
-4.587641647284453894e-01
-5.733530443994496739e-01
-6.263213100477635908e-01
-6.112044762864956571e-01
-5.285339615484571096e-01
-3.898451931285864536e-01
-2.067692426088890700e-01
8.957296719347418446e-05
2.081599147961918916e-01
3.949017595749872989e-01
5.411355062926896942e-01
6.287502224236556359e-01
6.469230393060336759e-01
5.985034585583275391e-01
4.864284256683817365e-01
3.208031999680409641e-01
1.180562389496280229e-01
-9.811382626643916360e-02
-3.062421722634254273e-01
-4.812625872340934308e-01
-6.036594351132307246e-01
-6.638003926370963370e-01
-6.535075223860591365e-01
-5.718651584362337559e-01
-4.261905795541774955e-01
-2.346852843681440648e-01
-1.404435639581358419e-02
2.113385429375393976e-01
4.163236969560915046e-01
5.787366981440855707e-01
6.811471408296285723e-01
7.097039054266416347e-01
6.586330763687890943e-01
5.373070473354781829e-01
3.553995984997513347e-01
1.319933733657310260e-01
-1.094377363970987505e-01
-3.412854352914699296e-01
-5.395297531174161332e-01
-6.796912015674454466e-01
-7.448238548461688646e-01
-7.312971021976910624e-01
-6.375339007872253827e-01
-4.717922153034794785e-01
-2.503074384237368166e-01
-3.660352672921751704e-04
2.542124421243976418e-01
4.841636481608537768e-01
6.630015811826968086e-01
7.724462261021640685e-01
7.988270138414883537e-01
7.373823971903714636e-01
5.921353749877786843e-01
3.810567359229142248e-01
1.226174583790584638e-01
-1.532255200175175469e-01
-4.158442725203775892e-01
-6.353534322518801236e-01
-7.873518808538408909e-01
-8.517127604028604804e-01
-8.180212783107233543e-01
-6.944655984676303406e-01
-4.906869882261395421e-01
-2.278323740848453571e-01
6.711979027076497850e-02
3.585640213171115143e-01
6.152015285942982192e-01
8.046417559022374100e-01
9.035645297330008319e-01
9.044430852240321617e-01
8.033923917959497896e-01
6.102910519089586039e-01
3.440178971470333469e-01
3.822605228135711464e-02
-2.768484544612878073e-01
-5.640346762403296577e-01
-7.890501624660051228e-01
-9.265125424807610921e-01
-9.593572929653161330e-01
-8.835394711029566084e-01
-7.041489846948838505e-01
-4.448902528816300883e-01
-1.301764045512707746e-01
2.020071993723704384e-01
5.137773505164426879e-01
7.688161558669517337e-01
9.380427304853360404e-01
1.000000000000000000e+00
9.443018790154802389e-01
7.825775654880036125e-01
5.289464256802001163e-01
2.141189958348010958e-01
-1.271150944820544915e-01
-4.532553707963684619e-01
-7.283396497583245477e-01
-9.184225194103957657e-01
-1.000000000000000000e+00
-9.693641455411855512e-01
-8.269560219508160781e-01
-5.899440318135857897e-01
-2.837229960963862929e-01
5.163438913976747813e-02
3.809895030743175592e-01
6.651240925760639744e-01
8.705394284768503965e-01
9.776283243684962265e-01
9.730530414319427113e-01
8.588499107186093884e-01
6.464518640762386692e-01
3.652591249728645018e-01
4.362133686426505896e-02
-2.792767799442187338e-01
-5.660254147612240327e-01
-7.851296811379092633e-01
-9.123966077557752463e-01
-9.353569598342595937e-01
-8.506303707185851604e-01
-6.732937250500201642e-01
-4.202400782564633674e-01
-1.236244975997433659e-01
1.827526772196172988e-01
4.637350524314629574e-01
6.891643023788085465e-01
8.329830676356915209e-01
8.786198646403762247e-01
8.290468154061623185e-01
6.887137073357776362e-01
4.745821634945983636e-01
2.100218881706181762e-01
-7.213043449469225266e-02
-3.420804824223157015e-01
-5.678990711350903053e-01
-7.249399052948384270e-01
-8.025691499040693566e-01
-7.921255595432112884e-01
-6.961315388977435958e-01
-5.255490194258595205e-01
-3.040382160938535083e-01
-5.298508005633517648e-02
1.994006565594101943e-01
4.249513775654438774e-01
6.012881367817028977e-01
7.109835819932286416e-01
7.432243430549123619e-01
6.944641022959907595e-01
5.755242936560538425e-01
3.973805616909085181e-01
1.807570057208183201e-01
-5.049518515873352431e-02
-2.716464852250094486e-01
-4.609168946028283642e-01
-5.974004323625856649e-01
-6.668078907871251015e-01
-6.677844052005372788e-01
-5.994858806479519409e-01
-4.684949078921772925e-01
-2.884957281371679505e-01
-8.125013091705468593e-02
1.337998776356137398e-01
3.328058026089235621e-01
4.949368110668588283e-01
6.071061062302391953e-01
6.572529014543679882e-01
6.385100478319836181e-01
5.522508279825819599e-01
4.103590545989270755e-01
2.244701856796280648e-01
1.449973029913520506e-02
-1.972752746880833685e-01
-3.883097920376878953e-01
-5.393489839970242450e-01
-6.318333841302368192e-01
-6.545095130816969142e-01
-6.094816580326525290e-01
-4.992444326483288508e-01
-3.336634262755407976e-01
-1.291817839733189199e-01
8.992645114827890751e-02
3.017652634225203023e-01
4.804867811121509291e-01
6.056574522354107870e-01
6.666539358068199750e-01
6.550486182042667416e-01
5.704118601949081935e-01
4.205619688289903291e-01
2.251504812289746305e-01
2.148119674226123266e-03
-2.222886319662571442e-01
-4.219724493458348880e-01
-5.745142704695147540e-01
-6.628775312949203302e-01
-6.758269642505838615e-01
-6.099148087931757223e-01
-4.760888237217154595e-01
-2.860087558448093370e-01
-6.344260015266045549e-02
1.657199412689223106e-01
3.744169887613659764e-01
5.397908413974659148e-01
6.408985227544639063e-01
6.649559162436542437e-01
6.149810958255093052e-01
4.948690768703962739e-01
3.186133295309270252e-01
1.061698894606741828e-01
-1.140853937970001120e-01
-3.181688988956170583e-01
-4.803888338861824758e-01
-5.813385732006000062e-01
-6.148365217791008641e-01
-5.760444487445733897e-01
-4.700138579537451733e-01
-3.091549939694916427e-01
-1.167779064139071732e-01
8.705573152012702209e-02
2.768428368470832179e-01
4.287920471457096205e-01
5.269878902325060288e-01
5.606525932557064884e-01
5.279617729211303345e-01
4.328739111196628908e-01
2.914174618711646847e-01
1.183138630462257090e-01
-6.334861585947038076e-02
-2.305971547964079660e-01
-3.645757384019268077e-01
-4.506260029876816287e-01
-4.802248379059483874e-01
-4.507198614368879142e-01
-3.707535700423922886e-01
-2.484340340985706774e-01
-1.015536127592394644e-01
5.068662916606658797e-02
1.899308967832187278e-01
3.007639349651198835e-01
3.699143881903945719e-01
3.900248617984947153e-01
3.653484157700122026e-01
2.987442281108996234e-01
2.000995410666417396e-01
8.284009821853532962e-02
-3.694756849944524912e-02
-1.455238266649968581e-01
-2.283517952708283838e-01
-2.760121744613267536e-01
-2.894471944689854803e-01
-2.677350542918947029e-01
-2.145316751456024518e-01
-1.381301851520968516e-01
-5.126778912065999005e-02
3.638929126638124067e-02
1.132258353908506265e-01
1.692146469243223095e-01
2.017297800629220816e-01
2.083135012499246486e-01
1.894232236657178436e-01
1.490686940666738902e-01
9.588450241889701076e-02
3.554043028317077635e-02
-2.385333697156233335e-02
-7.351402996037548210e-02
-1.095702673523267778e-01
-1.292876377257503595e-01
-1.313090618638461660e-01
-1.168987632344437033e-01
-9.140534736715288933e-02
-5.740853593659922538e-02
-1.957694337190452050e-02
1.561303104099165395e-02
4.445936255735238873e-02
6.458681152782919099e-02
7.385334586869540807e-02
7.223336261260748792e-02
6.331976628351321246e-02
4.787684300521322101e-02
2.783344614712435217e-02
7.502736495986983556e-03
-1.007869745691603036e-02
-2.331560765490581222e-02
-3.064070457341139253e-02
-3.178515336742326891e-02
-2.876839089675753414e-02
-2.277755679989690307e-02
-1.430331341298862746e-02
-3.836323072180514160e-03
8.132751886379852024e-03
2.111324912654488628e-02
3.461450631216678175e-02
