-5.004807942086622052e-01
-2.028794181907345173e-01
4.844329116940326863e-02
2.532985620674761407e-01
4.114976226992095309e-01
5.228517012603282055e-01
5.871720259465584846e-01
6.042698249536284649e-01
5.627990605352175546e-01
4.593933368151756902e-01
3.023625389483082238e-01
1.095665027179471007e-01
-9.893547086411680347e-02
-3.000304054505421592e-01
-4.716443154025705686e-01
-5.935673509097956213e-01
-6.509780108703480117e-01
-6.384993575589535952e-01
-5.548338246272346286e-01
-4.092178600920138853e-01
-2.151858549836198620e-01
4.513195588276674997e-03
2.277890172722265572e-01
4.290835148097940088e-01
5.857277329607317728e-01
6.802100031176403494e-01
7.005969136973377864e-01
6.447160404562564118e-01
5.160225945096412747e-01
3.299186754883123296e-01
1.038925937655899023e-01
-1.361285098554939621e-01
-3.645260736052398087e-01
-5.555157239167370919e-01
-6.877211126119512352e-01
-7.457692026895265114e-01
-7.211030362140835592e-01
-6.181486290098738845e-01
-4.452003929713456154e-01
-2.216436955091349859e-01
3.003945787209749696e-02
2.808993306639271381e-01
5.042105361460036406e-01
6.741420479606052840e-01
7.709082857529083732e-01
7.849189822986115672e-01
7.121181170958523765e-01
5.607653039462681122e-01
3.447646819985503708e-01
8.951555065193517180e-02
-1.792803701076624012e-01
-4.311182115634794032e-01
-6.381389061990760947e-01
-7.773448404996882166e-01
-8.322759180891571296e-01
-7.969166230704031184e-01
-6.724709558274923893e-01
-4.741418830942993878e-01
-2.205996846832622982e-01
5.892628398323407346e-02
3.346134362194057577e-01
5.755142567493107819e-01
7.551770146196477018e-01
8.531626466791943919e-01
8.569137092428438240e-01
7.678513110232390027e-01
5.927748666161460900e-01
3.516802458702941170e-01
6.886428107915887331e-02
-2.231050780970290637e-01
-4.932745474131419172e-01
-7.108803245575127105e-01
-8.514242397761231373e-01
-9.007356829417156874e-01
-8.512810920205022835e-01
-7.089182977794179497e-01
-4.866035944961055737e-01
-2.106782564892727416e-01
9.110189217706188280e-02
3.845947879347366705e-01
6.376538193085383721e-01
8.224122180268935711e-01
9.178811082719791070e-01
9.138657089260673327e-01
8.086238516595523063e-01
6.154182347620629212e-01
3.523414268435132168e-01
4.971579147660398768e-02
-2.604765396635965180e-01
-5.434934684932725135e-01
-7.686414066412743384e-01
-9.105394212760121730e-01
-9.522665986880712863e-01
-8.912562193223271256e-01
-7.315869217740844643e-01
-4.916865211058842888e-01
-1.955718502851019336e-01
1.227348388306863658e-01
4.296506378417970229e-01
6.902917013565936788e-01
8.758903087786338304e-01
9.672693213218099828e-01
9.528226367285757004e-01
8.348597135839406214e-01
6.238141949510900286e-01
3.451191732954930202e-01
2.667605823146912414e-02
-2.955658672304309897e-01
-5.866199782410050911e-01
-8.145021440244403221e-01
-9.540306249887104961e-01
-9.899901019913847078e-01
-9.166109780651389149e-01
-7.443392426909574144e-01
-4.892158693075744358e-01
-1.808234437728261090e-01
1.484483013650448324e-01
4.616160013896157821e-01
7.249473265503727504e-01
9.091738944117577770e-01
9.932871720167495422e-01
9.701529201775282996e-01
8.402460683189345581e-01
6.190844071053578368e-01
3.288251901502401431e-01
3.342741171899366037e-03
-3.234396571154345423e-01
-6.148618364292341987e-01
-8.390758357723883121e-01
-9.726338858935772436e-01
-1.000000000000000000e+00
-9.192260074811842152e-01
-7.371339208662508469e-01
-4.760775718948353497e-01
-1.620756311123493498e-01
1.691595342132712343e-01
4.819980969365935675e-01
7.420873501917910620e-01
9.212415816999128815e-01
1.000000000000000000e+00
9.685117080867056139e-01
8.332534386712082686e-01
6.066255127984250262e-01
3.148618580275006629e-01
-1.184234663518524133e-02
-3.364692157258485361e-01
-6.243513490750751682e-01
-8.435742076929747535e-01
-9.698622273243014957e-01
-9.916151641127624039e-01
-9.050082298795877334e-01
-7.210170761260594752e-01
-4.578275798867410540e-01
-1.466411753615837199e-01
1.805557022320005700e-01
4.872745580367554563e-01
7.400618306646664646e-01
9.120126650872664165e-01
9.841234096558459932e-01
9.498083395837275678e-01
8.112093056135536440e-01
5.861481766581762010e-01
2.968219702423349204e-01
-2.332734381191992057e-02
-3.400423308627874563e-01
-6.184865847001359551e-01
-8.289498864289513991e-01
-9.487259314562536128e-01
-9.640930734034669491e-01
-8.765221098121765975e-01
-6.936954230535906651e-01
-4.373637673720310870e-01
-1.339732553104412416e-01
1.816217347029622786e-01
4.761187451755752864e-01
7.169286274237862688e-01
8.779996965381406948e-01
9.441852553509082480e-01
9.074100171994223807e-01
7.734094677075700197e-01
5.552144004132555377e-01
2.794531722842810151e-01
-2.583516988420964111e-02
-3.262706316198150658e-01
-5.893986773794800405e-01
-7.872408842866066569e-01
-8.984743083588569990e-01
-9.124579101936801662e-01
-8.267885905661866985e-01
-6.536646791337519247e-01
-4.098108744755162292e-01
-1.239100606771639246e-01
1.738256053912377030e-01
4.504316650912520981e-01
6.766815162843660136e-01
8.281840810645604289e-01
8.882526589882819845e-01
8.535396001360364693e-01
7.265499371333288270e-01
5.230098006468431038e-01
2.636260973440822664e-01
-2.138488170827790302e-02
-3.023060401104926687e-01
-5.477596325936056054e-01
-7.315190747195374765e-01
-8.358754288321091908e-01
-8.491501474482145984e-01
-7.717018863879928636e-01
-6.108490295172310791e-01
-3.871858621894495034e-01
-1.230899253993448239e-01
1.513805759634949677e-01
4.069721378491837349e-01
6.162812204925136594e-01
7.571389882636851976e-01
8.151449124060805573e-01
7.833596257047337197e-01
6.690041091916614224e-01
4.830953674211233562e-01
2.476912707380660716e-01
-1.269024653636507960e-02
-2.685046721086166155e-01
-4.929922498475587389e-01
-6.618765669341897251e-01
-7.569368513758756301e-01
-7.708138480588353492e-01
-7.013183835630960594e-01
-5.581804193741325415e-01
-3.559795084420658284e-01
-1.193909617995771999e-01
1.276087793750999566e-01
3.577567284333942332e-01
5.463280504640257718e-01
6.743526777862405286e-01
7.282360527440834286e-01
7.041778006143082358e-01
6.041427567820651934e-01
4.419952756175085096e-01
2.336531457118256050e-01
3.545254118892282591e-03
-2.240842898639734404e-01
-4.246061823730116203e-01
-5.770393800379463034e-01
-6.657959728007547540e-01
-6.811270313723267744e-01
-6.249559385491179064e-01
-5.024796747176333289e-01
-3.287175311879616535e-01
-1.215053913570924848e-01
9.513671899991504866e-02
2.988314044170172767e-01
4.672529247669034991e-01
5.825215499960540999e-01
6.350097980400051245e-01
6.187191924803088217e-01
5.372867481462320072e-01
3.989439913905081792e-01
2.212860480911504890e-01
2.205357972304633485e-02
-1.763133594722517961e-01
-3.527087595073288284e-01
-4.889968998708325021e-01
-5.709824765121989110e-01
-5.914545673403248660e-01
-5.479184095565053925e-01
-4.478868874839119218e-01
-3.010181615574715197e-01
-1.252164739956893591e-01
6.085027255182806627e-02
2.367547061681889442e-01
3.843861379538067169e-01
4.882785038744141826e-01
5.373775788015477950e-01
5.295337085401297106e-01
4.652173726145460986e-01
3.529960731932400009e-01
2.045667721513502180e-01
3.782790102278088540e-02
-1.301278806610089989e-01
-2.805227005098906989e-01
-3.976231088344686082e-01
-4.712105225837062150e-01
-4.933855525034941403e-01
-4.631532235490074534e-01
-3.837551643222829600e-01
-2.661471953765989218e-01
-1.219245092556120458e-01
3.225673586178934293e-02
1.800139287027022750e-01
3.058642640061131068e-01
3.969180602832198534e-01
4.442305578735898930e-01
4.427472722457805876e-01
3.957311121266771092e-01
3.078539798910369107e-01
1.895559303875877788e-01
5.316033081010829164e-02
-8.572056600458444198e-02
-2.128604670741262028e-01
-3.145439623845420751e-01
-3.801725819360549652e-01
-4.052446675208816185e-01
-3.870732238074999776e-01
-3.288211563113396796e-01
-2.367185638094346789e-01
-1.225363840369875224e-01
2.394727115560879582e-03
1.242502195162784595e-01
2.299654514724092103e-01
3.091075355678190029e-01
3.537139197578613725e-01
3.601373294354199839e-01
3.277139623415643577e-01
2.619364672041468722e-01
1.691888457733958795e-01
6.073195327592517678e-02
-5.167745442302928982e-02
-1.559876619181674862e-01
-2.416363075750580514e-01
-2.996826912784514851e-01
-3.240807837119057400e-01
-3.146968721905365474e-01
-2.724402111743338128e-01
-2.026425955379163035e-01
-1.127780182252852148e-01
-1.370597359612468757e-02
8.448518204786603647e-02
1.707796747396295167e-01
2.362321947877525918e-01
2.758836341656942803e-01
2.855950935977795702e-01
2.650088186227559373e-01
2.166097345881834446e-01
1.472151322871240176e-01
6.356654385543558661e-02
-2.473782334653240600e-02
-1.081214701356277841e-01
-1.780816754422730464e-01
-2.276244412442671727e-01
-2.518666818969100829e-01
-2.483510811895524029e-01
-2.196224731032706545e-01
-1.685405486298682254e-01
-1.009852825951575994e-01
-2.417138032157917227e-02
5.316056191182183532e-02
1.231596811804540614e-01
1.780887943584188449e-01
2.122508146413686347e-01
2.239340941265670626e-01
2.119137873837475539e-01
1.778560921763268077e-01
1.255394977703689907e-01
6.175654172827349520e-02
-7.258904305517455136e-03
-7.378233813434054156e-02
-1.305434326255667798e-01
-1.722515121507395275e-01
-1.947838170170622663e-01
-1.961244411624439854e-01
-1.762213956256488689e-01
-1.385067470508726251e-01
-8.651835820255782128e-02
-2.663707860550990070e-02
3.432723282378424834e-02
8.990255369967781185e-02
1.345137743404092312e-01
1.632406517351407960e-01
1.730473983583364905e-01
1.646865089630147327e-01
1.389677271029814420e-01
9.877211524739593074e-02
4.856046499535193739e-02
-5.424458774065388234e-03
-5.767700676262432768e-02
-1.020632365816697140e-01
-1.338922351166941249e-01
-1.513312280490699546e-01
-1.524594647390226099e-01
-1.371408258568990179e-01
-1.072680739243188075e-01
-6.709342793874950583e-02
-2.037483132829243093e-02
2.749674941328827948e-02
7.103411651265267857e-02
1.058382031777309606e-01
1.284400774954681523e-01
1.364603942025608418e-01
1.290671397061635695e-01
1.083177801845345289e-01
7.610309491300637497e-02
3.610882090365108432e-02
-7.132656489137967348e-03
-4.869971540397555199e-02
-8.432708725823045981e-02
-1.096608584452936075e-01
-1.218828426639388951e-01
-1.211231304137690978e-01
-1.073108037139200999e-01
-8.176527124158616822e-02
-4.733889648344902223e-02
-8.508241651648762449e-03
3.085873604224742550e-02
6.599129132287773203e-02
9.283088253455806793e-02
1.092421044020204235e-01
1.134182075337109019e-01
1.047632148667501095e-01
8.423305875397413267e-02
5.488505585394820585e-02
1.932974847065893620e-02
-1.828241711371569878e-02
-5.347142464085541391e-02
-8.245682420871791596e-02
-1.022361538852144536e-01
-1.101888574817324606e-01
-1.051870262490784969e-01
-8.887580776823589268e-02
-6.261891295148858116e-02
-2.940631392173920222e-02
6.875604078851127454e-03
4.194412630299382272e-02
7.213965747312611754e-02
9.354234916671866351e-02
1.036015818070474825e-01
1.023322061101625824e-01
8.958471176618854059e-02
6.643899768538807926e-02
3.550632622537586158e-02
9.973785688162095653e-04
-3.375582445067293325e-02
-6.457590648019195800e-02
-8.775835781366780886e-02
-1.014062231635591838e-01
-1.038777275751034956e-01
-9.454728478296536842e-02
-7.432292982940991166e-02
-4.600244093696259640e-02
-1.201239029813017112e-02
2.362613664132640068e-02
5.665242695564409736e-02
8.345891917003478433e-02
1.011864459994291643e-01
1.074061923593634393e-01
1.011321487814664799e-01
8.396978367223462136e-02
5.723769561407676676e-02
2.363949454315261711e-02
-1.313598432138174399e-02
-4.874946264645252381e-02
-7.948705338597050751e-02
-1.012474999949132259e-01
-1.113680630148347062e-01
-1.097731191319797350e-01
-9.619427829041893308e-02
-7.157378664063107632e-02
-3.843253660347201173e-02
-9.702999288095925934e-04
3.727619290403016983e-02
7.172754727550367804e-02
9.826923610437532375e-02
1.144031853535398824e-01
1.182026115436010105e-01
1.088583338044899484e-01
8.708846499342293157e-02
5.578675748783812338e-02
1.753897435638052116e-02
-2.333605108791669824e-02
-6.214019248035451692e-02
-9.462214628296006236e-02
-1.173529782946493016e-01
-1.270991377902451758e-01
-1.223026316476929498e-01
-1.045215448358729482e-01
-7.509353896501314019e-02
-3.699461448042928868e-02
5.658316738899937803e-03
4.786681164579165149e-02
8.529562278912372619e-02
1.131619028026442653e-01
1.281489344323436530e-01
1.295554869372823603e-01
1.167555336960448553e-01
9.067910276287149962e-02
5.401417809807762538e-02
1.149401330615273942e-02
-3.301264422721772451e-02
-7.445371128196731636e-02
-1.080070414112070942e-01
-1.304389140447050899e-01
-1.392029667954430838e-01
-1.329869592368353448e-01
-1.121583771687073572e-01
-7.947546853254894295e-02
-3.759138379392978901e-02
8.789935464897924433e-03
5.454288784501226672e-02
9.472436201186362759e-02
1.251899662329631902e-01
1.420204032073713041e-01
1.430555019683505957e-01
1.293954631964420177e-01
1.019678980713323302e-01
6.320575876721190589e-02
1.701158976536176759e-02
-3.118603284504262163e-02
-7.655243180813320336e-02
-1.135112800546187461e-01
-1.379075549806930701e-01
-1.480999933899824761e-01
-1.426059814723489305e-01
-1.215565388819463966e-01
-8.698494305510084956e-02
-4.329354331631274366e-02
5.663757660444801445e-03
5.445720100257744889e-02
9.753730381831915430e-02
1.303700918763635030e-01
1.495027845884335793e-01
1.524458423290013798e-01
1.384405095438496769e-01
1.098853111381286052e-01
6.912137659832606751e-02
2.066209087620052287e-02
-3.019240406414003264e-02
-7.781619107671855495e-02
-1.173695082379280219e-01
-1.440328455672325036e-01
-1.546890690464706175e-01
-1.493699618869246404e-01
-1.282089081472320702e-01
-9.316264679088115397e-02
-4.787242154736170985e-02
2.054619191496742658e-03
5.181663054024143733e-02
9.564563676006887505e-02
1.286528621131561856e-01
1.481808465538887454e-01
1.519494615317553698e-01
1.392782056246724132e-01
1.113858780972620810e-01
7.193678875926390326e-02
2.434359595418245092e-02
-2.600263072423081301e-02
-7.349137429574503777e-02
-1.131553889722028972e-01
-1.409477426608959361e-01
-1.535244876256843805e-01
-1.493032556799828159e-01
-1.300070232201223641e-01
-9.720173100947615552e-02
-5.413411930477385337e-02
-5.284423870199450590e-03
4.376544810788529638e-02
8.808668215443127281e-02
1.223576028558279738e-01
1.428295520182623068e-01
1.485873427155925963e-01
1.387344922183972873e-01
1.140118174499806791e-01
7.697553308562210539e-02
3.233221647945350163e-02
-1.580786218691976330e-02
-6.203127436324851196e-02
-1.011291885932514845e-01
-1.293440318121080734e-01
-1.437657201302845467e-01
-1.426519045270251418e-01
-1.259205540660880418e-01
-9.622485676297931612e-02
-5.609192367477378038e-02
-1.020475840682089075e-02
3.623721548319069896e-02
7.828700862919180103e-02
1.117423111104607347e-01
1.326314719072752002e-01
1.385986689761702362e-01
1.303898723015370908e-01
1.086201980480707707e-01
7.537812522964304485e-02
3.424215369059813163e-02
-9.712165955473084367e-03
-5.216925016423612504e-02
-8.817106968115162591e-02
-1.138714095826958150e-01
-1.278125862902586007e-01
-1.284150171915364735e-01
-1.153735143780301176e-01
-9.019812677262140088e-02
-5.637414471330814969e-02
-1.689030924581880200e-02
2.381705168465053646e-02
6.111232647971798215e-02
9.126544502222233568e-02
1.113280196992640914e-01
1.190305130022208946e-01
1.135131428375721896e-01
9.649702734587872754e-02
6.944253855295179356e-02
3.522658188565364057e-02
-2.355620263212565568e-03
-3.908207272660035869e-02
-7.130268798365113625e-02
-9.507559948378063730e-02
-1.078059600876374313e-01
-1.094975595030472926e-01
-9.986240630550002884e-02
-7.963639232395092193e-02
-5.106726944588435568e-02
-1.787389521671334247e-02
1.681916323269105895e-02
4.895119537889325301e-02
7.489097135243416581e-02
9.263460095031206265e-02
1.004213905627433512e-01
9.721187120393470771e-02
8.342241691878338194e-02
6.138034321652452441e-02
3.295087088272152798e-02
1.545771471654022733e-03
-2.900824659157474894e-02
-5.562390519264037714e-02
-7.577440973078886088e-02
-8.713534856565585685e-02
-8.857609372731400921e-02
-8.115008654697575263e-02
-6.549607877209129292e-02
-4.319336264772899447e-02
-1.692369523010384125e-02
1.004720290901750523e-02
3.510113166254891226e-02
5.517252077026779666e-02
6.817773613704458668e-02
7.414065044890993939e-02
7.241554553125606475e-02
6.281576827020551868e-02
4.663147310607995699e-02
2.620516236751968542e-02
3.342615483414190791e-03
-1.921748345067941788e-02
-3.881507473317791224e-02
-5.392049594297254611e-02
-6.314704560089223762e-02
-6.531839305023245945e-02
-6.036479645566028562e-02
-4.972880090533204900e-02
-3.427367478965648306e-02
-1.563244825256582260e-02
3.878176249167974987e-03
2.217803129502282644e-02
3.757175188928507659e-02
4.807019433425474553e-02
5.261874231693819404e-02
5.185209258175116354e-02
4.578414317940082690e-02
3.484008764119317370e-02
2.049855276985357300e-02
4.660858561831515701e-03
-1.125583852445466437e-02
-2.520177036934900805e-02
-3.555943351578760847e-02
-4.210714958697470145e-02
-4.425853462013540351e-02
-4.141583536408033339e-02
-3.408930917271058014e-02
-2.374958060250031977e-02
-1.122927760451908341e-02
2.064581245563745782e-03
1.444700046556968154e-02
2.496800098752549601e-02
3.270862166172761043e-02
3.635032805241622533e-02
3.555882630075712925e-02
3.133152260935867517e-02
2.394623207001456144e-02
1.420172379467188328e-02
3.606767076781869363e-03
-6.624816418459578138e-03
-1.565588036449039322e-02
-2.235282008449379632e-02
-2.604086511995606923e-02
-2.704197238149963489e-02
-2.522586457726494480e-02
-2.061166774306699701e-02
-1.410583413975252665e-02
-6.986634320028994871e-03
2.116052574743232384e-04
6.753863900931467157e-03
1.187960876550930855e-02
1.561800424970694046e-02
1.759114360280245037e-02
1.726201748186495522e-02
1.490455911198340644e-02
1.126368350040407584e-02
6.595873789957407141e-03
1.397760165985806324e-03
-3.606332756778907189e-03
-8.007109869175521588e-03
-1.142411813249932795e-02
-1.335692447512681902e-02
-1.371257882212872925e-02
-1.289901041973251505e-02
-1.094325411919427893e-02
-7.964869361397730607e-03
-4.465613373771160077e-03
-9.238586019894023948e-04
2.381798554912828436e-03
5.072361188737106730e-03
6.899344517372174579e-03
7.972817485245142777e-03
8.180078147086433660e-03
7.390652289060772873e-03
5.826906499135420248e-03
3.861314453302400196e-03
1.638338008624007358e-03
-6.347738125151991539e-04
-2.692868659112113150e-03
-4.445217563382453108e-03
-5.725435622262020630e-03
-6.250239012639546843e-03
-5.998154076884087971e-03
-5.198341902136638382e-03
-3.908509745388366596e-03
-2.314797409835089859e-03
-6.980111971226499179e-04
7.852324920747388859e-04
2.002502659938398821e-03
2.783769961157256390e-03
3.060554332399600952e-03
2.909957985231637068e-03
2.350836786987775540e-03
1.507571181932565452e-03
6.043219750300199422e-04
-1.488439715552347664e-04
-6.979634873828244324e-04
-1.048487252464092023e-03
-1.193104300350134039e-03
-1.227853962626146433e-03
-1.144767958753734050e-03
-9.344181335646517539e-04
-7.004499675042907825e-04
-5.406134036034515589e-04
-4.659711636849639405e-04
-4.592097487154944702e-04
-5.032155484389067013e-04
-5.345639942114788212e-04
-5.622882955474972633e-04
-6.152484826748016999e-04
-6.657125480737935419e-04
-6.939174479908549742e-04
-6.986365198461408355e-04
-6.792202783867384852e-04
-6.445820829685811049e-04
-6.165827185807826183e-04
-5.924391250895499894e-04
-5.630870085329142682e-04
-5.333552935224972202e-04
-5.030528683459545292e-04
-4.734831512840376178e-04
-4.491383117257718993e-04
-4.289933031302872735e-04
-4.091559703928160374e-04
-3.906072349357803120e-04
-3.731587868573971178e-04
-3.566223162557724535e-04
-3.408095132287902729e-04
-3.255320678744455520e-04
-3.106016702907332672e-04
