5.824553956033169388e-01
2.727821437962085760e-02
-3.985888467764896470e-01
-7.046979933287607079e-01
-9.006014307409386799e-01
-9.958513644767699180e-01
-1.000000000000000000e+00
-9.225995427743826083e-01
-7.642727944615859137e-01
-5.248179804484147670e-01
-2.259887981362931342e-01
9.683853661551999892e-02
4.100067475235960046e-01
6.815679263536131849e-01
8.829084105017332984e-01
9.932632875470226441e-01
1.000000000000000000e+00
9.066671053618615694e-01
7.213636383449404388e-01
4.656697968508420882e-01
1.651859688733627873e-01
-1.459294881740346161e-01
-4.362501766952224802e-01
-6.744850328726030853e-01
-8.356091390067239555e-01
-9.063373655603776946e-01
-8.782131690249956879e-01
-7.560428174212108221e-01
-5.516452267740182824e-01
-2.899912501712280655e-01
3.574439429734121987e-03
2.966600772378193973e-01
5.586435248860182057e-01
7.627400224143248142e-01
8.878237210495871778e-01
9.223591368077006525e-01
8.619135075315196293e-01
7.167445118432154150e-01
5.003021114902790334e-01
2.375413126312975187e-01
-4.467345621505203201e-02
-3.155994984366762290e-01
-5.477559063530149652e-01
-7.165821130118812388e-01
-8.040927568305510365e-01
-8.051076067052328478e-01
-7.185548498846603405e-01
-5.553303346450693123e-01
-3.316086611304306375e-01
-7.366191649223052806e-02
1.929260840470277127e-01
4.388544238424605393e-01
6.385398815343956702e-01
7.733307563068350099e-01
8.289995150959093007e-01
8.012603857634754689e-01
6.924614669780488896e-01
5.175456812490848435e-01
2.930868785864528814e-01
4.482053836712851513e-02
-2.012606665345485490e-01
-4.193326133982011594e-01
-5.873404109972424347e-01
-6.882885734984562909e-01
-7.113779265660751250e-01
-6.584409905269603680e-01
-5.342188968509871128e-01
-3.533343499619919781e-01
-1.342088388476216920e-01
9.798344439227246738e-02
3.199408197940558640e-01
5.077079938403366022e-01
6.419541588247368313e-01
7.120943447201018017e-01
7.104773306190257376e-01
6.387240781080509855e-01
5.041643868793954653e-01
3.239134669273033840e-01
1.153188318174684923e-01
-9.856504551952949278e-02
-2.953728978981317033e-01
-4.551885903965660063e-01
-5.619283225241489266e-01
-6.054450072767092461e-01
-5.809663680161907262e-01
-4.949561747250466048e-01
-3.556425305170110018e-01
-1.789110304778311900e-01
1.706193684949552924e-02
2.105901511629291178e-01
3.821868244960460181e-01
5.135576890279913709e-01
5.910065284205554548e-01
6.099055589439725811e-01
5.680286786531496546e-01
4.710986177555038790e-01
3.291553116398997503e-01
1.596098331296638140e-01
-2.092519308140539103e-02
-1.926840021659239621e-01
-3.374955173424674104e-01
-4.416284253562724471e-01
-4.945789831731118857e-01
-4.920094407878001785e-01
-4.341388688236106352e-01
-3.298848613214611092e-01
-1.891187775232757717e-01
-2.844335451884127952e-02
1.348673082312981109e-01
2.835998062879712123e-01
4.028462565547574759e-01
4.802103913837612037e-01
5.076333995228374807e-01
4.858283927464421836e-01
4.168614778284849276e-01
3.090212183995753037e-01
1.737511096614776651e-01
2.720641027155634717e-02
-1.157673281641483642e-01
-2.391649044658927803e-01
-3.301861100527173631e-01
-3.821964316097685721e-01
-3.896900645124317109e-01
-3.527096463969989770e-01
-2.755560523920486116e-01
-1.688466931122188930e-01
-4.290787325414047171e-02
8.784630021893313767e-02
2.091548329710839482e-01
3.086983311380122608e-01
3.765129491503529380e-01
4.060561125968329410e-01
3.943793986095387449e-01
3.457881027774090121e-01
2.650537453805146271e-01
1.617209640595167475e-01
4.704629244135505317e-02
-6.595864334561007958e-02
-1.657294894779586247e-01
-2.411345349782133551e-01
-2.842817099060320762e-01
-2.936332093815724464e-01
-2.682258402531614294e-01
-2.114714294938546679e-01
-1.298131274899990695e-01
-3.395093983982544472e-02
6.637398465349697574e-02
1.595193218458557105e-01
2.351442455712802193e-01
2.865798807930981518e-01
3.086026129835834908e-01
2.995508261949102469e-01
2.607375073299809110e-01
1.985581007565504486e-01
1.191363598039574256e-01
3.217256474112950571e-02
-5.220480196496157799e-02
-1.248494242595187265e-01
-1.782469787082655577e-01
-2.063567693786884094e-01
-2.060367007882152324e-01
-1.800303103331880594e-01
-1.310033873333684706e-01
-6.534353089703159867e-02
9.009465478372113978e-03
8.285766802791028063e-02
1.482125654036166029e-01
1.970191480474370316e-01
2.237215755512844684e-01
2.277652256715136936e-01
2.086638342329172335e-01
1.689677360232437753e-01
1.137327269056489509e-01
5.120917700055116484e-02
-1.193927370253700104e-02
-6.780099300259545547e-02
-1.093841094548692050e-01
-1.331825279284156727e-01
-1.364458784012384518e-01
-1.189377799702502347e-01
-8.282048592612045734e-02
-3.387905309949668098e-02
2.288506742748896983e-02
7.990156996582120641e-02
1.296416924230230361e-01
1.663261922954217820e-01
1.856671363504798222e-01
1.853322891258146754e-01
1.651145620185008323e-01
1.286231614117470112e-01
7.918938743420511628e-02
2.350971844084304152e-02
-3.118915634954044780e-02
-7.805097209420586157e-02
-1.114949195082937106e-01
-1.265213361244723611e-01
-1.206816981337514028e-01
-9.625165117752587651e-02
-5.511033642119156362e-02
-1.856306861111156614e-03
5.727366088744223482e-02
1.144093956296046155e-01
1.628842685651465949e-01
1.954456896583716130e-01
2.074063589010866071e-01
1.986493598594301080e-01
1.690222905411682408e-01
1.210482947108422191e-01
5.973725894189674257e-02
-6.692535367247565148e-03
-7.140507685208274946e-02
-1.259828142710618382e-01
-1.630705736203075240e-01
-1.784583415397795747e-01
-1.694817400535975072e-01
-1.362839303148325465e-01
-8.153963314310441746e-02
-1.227129965849249604e-02
6.514802405973219024e-02
1.413116118364234897e-01
2.068676123157613400e-01
2.538948893077592750e-01
2.765278128073203057e-01
2.709000045141531920e-01
2.361489975430832722e-01
1.768214611294747218e-01
9.766690269740285757e-02
7.949987495011967553e-03
-8.220086642757129525e-02
-1.621111533036294627e-01
-2.228346693292673208e-01
-2.559710685090560434e-01
-2.564896285339907100e-01
-2.254451337955960533e-01
-1.645096100468269595e-01
-7.945515353319976271e-02
2.125143571504839457e-02
1.253040218408314477e-01
2.220138462233862686e-01
2.993742829175418674e-01
3.480209349295362298e-01
3.634794796345686141e-01
3.425011381534663890e-01
2.861605077662656704e-01
1.992858480456156656e-01
9.224834912270640785e-02
-2.514172056323371596e-02
-1.393083960219486661e-01
-2.372242202382305321e-01
-3.077897253839011471e-01
-3.426756634360067499e-01
-3.371147218776446852e-01
-2.901001075911953109e-01
-2.075176433182196467e-01
-9.606806705473580621e-02
3.191289266403796177e-02
1.629894496668251591e-01
2.823057845649494801e-01
3.770917123019086326e-01
4.354806892429472498e-01
4.498145049215733771e-01
4.199603492004726490e-01
3.471514602762000301e-01
2.383912102393912491e-01
1.039938631289964999e-01
-4.045607979590581937e-02
-1.805248366589469189e-01
-2.996856828949415741e-01
-3.844563485048486662e-01
-4.265247522165902527e-01
-4.199238853439042352e-01
-3.645031692493732045e-01
-2.646230559297805263e-01
-1.321892419860202228e-01
2.084652137857934129e-02
1.773769541554832685e-01
3.204929461342707064e-01
4.344122311128053582e-01
5.065754996737810156e-01
5.278743407986330460e-01
4.941508692068150577e-01
4.109766278576816312e-01
2.851944386413172161e-01
1.302897591972651536e-01
-3.804419847625450934e-02
-2.006591445664108742e-01
-3.406452200938561159e-01
-4.416016741944720492e-01
-4.916372046252139860e-01
-4.869085322628255996e-01
-4.260816279925948580e-01
-3.153710237078672929e-01
-1.652768948910730007e-01
6.364704658600173204e-03
1.831272212914569764e-01
3.453814122711014178e-01
4.752073290807281580e-01
5.591235392640019342e-01
5.873361455359893402e-01
5.566415334822780725e-01
4.687385049620851341e-01
3.343094522844187733e-01
1.652414733990552609e-01
-1.944732327164433450e-02
-2.004352649645178008e-01
-3.580474729788341026e-01
-4.756668927761913412e-01
-5.397801788166343151e-01
-5.422546378452792748e-01
-4.852087760288292806e-01
-3.727720830005814001e-01
-2.167991451138707726e-01
-3.249272458016627674e-02
1.591757137975051695e-01
3.387774648855552684e-01
4.857319836670270785e-01
5.839139500319998621e-01
6.246783092217937927e-01
6.022292560709856524e-01
5.188225401171155937e-01
3.819137755477732821e-01
2.079412864883356526e-01
1.319675076875670428e-02
-1.807367781841288101e-01
-3.530961773507172996e-01
-4.855282479131453055e-01
-5.637355398699723796e-01
-5.790625997067179176e-01
-5.283079920152542464e-01
-4.190788039072337323e-01
-2.608265501891512406e-01
-7.134717496299192163e-02
1.298896072402107027e-01
3.206763535386183417e-01
4.813986052787750936e-01
5.940661447847945809e-01
6.458904813084640484e-01
6.337265143193078210e-01
5.572893421670348513e-01
4.250551625343554907e-01
2.498808215973913338e-01
5.236826875570366191e-02
-1.481167821744973079e-01
-3.292266896807800602e-01
-4.715469031662709032e-01
-5.614356237456771259e-01
-5.885919681929937530e-01
-5.503875975388112796e-01
-4.497342150624380475e-01
-2.992618232631770736e-01
-1.126921310679261934e-01
8.897801313155606628e-02
2.846583700400349137e-01
4.534599826351239926e-01
5.778339125003431054e-01
6.441872576277640761e-01
6.445040525579357471e-01
5.817327655148905041e-01
4.609143510494433382e-01
2.951460527753022589e-01
1.007928921106870934e-01
-1.001883912734398141e-01
-2.875241478708370213e-01
-4.402912497918465284e-01
-5.421188083862980012e-01
-5.846159472209709884e-01
-5.622411223785079848e-01
-4.777605844465460105e-01
-3.390926511989290626e-01
-1.630736451617931237e-01
3.366650610856902759e-02
2.294918004228563291e-01
4.036118650047157974e-01
5.379654658641284115e-01
6.184438250083956756e-01
6.367156941695064631e-01
5.897441087520753911e-01
4.850535082272322551e-01
3.319401640284991295e-01
1.478213686156808482e-01
-4.827868108045219042e-02
-2.349504115362232026e-01
-3.932153490992698064e-01
-5.057407190373908179e-01
-5.601505187473838632e-01
-5.534400851167234903e-01
-4.851843008519087785e-01
-3.632075897161479716e-01
-1.995686228652924221e-01
-1.356377072197101352e-02
1.766220713839325995e-01
3.499720673144139926e-01
4.882087842376252595e-01
5.785937482896104100e-01
6.112199688300929967e-01
5.831754012564274170e-01
4.967934061481111829e-01
3.633212185089547130e-01
1.949535420123891249e-01
1.061147772450476978e-02
-1.704819706124957035e-01
-3.292866913633958337e-01
-4.496364090317441775e-01
-5.186786443792469337e-01
-5.286117536711587572e-01
-4.815816978234347401e-01
-3.814304970284468910e-01
-2.390684598658884275e-01
-6.863572278024343554e-02
1.106079302848723689e-01
2.807357442788831481e-01
4.228677112775216518e-01
5.220768212280115783e-01
5.704282597008212274e-01
5.622214964432961093e-01
4.987664260678277284e-01
3.861530497464134015e-01
2.383434560450026218e-01
6.914846632516202796e-02
-1.029597816265785948e-01
-2.598438577134533078e-01
-3.854585951607260030e-01
-4.669958468459979306e-01
-4.959364116902106323e-01
-4.685021728644981343e-01
-3.904927409863681032e-01
-2.689277067072760596e-01
-1.173619727131366419e-01
4.861916631254148413e-02
2.108165823164300789e-01
3.529820574188264892e-01
4.596913970449545417e-01
5.195969963213178389e-01
5.291045637991209638e-01
4.865879568334658956e-01
3.970897800147972223e-01
2.696651550287545440e-01
1.197429826617841808e-01
-3.834290907015258654e-02
-1.874360671472603546e-01
-3.117998964831939501e-01
-3.998031210846398897e-01
-4.423054202239274924e-01
-4.354055260663787230e-01
-3.795251870152969165e-01
-2.824230991922045408e-01
-1.527789891455393345e-01
-5.263073302786747121e-03
1.447288647051636623e-01
2.815057954343722635e-01
3.914227829464040909e-01
4.626528222565662318e-01
4.875153000261769343e-01
4.663485690746831391e-01
4.006404777719905219e-01
2.974281533553817525e-01
1.669592845182472640e-01
2.410029045924488855e-02
-1.170708448038429994e-01
-2.407789128798115685e-01
-3.342909274770460293e-01
-3.901480767869984767e-01
-4.022456294956956446e-01
-3.695326680067524405e-01
-2.952502949636204299e-01
-1.890903397605510072e-01
-6.070697556898241309e-02
7.586903388615584554e-02
2.062659068394436801e-01
3.171357848458113970e-01
3.974235327737332124e-01
4.383287348037028242e-01
4.350634650373939039e-01
3.909402495237548347e-01
3.098952974372533031e-01
2.006399046887918924e-01
7.435877147453884284e-02
-5.481392000627172134e-02
-1.740724449470554269e-01
-2.702442835076070971e-01
-3.332531730364693967e-01
-3.588227238215960790e-01
-3.439468058662691341e-01
-2.904884528241111763e-01
-2.040309158388259325e-01
-9.554651416589632351e-02
2.502307406515402732e-02
1.448460509157436515e-01
2.511625235421162117e-01
3.336754041797633796e-01
3.841859773650486698e-01
3.975883919028877500e-01
3.722921146308952878e-01
3.130675883091711409e-01
2.251588368445192057e-01
1.181664854150701327e-01
3.169420723402982532e-03
-1.074942307341280046e-01
-2.029023092582544763e-01
-2.725283028696465770e-01
-3.090431660068666542e-01
-3.111807527733488898e-01
-2.782938312023314209e-01
-2.137336480596261357e-01
-1.240070019629783138e-01
-1.976806320262247674e-02
8.905015993202569646e-02
1.903678350028907840e-01
2.735159457146603135e-01
3.312491872726275322e-01
3.576253562187703405e-01
3.498431395176213599e-01
3.085510880552377877e-01
2.396741062965515034e-01
1.492176544377215031e-01
4.753969174999372882e-02
-5.432945195620209056e-02
-1.459498003235100150e-01
-2.183567586750462253e-01
-2.636255521083915587e-01
-2.769251827227866558e-01
-2.594017067120972797e-01
-2.124687930052373552e-01
-1.409195454588144658e-01
-5.218228845417260953e-02
4.330455591335113930e-02
1.361968425200215105e-01
2.160033892649042553e-01
2.745494840625246624e-01
3.080802075158499687e-01
3.129071158204730363e-01
2.883087047395607172e-01
2.370296230727144682e-01
1.659109743462683362e-01
8.128634381280996912e-02
-7.515059222780062775e-03
-9.085670196511996810e-02
-1.604044948562386441e-01
-2.093564579105542389e-01
-2.323534871969916704e-01
-2.268426199713584612e-01
-1.956771780090851287e-01
-1.415891930775908802e-01
-7.008897492953669595e-02
1.137470585672395451e-02
9.369240833390790613e-02
1.687691620983391427e-01
2.279947732534917115e-01
2.651611185446913765e-01
2.785901551472274029e-01
2.666767847439077688e-01
2.304130405563860062e-01
1.736661148707607794e-01
1.036733374570404376e-01
2.681320545730891958e-02
-4.848759230446664237e-02
-1.140148120660399167e-01
-1.637375080951370965e-01
-1.928072143439389929e-01
-1.979633426433534682e-01
-1.785871817765357639e-01
-1.384564621242272420e-01
-8.105904088735405022e-02
-1.292678232607447075e-02
5.830852902102146018e-02
1.250911417473861142e-01
1.809099743220068390e-01
2.193674711063851035e-01
2.364066205450026104e-01
2.324820321306344528e-01
2.078169483887348790e-01
1.647298797088123656e-01
1.079721632353127792e-01
4.469422205972373163e-02
-1.906953506713071622e-02
-7.603616003108748522e-02
-1.201488017942577979e-01
-1.485685246365970880e-01
-1.583696249825972124e-01
-1.482544593215193718e-01
-1.195757208961232276e-01
-7.655860498181954465e-02
-2.285530255998002858e-02
3.546823298794787860e-02
9.180296540777588277e-02
1.405482300502025605e-01
1.770761863782963630e-01
1.971800481098617830e-01
1.987798923140842167e-01
1.837709733962165082e-01
1.534370034942984518e-01
1.106884662688378818e-01
6.023667708379298880e-02
7.912673853911700306e-03
-4.116265794546825063e-02
-8.098524590035249826e-02
-1.073785655098388192e-01
-1.196037273582899463e-01
-1.163214699168245714e-01
-9.739610241871998753e-02
-6.511103871697732082e-02
-2.397731479901488161e-02
2.240273291884453677e-02
6.879884492858523437e-02
1.099071883684001882e-01
1.421593508757947877e-01
1.625254857893019267e-01
1.683541899719822599e-01
1.590598243201406525e-01
1.372328857257874013e-01
1.046913070713555438e-01
6.509368890822520015e-02
2.322869023838181057e-02
-1.644242880478519186e-02
-5.016867119726209356e-02
-7.382802543289168629e-02
-8.499206247486013055e-02
-8.444187855223173056e-02
-7.219452541369952847e-02
-4.917171365772265990e-02
-1.830726526870662951e-02
1.612005258065396518e-02
5.098119644768295267e-02
8.216695330109002882e-02
1.062180053241117417e-01
1.221800205968368580e-01
1.285290988818565960e-01
1.240491204028870698e-01
1.095866486302792264e-01
8.781680058638108299e-02
6.049621474361077667e-02
3.066971854383138130e-02
1.996704937057502960e-03
-2.283905878753522689e-02
-4.160837692492314055e-02
-5.187046209619372572e-02
-5.268852522976008590e-02
-4.554476600915635665e-02
-3.093251975008826093e-02
-1.008172942535634498e-02
1.434857284095580887e-02
3.949119196618156025e-02
6.310802993554176510e-02
8.212124770253859118e-02
9.448387082139597659e-02
1.004396445749187183e-01
9.939210351983263081e-02
9.087395035657164222e-02
7.616129303461316447e-02
5.764670240070035589e-02
3.684087487999487820e-02
1.623317964670834002e-02
-1.661792548812490722e-03
-1.582928326814636577e-02
-2.502858035766264422e-02
-2.747623394034026667e-02
-2.304171977919866610e-02
-1.351234924417166194e-02
4.072396272603029388e-04
1.710349338711480982e-02
3.413089038922789697e-02
4.980809996921675697e-02
6.281630825305994925e-02
7.140741846217069089e-02
7.480623879254832964e-02
7.383503701969784672e-02
6.845555942197556476e-02
5.892072979120199783e-02
4.687034970766834618e-02
3.433538410199798996e-02
2.225561801057263089e-02
1.192654915960655870e-02
4.477000639041328611e-03
-3.489451782325847518e-04
-2.032897288365753674e-03
1.570502437111542804e-04
5.602090019872552062e-03
1.301042195618706820e-02
2.184048202408228612e-02
3.110495581207328719e-02
3.958746858599959673e-02
4.671957756299560671e-02
5.187426299661690443e-02
5.422857457641350187e-02
5.373853727983601836e-02
5.120154571569601742e-02
4.675703612959303257e-02
4.074639639827215554e-02
3.410058300523344244e-02
2.761586649221769996e-02
2.181577863642814030e-02
1.742010753140887935e-02
1.482198824855363029e-02
1.374139747805935841e-02
1.432564317719942082e-02
1.672647984427300116e-02
2.046899397756174466e-02
2.485337286181987793e-02
2.955909113040644520e-02
3.411964091391683773e-02
3.803556223724169350e-02
4.118823092865420143e-02
4.328153751375252156e-02
4.382789530938668854e-02
4.285066923958380514e-02
4.081879069051619346e-02
3.787890501081414563e-02
3.440465517004298590e-02
3.093715666530694186e-02
2.777776960302680287e-02
2.520398310932803199e-02
2.361048406169974356e-02
2.313771052324087307e-02
2.358155101226033779e-02
2.489063615604214519e-02
2.678431991612439944e-02
2.879061093029200435e-02
3.051533170075870771e-02
3.181849075718390374e-02
3.263912108369271259e-02
3.293093115913103830e-02
3.286269451473189385e-02
3.243222029525671957e-02
3.168533614642354834e-02
3.088467976312236907e-02
3.028700749706159101e-02
2.993139942284051003e-02
2.978213972232701678e-02
2.981510026008726832e-02
2.988161319107085490e-02
2.999855917263882787e-02
3.021741226389562662e-02
3.044838799160420884e-02
3.062100826809222021e-02
3.072661170025758892e-02
3.076754433058148663e-02
3.076378770741339252e-02
3.077370046735383724e-02
3.078804454927408507e-02
3.078086914466582336e-02
3.077163383664482943e-02
3.077005798487042476e-02
3.077746755087651387e-02
3.079660748566803719e-02
3.082014223798323904e-02
3.083341520637183919e-02
3.083904224503752900e-02
3.084398305091262671e-02
3.084596826760144239e-02
3.084549675247050260e-02
3.084236591594491372e-02
3.083452277593323743e-02
3.082334117533047646e-02
3.081139310820057986e-02
3.079853991759384790e-02
3.078449881116118725e-02
3.076971769087211150e-02
3.075369164978081216e-02
3.073693896862472741e-02
3.072086723472700065e-02
3.070584582746627156e-02
3.069169782515479561e-02
3.067778823666378329e-02
3.066401835944265741e-02
3.065028949093995259e-02
3.063650292860464752e-02
3.062255996988549889e-02
3.060836191223148539e-02
