1.213381302173235365e-01
-4.261385320495666429e-01
-7.791069002937699439e-01
-9.621872858367571668e-01
-1.000000000000000000e+00
-9.171653541049700209e-01
-7.383036594731375857e-01
-4.880352274259766032e-01
-1.953918104768997965e-01
1.281499771020526701e-01
4.485011382230958965e-01
7.215233917694414689e-01
9.127139022582198002e-01
1.000000000000000000e+00
9.690323266383280565e-01
8.247961998124846428e-01
5.805299451374412723e-01
2.704491803623836343e-01
-7.135390317384560088e-02
-3.989300650454395969e-01
-6.711967575983860401e-01
-8.534041367412936729e-01
-9.209096428175862492e-01
-8.667606682710916610e-01
-6.938482937998879940e-01
-4.292168853320849076e-01
-1.018887185045612709e-01
2.420596484196406717e-01
5.594874723017884133e-01
8.086001199084442703e-01
9.572015093016479348e-01
9.880573307222637602e-01
8.947281981383978788e-01
6.959660343193774246e-01
4.138260289470316877e-01
9.124199306746594296e-02
-2.305017494311387694e-01
-5.079674395937558984e-01
-7.060661664122787062e-01
-8.019772744382029916e-01
-7.830675287409156748e-01
-6.596831202025130736e-01
-4.461411771989082231e-01
-1.777914117570048580e-01
1.101581308046313268e-01
3.775255211465560201e-01
5.910671923612285106e-01
7.260904079270436018e-01
7.666043589447653073e-01
7.168254180689568322e-01
5.835463125618920444e-01
3.915271334031167338e-01
1.669379311732785975e-01
-5.802217962350020297e-02
-2.554927095587352648e-01
-4.015044601656950762e-01
-4.792622316234650404e-01
-4.885394751960872028e-01
-4.303039215150501473e-01
-3.179565561143105068e-01
-1.677340084944594079e-01
-2.931403863712933600e-03
1.561570397840601476e-01
2.899313058008710087e-01
3.829629682952937486e-01
4.306675663187311542e-01
4.294383456534405230e-01
3.840164052655581362e-01
3.023075492587983248e-01
1.987344936550579089e-01
8.556772783561461537e-02
-2.302294243151625786e-02
-1.134318429026598407e-01
-1.774553417106973230e-01
-2.090596313460938438e-01
-2.072402758943908685e-01
-1.736597327076221386e-01
-1.160945937251032234e-01
-4.148813258936934201e-02
3.899982203213658849e-02
1.139650811245527251e-01
1.741197681206214654e-01
2.122244164824289570e-01
2.241017547691415146e-01
2.087271629035634124e-01
1.714403331674674291e-01
1.170141882454993620e-01
5.597674996656598623e-02
-1.044092778077376771e-03
-4.421145823529626373e-02
-6.631108498754412217e-02
-6.326829717313464663e-02
-3.466826078592477600e-02
1.224688146624264284e-02
7.114301925622168454e-02
1.290582330289555824e-01
1.740188711224006646e-01
1.954678266031562028e-01
1.867458265211769941e-01
1.465189325991640423e-01
7.766028777241951175e-02
-6.944748584018389792e-03
-9.603137977144049486e-02
-1.712279710631904317e-01
-2.169339167177621874e-01
-2.211786887086431008e-01
-1.776767965242441738e-01
-8.935889705918786952e-02
3.604838652347819306e-02
1.776668985607789963e-01
3.171107852249324122e-01
4.286438967104890807e-01
4.913259123676689821e-01
4.909599467384146987e-01
4.209466869665414723e-01
2.886135375734311115e-01
1.066728742137035280e-01
-9.563026112548955737e-02
-2.924020328874350483e-01
-4.503483427854718668e-01
-5.427161877644979260e-01
-5.526881988803544754e-01
-4.725793408139613572e-01
-3.129897128872155543e-01
-9.035765980587484592e-02
1.595031640628508107e-01
4.047691270859998802e-01
6.063545236358138801e-01
7.327613801765151536e-01
7.649257732194296722e-01
6.936444309958913479e-01
5.308867119209912389e-01
2.945706968640049439e-01
2.346055469208474520e-02
-2.479150797240401438e-01
-4.781448774740035823e-01
-6.334729434209367405e-01
-6.937603907419191973e-01
-6.484078034895280895e-01
-5.085712781472209176e-01
-2.909890067964249205e-01
-3.276741561459517449e-02
2.330297960015654812e-01
4.671061476793962886e-01
6.368227783786677421e-01
7.227033080432365697e-01
7.134129361204424313e-01
6.173061578690617335e-01
4.475062994152787521e-01
2.349482599419610018e-01
7.131610247699260441e-03
-2.030334062014698127e-01
-3.673995530106800578e-01
-4.689106041024231342e-01
-4.964293626685446492e-01
-4.540861808121493537e-01
-3.497097534691656628e-01
-2.047321737941387720e-01
-3.807010230691132424e-02
1.267810618487514862e-01
2.686397182230708669e-01
3.740283136008584197e-01
4.328163721874387360e-01
4.442233749988293567e-01
4.101252751118982243e-01
3.410492406344616256e-01
2.460577006827784352e-01
1.380213584252356629e-01
3.013361267707881375e-02
-6.782863941672523378e-02
-1.470714317177485020e-01
-2.010848438972360208e-01
-2.258231679441483619e-01
-2.236347754430139112e-01
-1.954101696366685736e-01
-1.431888564081716941e-01
-7.247963539907453789e-02
9.144633519501565999e-03
9.402493225476238337e-02
1.718463857090224423e-01
2.343213880697028184e-01
2.763204547484716667e-01
2.924770274187906693e-01
2.792449018160934049e-01
2.377886223066585369e-01
1.747133031706791240e-01
9.605164753935002686e-02
1.303991841920937311e-02
-6.285650421153288203e-02
-1.212147398089041817e-01
-1.544826504529046574e-01
-1.582695579685873266e-01
-1.318896896208560099e-01
-8.214736337634898078e-02
-1.527042750256457637e-02
5.642239173658269991e-02
1.211273691852934320e-01
1.686890231150131036e-01
1.921643456256416638e-01
1.891482917413418452e-01
1.604572644215014332e-01
1.149756595385469371e-01
5.993191534006347965e-02
7.594479170922374678e-03
-3.120479344558313439e-02
-4.932327199310959642e-02
-4.288916769658490669e-02
-1.393754155988125021e-02
3.317385833502695114e-02
8.645737341016124233e-02
1.369297825320265893e-01
1.728186935856521611e-01
1.846950512022409452e-01
1.695177883133356378e-01
1.273964152855229237e-01
6.555917059102212008e-02
-7.407346150728799650e-03
-7.633646286799478098e-02
-1.302117454709794675e-01
-1.580505893844319498e-01
-1.516343080202142701e-01
-1.105211355723515476e-01
-3.780652832983888434e-02
5.425721919517512148e-02
1.532195454531486423e-01
2.417211598668862482e-01
3.069377883784591976e-01
3.378981574283939082e-01
3.266490375385511236e-01
2.740571375894254036e-01
1.846290086804149855e-01
7.278801336289131285e-02
-4.712474410440714578e-02
-1.565684185691847974e-01
-2.408655004453311710e-01
-2.870380045433613692e-01
-2.864100304578776068e-01
-2.405287412988765805e-01
-1.531824370061437568e-01
-3.690573926361251367e-02
9.427664751976938540e-02
2.211932170737931358e-01
3.280529119459771881e-01
3.995325055425276162e-01
4.247299087289169162e-01
4.024737361522345847e-01
3.336584333131347169e-01
2.271670343182861096e-01
9.494230816384408023e-02
-4.418618382974248693e-02
-1.742977962315309659e-01
-2.778573246167962418e-01
-3.402626508065775823e-01
-3.542280950533176487e-01
-3.161853710887343460e-01
-2.305433599736288475e-01
-1.056992065354501742e-01
4.079717230026846941e-02
1.930505919074065879e-01
3.303696408821168440e-01
4.340351668901665239e-01
4.899380890835216551e-01
4.890378793085632392e-01
4.303746010832052438e-01
3.182174064769276445e-01
1.686742648518475551e-01
-2.380145105732256461e-03
-1.706031326665887748e-01
-3.133373288491461128e-01
-4.100809185369622689e-01
-4.462333706601071537e-01
-4.155353275017021897e-01
-3.183388406115157387e-01
-1.695255542903763013e-01
1.518101292928508705e-02
2.082113442113153745e-01
3.835126106296864457e-01
5.151674553038463333e-01
5.838648823529890564e-01
5.790225699624602651e-01
4.977028343491600726e-01
3.537820374666269529e-01
1.626921007866002356e-01
-4.568153446043177190e-02
-2.429115716410341630e-01
-3.993129337174310400e-01
-4.922685188459833272e-01
-5.082745865413822450e-01
-4.420439156894924171e-01
-3.066717163142048674e-01
-1.171245466273239666e-01
9.559635360782325897e-02
3.019747702302750803e-01
4.705432236390096890e-01
5.770827750531721811e-01
6.067921595767462595e-01
5.531771181464602005e-01
4.288602154041170067e-01
2.482502191208548759e-01
4.226868935209671108e-02
-1.597739891146682245e-01
-3.266572327606374060e-01
-4.343497651686292205e-01
-4.685042027296456579e-01
-4.227343058746229065e-01
-3.097283042389228358e-01
-1.434829256757379490e-01
4.608208410634739849e-02
2.309371295261068990e-01
3.819629139399476347e-01
4.770233638152112654e-01
5.040284955690719215e-01
4.581476164706341780e-01
3.529769299737965937e-01
2.025650029252239470e-01
3.531853846384480633e-02
-1.227311758621046911e-01
-2.461095332508392852e-01
-3.160521175259604076e-01
-3.244372938940331963e-01
-2.694260886554963319e-01
-1.665137700763026363e-01
-3.046610734554533462e-02
1.120089361428608932e-01
2.372591914991120099e-01
3.246019553995656004e-01
3.597632585664936045e-01
3.399645908248936088e-01
2.675277839560779025e-01
1.606571635732676473e-01
3.543186469008752226e-02
-8.321531410794191785e-02
-1.741660834998763896e-01
-2.221982836114617665e-01
-2.181339800788454353e-01
-1.652050593534556411e-01
-7.045082517695910873e-02
4.498666980514576252e-02
1.635051988811506707e-01
2.621060211577137533e-01
3.222457048474582919e-01
3.342644622109856023e-01
2.940372846823833264e-01
2.104748259925022236e-01
9.501322191145145091e-02
-2.890835007702907689e-02
-1.425691502826902379e-01
-2.252446773063163654e-01
-2.609784085934757636e-01
-2.451756925741157556e-01
-1.780709382179089806e-01
-7.297155753591644256e-02
5.548015282090124067e-02
1.830986763519026894e-01
2.911244670544359536e-01
3.620910218388799784e-01
3.828430904253685707e-01
3.518048796046204796e-01
2.718589055852058678e-01
1.593516387708957538e-01
3.050136888907006849e-02
-9.227664476502428492e-02
-1.917705692100414305e-01
-2.542251968577523558e-01
-2.692975278284681639e-01
-2.370926295115520777e-01
-1.614506272373149587e-01
-5.873740042409181239e-02
5.579927387093475133e-02
1.639291914700276021e-01
2.510927387200152516e-01
3.063752741138110469e-01
3.224140032899271979e-01
3.010949008066454713e-01
2.455206708419122030e-01
1.680867122058882224e-01
8.071770911870324028e-02
-3.905839143896971954e-03
-7.518002971560655556e-02
-1.251467625398589023e-01
-1.489670120719432944e-01
-1.484897157048447047e-01
-1.245712966263692323e-01
-8.345128291191239445e-02
-3.204284394338285935e-02
2.336359765216866613e-02
7.717078001425559108e-02
1.242603551740262269e-01
1.610711502243449278e-01
1.879869965185783087e-01
2.030365362919448469e-01
2.034213825005084519e-01
1.891328356829193869e-01
1.622872322044641713e-01
1.246015416133150477e-01
7.792779740761401897e-02
2.508231986903508570e-02
-3.040360564882083061e-02
-8.281643032628693835e-02
-1.227084131685116652e-01
-1.443101637477233190e-01
-1.441014600846984850e-01
-1.192735587032121014e-01
-6.958168103429751561e-02
1.207311934322774505e-03
8.348568711749160265e-02
1.687845184968919110e-01
2.437478665694225999e-01
2.964467627006130979e-01
3.176117370493802827e-01
3.016853775011221206e-01
2.484303790291613190e-01
1.620401398843265284e-01
5.587542830948644124e-02
-5.791291936552100950e-02
-1.608526005523035485e-01
-2.367559148943493286e-01
-2.730573119694894579e-01
-2.622626148542759328e-01
-2.049213180704632098e-01
-1.061329944803345304e-01
1.756184565100382677e-02
1.512217744569792632e-01
2.731219391392616380e-01
3.643887610086866680e-01
4.109028992089980292e-01
4.040961206974722497e-01
3.451459261505973597e-01
2.398407208482156161e-01
1.065323131131286072e-01
-3.827971867395030259e-02
-1.712824973596819289e-01
-2.722732969863250752e-01
-3.265291176268335649e-01
-3.249378077389718511e-01
-2.688688713576473654e-01
-1.641994178580198360e-01
-2.962566312682068936e-02
1.180727242763996987e-01
2.554520006126907994e-01
3.620633141737918947e-01
4.230825439540661925e-01
4.290598259830951111e-01
3.808782577293428062e-01
2.837847636724042388e-01
1.555152070866203662e-01
1.201665945343166619e-02
-1.242201269435744271e-01
-2.333036536102539582e-01
-3.005583556992816874e-01
-3.162655005008788711e-01
-2.802341207850066462e-01
-1.964902137004747029e-01
-8.086637953122033373e-02
5.234076800409459551e-02
1.823290238821704268e-01
2.903577516986075580e-01
3.621416062810363101e-01
3.878391683194046813e-01
3.659512499022616883e-01
2.990158600001520117e-01
2.004636784066966548e-01
8.246629960712015261e-02
-3.632549813642493852e-02
-1.387780582561251030e-01
-2.113801647909353543e-01
-2.445048014070827502e-01
-2.355504828017975782e-01
-1.856916404592354741e-01
-1.058756654051792312e-01
-5.990213518925258107e-03
9.776568268338103884e-02
1.902295638846325243e-01
2.591670535498820094e-01
2.956402674253639784e-01
2.964329695733640690e-01
2.617530580085434266e-01
2.002786879472533421e-01
1.196721525465880287e-01
3.345886182547230803e-02
-4.544983108279487816e-02
-1.065859925375782780e-01
-1.421618726075076777e-01
-1.488479085243012978e-01
-1.263395909107813964e-01
-8.139063440296823160e-02
-1.963700424070558004e-02
4.814472557078808279e-02
1.114108612949913368e-01
1.617473989466291506e-01
1.928052584395207880e-01
2.014806221791154428e-01
1.873068377104114557e-01
1.554810586931565375e-01
1.099355429731854183e-01
5.890137983833088065e-02
1.071103896593661453e-02
-2.819533412340502476e-02
-5.291270219896815341e-02
-6.068017972554684558e-02
-5.105213622654625194e-02
-2.804223895476765094e-02
5.693336493278300381e-03
4.394824392590379603e-02
8.014641082921913906e-02
1.093713368412276843e-01
1.278822365373502024e-01
1.331943793322192260e-01
1.249263763671093486e-01
1.062946042694377091e-01
7.917271617938159700e-02
4.850544743346341114e-02
1.978561676475543152e-02
-2.909511924151786388e-03
-1.653081377781207006e-02
-1.865828597713703463e-02
-8.925088459185825940e-03
9.739424953770114968e-03
3.569804973881818277e-02
6.453783634162579830e-02
9.115591782942189525e-02
1.115541183378059298e-01
1.228431230214779291e-01
1.225397641198566756e-01
1.102410042109494004e-01
8.879979064053178384e-02
5.993744630623809577e-02
2.826138819434653726e-02
-9.050002069184159836e-04
-2.313288117102341168e-02
-3.533221737254998995e-02
-3.488880372824865184e-02
-2.120952778187501497e-02
2.930181546700216799e-03
3.557945000164508542e-02
7.157502111973368386e-02
1.051486849381231270e-01
1.313118306873028995e-01
1.465260737490170495e-01
1.478558499542745874e-01
1.344805302663905078e-01
1.091829124274654728e-01
7.405288748116545250e-02
3.471231057542878418e-02
-2.661302940554777230e-03
-3.262783284719639187e-02
-5.123416918675127718e-02
-5.522705578263165105e-02
-4.357118999813858196e-02
-1.903331231557792158e-02
1.632347105146969568e-02
5.676870642082643137e-02
9.598273122198497376e-02
1.283569971985425440e-01
1.497513084512156478e-01
1.567388920595769175e-01
1.481187600443496510e-01
1.265483547901422590e-01
9.387132369225148487e-02
5.544217044884436341e-02
1.731751809337955805e-02
-1.510968545934043838e-02
-3.783288990456967760e-02
-4.743693996534947832e-02
-4.260834594458962066e-02
-2.576090882717907427e-02
1.639486699428926997e-03
3.503856683019379581e-02
6.903668500665638419e-02
9.882792091041903149e-02
1.208597037075995750e-01
1.319189363088915101e-01
1.306387745895205565e-01
1.190685377984137538e-01
9.823016287719910089e-02
7.165132721107481117e-02
4.382772064410511703e-02
1.874552943328433585e-02
-7.245212861045624564e-04
-1.172826808183013991e-02
-1.290899301628134488e-02
-5.902861041521823005e-03
8.680653581722763690e-03
2.836502211743230362e-02
4.960996287604890753e-02
6.927704797033129580e-02
8.524108524467277626e-02
9.505364060005350169e-02
9.739216734671574116e-02
9.349739720386085473e-02
8.365105288486707202e-02
6.938412783306890930e-02
5.338951324161067546e-02
3.812947519323861556e-02
2.510207999828395486e-02
1.645042519985939755e-02
1.353162416118824929e-02
1.549202925263148956e-02
2.231137025527640816e-02
3.333848129304506358e-02
4.658030121884393360e-02
5.978619027902509764e-02
7.176218784799881512e-02
8.054930905266721730e-02
8.460944495409994381e-02
8.429853940610199103e-02
7.937940280590094488e-02
6.978395114037572178e-02
5.697599888925530820e-02
4.321133828988443781e-02
2.963115270856375716e-02
1.844208994646368005e-02
1.170547490110096511e-02
9.689267885637731226e-03
1.286224188755524800e-02
2.185349408644676750e-02
3.573176413970657883e-02
5.218388869702894617e-02
6.988669738155217637e-02
8.608255921750318507e-02
9.794751103608501097e-02
1.042946058051712477e-01
1.041699713149342177e-01
9.628805528010975223e-02
8.106111529003845462e-02
6.098350655181716817e-02
3.756662974242530595e-02
1.404108727542130453e-02
-5.826984344105112790e-03
-1.936150540513636997e-02
-2.476178686697605436e-02
-1.997262488641027289e-02
-4.719995640198648701e-03
1.847375171668863558e-02
4.796247580688084433e-02
8.003842674868177909e-02
1.099680747793818636e-01
1.334165909558842067e-01
1.474486103840737528e-01
1.486624477975222458e-01
1.356620915767343671e-01
1.108216117668949785e-01
7.592553662249557078e-02
3.558275181265213583e-02
-4.483282185445913726e-03
-3.857527767513213579e-02
-6.259867473747149358e-02
-7.229348315972772276e-02
-6.532213749256277069e-02
-4.333678846716049193e-02
-7.838667929903064824e-03
3.708566386457445851e-02
8.563630280971556985e-02
1.305238243537052423e-01
1.666631965963298878e-01
1.884143972138343504e-01
1.919475599480839900e-01
1.783385527219243372e-01
1.482700853993577095e-01
1.043944127075500106e-01
5.178183894355026240e-02
-1.996386400858529697e-03
-5.113897341166906418e-02
-8.850373091218377564e-02
-1.083539418076966410e-01
-1.091037564583487995e-01
-8.996294460284370853e-02
-5.249535205071365063e-02
-6.714032400950697976e-04
5.801884386648503700e-02
1.178013700452047452e-01
1.708453004269758768e-01
2.095694848424132228e-01
2.294008725617313615e-01
2.275591869294675273e-01
2.035439259367852749e-01
1.593652630453932240e-01
1.013282676975053587e-01
3.471793506275200336e-02
-3.187363441528578978e-02
-8.959013357126488497e-02
-1.312387796253253747e-01
-1.515715888910511566e-01
-1.470180011136671405e-01
-1.170262577700615925e-01
-6.617124848163846718e-02
1.373063222013470863e-03
7.705598224200804758e-02
1.513513621199322756e-01
2.145662771189353890e-01
2.589533820433800315e-01
2.772128980194856762e-01
2.657305981690292196e-01
2.275782116351710016e-01
1.655957812710371346e-01
8.693359612049000873e-02
9.399621145267378353e-04
-8.033834379004611836e-02
-1.470848949296172936e-01
-1.889332321218847310e-01
-1.991806944124497880e-01
-1.783068015162725395e-01
-1.273015298510757898e-01
-5.192255562853864692e-02
3.910435239965703857e-02
1.322733586957303142e-01
2.168181214697797454e-01
2.807628316924457579e-01
3.143902098510025223e-01
3.142834472694904235e-01
2.793874876289075271e-01
2.142789517685512735e-01
1.263165641604500067e-01
2.901711417695884698e-02
-6.656116321683258619e-02
-1.471849760247299077e-01
-2.010673775884860293e-01
-2.217987420746013738e-01
-2.062210356274472023e-01
-1.570789124263295422e-01
-7.989702910870966068e-02
1.278698938527234041e-02
1.103299664537278346e-01
1.988796254843998579e-01
2.658100354241443863e-01
3.030525202898901593e-01
3.057202823681008930e-01
2.745476587532806878e-01
2.132068413854799616e-01
1.326478353930384824e-01
4.225805769025403613e-02
-4.470404908322966886e-02
-1.158556660706195895e-01
-1.625750043069982276e-01
-1.791157307899440276e-01
-1.646402422147822397e-01
-1.211609538049150947e-01
-5.763110183265807152e-02
1.838178524590561302e-02
9.527501097229151839e-02
1.619226921383758455e-01
2.103073638193055928e-01
2.347962173644280170e-01
2.336713567672814573e-01
2.077332143885937121e-01
1.638027391970529045e-01
1.073442036040894720e-01
4.750759975274831959e-02
-6.623791097488562762e-03
-4.858132163563488870e-02
-7.371755099518118026e-02
-8.017237086161599358e-02
-6.810700171731220998e-02
-4.238339073281738312e-02
-6.417104507001503144e-03
3.340380430357292596e-02
7.039723698430000454e-02
1.001872344326357744e-01
1.196365554627425443e-01
1.273846423797098115e-01
1.234988484382555374e-01
1.100746672831862671e-01
9.185157903738083718e-02
7.053911902599074857e-02
4.784682257416705831e-02
2.548422500706237770e-02
5.160861649828207831e-03
-1.141373217238372817e-02
