1.936828984430436496e-01
4.751740093875498339e-01
6.433744536781642598e-01
7.132409924782425747e-01
6.997303869511404262e-01
6.177993982602143497e-01
4.824047875688197706e-01
3.085033160403125585e-01
1.141081021777472504e-01
-9.088429940921716188e-02
-2.901215737746862811e-01
-4.585812020178057224e-01
-5.768619070097038559e-01
-6.357253302034656661e-01
-6.272864416317203151e-01
-5.524259221124104835e-01
-4.174759273899715240e-01
-2.386970185322251359e-01
-3.232332068223786603e-02
1.786306447128760411e-01
3.711811403785811869e-01
5.247533555299632724e-01
6.232124550484434700e-01
6.547816042351988219e-01
6.143339715129410017e-01
5.098809222488984716e-01
3.502129078570037635e-01
1.526394163715356633e-01
-6.215327718765217835e-02
-2.699752455629247372e-01
-4.495689420020868576e-01
-5.799078936807725571e-01
-6.461278486765507090e-01
-6.446466144354567884e-01
-5.739022884627044130e-01
-4.410645633830436729e-01
-2.594792751884518189e-01
-5.142333774246843348e-02
1.632083038148957055e-01
3.603105999079569965e-01
5.180753061772864765e-01
6.214414377943100476e-01
6.588341370363064442e-01
6.260924235009366345e-01
5.257083961850317344e-01
3.708730776918152117e-01
1.752870580141756562e-01
-3.871380726582140941e-02
-2.480108993202874146e-01
-4.300966429933470447e-01
-5.660740304746267881e-01
-6.400860235180129143e-01
-6.431348838235615428e-01
-5.794669786720660909e-01
-4.541768707227710200e-01
-2.802619732573242706e-01
-7.543465017054373778e-02
1.363497710248189332e-01
3.333752970457206644e-01
4.923361631559350915e-01
5.956688561369041235e-01
6.359138719062620293e-01
6.074800343627015931e-01
5.131038583670735065e-01
3.621871895947412767e-01
1.740234970255420954e-01
-3.361782660470280515e-02
-2.372610827139545187e-01
-4.140121527574236460e-01
-5.452941945789029354e-01
-6.171093160673919442e-01
-6.216229019549340817e-01
-5.571572568947638082e-01
-4.336648946176595576e-01
-2.620359829171867716e-01
-6.283345440628607115e-02
1.418456319988365966e-01
3.293699359680113403e-01
4.802493851925662138e-01
5.769069471073993149e-01
6.081389139830699619e-01
5.750011771823746454e-01
4.797703632828695941e-01
3.328798119295184321e-01
1.498745177562281761e-01
-4.658297636824471066e-02
-2.363185625284788260e-01
-3.968773056163236168e-01
-5.105658182110961452e-01
-5.688372946515776185e-01
-5.644486844168640216e-01
-4.976495539112202326e-01
-3.754057843912642634e-01
-2.141770434881418161e-01
-2.933287839060794155e-02
1.575061051921600175e-01
3.250634237927954029e-01
4.554567349523883646e-01
5.347911454095788386e-01
5.545330267024755067e-01
5.118397203187068367e-01
4.148055332245856874e-01
2.721557805452106127e-01
1.008564809762504400e-01
-8.001948898278798961e-02
-2.496810043227600806e-01
-3.901954860430554284e-01
-4.846149468624415535e-01
-5.218841024892745262e-01
-5.024190337303175991e-01
-4.273277195247311422e-01
-3.049184276936895976e-01
-1.483848139607297778e-01
2.238441558082571170e-02
1.896099709733705119e-01
3.329205962666894614e-01
4.357904587326384416e-01
4.897130807458474067e-01
4.881498980960661260e-01
4.313574987709150044e-01
3.253154005486145195e-01
1.849934942429694029e-01
2.395914480756999865e-02
-1.385821074829912680e-01
-2.834537102885682502e-01
-3.948538005455498601e-01
-4.607007328519943101e-01
-4.734502481666397200e-01
-4.308851432541440651e-01
-3.409301770326136349e-01
-2.117645196027929666e-01
-5.984846631976092901e-02
9.685510697918919831e-02
2.401067624216624008e-01
3.544121339304715512e-01
4.255633509177345619e-01
4.448646395114523866e-01
4.144460852824132235e-01
3.367013083070133916e-01
2.204158212887621371e-01
7.874773691478686999e-02
-6.954215235053129440e-02
-2.085030429935524898e-01
-3.205872123728578105e-01
-3.924634991188958866e-01
-4.195207389769588513e-01
-3.977157539373199491e-01
-3.290975163051647057e-01
-2.212515289384946460e-01
-8.922081641308898803e-02
5.388747443403119064e-02
1.904297221983093369e-01
3.035029411540277611e-01
3.807119000020413591e-01
4.132281350468276493e-01
3.975873997282555194e-01
3.348638471609648448e-01
2.346204829896372246e-01
1.061483215449823270e-01
-3.433096182834360910e-02
-1.699005832479567601e-01
-2.847369089099741624e-01
-3.659466715681150006e-01
-4.029293442401398195e-01
-3.904614139875249856e-01
-3.335769424884047485e-01
-2.370566966747811311e-01
-1.118790171481790496e-01
2.780958752909934439e-02
1.644174709120904687e-01
2.827498192301596269e-01
3.669616948353207064e-01
4.064090897469869734e-01
3.999219246437015762e-01
3.466700070426560476e-01
2.519007107941557688e-01
1.257831959463637794e-01
-1.482069764941040813e-02
-1.555010163864926076e-01
-2.787591176519506053e-01
-3.691061154051056281e-01
-4.172064161836116503e-01
-4.167638288759868415e-01
-3.673099493929650183e-01
-2.732128483196388791e-01
-1.474367190825005558e-01
-1.914119364548994007e-03
1.455285605842417951e-01
2.770192864566072277e-01
3.772826743655475212e-01
4.346749683506048179e-01
4.413142926975275326e-01
3.947190554167032683e-01
3.025013327616017378e-01
1.725236418468032440e-01
2.080291688816870987e-02
-1.349648672100601798e-01
-2.761476121285797447e-01
-3.870391187271656763e-01
-4.529085056887603988e-01
-4.647573709495947947e-01
-4.244122961567520225e-01
-3.343314515391845321e-01
-2.038248965753951536e-01
-4.681083655842899205e-02
1.165003309644356833e-01
2.688855764479751720e-01
3.911611525406060164e-01
4.684173604796573187e-01
4.944495895318568035e-01
4.645305067114180453e-01
3.808095487544724822e-01
2.514008856620548737e-01
9.304091042832340896e-02
-7.910508194702325913e-02
-2.443416410234702241e-01
-3.828991031573867332e-01
-4.791909093373086792e-01
-5.218756847596126569e-01
-5.056547575552268192e-01
-4.306777738371588837e-01
-3.070682035413302424e-01
-1.454974255707807140e-01
3.472484656844354589e-02
2.132572356688553494e-01
3.695980031536150179e-01
4.865643704443922690e-01
5.489691125995250776e-01
5.481512012735429984e-01
4.877960508734011658e-01
3.722025048972446015e-01
2.131676907820090339e-01
2.700010441588074350e-02
-1.637890530329062511e-01
-3.390405744338814698e-01
-4.768133008970044662e-01
-5.608983934351596812e-01
-5.848831206783042802e-01
-5.440801214810850883e-01
-4.418317340362653001e-01
-2.879517963652371559e-01
-1.019459212790075897e-01
9.850224350843328480e-02
2.902047142019661408e-01
4.509260836303667919e-01
5.630944125381691645e-01
6.139083500253752490e-01
5.970984106954841941e-01
5.125536186025461127e-01
3.717152126157616809e-01
1.868909924894204266e-01
-1.973438615753730918e-02
-2.250206182592011661e-01
-4.059634476989639751e-01
-5.431730449148709505e-01
-6.199016458849446742e-01
-6.262108978435478868e-01
-5.652208156190154931e-01
-4.413632590087415153e-01
-2.676671905466948553e-01
-6.205565170064597513e-02
1.505778518670843891e-01
3.482427049209260161e-01
5.073141311880031701e-01
6.098816255945331832e-01
6.484024821142460038e-01
6.168821110256152984e-01
5.178615681796603365e-01
3.609788668037499093e-01
1.659801804308183026e-01
-4.875415175733943673e-02
-2.586897641358839595e-01
-4.402286254882239458e-01
-5.740590282500963593e-01
-6.455982695056303733e-01
-6.471046618320939192e-01
-5.770747795530651869e-01
-4.457211272374493882e-01
-2.644282923774680105e-01
-5.418791638593545290e-02
1.623000298906462913e-01
3.609860296480720265e-01
5.211180999721991558e-01
6.236923366520987777e-01
6.564736090542004909e-01
6.201361288403657301e-01
5.167774008430570110e-01
3.571476388096159749e-01
1.573265936374868001e-01
-5.893627490724739904e-02
-2.697555180678606890e-01
-4.503024808544373592e-01
-5.807328839539924736e-01
-6.501792822521765824e-01
-6.500886428384773374e-01
-5.801342019155184548e-01
-4.469508610689065797e-01
-2.678158235976272339e-01
-5.917019785069099758e-02
1.556325583787392386e-01
3.530612914626005683e-01
5.123185904980074312e-01
6.168474642644781181e-01
6.546898405125258780e-01
6.205461245007688476e-01
5.222212219307504899e-01
3.683080063491477318e-01
1.760766287234800664e-01
-3.404722377306068637e-02
-2.385007803427915407e-01
-4.165158875326987475e-01
-5.478115015674148713e-01
-6.179598275442109712e-01
-6.236139133006091129e-01
-5.631031225424334430e-01
-4.429344420895447998e-01
-2.755531702370033198e-01
-8.175234348880933144e-02
1.199631174537285627e-01
3.073136585909788110e-01
4.600603142928856304e-01
5.644839785286610567e-01
6.095753205564602428e-01
5.907743355603569668e-01
5.097329416352336384e-01
3.776824036877521884e-01
2.062167202859279680e-01
1.467948163594812172e-02
-1.764725279717080930e-01
-3.474097999010342663e-01
-4.811894716557317819e-01
-5.629220962098206993e-01
-5.836276920808602942e-01
-5.458955015011902612e-01
-4.527015699580371200e-01
-3.133162208937625426e-01
-1.417743582290107440e-01
4.236868969931784079e-02
2.210904086937894863e-01
3.741345107764524336e-01
4.857116407302977112e-01
5.481519289740197642e-01
5.546082385574464535e-01
5.040912904819900842e-01
4.018423420268231183e-01
2.611495467100659607e-01
9.428416093724822922e-02
-8.109902937458124406e-02
-2.464240310227698849e-01
-3.854012943600756413e-01
-4.846926758725326190e-01
-5.330677674494683771e-01
-5.248730638723435593e-01
-4.654016561240751360e-01
-3.597338272062133857e-01
-2.183651686788032897e-01
-5.569680719137448666e-02
1.107642386547817992e-01
2.652606038147484746e-01
3.909520736467331226e-01
4.751895971717932099e-01
5.132043605055680580e-01
5.008086741540307418e-01
4.388307891701466179e-01
3.338169321100157294e-01
1.988987547615046481e-01
4.537256419183854916e-02
-1.115322752220837543e-01
-2.558447921770373723e-01
-3.746296745068747880e-01
-4.568007776353086857e-01
-4.929441861627118504e-01
-4.790459521136692933e-01
-4.202211822044802370e-01
-3.211615089865917927e-01
-1.904520396093922763e-01
-4.056394981625766061e-02
1.129047569786412186e-01
2.558419357828636276e-01
3.725085314377829526e-01
4.511358013318575999e-01
4.871954736851176193e-01
4.763889297570140791e-01
4.183603560039876879e-01
3.184249296521128869e-01
1.880408110909419506e-01
3.763968434122433315e-02
-1.178590862845040332e-01
-2.626696288317402761e-01
-3.830980584980367976e-01
-4.677236974113813117e-01
-5.059196772640608408e-01
-4.925850833012176411e-01
-4.324527514738230050e-01
-3.297674189836690140e-01
-1.930444728857273473e-01
-3.518793310999168700e-02
1.273827541609511282e-01
2.797551062860346160e-01
4.049795838312697516e-01
4.901716037078440724e-01
5.293075041985204621e-01
5.171790514363123759e-01
4.531939906036079879e-01
3.429747166465346719e-01
1.992153235750731000e-01
3.317726121951514173e-02
-1.387608058383115184e-01
-2.990380735420674618e-01
-4.319573745026894507e-01
-5.243401603138087008e-01
-5.643618911003345229e-01
-5.462640691794514725e-01
-4.745368753009762131e-01
-3.540205787307812990e-01
-1.947908292160286381e-01
-1.145389116782835615e-02
1.763976187706655097e-01
3.509237187434168792e-01
4.920413487953665399e-01
5.845329812745245768e-01
6.211268217282344128e-01
5.960073527695521900e-01
5.094131478958499049e-01
3.683810191229499598e-01
1.886763181843744697e-01
-1.476506950321043732e-02
-2.208385207219790702e-01
-4.079473722642136257e-01
-5.565133473020225097e-01
-6.510111102714080111e-01
-6.788450436048831804e-01
-6.344364876988797253e-01
-5.253511732538027612e-01
-3.599321908320666230e-01
-1.540167711629426561e-01
7.234952984520059971e-02
2.942891230484350196e-01
4.897451683073772433e-01
6.359864860923074570e-01
7.163753512780148824e-01
7.246638040793438318e-01
6.573413849841833745e-01
5.198108851928284757e-01
3.245476221049377052e-01
9.432045685348033892e-02
-1.502276142293444972e-01
-3.828949196016836476e-01
-5.784327797966788420e-01
-7.164701432709537077e-01
-7.815931162361224871e-01
-7.654746095899778169e-01
-6.672290283467818828e-01
-4.987342779820244099e-01
-2.737192116217649351e-01
-1.646565927594967338e-02
2.467926350279390224e-01
4.874745533744255788e-01
6.808178645271429907e-01
8.039244442693760373e-01
8.417382300364779635e-01
7.933217605610276557e-01
6.605620959156692784e-01
4.561827040123735966e-01
1.993455394414247461e-01
-8.074483758767070363e-02
-3.566268020783837089e-01
-5.965579448956788156e-01
-7.743517734445480860e-01
-8.731235152942566913e-01
-8.802297720666600878e-01
-7.936519134669755005e-01
-6.200692449814251272e-01
-3.803483906295885841e-01
-9.583061369278034203e-02
2.020567913924564696e-01
4.816974270828431326e-01
7.127458306420315637e-01
8.705157377911729721e-01
9.358987806831440270e-01
8.989760439043603668e-01
7.678662316755842099e-01
5.531724165468736576e-01
2.776990648384902727e-01
-3.094310279735557057e-02
-3.377127182741361811e-01
-6.112040556136666414e-01
-8.199860651870155559e-01
-9.404700203284932503e-01
-9.629451451768697989e-01
-8.823124624531163418e-01
-7.070333239238577594e-01
-4.538141128022623594e-01
-1.533449025682600553e-01
1.659031639345458498e-01
4.687999034141476784e-01
7.222549252354009131e-01
8.998706609197781869e-01
9.819289095841434722e-01
9.597687623331361273e-01
8.334703270149093068e-01
6.193705496492971641e-01
3.364096747805724874e-01
1.700597163694683722e-02
-3.052515911920881120e-01
-5.950194571984944725e-01
-8.219263495612477710e-01
-9.599777074899602525e-01
-9.925001335117419332e-01
-9.206446417908717983e-01
-7.492075101816033644e-01
-4.967897731495032332e-01
-1.883243867382188297e-01
1.403384149467725717e-01
4.557331180604340393e-01
7.214141369756081890e-01
9.083407538016656790e-01
1.000000000000000000e+00
9.845704382578035485e-01
8.638906802324843870e-01
6.490259664852513488e-01
3.668897030686246730e-01
4.413362434969148040e-02
-2.829135878700569373e-01
-5.788910839819705334e-01
-8.121806693626254514e-01
-9.578403152597826375e-01
-1.000000000000000000e+00
-9.320704405105409984e-01
-7.660827219470238703e-01
-5.168430968809808457e-01
-2.132358772899008992e-01
1.127688232339931762e-01
4.244664791685617278e-01
6.894847643164141449e-01
8.779834020032266650e-01
9.687212907367122039e-01
9.567666899879903042e-01
8.414118662903358192e-01
6.362072162922938201e-01
3.619882332899955202e-01
5.224875996137967604e-02
-2.620814834456856035e-01
-5.455111134868193545e-01
-7.671727177412180909e-01
-9.062310213724300567e-01
-9.469909540492261746e-01
-8.861173627584977286e-01
-7.290209584221166716e-01
-4.966306906290467449e-01
-2.109090471160575131e-01
9.508771323818354659e-02
3.883589552792072741e-01
6.373408639311242130e-01
8.159322837412603668e-01
9.047120615589177017e-01
8.930061686861736625e-01
7.881448673915165681e-01
5.996763436905467870e-01
3.488403673651514492e-01
6.163265935655770633e-02
-2.284940345799315597e-01
-4.914790692487349677e-01
-6.974597258104843212e-01
-8.239259583587902336e-01
-8.622349768706452089e-01
-8.071934130846134536e-01
-6.659643705665130309e-01
-4.531347441914934659e-01
-1.957689586115027858e-01
8.092473115470011358e-02
3.459385804049284197e-01
5.699469189791095403e-01
7.302126826598775988e-01
8.099637657430938109e-01
8.020796776334322420e-01
7.066260911572934678e-01
5.381074706495279081e-01
3.124049700739426338e-01
5.679112706075573058e-02
-2.005211372394533065e-01
-4.316490763903105821e-01
-6.127565341591101333e-01
-7.241356515460644072e-01
-7.534978099614664249e-01
-7.035806132715083372e-01
-5.789214846345063226e-01
-3.941886097300113523e-01
-1.691973566979233512e-01
6.869973317216415687e-02
2.949728665538600136e-01
4.837458218755996686e-01
6.149071553103107046e-01
6.795534510906044989e-01
6.703645815996535084e-01
5.893213941511858955e-01
4.455364018299314832e-01
2.585125802132055561e-01
4.651527541638378338e-02
-1.660352121611798903e-01
-3.554071283319831798e-01
-5.023824949281709973e-01
-5.920112268982516968e-01
-6.160681554205851285e-01
-5.721401391468867725e-01
-4.691870051806018571e-01
-3.169338458502880540e-01
-1.338266431928006872e-01
5.977349832350808967e-02
2.424773094231109649e-01
3.956127286573838386e-01
5.020192000486509709e-01
5.503768474970653912e-01
5.410623165488057662e-01
4.748961479928832663e-01
3.596886305120530203e-01
2.081362777377344653e-01
3.919164957806375860e-02
-1.298423032868449845e-01
-2.791462884943601841e-01
-3.926889671945064109e-01
-4.622600315120719561e-01
-4.807204685434466329e-01
-4.469205550462769239e-01
-3.653103759315557975e-01
-2.483704204302534801e-01
-1.073423980870981120e-01
4.135401246815484377e-02
1.806736867415299486e-01
2.963604140984001933e-01
3.769704856803333115e-01
4.139183162355366541e-01
4.033694348595020518e-01
3.508878784579685384e-01
2.616218849232414545e-01
1.466669868984300518e-01
1.959007878060092800e-02
-1.050818333214045275e-01
-2.146688383223155361e-01
-2.963803491328043105e-01
-3.415858759664358590e-01
-3.500600117752482587e-01
-3.211208391129373174e-01
-2.582569047951410734e-01
-1.693403121800743927e-01
-6.681737603759618782e-02
3.917445721113232970e-02
1.362290108808672517e-01
2.134836169216456359e-01
2.658262007769012225e-01
2.882582690096449074e-01
2.787259202551750636e-01
2.393862395977659485e-01
1.772667691106890597e-01
9.807897316436964275e-02
1.152116132106728585e-02
-7.181006896018404806e-02
-1.436336406295164458e-01
-1.971516503276392607e-01
-2.264855356822174093e-01
-2.290845521308628729e-01
-2.084502297291344064e-01
-1.665616814563106729e-01
-1.080568853769223736e-01
-4.022117051065776661e-02
2.898071021165038452e-02
9.267320003140500084e-02
1.426948008093362752e-01
1.739413483293494878e-01
1.871684132704678483e-01
1.812160991751250450e-01
1.560424483951297070e-01
1.153388418489589284e-01
6.536053487737158996e-02
1.072657551592182124e-02
-4.177806069615375151e-02
-8.586247345931119490e-02
-1.189285143521258137e-01
-1.381061142910642303e-01
-1.404936898755437813e-01
-1.264293937406083534e-01
-1.001426432456824500e-01
-6.388548254993031694e-02
-2.223249340479682701e-02
1.877553479197069386e-02
5.509294861403946086e-02
8.352271069031291795e-02
1.003834607877767127e-01
1.042704079825922392e-01
9.747921804969639226e-02
8.048944650190503758e-02
5.499024233352400870e-02
2.517137725490692368e-02
-4.687679456452653604e-03
-3.208967452773037188e-02
-5.362025027422501200e-02
-6.700446509555435526e-02
-7.342286396825892236e-02
-7.213504754592692247e-02
-6.249212510221546779e-02
-4.661631793029685777e-02
-2.757804732277735482e-02
-6.908930316332217991e-03
1.287496587639713752e-02
2.926344204477238087e-02
4.167146892823647697e-02
4.895596819712011438e-02
4.986763551790396320e-02
4.512195938415675123e-02
3.694406461897292715e-02
2.589189160349469887e-02
1.298628847990856983e-02
2.306447377136144894e-04
-1.117238906202500104e-02
-2.025950716773039506e-02
-2.585111423407759901e-02
-2.777874189624096601e-02
-2.714556717026361810e-02
-2.390997492584479023e-02
-1.815214379971630265e-02
-1.103374049898986353e-02
-3.672538180446771605e-03
3.345557098977547383e-03
9.277767313747409261e-03
1.363365073907196745e-02
1.667862025370103751e-02
1.809818128344953259e-02
1.745437862921184191e-02
1.514085371225570853e-02
1.190610235573918985e-02
7.986315102744168115e-03
3.727520084940705303e-03
-3.629492473593565194e-04
-4.094189214903343199e-03
-7.105859129030278609e-03
-8.755878682664697266e-03
-8.920243650025083681e-03
-7.982545826322740012e-03
-6.019932038460185098e-03
-3.401918175991447413e-03
-6.810896211542072365e-04
1.818257686622581915e-03
3.863354624420445305e-03
5.201327840353320298e-03
5.706011339250638414e-03
5.481221819167547693e-03
4.554445469369339250e-03
3.133063954241954718e-03
1.625438463765505048e-03
4.599806075524792703e-04
-2.874813616606797240e-04
-6.750720078271266189e-04
-7.107518624104303129e-04
-6.116411196391835503e-04
-3.612231397985832260e-04
9.192280129188823423e-05
5.778262331661565554e-04
9.562102656552884383e-04
1.204978132788525613e-03
1.327852332939638558e-03
1.350536789165079909e-03
1.358272120451919918e-03
1.341383788529437737e-03
1.311576111366452579e-03
1.280553406933782057e-03
1.260019993200689470e-03
1.261680188137326297e-03
1.297238309714066062e-03
