1.531303808780570819e-02
4.181539305924353300e-03
1.247669580314081372e-03
4.393526494762767243e-03
1.150120763305761962e-02
2.045281057898629129e-02
2.913043291633687915e-02
3.541617222889681393e-02
2.871438403928983085e-02
1.378665973045611892e-02
-8.549528025950881016e-03
-3.594352321118199356e-02
-6.546559362579051911e-02
-9.245350225825388346e-02
-1.121275317829361073e-01
-1.164256727660458735e-01
-9.986022779012015960e-02
-6.170730898710197199e-02
-5.123102601299667214e-03
5.902727663031615002e-02
1.199596201473762669e-01
1.639934344372262487e-01
1.835000959856456504e-01
1.721270297698371810e-01
1.255287109619378505e-01
4.885281499134097594e-02
-4.954029129762183015e-02
-1.474962324689752524e-01
-2.260041268802662762e-01
-2.700591706774926326e-01
-2.705373922541773890e-01
-2.242107815684404315e-01
-1.331803504241613201e-01
-1.386154499999325829e-02
1.179602670892179184e-01
2.335168300764791649e-01
3.088123266504891884e-01
3.293500454704358926e-01
2.885249252017478838e-01
1.917423159465170279e-01
5.129745417350983772e-02
-1.024591618280489280e-01
-2.478593479824180434e-01
-3.559229166566495461e-01
-4.019412996662609094e-01
-3.782503170327247144e-01
-2.854348464593233770e-01
-1.407008259126325544e-01
3.457914230296998959e-02
2.035314108842325442e-01
3.409298835806260364e-01
4.229952322327452663e-01
4.300340173691215018e-01
3.595536909862628860e-01
2.184854920695373792e-01
3.845537215434968736e-02
-1.507606481098846540e-01
-3.129487124701653133e-01
-4.238204566603095413e-01
-4.668592918849242546e-01
-4.298052224319623971e-01
-3.202269651857879706e-01
-1.520868345606662952e-01
3.727851307437934913e-02
2.156132422360346190e-01
3.521592870834504563e-01
4.248800660122897810e-01
4.225002836909836912e-01
3.433584733988290782e-01
2.084006647264640133e-01
3.520431397120193928e-02
-1.412584310925685260e-01
-2.891863170680091244e-01
-3.850513659241584508e-01
-4.136302406793486153e-01
-3.724697219992175734e-01
-2.676059309711604772e-01
-1.255373067742192594e-01
3.448121703369033675e-02
1.820507404452020861e-01
2.895536213374765300e-01
3.424093972136528219e-01
3.330491128605310713e-01
2.666797127346594021e-01
1.542661948821086870e-01
2.259874375077086661e-02
-1.101337482580513338e-01
-2.204958777626392363e-01
-2.869753681433041548e-01
-3.020377901122063280e-01
-2.639578536970813571e-01
-1.835234099712859113e-01
-7.463270426928025891e-02
3.868714702304298925e-02
1.411155470580238713e-01
2.162448268917236405e-01
2.483666709112681836e-01
2.342293147246841123e-01
1.757037265803940151e-01
8.698106828901774890e-02
-1.662577606272730435e-02
-1.144848792950508010e-01
-1.933514405552860804e-01
-2.402905843789083784e-01
-2.441330641079443309e-01
-2.057570742543384235e-01
-1.290949041032420919e-01
-2.959611653526628139e-02
7.610786176631445521e-02
1.683406691409969902e-01
2.338966406256945962e-01
2.602549231439699184e-01
2.390868659752765080e-01
1.748635907625784025e-01
7.319603993565815259e-02
-4.802279820982890968e-02
-1.691198077507385378e-01
-2.680126035992271838e-01
-3.297265564043739827e-01
-3.418658778546413979e-01
-2.976018458357625462e-01
-2.035465695734500757e-01
-6.770918300386141730e-02
8.746094054201436485e-02
2.378850975546868973e-01
3.560918907792385291e-01
4.230397113002801746e-01
4.231454802705747475e-01
3.492840350892729706e-01
2.125222197823268822e-01
2.538408840283445933e-02
-1.788492549597550108e-01
-3.678329532846618122e-01
-5.090713317387458581e-01
-5.783974395197684082e-01
-5.585034019981931497e-01
-4.440524402460026554e-01
-2.532008885195007331e-01
-5.915419921713849227e-03
2.532559714410940188e-01
4.827444956846977941e-01
6.421960762848111237e-01
7.035946316077072993e-01
6.523260431224562339e-01
4.880478083921495625e-01
2.411561708361742440e-01
-6.039546961927044766e-02
-3.637128202569640534e-01
-6.195676289597036313e-01
-7.844239989883794451e-01
-8.293144145826010227e-01
-7.447143611041682210e-01
-5.357754686259839083e-01
-2.423755911882596870e-01
9.986522098910288747e-02
4.313930524269384836e-01
6.985735081965123161e-01
8.584332353586725528e-01
8.834987098672306693e-01
7.706667537930371736e-01
5.306028150668931076e-01
2.099890257951988470e-01
-1.506139027329879143e-01
-4.896112675789033863e-01
-7.525597224265373475e-01
-9.000857600971867711e-01
-9.079639280864137962e-01
-7.786615557929912335e-01
-5.268851176859881136e-01
-2.019894245520614806e-01
1.541439757506157804e-01
4.821732155766618177e-01
7.299385526007704517e-01
8.629876158976550471e-01
8.607307038159852652e-01
7.288264937124326881e-01
4.836477431419274886e-01
1.732414567385638371e-01
-1.623545220473369133e-01
-4.686015929793381218e-01
-6.972767142347220393e-01
-8.184133385113820935e-01
-8.143411362627691608e-01
-6.914170997375164163e-01
-4.656233889868570675e-01
-1.814430051303308478e-01
1.245485625877766900e-01
4.030300461326756789e-01
6.099119781937814011e-01
7.186310578915215963e-01
7.136953024884740149e-01
6.012663681718142250e-01
3.964356607199686078e-01
1.403755008852600739e-01
-1.335659926224785909e-01
-3.804327424742188768e-01
-5.599046118538097971e-01
-6.488098726452179443e-01
-6.342906309302829282e-01
-5.238188931246305913e-01
-3.330115849534337480e-01
-1.017690167130324008e-01
1.385078349935799924e-01
3.467663458666201404e-01
4.868009101936161542e-01
5.410861414654128954e-01
5.016201731461489288e-01
3.805496265067092043e-01
1.965385008901050501e-01
-1.005660453203116589e-02
-2.091200080683095486e-01
-3.656087197987046844e-01
-4.496139496303153127e-01
-4.521063785801635593e-01
-3.727350038328298698e-01
-2.330290173382157937e-01
-5.717184062886693230e-02
1.153929924878782654e-01
2.574641350262614203e-01
3.459198159626228897e-01
3.614468197229714352e-01
3.034780269637125105e-01
1.801168633576510913e-01
2.612168913570345197e-02
-1.281311942546157212e-01
-2.495499525262544482e-01
-3.168611247937436204e-01
-3.197825306083348362e-01
-2.527278532091393748e-01
-1.322943290832292451e-01
2.279313319755194023e-02
1.736642266524668354e-01
2.889061655516627081e-01
3.453574571025630480e-01
3.291158675770564646e-01
2.424783412084632328e-01
9.667825326024570565e-02
-7.331995031082172432e-02
-2.418806114016411879e-01
-3.726924215946709751e-01
-4.358355384992845805e-01
-4.200811449949779508e-01
-3.236923842412543495e-01
-1.653812361405277986e-01
3.142261348425856582e-02
2.243992181359764082e-01
3.839807954245970656e-01
4.811625410691793281e-01
4.928344063070873027e-01
4.158865609241086947e-01
2.571987518137455186e-01
5.083600236928620397e-02
-1.704868545603782648e-01
-3.650997312994158639e-01
-5.043114272330619929e-01
-5.673044673535925231e-01
-5.382687769852660953e-01
-4.218583102088490078e-01
-2.308933861070893157e-01
-4.924557483084623932e-03
2.207083599482377867e-01
4.084343605601750138e-01
5.300294839451544782e-01
5.666605697752109538e-01
5.098627612120747443e-01
3.740664261522994583e-01
1.737859879381489225e-01
-5.426437098066816400e-02
-2.744854825667871756e-01
-4.516344801814851095e-01
-5.588284527616984576e-01
-5.776028614383331705e-01
-5.023883613453208330e-01
-3.525207636438486558e-01
-1.442259776822981676e-01
8.480173436357030248e-02
2.975929106911872069e-01
4.603449751258901212e-01
5.477707610654598547e-01
5.446830303040208765e-01
4.482390872708181817e-01
2.807751549490868914e-01
6.218475183951888141e-02
-1.663191269383235138e-01
-3.658097915236038222e-01
-5.025542633813372406e-01
-5.538840563836677777e-01
-5.114782202487366813e-01
-3.783028510883006401e-01
-1.846967580539008447e-01
4.408325062832418872e-02
2.640252773496123417e-01
4.351044332547100435e-01
5.278572752380947808e-01
5.247420874262078705e-01
4.272585792182441722e-01
2.470852476295499756e-01
2.394233963351943828e-02
-2.105689814289370965e-01
-4.107659446088788302e-01
-5.375903021357441025e-01
-5.698019140930059567e-01
-4.982435602511103845e-01
-3.373834802603380423e-01
-1.093395482103799443e-01
1.374397444458315132e-01
3.661233741895038030e-01
5.328479291371046589e-01
6.023647574511996616e-01
5.648634740620097627e-01
4.215943192024913522e-01
2.003091303383819355e-01
-6.696395553177225679e-02
-3.265186917603937200e-01
-5.391619181174968078e-01
-6.681984056466079291e-01
-6.850943757953690261e-01
-5.872574627626422350e-01
-3.837287720714934736e-01
-1.159626124240317191e-01
1.756228949027109909e-01
4.378891881048023738e-01
6.323758506053138717e-01
7.294239816848164804e-01
7.069293331776751454e-01
5.685111645378220224e-01
3.283760668667463634e-01
3.413531133548453056e-02
-2.704939067574604339e-01
-5.356905754506949835e-01
-7.226758029105750936e-01
-8.021941261344999186e-01
-7.578272434588512185e-01
-6.008324696772933127e-01
-3.461782078496944415e-01
-3.926228900434658442e-02
2.753230066554512856e-01
5.489275941043443297e-01
7.424558733744675010e-01
8.246154100933844600e-01
7.800546282673763709e-01
6.225819469925570893e-01
3.662217512126035857e-01
5.319732456728476500e-02
-2.718603296016971482e-01
-5.585000766531631466e-01
-7.662244055931733966e-01
-8.608016878354409762e-01
-8.245009193404060355e-01
-6.699656308846317909e-01
-4.107678181326057665e-01
-8.959392070753191550e-02
2.475567800852611633e-01
5.463354473969830316e-01
7.639388505633799564e-01
8.650968235599023615e-01
8.302607733404001600e-01
6.703705057917455079e-01
4.001907681166039232e-01
6.842717454768676433e-02
-2.752983784419282820e-01
-5.738258548167001205e-01
-7.830909522688627167e-01
-8.699067583880434329e-01
-8.165556359576882084e-01
-6.385729151160763895e-01
-3.554340872152219610e-01
-2.196827012830560033e-02
3.092857597182152585e-01
5.822545557430272023e-01
7.544289642808450491e-01
7.990690759923031461e-01
7.063082382013006200e-01
5.030773961314523035e-01
2.152167385401819732e-01
-9.984598508735254008e-02
-3.891122078573723275e-01
-6.036048852806075171e-01
-7.085863991357244096e-01
-6.908186101589919303e-01
-5.518906840388515533e-01
-3.300075688957970765e-01
-5.719408219393884441e-02
2.110558412761780467e-01
4.261158402825913072e-01
5.529606198972034647e-01
5.699450910303800466e-01
4.809389539454116402e-01
3.001117994124034016e-01
7.340512619893613255e-02
-1.637832931018375904e-01
-3.633877296211787122e-01
-4.857394339138622064e-01
-5.137189631441749782e-01
-4.410563940485019430e-01
-2.879719388953414505e-01
-7.970098320278651283e-02
1.353976274753312392e-01
3.227201583916539107e-01
4.480861340773578672e-01
4.841592963333862798e-01
4.259552443036924707e-01
2.789032042658154964e-01
7.910867711181990281e-02
-1.393187013107071159e-01
-3.319821738522615862e-01
-4.683590764558428488e-01
-5.271663109881655762e-01
-4.924283483752834867e-01
-3.702489520767300313e-01
-1.746252536227316243e-01
5.345347733688154968e-02
2.775519862462350051e-01
4.578177405279515444e-01
5.648141563711641666e-01
5.787550150877329713e-01
4.918465422112769936e-01
3.231273287318332521e-01
9.082297494737945343e-02
-1.625584405789354259e-01
-3.969967907785131311e-01
-5.744460584099013722e-01
-6.658461687919106087e-01
-6.528026316169819321e-01
-5.311333206334152290e-01
-3.242199455975126599e-01
-5.444758744711974963e-02
2.307240458298909225e-01
4.862262604476448313e-01
6.691453385456449521e-01
7.492095867089729744e-01
7.103995688586566271e-01
5.509416935154232142e-01
3.007443891384977697e-01
-1.224230992136399188e-02
-3.336112314127532841e-01
-6.120142122639522508e-01
-7.999765203792981172e-01
-8.648056259623870812e-01
-7.928283725956724037e-01
-5.863299127494620011e-01
-2.847795065100393597e-01
7.530291769175190275e-02
4.292252866911068221e-01
7.184217629651423742e-01
8.926249023221923817e-01
9.192463961572692188e-01
7.927448253490574359e-01
5.238217283183668194e-01
1.659306818275907425e-01
-2.334083586746403816e-01
-6.003500982307636846e-01
-8.713762767476667115e-01
-1.000000000000000000e+00
-9.594669709314088690e-01
-7.593524721481050843e-01
-4.234151325211422678e-01
-2.043104273717821773e-02
3.916796164974019057e-01
7.360005120479777840e-01
9.499799844176874952e-01
1.000000000000000000e+00
8.719274557247438384e-01
5.952372903685436700e-01
2.088779435290184505e-01
-2.069429371009109397e-01
-5.885302897373372311e-01
-8.658082210342049612e-01
-9.851749504944098401e-01
-9.330228204927770719e-01
-7.124914681735108335e-01
-3.737927805097421841e-01
3.045262433122308821e-02
4.174935805192108162e-01
7.255454614064611452e-01
9.034947851972605637e-01
9.146592680150769095e-01
7.633636048591430079e-01
4.683875595080029264e-01
9.903396477125769870e-02
-2.826844492871135595e-01
-6.034989393017713422e-01
-8.111087393944735879e-01
-8.755115628218996804e-01
-7.796738349815963698e-01
-5.506495456028840385e-01
-2.215504192544647255e-01
1.349097177338618447e-01
4.574835770237370980e-01
6.890365118584667048e-01
7.891222131810704532e-01
7.456468849992290426e-01
5.627739038529104842e-01
2.881151906381029804e-01
-3.830339420439421438e-02
-3.507030851570582808e-01
-5.929661867257648433e-01
-7.257240046334860750e-01
-7.251960531265058130e-01
-5.987483309164356449e-01
-3.645837289605192710e-01
-7.695951591860417107e-02
2.212858931116428174e-01
4.737156220427760633e-01
6.338196396875337424e-01
6.796019746747168355e-01
6.015426334426197119e-01
4.198918206830937194e-01
1.614806751712052346e-01
-1.193511114023318997e-01
-3.813896565272963946e-01
-5.786584241966892250e-01
-6.739921479993307152e-01
-6.579230419065140723e-01
-5.307594428577517842e-01
-3.191173806251629275e-01
-5.373329244114022352e-02
2.140278631174965529e-01
4.461184845595975723e-01
6.050356327822570268e-01
6.603906238702461629e-01
6.081995359944685209e-01
4.534384823631036898e-01
2.259315665703651721e-01
-4.182524416621247187e-02
-3.013401259404958621e-01
-5.167462775029931787e-01
-6.543794131958498017e-01
-6.871138432992811573e-01
-6.135319246607607857e-01
-4.408353712336102737e-01
-2.002188483267586250e-01
7.470828250588978925e-02
3.359643687320148508e-01
5.472787523587603342e-01
6.751644344534066811e-01
6.944502025698233716e-01
6.059634457626794646e-01
4.180667456458024844e-01
1.645567917833321570e-01
-1.183856242201967168e-01
-3.817434231721963389e-01
-5.886366735140124984e-01
-7.070158623689415389e-01
-7.136649290547074642e-01
-6.109790817716036493e-01
-4.090829543726545170e-01
-1.466333935573808089e-01
1.373463871153908222e-01
3.945519731847844103e-01
5.885512509283379323e-01
6.907423548248257106e-01
6.819493639972122878e-01
5.675908989590501275e-01
3.595326864117305288e-01
9.990261661854105135e-02
-1.709968101631516024e-01
-4.089793696482078023e-01
-5.801309421599998295e-01
-6.600385268631112634e-01
-6.353358407140752284e-01
-5.177581542468461251e-01
-3.206675016115243526e-01
-8.339192207307033478e-02
1.562012501740346337e-01
3.603948952452409316e-01
4.999046454879534362e-01
5.555542213539765850e-01
5.202332275517760340e-01
4.104575417301585816e-01
2.391318092964753728e-01
3.877621704318845453e-02
-1.578097842497294678e-01
-3.206909393596771851e-01
-4.272764982701721115e-01
-4.632747266380219386e-01
-4.247304173047639075e-01
-3.288452517542758136e-01
-1.877134999491676393e-01
-2.914706441837311424e-02
1.192470729871530910e-01
2.362838674915761494e-01
3.059473114956683393e-01
3.194014585638562664e-01
2.759645637378025373e-01
1.915456644771558192e-01
7.744901216686495005e-02
-4.259183291730295196e-02
-1.453154045382947235e-01
-2.150758987890371010e-01
-2.420426119864789172e-01
-2.234697917331583961e-01
-1.627594338394386941e-01
-7.790787884509930983e-02
1.959923687705922291e-02
1.094077069959036308e-01
1.714977121704719387e-01
1.960883955055177097e-01
1.787168450758276350e-01
1.221862958691408707e-01
3.482322468853205066e-02
-6.166773968626093616e-02
-1.535148621636704958e-01
-2.209726210042129990e-01
-2.457520146896093882e-01
-2.228056379136470477e-01
-1.530864329315054784e-01
-4.810841070436222555e-02
7.665982606199794880e-02
1.934961197728020110e-01
2.846122459786348813e-01
3.310879898026295454e-01
3.165046804980888862e-01
2.394814637308892991e-01
1.067826766207327083e-01
-5.620544585047804187e-02
-2.239525300964561039e-01
-3.624621772546382514e-01
-4.493617558542014612e-01
-4.673871608741798633e-01
-4.039872007128524345e-01
-2.653258749183953213e-01
-6.586391341755415407e-02
1.541277028160157325e-01
3.585100762372972483e-01
5.086612998666164565e-01
5.780604293648448078e-01
5.514693882833900940e-01
4.240884386859611332e-01
2.185052136820497815e-01
-4.079411324124038174e-02
-3.033914333560241428e-01
-5.246111330139098250e-01
-6.642559087080663893e-01
-6.955935542026678853e-01
-6.109957717176242031e-01
-4.169239551063571581e-01
-1.536415653208877963e-01
1.442317788392610822e-01
4.199833769670680006e-01
6.243428192184492520e-01
7.220399291859256330e-01
6.930551765770063266e-01
5.444443806420820042e-01
2.947097652453201100e-01
-3.305378486842425190e-03
-3.068304839181150712e-01
-5.587566588322109284e-01
-7.122047629535483981e-01
-7.444328142702231199e-01
-6.467677261569746427e-01
-4.422063866498725515e-01
-1.607536951507481104e-01
1.384939367767790142e-01
4.105152685351940445e-01
6.076419496091389760e-01
6.922607775228319937e-01
6.550683665611594098e-01
4.991500380443605334e-01
2.625038328808455557e-01
-1.642795311684952519e-02
-2.819217806134914905e-01
-4.936527940026477212e-01
-6.196402313488618141e-01
-6.354357969329142986e-01
-5.431796490852328629e-01
-3.547127951128103973e-01
-1.155277082222062601e-01
1.340180002607866960e-01
3.494893031210553058e-01
4.984609643855124617e-01
5.614423732543105672e-01
5.272917150269600395e-01
4.097994729517500101e-01
2.243284849256421687e-01
9.126757395786500027e-03
-2.008608395011322045e-01
-3.726048390015708200e-01
-4.810441438663121128e-01
-5.108398076986091496e-01
-4.577418357260977233e-01
-3.405023929902777358e-01
-1.724290162319946917e-01
1.661646559691187797e-02
1.966748763057797333e-01
3.435084486291759553e-01
4.375379662574485629e-01
4.637376701075450747e-01
4.170220422669392857e-01
3.105366254961963168e-01
1.545044882550250520e-01
-2.560888394543925362e-02
-2.025766886050386351e-01
-3.519694001670706784e-01
-4.547537151138990597e-01
-4.935285320805474774e-01
-4.602510023409844830e-01
-3.652939195197351108e-01
-2.160522110484650593e-01
-3.106647429563114127e-02
1.641127874011141241e-01
3.379894681932937850e-01
4.675038053603068899e-01
5.287771707966204549e-01
5.082831465426966844e-01
4.142462216607853964e-01
2.531030669782206033e-01
4.536350381014386812e-02
-1.804568519575212582e-01
-3.856804429381114341e-01
-5.419759710582234824e-01
-6.216529784713109574e-01
-6.058803858982508839e-01
-4.978482721705309588e-01
-3.067266647633345444e-01
-6.482963700165422782e-02
1.929395572738967779e-01
4.213703780486939277e-01
5.877680782910623680e-01
6.660098444949236196e-01
6.379160149035603133e-01
5.078072747629374106e-01
2.886812851811546565e-01
2.414171673615173042e-02
-2.448199749708882544e-01
-4.724823097756547519e-01
-6.251250415858429221e-01
-6.804660971013003490e-01
-6.264444759710859900e-01
-4.772616301778067616e-01
-2.506353139868215951e-01
9.119076289434202565e-03
2.608336794405554659e-01
4.630316761931412284e-01
5.846946881896186721e-01
6.075372038228157301e-01
5.272008669881298459e-01
3.689877996157959750e-01
1.532325722446399308e-01
-7.837477147274951594e-02
-2.869190405403644339e-01
-4.415076316522817956e-01
-5.196949803505614973e-01
-5.133141151558258120e-01
-4.245297867688631044e-01
-2.795716280722608804e-01
-9.915405431586188367e-02
8.132682149396885940e-02
2.299762689660607151e-01
3.269738428977244649e-01
3.603898670619021249e-01
3.323591451071854497e-01
2.504604581839020572e-01
1.394332940634701590e-01
1.571604893918965296e-02
-9.871601483818581713e-02
-1.825795485002508212e-01
-2.262124555751762189e-01
-2.256237858889935666e-01
-1.895962144179914599e-01
-1.282660750426103391e-01
-4.660969284310012561e-02
3.420912815854149081e-02
1.040833249301329477e-01
1.529058344394920166e-01
1.705695936544364688e-01
1.469675395427834097e-01
7.199260907234927842e-02
