-5.227885901317552708e-02
-2.365217909411440056e-01
-3.557606863482407622e-01
-4.177400070375696384e-01
-4.302042148122345866e-01
-4.008977714753395594e-01
-3.375651388299880651e-01
-2.479507786792854995e-01
-1.398235491580160916e-01
-1.818683220287387048e-02
1.081285246023657720e-01
2.232348315300685115e-01
3.136975299186153254e-01
3.729523441233242309e-01
3.937036815858758754e-01
3.729451109898829220e-01
3.117263575204329840e-01
2.174565940870962777e-01
9.785175835789061694e-02
-3.352399677352679852e-02
-1.623686080741298943e-01
-2.753137154505606032e-01
-3.611356383313616414e-01
-4.095841926265537669e-01
-4.147633403386148387e-01
-3.789761028255669295e-01
-3.046009689074674620e-01
-1.982279365473860189e-01
-7.039621317625621710e-02
6.416897509050500936e-02
1.924731373882901941e-01
2.996108855693515594e-01
3.742320623688488723e-01
4.113775590294346252e-01
4.061084443318945247e-01
3.575272899131645143e-01
2.701182052195487682e-01
1.543962030070136215e-01
2.009784382932466862e-02
-1.183572473110092727e-01
-2.460937459529647375e-01
-3.499982301851281008e-01
-4.195034530688137586e-01
-4.459659244988750659e-01
-4.254510794159450660e-01
-3.628190698582860474e-01
-2.628738071380303243e-01
-1.347594932525191247e-01
9.021214051038839443e-03
1.526499580063025441e-01
2.820723183571023363e-01
3.821436988352817643e-01
4.418710362499362887e-01
4.575290233757072222e-01
4.261608658641824476e-01
3.496550446899830966e-01
2.350094994249392055e-01
9.563430106769832406e-02
-5.628635302456941325e-02
-2.045224430339169785e-01
-3.330472157959688539e-01
-4.288342857600474511e-01
-4.818146122208541993e-01
-4.850230024251512839e-01
-4.365964556626342752e-01
-3.436762052590270899e-01
-2.136773782755390094e-01
-6.012772017554757209e-02
1.011607188523522272e-01
2.528586804695205359e-01
3.798737329520429640e-01
4.673351963573422196e-01
5.051706360640888516e-01
4.918593202309831103e-01
4.270457579142583615e-01
3.162631671662641253e-01
1.700178650026162863e-01
5.257152237932771754e-03
-1.628031181622329182e-01
-3.156330963511387866e-01
-4.368737166000696837e-01
-5.154269560137281214e-01
-5.422378613211562559e-01
-5.132799687075483286e-01
-4.303073936808428090e-01
-3.032033236602824644e-01
-1.423651976365079008e-01
3.477974965829599974e-02
2.097845839931489209e-01
3.641694548165055334e-01
4.822107003414022319e-01
5.497197039850985067e-01
5.581723137415610658e-01
5.094065189394125781e-01
4.063466070801566854e-01
2.584497170302477720e-01
7.969816368690008090e-02
-1.099228924634888527e-01
-2.918478697487848494e-01
-4.449298807382471299e-01
-5.525842549307091733e-01
-6.056443749388191744e-01
-5.968581163511308407e-01
-5.257081370578621238e-01
-3.980909422434120160e-01
-2.290730900770806544e-01
-3.332577741183451181e-02
1.681001127682724139e-01
3.538456813005375068e-01
5.041844397902925934e-01
6.032848912644992456e-01
6.387081221856691915e-01
6.045452490784846145e-01
5.075380399065687609e-01
3.554695279687516418e-01
1.637070550392236701e-01
-4.869014666266724412e-02
-2.579687294167511968e-01
-4.430137967294137669e-01
-5.824716044523889913e-01
-6.605759653996287062e-01
-6.713775511575520438e-01
-6.116464526408361690e-01
-4.868620478701202181e-01
-3.087162253666517753e-01
-9.842699951915412360e-02
1.246894294967433314e-01
3.364896365690508429e-01
5.138724820495332857e-01
6.384608869351684479e-01
6.964548175455631540e-01
6.811043013218349707e-01
5.920894235117708515e-01
4.403095195464856726e-01
2.384531052708371845e-01
8.945490230605201987e-03
-2.244731587738503231e-01
-4.365689330137552115e-01
-6.054863003341366401e-01
-7.115049864424319859e-01
-7.418074407948769267e-01
-6.962523563932396797e-01
-5.771040562413713992e-01
-3.961932813657164099e-01
-1.707374926537723603e-01
7.358471318931791849e-02
3.125238076435827850e-01
5.184583611568083228e-01
6.691064767242080880e-01
7.507765645568635904e-01
7.530053894290837935e-01
6.746799939449501515e-01
5.222551620627400304e-01
3.142663920744113160e-01
6.944263439153686157e-02
-1.851737692033453841e-01
-4.225116482491505510e-01
-6.170157621651355395e-01
-7.479999468219800107e-01
-7.998570378350361443e-01
-7.647356795993417444e-01
-6.501892537235465230e-01
-4.657432369028260410e-01
-2.310695328741410037e-01
3.020926307404869782e-02
2.885333180641309614e-01
5.174988855310060920e-01
6.910049756880487504e-01
7.895649929054979754e-01
8.055791708243196236e-01
7.352223095605066039e-01
5.859957808983109473e-01
3.722562147702788149e-01
1.198737588583287383e-01
-1.472544211115235369e-01
-3.999158099324768845e-01
-6.105949562708363754e-01
-7.575966340635438279e-01
-8.247572121537842804e-01
-8.051424207839148472e-01
-6.990632904793324665e-01
-5.202620724455281342e-01
-2.845675143408266106e-01
-1.886202887680854534e-02
2.489749665089839858e-01
4.897820858259831489e-01
6.784879601848414765e-01
7.936292584205910661e-01
8.214544582414728957e-01
7.629760164821677293e-01
6.221191840775177617e-01
4.140605638296430691e-01
1.593056898977447400e-01
-1.126858735269061773e-01
-3.743764054351668147e-01
-5.956870981424483569e-01
-7.526100808846012402e-01
-8.314362624399368462e-01
-8.221993968510664663e-01
-7.260027958101780143e-01
-5.516553739370207987e-01
-3.209618737945504341e-01
-5.554371855518813739e-02
2.149298478338323992e-01
4.613881351152044896e-01
6.576666224464993160e-01
7.829903035456828864e-01
8.236252218296535865e-01
7.735646044212061145e-01
6.423335763863597947e-01
4.416073656226819910e-01
1.943030271623982230e-01
-7.374112649154707100e-02
-3.323942932837580244e-01
-5.549931450281786471e-01
-7.165854845337096268e-01
-7.991803295116461925e-01
-7.979411473169495395e-01
-7.114690405886905378e-01
-5.499087338388592983e-01
-3.296330397843996174e-01
-7.759765630062664954e-02
1.813524305054077246e-01
4.182980202132597913e-01
6.075315087231012434e-01
7.310683759461524822e-01
7.753143162596993765e-01
7.364445177562568556e-01
6.177614547086076602e-01
4.352680033141260729e-01
2.060228206340912749e-01
-4.349929353571468926e-02
-2.865385000643297930e-01
-4.970297003742195630e-01
-6.531486472440786173e-01
-7.379151818077458458e-01
-7.414894517534376117e-01
-6.685609608364229128e-01
-5.256435106816593761e-01
-3.288082470118973699e-01
-9.838379653493267707e-02
1.387660183475256659e-01
3.582621958966634157e-01
5.351920472958278108e-01
6.504719387917810014e-01
6.958959681718950296e-01
6.659196357607350958e-01
5.647616469170215758e-01
4.029549481877432449e-01
2.013916856107798026e-01
-2.034040395589853389e-02
-2.373674112950131532e-01
-4.258007343961363045e-01
-5.665356567325683379e-01
-6.451045642291115545e-01
-6.542946095662789396e-01
-5.927533407070009197e-01
-4.707109805342197806e-01
-2.996049517078565039e-01
-1.004068875324704013e-01
1.047942573000359978e-01
2.937349613291850847e-01
4.471155090920990727e-01
5.482571810201004592e-01
5.863354670598210916e-01
5.623303503780883172e-01
4.784940038650602467e-01
3.450117346597008083e-01
1.764941535635489167e-01
-6.156710779694041236e-03
-1.840973789646358494e-01
-3.368393788295220848e-01
-4.482815772189585601e-01
-5.109246866515038121e-01
-5.181103227448480286e-01
-4.700658344878968498e-01
-3.727833296967237864e-01
-2.403494095844168621e-01
-8.582754701441008827e-02
7.265775793283668627e-02
2.171950030223646078e-01
3.332070173020134085e-01
4.091625784771941721e-01
4.381957545127002085e-01
4.178227212012659564e-01
3.542444954926919909e-01
2.538478568118838208e-01
1.293449371046933027e-01
-4.844774259599282651e-03
-1.336019608829741578e-01
-2.437506350385274523e-01
-3.229428168913588415e-01
-3.630777115703262004e-01
-3.648664746701772987e-01
-3.286651365511226164e-01
-2.593729108965706631e-01
-1.655431220516059287e-01
-5.989173008223924732e-02
4.639460255878868900e-02
1.404981575525858783e-01
2.121245482321370002e-01
2.570423383824562702e-01
2.712189220156551173e-01
2.543129758298068310e-01
2.096999546697324579e-01
1.458063695974955998e-01
6.938744617620606903e-02
-9.863510697597943633e-03
-8.179525480601546050e-02
-1.393369279484256706e-01
-1.771248508197109661e-01
-1.919261969618238917e-01
-1.831377970532668265e-01
-1.551416763706857660e-01
-1.112899031083627310e-01
-5.910322494434916418e-02
-6.785646495691466384e-03
3.955167721888552812e-02
7.499469565872152188e-02
9.573468219714920124e-02
1.002286558072476019e-01
9.111860032089991179e-02
6.986295171789369540e-02
4.114104830585274541e-02
1.085721252652493973e-02
-1.573452572783662351e-02
-3.502019936008227141e-02
-4.394156029875073699e-02
-4.152756520315425970e-02
-3.074209965198693162e-02
-1.260787740904456555e-02
9.384401216215865205e-03
3.027709012893087248e-02
4.561865985524771183e-02
5.246933216564597657e-02
4.782324669778104109e-02
3.071968166988914284e-02
3.950570159450439434e-03
-3.056489633152215113e-02
-6.798317962521016611e-02
-1.025027300635470429e-01
-1.283678884571900491e-01
-1.414502161612647413e-01
-1.372027155956813127e-01
-1.136369113908171080e-01
-7.353227575814813566e-02
-1.943023288820122652e-02
4.289343160199932115e-02
1.060805191356608557e-01
1.613644997919949642e-01
2.020416278431458323e-01
2.205459732990764365e-01
2.121779814681690191e-01
1.780195677393108245e-01
1.194861561621263224e-01
4.106167141782646191e-02
-4.966549838108835768e-02
-1.410933134807327294e-01
-2.239267506676997366e-01
-2.868847219859652631e-01
-3.207679811659659430e-01
-3.213674329947511232e-01
-2.862446042722894823e-01
-2.168094887102128832e-01
-1.185211989294358004e-01
-2.851328818936793574e-03
1.199819658979421888e-01
2.354426806671505723e-01
3.294440398194427022e-01
3.904727010282060817e-01
4.103781652136280211e-01
3.846762329947830406e-01
3.134795343111007604e-01
2.046863569100536573e-01
6.668807842914548090e-02
-8.523380823818160756e-02
-2.346346336370440655e-01
-3.641479093654451660e-01
-4.593074159707868365e-01
-5.065456284970135670e-01
-4.980405650831820630e-01
-4.361286584546262279e-01
-3.242369022952816815e-01
-1.725554817402910057e-01
4.463002746978528279e-03
1.861050702125977008e-01
3.537296639512204077e-01
4.863488998819103237e-01
5.679276642767481231e-01
5.904703468459424620e-01
5.485882030661761721e-01
4.446105707350407332e-01
2.871484159895105748e-01
9.469270923246431160e-02
-1.152569806409696751e-01
-3.189246942118896255e-01
-4.933978396345856110e-01
-6.188823936308127660e-01
-6.805759222460667779e-01
-6.697800177757846640e-01
-5.845042564103134497e-01
-4.351618242515229440e-01
-2.339197556732114380e-01
-3.476607072932069720e-03
2.318681181501576205e-01
4.455642622542914655e-01
6.147718697881083827e-01
7.186874439465331665e-01
7.437396318281022101e-01
6.893212159290593721e-01
5.578699795604518119e-01
3.625774141689279695e-01
1.222228158587701508e-01
-1.349319102086452560e-01
-3.830281932771455455e-01
-5.929252335089940651e-01
-7.409160520120295912e-01
-8.126536605394911739e-01
-7.977189362513218418e-01
-6.963523387728354219e-01
-5.167494838492365794e-01
-2.802431124341354662e-01
-8.510930371019242990e-03
2.676425857953192988e-01
5.183314825209672794e-01
7.158398867127921950e-01
8.381988748966118230e-01
8.706733875743952744e-01
8.068501377330301594e-01
6.566959814534178985e-01
4.327192608837169274e-01
1.590296434198974485e-01
-1.368067011028517577e-01
-4.210703614369399883e-01
-6.640039616344124429e-01
-8.372205139483919201e-01
-9.203240606969047555e-01
-9.072577194968137748e-01
-7.963257425808030199e-01
-5.991678624332019698e-01
-3.344418369589212681e-01
-3.346576288973535096e-02
2.742785479145710692e-01
5.539968978293878799e-01
7.745725740654767488e-01
9.127896877514971585e-01
9.522791239514682982e-01
8.886886859547629136e-01
7.259649337168012639e-01
4.844107291265242754e-01
1.861415875600391789e-01
-1.344043167387641846e-01
-4.428487744183450259e-01
-7.052634623916751444e-01
-8.934877362549448199e-01
-9.861479432977862114e-01
-9.709876888578647947e-01
-8.537383264851010622e-01
-6.438367513321039404e-01
-3.644148673266103255e-01
-4.358075692137619583e-02
2.813616845305020320e-01
5.768861024736986476e-01
8.092734164641877115e-01
9.526438683739704150e-01
9.952575420258820138e-01
9.300287520101340188e-01
7.643233199193995020e-01
5.138496290423646418e-01
2.089435726814399263e-01
-1.208395700023831010e-01
-4.381865595193873419e-01
-7.084186300112204071e-01
-9.028537078674117033e-01
-1.000000000000000000e+00
-9.903489560276663717e-01
-8.728566931354899694e-01
-6.634009220283483277e-01
-3.808816391823091063e-01
-5.815249560182844668e-02
2.707842686819428302e-01
5.696321586341481780e-01
8.070008859829134185e-01
9.562915898374537704e-01
1.000000000000000000e+00
9.381378128444199938e-01
7.748053146219275877e-01
5.285105792977395911e-01
2.237615236919032746e-01
-1.038415695705278141e-01
-4.207803781138986787e-01
-6.907121962055514652e-01
-8.844020495528794878e-01
-9.845861926105213824e-01
-9.789161200207898705e-01
-8.689231743628540450e-01
-6.648626796824161911e-01
-3.926750211170650928e-01
-7.851371501513371154e-02
2.419388200438015168e-01
5.341240103330353595e-01
7.668023588509964572e-01
9.151283153699310002e-01
9.633780091243322463e-01
9.046247262598772210e-01
7.499706627300835038e-01
5.135029062833660340e-01
2.229469762632896312e-01
-9.111980038884837096e-02
-3.932197497090423877e-01
-6.519193935204116164e-01
-8.383699585110743202e-01
-9.317476815704524018e-01
-9.266178563025883053e-01
-8.218945416798589809e-01
-6.304679237069712450e-01
-3.718957291126517850e-01
-7.783335961500970068e-02
2.222541169352374446e-01
4.945870898339699284e-01
7.096025123903240139e-01
8.469549381675141042e-01
8.914255737131329127e-01
8.397708645044483777e-01
6.967178418601998047e-01
4.816384411437053537e-01
2.150913962199736407e-01
-7.192756777388598088e-02
-3.485286670388582086e-01
-5.849945081115633938e-01
-7.565900073172073803e-01
-8.450192583204870767e-01
-8.400015931437538885e-01
-7.477459680736926462e-01
-5.767372532815207009e-01
-3.465620689460049419e-01
-8.108935835738395603e-02
1.888285193312595478e-01
4.352479289156470088e-01
6.304208711524259545e-01
7.532481417915541932e-01
7.950965365337592239e-01
7.506453473323073666e-01
6.260561937384598874e-01
4.342022884899523483e-01
1.995041863081428168e-01
-5.498204558509756090e-02
-3.007294986075796928e-01
-5.107770717688060458e-01
-6.638761492311475720e-01
-7.441236544070264358e-01
-7.444270662630039226e-01
-6.641914858621487117e-01
-5.159660857413199686e-01
-3.138068999923502300e-01
-8.224742091211745265e-02
1.532606372066485090e-01
3.671643221253628742e-01
5.374749387216526397e-01
6.458881359165467018e-01
6.806459048644899479e-01
6.432919193805370917e-01
5.372220234175741904e-01
3.751539527069833735e-01
1.744682603630769435e-01
-4.037575940315296652e-02
-2.472471330583820848e-01
-4.226223097735528622e-01
-5.479389309634731253e-01
-6.142455332272007684e-01
-6.141706080104984977e-01
-5.486892680159940472e-01
-4.251466518294619856e-01
-2.604089341872786179e-01
-7.054961428343387020e-02
1.226118951698764725e-01
2.977225129306435569e-01
4.369031151386653100e-01
5.260308651889715748e-01
5.566694862723218229e-01
5.256213114055869884e-01
4.402135327185221492e-01
3.086058247054119796e-01
1.466080060767311899e-01
-2.795473082710375756e-02
-1.955686089415720197e-01
-3.391092318903532465e-01
-4.425467986363305073e-01
-4.948727035321490719e-01
-4.952208431284044199e-01
-4.434621634588229444e-01
-3.459512618678083351e-01
-2.134724606607253383e-01
-6.280869950044454253e-02
9.072104296005223389e-02
2.292998849947445184e-01
3.378950499276383024e-01
4.078639448276184520e-01
4.320539498949147461e-01
4.086976909305222172e-01
3.408668641296839219e-01
2.390516242941631564e-01
1.129605913031250797e-01
-2.273671999066573246e-02
-1.526641469701852660e-01
-2.633922389733878155e-01
-3.439332046156092781e-01
-3.855201552776751361e-01
-3.837346040774305411e-01
-3.429204388571513995e-01
-2.671356345972364377e-01
-1.656081209918019992e-01
-5.010452531550069200e-02
6.596398590511554083e-02
1.708021850735232938e-01
2.523190461028956832e-01
3.019747268770527349e-01
3.183786519324296460e-01
3.000172692003275632e-01
2.493138882615748564e-01
1.727090022589015117e-01
8.118536356489491901e-02
-1.632353583899448513e-02
-1.086721909720204104e-01
-1.854603381325978795e-01
-2.407215784021137228e-01
-2.691474606682436876e-01
-2.680373977141801145e-01
-2.382915950254984594e-01
-1.855504711725761702e-01
-1.146493770412433388e-01
-3.424389325740029300e-02
4.603749007689983408e-02
1.179393236446348858e-01
1.745291355739952976e-01
2.093742336630592948e-01
2.190821862766096917e-01
2.060950704988797622e-01
1.717148914815493921e-01
1.195980704755741364e-01
5.605461958738522377e-02
-1.114775549708535429e-02
-7.528314510029032736e-02
-1.282562790320396218e-01
-1.644911902569295981e-01
-1.834927310113274590e-01
-1.834914011013137891e-01
-1.640156457423856962e-01
-1.279958885399905544e-01
-8.119732718564065532e-02
-2.787466553781869916e-02
2.557908299111577577e-02
7.267489428603002288e-02
1.097372885475413895e-01
1.334539173036071169e-01
1.406751571777014043e-01
1.310190664211592360e-01
1.080434747941434459e-01
7.373652907425287673e-02
3.230403990208419174e-02
-1.051762409856715763e-02
-5.020051165439731733e-02
-8.311105873765123331e-02
-1.051657749516526907e-01
-1.143354152708380145e-01
-1.122245782017241567e-01
-9.897258090913518824e-02
-7.582238880096381362e-02
-4.643438871866256701e-02
-1.510058799066527069e-02
1.547933133989665144e-02
4.150925898776902656e-02
6.010696394096926021e-02
7.167761798213434510e-02
7.513929534169982993e-02
6.932374745365010860e-02
5.566349586060748145e-02
3.707207853339955506e-02
1.509538508403851509e-02
-7.584990517069623017e-03
-2.800164926721571135e-02
-4.486646480347100674e-02
-5.666497141389092995e-02
-6.149217246009919258e-02
-5.937433041410145051e-02
-5.237103706961976357e-02
-4.090639956929476018e-02
-2.594940774100729097e-02
-9.844503455559872052e-03
5.528463126911242753e-03
1.890223605398677620e-02
2.854512740130887849e-02
3.362481449189091975e-02
3.499090380130431832e-02
3.239160099707039109e-02
2.567644062806651029e-02
1.616798675926034434e-02
5.562116659665994334e-03
-5.340681776719202745e-03
-1.538222878229378310e-02
-2.345392092082743130e-02
-2.947486455032788388e-02
-3.286874870334555165e-02
-3.282315201771623947e-02
-2.968549764919614642e-02
-2.460827183590041933e-02
-1.795026007488242925e-02
-1.039500718475760976e-02
-3.011563007395134939e-03
3.621057094995050463e-03
8.905040222928040095e-03
1.189485643015331107e-02
1.234592264003864237e-02
1.087512393634315622e-02
7.607076839652338052e-03
3.143608287217380948e-03
-1.516328779219033862e-03
-5.683186848322363538e-03
-8.991644362504214172e-03
-1.112078870072485959e-02
-1.190135411062254178e-02
-1.159494293220408867e-02
-1.022321285720861894e-02
-8.010287697727269673e-03
-5.598629001848154374e-03
-3.671594085018825560e-03
-2.360707725222455089e-03
-1.644999330422614037e-03
-1.539487236957293170e-03
-1.683419698034871459e-03
-2.109157573300990407e-03
-2.880177335547351447e-03
-3.713065698005779680e-03
-4.400093111231906384e-03
-4.894680836938003488e-03
-5.182032447581419454e-03
-5.282148274317388648e-03
-5.312930752729760897e-03
-5.256602499695617325e-03
-5.084673328701660999e-03
-4.895597051388755894e-03
-4.788014703233756109e-03
-4.766892097986308308e-03
-4.807568247645277459e-03
-4.884845193511622163e-03
-4.924365897850613294e-03
-4.936825696773783356e-03
-4.961688600244040792e-03
-4.981112740704007891e-03
-4.991563295151713042e-03
-4.992022148249897207e-03
-4.974187413344322017e-03
-4.945800077937101413e-03
-4.921026072199130574e-03
-4.897725378502637561e-03
-4.871291734011351515e-03
-4.843768944958082301e-03
-4.813615879603050374e-03
-4.781929941881979396e-03
-4.752359692989371887e-03
-4.724615753461613998e-03
-4.696669350665594322e-03
-4.668613856981695953e-03
-4.640303096732356636e-03
-4.611590894240125138e-03
-4.582331073826995116e-03
-4.552377459815737382e-03
-4.521583876528567636e-03
