1.447114965949065635e-01
7.537251831831737192e-02
1.634330147257467836e-02
-3.261740706173543725e-02
-7.175086040402633980e-02
-1.012983116737115052e-01
-1.215010139902045205e-01
-1.326002204729200828e-01
-1.341483451260943038e-01
-1.252993765993111186e-01
-1.067527311352561847e-01
-8.156596758644307776e-02
-5.272734836579950901e-02
-2.187552303833684153e-02
8.526215557800753686e-03
3.643504916499940016e-02
6.038564877443186596e-02
8.026504889354457717e-02
9.497737191930188949e-02
1.030371333623181229e-01
1.042088215558847342e-01
9.900055611089286778e-02
8.754574163054096303e-02
6.912913574170165276e-02
4.400780585641461684e-02
1.344581321591586942e-02
-2.061224492357405236e-02
-5.539025875302294732e-02
-8.847842244169779047e-02
-1.173303922565910318e-01
-1.390789209564361473e-01
-1.499706357189507511e-01
-1.479439613909174778e-01
-1.326277663925760075e-01
-1.039855484605748392e-01
-6.307470018159333502e-02
-1.282877432449414101e-02
4.169064131113375815e-02
9.616257491522484102e-02
1.446307720508692718e-01
1.815469798825206649e-01
2.025176339612895227e-01
2.042783937201351208e-01
1.848458280319820179e-01
1.446475302675591657e-01
8.742471578290667011e-02
1.724641735022403033e-02
-5.874636709465541617e-02
-1.328859247630138629e-01
-1.968111410522122018e-01
-2.435417493599922878e-01
-2.664418648237754095e-01
-2.616314164824476984e-01
-2.298572929208307913e-01
-1.727060768538631885e-01
-9.518933804508311614e-02
-4.349383361266556669e-03
8.952570850699981264e-02
1.770635100447428556e-01
2.476632377603051882e-01
2.930312254651348258e-01
3.085425326403226087e-01
2.911820659092592134e-01
2.419320605926413847e-01
1.647466051737116466e-01
6.857013217053142817e-02
-3.790686163513279361e-02
-1.428418516930445303e-01
-2.348080429489257659e-01
-3.036824966143228943e-01
-3.417609277284625602e-01
-3.444152434504572646e-01
-3.101752094038031649e-01
-2.436258302873816062e-01
-1.502849216193403725e-01
-4.061148140081738411e-02
7.408631157737155526e-02
1.812497944927080606e-01
2.699091658258496729e-01
3.300940114192960628e-01
3.549477148023931772e-01
3.434232236952108330e-01
2.958605231017175097e-01
2.174606136723702399e-01
1.158980546871481998e-01
2.979779544801441915e-03
-1.103194612194809965e-01
-2.116006068353708525e-01
-2.903661851596845977e-01
-3.398991798557451371e-01
-3.549026327999156294e-01
-3.342537867333468249e-01
-2.799297671941070043e-01
-1.989378430356113503e-01
-9.858219773022547372e-02
1.030549097745714349e-02
1.167113071889587239e-01
2.102466213065239398e-01
2.820523843684006327e-01
3.252098408531467477e-01
3.355067292319131589e-01
3.142404332352244367e-01
2.633075673676572581e-01
1.878786314442377758e-01
9.511564901732727506e-02
-5.451250353928016601e-03
-1.047298766532572811e-01
-1.930084006110641681e-01
-2.622670223850448457e-01
-3.078289613390735591e-01
-3.255630036886102419e-01
-3.137743844393519055e-01
-2.735668350318684050e-01
-2.097739662477932088e-01
-1.273884367425088815e-01
-3.380663789457905022e-02
6.259334932683091601e-02
1.535633222961079181e-01
2.315497174696186100e-01
2.892852784171069391e-01
3.214745915159054057e-01
3.261695380916012077e-01
3.021574922394731910e-01
2.503839940225176530e-01
1.745555374269287530e-01
8.123394432025343725e-02
-2.264229544593987509e-02
-1.277180391070005250e-01
-2.249558844123688006e-01
-3.059452476103896590e-01
-3.627356603113617295e-01
-3.878184509618728404e-01
-3.772745185519372768e-01
-3.316449805445286225e-01
-2.527965972832580954e-01
-1.461562582660075327e-01
-1.992940956210398351e-02
1.137723642357488796e-01
2.430960478997366003e-01
3.538010820737009787e-01
4.341263208011045815e-01
4.751620808369942939e-01
4.703452384567934352e-01
4.172724117370727459e-01
3.182102982334129582e-01
1.823293727831691857e-01
2.012391991142248315e-02
-1.516429101758163256e-01
-3.159175296031357938e-01
-4.544589556402180985e-01
-5.520434390636508315e-01
-5.957309348118148273e-01
-5.778234589261030951e-01
-4.992747656776937992e-01
-3.643194882696313419e-01
-1.856355010688237606e-01
2.079380341280678834e-02
2.320726654246794141e-01
4.268722129203650351e-01
5.821018812217022553e-01
6.795112405730654448e-01
7.077368188031778473e-01
6.599609146857365882e-01
5.392526410783409219e-01
3.546375805866246456e-01
1.262768338072630669e-01
-1.244409533496304565e-01
-3.692872031573125602e-01
-5.816258877808535566e-01
-7.368786258482130647e-01
-8.161774912132420123e-01
-8.091963426958586059e-01
-7.128089061379454527e-01
-5.375380397461537729e-01
-2.980728324162603693e-01
-2.112467233844028680e-02
2.647413455970994978e-01
5.270802645803083220e-01
7.370838621712498817e-01
8.697041115166657121e-01
9.078768307209821309e-01
8.480063812590248329e-01
6.927852550971584922e-01
4.591331670428040468e-01
1.696841870334231395e-01
-1.423173976269249685e-01
-4.439544695505627248e-01
-7.001520506104338404e-01
-8.818601567957815579e-01
-9.693494810073197687e-01
-9.505203432014253107e-01
-8.274760924458268718e-01
-6.106879177088658794e-01
-3.261404412082945514e-01
-2.446398430355323228e-03
3.232718881389158305e-01
6.151251062539000447e-01
8.403740674873731997e-01
9.735326208704564444e-01
1.000000000000000000e+00
9.148567733447936501e-01
7.297396269741611707e-01
4.622224963161845057e-01
1.442641938807980306e-01
-1.899538060216960922e-01
-5.024523963344353916e-01
-7.592102711353103661e-01
-9.316193061460125158e-01
-1.000000000000000000e+00
-9.598463321706305340e-01
-8.141053617632950656e-01
-5.811827127703594886e-01
-2.855526549943999681e-01
3.742787275995929086e-02
3.531388346361545860e-01
6.257225332099145554e-01
8.255664812285121723e-01
9.333576018385241202e-01
9.371303759011113677e-01
8.391697025195163917e-01
6.497581256746534084e-01
3.938901316593370616e-01
9.844571215855602020e-02
-2.020857895926259085e-01
-4.749259783897171738e-01
-6.910493896006748571e-01
-8.278012401135227405e-01
-8.730155608602399031e-01
-8.225049213339657994e-01
-6.865791176834463716e-01
-4.796327910947979500e-01
-2.280806079280416343e-01
4.063897192108201217e-02
2.963593733975953270e-01
5.122655588599491772e-01
6.664374073928658326e-01
7.434596700032116701e-01
7.404725136589229706e-01
6.589773892981118930e-01
5.120020341805815445e-01
3.161442177375770601e-01
9.584525782687958184e-02
-1.256093050494085928e-01
-3.241660483379683599e-01
-4.796776421686502756e-01
-5.800525499340232205e-01
-6.164996197765459929e-01
-5.895548500363956279e-01
-5.041509115829578835e-01
-3.742496018114765954e-01
-2.140139090779072939e-01
-4.194873899558948516e-02
1.238708345624304208e-01
2.680459049679215777e-01
3.775781480623190411e-01
4.448137965287088935e-01
4.652152658173254185e-01
4.421618073251314396e-01
3.798733773704450201e-01
2.876742004466810165e-01
1.761596649669538994e-01
5.666996787014610959e-02
-6.000019015282387347e-02
-1.643461959971918018e-01
-2.483683937065737091e-01
-3.087879399478040687e-01
-3.423227661502825647e-01
-3.481049710210011305e-01
-3.274734932320907399e-01
-2.845973713787334214e-01
-2.234136043742898092e-01
-1.478761942835761234e-01
-6.315115118181025000e-02
2.623024885068114820e-02
1.145895302481931832e-01
1.955097138264065837e-01
2.636334731000804510e-01
3.145352559225220723e-01
3.436676141230152748e-01
3.457796302023168344e-01
3.189009666904489837e-01
2.639935911137398783e-01
1.831203208854987885e-01
8.080878296635285452e-02
-3.589773260996131921e-02
-1.567919123585974628e-01
-2.716402005709146472e-01
-3.674899502159066911e-01
-4.339418880505353515e-01
-4.626905885691831033e-01
-4.478454465912350413e-01
-3.873639314044179383e-01
-2.838719202032642386e-01
-1.466913184735600950e-01
1.378643281178670854e-02
1.810545430659933341e-01
3.384526419273081732e-01
4.680015021702335076e-01
5.548707027011987591e-01
5.866120249671418208e-01
5.563524035199465256e-01
4.663515045320949515e-01
3.220409222563886953e-01
1.375093281149615265e-01
-7.029550583268528996e-02
-2.778340244610506549e-01
-4.635458886657557454e-01
-6.048903049624800854e-01
-6.846398157318445143e-01
-6.934791777505282528e-01
-6.268253970772807993e-01
-4.906960065655661118e-01
-2.964189085370773080e-01
-6.623794814484873505e-02
1.773243092626963779e-01
4.062511553860166380e-01
5.950431528754598354e-01
7.218389040666657319e-01
7.708711389972386918e-01
7.360443199840964734e-01
6.179044094488321814e-01
4.306346273319530127e-01
1.915088049310849083e-01
-7.161811798383133087e-02
-3.305198091833554397e-01
-5.556026219773058106e-01
-7.218032842543902206e-01
-8.098947486982460697e-01
-8.082309818149417957e-01
-7.190881090581069390e-01
-5.495371038435821198e-01
-3.195349147391088884e-01
-5.273395386375978600e-02
2.193958883889095546e-01
4.676648455434124774e-01
6.635611915173236230e-01
7.848922236237201311e-01
8.203504672782755414e-01
7.645314585584839229e-01
6.251760617466173287e-01
4.161216107397496256e-01
1.633838511192391429e-01
-1.067970932947830409e-01
-3.631458602830370808e-01
-5.772872744024775127e-01
-7.262718960235510224e-01
-7.936126864629073907e-01
-7.738917181735862627e-01
-6.685374009350777413e-01
-4.926757285901469663e-01
-2.642193659070336542e-01
-1.090620994169111402e-02
2.396736694189804950e-01
4.595263046352018321e-01
6.249958368910162321e-01
7.189740601897798289e-01
7.312039551310078878e-01
6.647992636594637350e-01
5.266009940958917834e-01
3.346859538787658739e-01
1.097221531555481189e-01
-1.213404495869955246e-01
-3.338521245235938073e-01
-5.044488182133852749e-01
-6.149807921796554000e-01
-6.572384867569476263e-01
-6.270789352161372232e-01
-5.311139043338808374e-01
-3.802806325348858651e-01
-1.948547839024014072e-01
5.564909083120683775e-03
1.980755670819733805e-01
3.617520051057769859e-01
4.806661031063130807e-01
5.429942232013256209e-01
5.452215505158941600e-01
4.880143734375959053e-01
3.819332898765452899e-01
2.386308533988488190e-01
7.632245140907012448e-02
-8.690580069846487454e-02
-2.336445691693211923e-01
-3.490072268542724343e-01
-4.224964842879783689e-01
-4.473660572108133504e-01
-4.258296407380872672e-01
-3.613782863733054906e-01
-2.636449132354652392e-01
-1.440958406985316520e-01
-1.736030291302048667e-02
1.033236390782756864e-01
2.055385492886825372e-01
2.793994512177628842e-01
3.211512056338039489e-01
3.278408150702316615e-01
3.015095376100771496e-01
2.466818604450675689e-01
1.720000392482896601e-01
8.552550411879344949e-02
-3.137051332864571052e-03
-8.461620893712262781e-02
-1.522180980479626022e-01
-2.004433609619384882e-01
-2.267755864960822043e-01
-2.302824926039378495e-01
-2.136756072879216761e-01
-1.795687684490969716e-01
-1.327219952388033475e-01
-7.867526904643462604e-02
-2.247453022579548598e-02
3.109109516920827154e-02
7.768980840567740742e-02
1.140499993848633764e-01
1.397565194941192690e-01
1.536143200952462262e-01
1.546975469247242607e-01
1.437526798906405556e-01
1.229719616346187649e-01
9.433741522986371919e-02
6.007841687145143439e-02
2.261054324531142079e-02
-1.637247408121911274e-02
-5.425836725291832696e-02
-8.791203702692818034e-02
-1.152825531362813294e-01
-1.352267281277775846e-01
-1.459869207186623719e-01
-1.451689574442568409e-01
-1.324676271817535333e-01
-1.094566946249164729e-01
-7.725814462822888640e-02
-3.740581563760880801e-02
7.336899282983644355e-03
5.328686532362314487e-02
9.662040124783000117e-02
1.322045751982918738e-01
1.563407684367181805e-01
1.668960839256943274e-01
1.620471973324189019e-01
1.409919704289639419e-01
1.050049517812499111e-01
5.770804402471685357e-02
2.517891228148716465e-03
-5.505825402659370038e-02
-1.091029649442138982e-01
-1.539044311125351561e-01
-1.848642589441071848e-01
-1.976035067987444993e-01
-1.899346351610607941e-01
-1.635958318105171783e-01
-1.203993481737279936e-01
-6.431741785566036373e-02
-8.081355417466351554e-04
6.305117682640837273e-02
1.209998644479377550e-01
1.662511051858344135e-01
1.938257569704200378e-01
2.018539616759644773e-01
1.890093854328500633e-01
1.563915746476445268e-01
1.072609559939361468e-01
4.782302141473149248e-02
-1.659881069389912422e-02
-7.914717162192075328e-02
-1.330270976107943426e-01
-1.730593476894634053e-01
-1.952625725171229787e-01
-1.974672073503402903e-01
-1.794058274427815514e-01
-1.440536109053658365e-01
-9.451919777098971576e-02
-3.649369039080030408e-02
2.377767025824750746e-02
8.000982771603570853e-02
1.267461050879625795e-01
1.589084013913644178e-01
1.732476878474455972e-01
1.701970814311621893e-01
1.501212038781645219e-01
1.152078002720489103e-01
6.923919855206261964e-02
1.770703753804725444e-02
-3.438592578813359779e-02
-8.126187971873044535e-02
-1.182872781355588376e-01
-1.433122111886572236e-01
-1.541397393656928072e-01
-1.499028424317895292e-01
-1.315475870932723002e-01
-1.021845950429185468e-01
-6.441640530739567438e-02
-2.240889774786702926e-02
1.923422754998127537e-02
5.697025886116979798e-02
8.773716265825104443e-02
1.088197158343346960e-01
1.186846806700585510e-01
1.181602709366478265e-01
1.075685095299037108e-01
8.790453110660401137e-02
6.145277520833003493e-02
3.097992843187125089e-02
-1.084624226174724093e-03
-3.173810039127833438e-02
-5.863939328330869394e-02
-8.111253266692941555e-02
-9.747801029768377035e-02
-1.056084835592149274e-01
-1.051099823594788818e-01
-9.713419316316251884e-02
-8.213003384584716127e-02
-6.041597138216847629e-02
-3.351711693367431799e-02
-3.480278479855769547e-03
2.758177317725230004e-02
5.676357516509611401e-02
8.179955952056139346e-02
1.012889097907709868e-01
1.132422551006320166e-01
1.149178219348503394e-01
1.056104864097808793e-01
8.676721316886037982e-02
5.928006989902301349e-02
2.464230110229448378e-02
-1.425951132668967780e-02
-5.366983971845584733e-02
-9.025458031927180436e-02
-1.196817126649220020e-01
-1.386603632538173647e-01
-1.455207567210899944e-01
-1.388538739682511070e-01
-1.181725340731731855e-01
-8.494596521555541901e-02
-4.272052281884197722e-02
5.486677844021237149e-03
5.489927585018583578e-02
1.003129887320857172e-01
1.369478541797843896e-01
1.608762937757137745e-01
1.683399910088700935e-01
1.576699321561971789e-01
1.306042802227931343e-01
8.890061844249474987e-02
3.605671212503636092e-02
-2.297576755290264838e-02
-8.155667581485015472e-02
-1.338373701782661351e-01
-1.733019729096983985e-01
-1.952730410030590891e-01
-1.980605918864416504e-01
-1.804635363892880262e-01
-1.435146079897097193e-01
-9.045699186685807192e-02
-2.752230703368085951e-02
3.969653102003611878e-02
1.037704568197252986e-01
1.574780048043282754e-01
1.950053074634996442e-01
2.121329500646178534e-01
2.065490988946263595e-01
1.780789633506034697e-01
1.303415160600027711e-01
6.726515097902252549e-02
-3.903465715508591671e-03
-7.544604706514035364e-02
-1.395193065445020641e-01
-1.894479693445211277e-01
-2.191956473984286724e-01
-2.250608597783504417e-01
-2.076666006817333709e-01
-1.681133894978867893e-01
-1.103984981533646659e-01
-4.034262199262816928e-02
3.369308710196605716e-02
1.042445822398330169e-01
1.630063214246981751e-01
2.035267022491336064e-01
2.227150203689485242e-01
2.180109102629952389e-01
1.896652393858844210e-01
1.404318145438785415e-01
7.656092607572628772e-02
3.959743846909224985e-03
-6.912332550653343954e-02
-1.346039115041119949e-01
-1.856246693392077374e-01
-2.168382212822292932e-01
-2.248988319415988757e-01
-2.086428032371661079e-01
-1.710837447464080840e-01
-1.155150671692798392e-01
-4.822835642364431408e-02
2.359150221707650985e-02
9.193601994623690210e-02
1.498072329896988908e-01
1.905264095095626775e-01
2.095748266586261455e-01
2.065406935510980535e-01
1.813835741688356595e-01
1.367922872521127875e-01
7.738027780588030424e-02
1.039357208534141819e-02
-5.754148997832964074e-02
-1.186267501980174943e-01
-1.662132232651986063e-01
-1.962229128989690929e-01
-2.054212370633197171e-01
-1.929430993422702745e-01
-1.600597952890797648e-01
-1.114009602988654812e-01
-5.142308211934720763e-02
1.306033219491209429e-02
7.494784977256285785e-02
1.277651977656475424e-01
1.661838896801886012e-01
1.858040674560785810e-01
1.843146677807740996e-01
1.635992224063773648e-01
1.255647925343725824e-01
7.449867277803856602e-02
1.597333758940466808e-02
-4.323086832996758666e-02
-9.710717906146715261e-02
-1.394364545194338723e-01
-1.656725677930150908e-01
-1.744978205727288900e-01
-1.648695274458226168e-01
-1.379337810744137860e-01
-9.677778999787023384e-02
-4.698475856307005039e-02
6.727885465634075857e-03
5.837508992507478567e-02
1.021635644108687124e-01
1.340897825027909107e-01
1.509419039055872602e-01
1.510600061624092216e-01
1.345234398159629308e-01
1.041160010801984726e-01
6.255834241697844078e-02
1.476445807355131201e-02
-3.387473443168720344e-02
-7.817682330316155781e-02
-1.137093715225916402e-01
-1.363392851503282266e-01
-1.436296924510114259e-01
-1.364822343744999111e-01
-1.155391800909679745e-01
-8.290314162462586456e-02
-4.214328365203867666e-02
1.738303769508675600e-03
4.429113767874315322e-02
8.037490541434810787e-02
1.061122175828530523e-01
1.200834850946521648e-01
1.208005946983423673e-01
1.081289823073843248e-01
8.367045335351130930e-02
5.106310348978193581e-02
1.331218872272765807e-02
-2.525574232724170365e-02
-6.007945276127613088e-02
-8.766827634675600223e-02
-1.053356912949914292e-01
-1.110800789351578111e-01
-1.042779533480714393e-01
-8.683623648426264108e-02
-6.034932317152441605e-02
-2.809259625297577667e-02
5.985099316107467260e-03
3.806682733705302191e-02
6.491297987442989914e-02
8.322292575009959670e-02
9.101002929235568750e-02
8.887200213206192245e-02
7.702212551870180057e-02
5.667979580149773433e-02
3.039883065142001684e-02
1.826720151724581243e-03
-2.619571126128217298e-02
-5.022398267230210323e-02
-6.751499369492508507e-02
-7.739322221892186437e-02
-7.888976844114437004e-02
-7.175144380711584446e-02
-5.711956824576702729e-02
-3.741710831658828784e-02
-1.443324352693720058e-02
8.987890845279622454e-03
2.982974467200794066e-02
4.616096230276678369e-02
5.647544249062508293e-02
5.963596992814301778e-02
5.551855356189117074e-02
4.560810070221466006e-02
3.078037023309687648e-02
1.278837242158825660e-02
-5.969947461001989808e-03
-2.342627175389566663e-02
-3.788426396569277710e-02
-4.745826559735510930e-02
-5.124195181381618891e-02
-5.000920475380643548e-02
-4.383302295557611750e-02
-3.329965710829108083e-02
-1.996573317584671159e-02
-5.638109963007620351e-03
8.339480447145053432e-03
2.010291751861426057e-02
2.829353307374771198e-02
3.292948513660620691e-02
3.360098020775459382e-02
3.006887934941016027e-02
2.305987231596029474e-02
1.395061156406507408e-02
3.535744113736027927e-03
-6.861171692787437770e-03
-1.583620544637687200e-02
-2.284502742251359741e-02
-2.726827676423082547e-02
-2.834492927441567556e-02
-2.615641009978408871e-02
-2.171651058637757981e-02
-1.536854372295393123e-02
-7.873524189220049152e-03
-4.534547810827183056e-04
6.110584773825644689e-03
1.124098147547125670e-02
1.418656844330423716e-02
1.472907423555636086e-02
1.346139702386639492e-02
1.045265032442754816e-02
6.070613204973041022e-03
1.238379418492474571e-03
-3.237959001884727073e-03
-6.999241822512436428e-03
-9.669642169705450208e-03
-1.101063904552446182e-02
-1.132583988478841341e-02
-1.055849770606887006e-02
-8.725913317523259494e-03
-6.342780168535067098e-03
-3.998501935170928334e-03
-1.876134043006572050e-03
-1.916922885105698526e-04
8.475968791772370281e-04
1.402850828687851603e-03
1.394961777940295633e-03
7.618033427398973600e-04
-2.449404637862029332e-04
-1.328451111464179490e-03
-2.400430825406085766e-03
-3.320939148154899989e-03
-3.930576183370670940e-03
-4.239626348176428472e-03
-4.209890245740921522e-03
-3.865985323134868423e-03
-3.358928794723325950e-03
-2.872757648519019824e-03
-2.435109356350162457e-03
-2.051264755555393116e-03
-1.784907896043019804e-03
-1.659020470286431959e-03
-1.597213059868596297e-03
-1.593321527551982975e-03
-1.641181736098618060e-03
-1.734629548270860688e-03
-1.867500826830847949e-03
-2.033631434540605909e-03
