2.296423567804128929e-01
2.242003528035534377e-01
1.946508325546798535e-01
1.464847506731306037e-01
8.519306179824459591e-02
1.626672056935962729e-02
-5.480331837418506158e-02
-1.225261003930524506e-01
-1.757712432605329500e-01
-2.114797682222546715e-01
-2.254689962547486992e-01
-2.145707459685868290e-01
-1.788989230696486077e-01
-1.230034813854671283e-01
-5.105053584627672336e-02
2.918760231563455321e-02
1.092533323784363741e-01
1.802450476761079390e-01
2.346264297960685141e-01
2.652670163077506249e-01
2.678369975696399674e-01
2.430197199227652760e-01
1.920742951877236759e-01
1.195320855557724382e-01
3.219385845380284827e-02
-5.995826765034273365e-02
-1.478004377660910862e-01
-2.208213983189142304e-01
-2.706968670868887816e-01
-2.927733839235683311e-01
-2.836051481363929261e-01
-2.432300271481406817e-01
-1.748583195995904171e-01
-8.648283694633429608e-02
1.417158035216004031e-02
1.161022865369021329e-01
2.082864072355921081e-01
2.806613700893778596e-01
3.253159067372932700e-01
3.363643467751951111e-01
3.112884059960410177e-01
2.540207566978081033e-01
1.691074168850312809e-01
6.532779630315577180e-02
-4.689372262557145454e-02
-1.550007380832539861e-01
-2.479462805709109485e-01
-3.148331662982729595e-01
-3.478352651490257408e-01
-3.445304194102862816e-01
-3.039586379768628444e-01
-2.298984917915507520e-01
-1.292567175760878095e-01
-1.382808261486279111e-02
1.056079762216928231e-01
2.159458467577384244e-01
3.051298419707195730e-01
3.640474874942045691e-01
3.858846255312267104e-01
3.678892073450739097e-01
3.108178791883544623e-01
2.213880989420926593e-01
1.071565573998032317e-01
-1.929568164372685857e-02
-1.449306532301953832e-01
-2.562859465374927037e-01
-3.418435722395996024e-01
-3.916707562923449348e-01
-3.995679351215329911e-01
-3.662125679664325340e-01
-2.936096074219414209e-01
-1.889155660587803487e-01
-6.198539736655095389e-02
7.305727086666946590e-02
2.029241441296414372e-01
3.128851869557733867e-01
3.911751019069924507e-01
4.307866455525937166e-01
4.265130165231525439e-01
3.782944191783972343e-01
2.900689764489512434e-01
1.721516022428886128e-01
3.503297767148727537e-02
-1.065045598161991069e-01
-2.377493414422421347e-01
-3.448623026273591741e-01
-4.166158028037835193e-01
-4.446262207876986450e-01
-4.246617584725026484e-01
-3.606164553173587528e-01
-2.576471779937485884e-01
-1.264047315112228898e-01
2.029710539066931219e-02
1.663497335903887375e-01
2.971795737315667818e-01
3.982049482352383318e-01
4.583357877542861836e-01
4.726114484294716700e-01
4.382922767081673943e-01
3.587552537497786798e-01
2.412190844998931549e-01
9.925514812057412151e-02
-5.418321405172288330e-02
-2.028145169964645778e-01
-3.310681317525198120e-01
-4.258710676424599662e-01
-4.770949937662235518e-01
-4.791039091929990557e-01
-4.304737579512097900e-01
-3.375326127676265831e-01
-2.080262176908321825e-01
-5.562660838485899983e-02
1.046805188934092357e-01
2.558588425285333035e-01
3.828010504363397182e-01
4.715203975577384465e-01
5.121087821744894075e-01
5.019811053154239477e-01
4.407013824570815697e-01
3.342734545823184966e-01
1.923406331623893628e-01
3.060267518423920308e-02
-1.356672056916095048e-01
-2.883792813809976652e-01
-4.116471522172339137e-01
-4.934602504299601122e-01
-5.246139155848235092e-01
-5.014563420505420144e-01
-4.249898222494523647e-01
-3.042088694030631313e-01
-1.493966101994808060e-01
2.263547305237545437e-02
1.945077647253465880e-01
3.482347279672060036e-01
4.682858049645148846e-01
5.415007392544921583e-01
5.592740815918557651e-01
5.213671983763943363e-01
4.299020430150755079e-01
2.940641295316868131e-01
1.264481677759412559e-01
-5.454922912942206104e-02
-2.314828106049525713e-01
-3.850098204490577380e-01
-4.991868339258991316e-01
-5.635620052722478679e-01
-5.702102962353420290e-01
-5.178982766420612283e-01
-4.105340056981223729e-01
-2.602930594738007697e-01
-8.034556427645100918e-02
1.100572347977393228e-01
2.916980773112307634e-01
4.455551275156242053e-01
5.557448986011856995e-01
6.100398716214721073e-01
6.013334496111124583e-01
5.322001477095841260e-01
4.076590162420201668e-01
2.403188736628834032e-01
4.583312021570784545e-02
-1.546886745696763876e-01
-3.415497035276894300e-01
-4.941885592177909237e-01
-5.962535012237248910e-01
-6.383186008455294935e-01
-6.143120964652417637e-01
-5.262853272242342673e-01
-3.814487753276404325e-01
-1.960600465097022127e-01
1.313995686439350941e-02
2.238406897650733196e-01
4.144409667160713351e-01
5.648657697931787069e-01
6.591064615278505734e-01
6.864185801011704058e-01
6.418784566841202466e-01
5.319944123998605612e-01
3.657515746336410523e-01
1.605329421501766607e-01
-6.384344433762478843e-02
-2.829432468253012534e-01
-4.747337049788086238e-01
-6.181017332721312485e-01
-6.970798363007629783e-01
-7.046503758415263441e-01
-6.378481605230688078e-01
-5.035352036588455205e-01
-3.136648296045531081e-01
-8.971697320060467717e-02
1.473625137407268415e-01
3.721092792693021511e-01
5.609112646870662022e-01
6.940118990317338810e-01
7.565501583429594668e-01
7.417681970479572673e-01
6.489775354750983993e-01
4.889801478346809116e-01
2.754247991529497064e-01
3.173666541291297882e-02
-2.177896310154185944e-01
-4.463006542672418586e-01
-6.302733664379667200e-01
-7.492854866860526597e-01
-7.892683910742065434e-01
-7.477144566660731684e-01
-6.262968279241805103e-01
-4.378090617565048026e-01
-1.996099856551079021e-01
6.180178928217694434e-02
3.206887592314597857e-01
5.481840779717284118e-01
7.201339416883796307e-01
8.194409608401447276e-01
8.337764186136289446e-01
7.613965726862783612e-01
6.074531697401532870e-01
3.898871022378502804e-01
1.284340121126217316e-01
-1.481815680555489401e-01
-4.116219234708177188e-01
-6.334473657265986546e-01
-7.900654077736477543e-01
-8.639787811835757392e-01
-8.450582598853993987e-01
-7.375620525391686222e-01
-5.498507925997859758e-01
-3.024119318701170567e-01
-1.925852192736077217e-02
2.681078793711146879e-01
5.305641003050320936e-01
7.390118412756043753e-01
8.705187942696550607e-01
9.126226864145101647e-01
8.584813164977425082e-01
7.143427605574985684e-01
4.929698543670826272e-01
2.200759312051590033e-01
-7.825384358009501717e-02
-3.693474921545448764e-01
-6.225863098441897225e-01
-8.110851942660665115e-01
-9.140620565435868539e-01
-9.208018143785454690e-01
-8.282166067545655430e-01
-6.480597440894698691e-01
-3.960472916226269735e-01
-1.005777076476460641e-01
2.083855456625118840e-01
4.970636512557240483e-01
7.354123857453087609e-01
8.970867455625075593e-01
9.634808742876836973e-01
9.297456082082784512e-01
7.967124286635787200e-01
5.794424974276972673e-01
2.984264520131434395e-01
-1.444902494312316765e-02
-3.276748826990713015e-01
-6.062380863978944490e-01
-8.203704806141884909e-01
-9.485797190326534789e-01
-9.755931556448893538e-01
-8.989872086472440182e-01
-7.245042223493756151e-01
-4.732589732426339957e-01
-1.688800636296965418e-01
1.547181073445280663e-01
4.638252398079250050e-01
7.250080460604491073e-01
9.103815505096444216e-01
9.997728970907326929e-01
9.817021569463244557e-01
8.611642680788504922e-01
6.482442349488970468e-01
3.670682495839336923e-01
4.574722570464806459e-02
-2.796556667441859600e-01
-5.755408844234599641e-01
-8.092792964112514031e-01
-9.552792992091639901e-01
-1.000000000000000000e+00
-9.367379826199450088e-01
-7.736000138449863339e-01
-5.258147482344932566e-01
-2.227745497121336182e-01
1.056731841290818874e-01
4.232614511047214645e-01
6.962052914485459265e-01
8.957133159710659598e-01
1.000000000000000000e+00
9.988385586294870055e-01
8.904855132491595882e-01
6.892405585391647715e-01
4.136149630748380268e-01
9.525009556191754712e-02
-2.329324867298130375e-01
-5.350024274015205972e-01
-7.792854873062516896e-01
-9.392985200701515769e-01
-9.969402060243551800e-01
-9.491513329646847907e-01
-7.988373376567414752e-01
-5.637782260127160994e-01
-2.670669440673560935e-01
5.724173544590960283e-02
3.759350409131703152e-01
6.534998678052545973e-01
8.602054027653154300e-01
9.760392880319275211e-01
9.874573567558815324e-01
8.946092570889077056e-01
7.056459300569570825e-01
4.440236093728491262e-01
1.351939280138909627e-01
-1.860989801105039643e-01
-4.859978113003231570e-01
-7.323072707889187738e-01
-8.988213769817853249e-01
-9.680848926381561137e-01
-9.312549920863729680e-01
-7.962150934973558636e-01
-5.753233347645718698e-01
-2.941573260197853923e-01
1.854145493288794633e-02
3.275170264108966389e-01
6.007264191788224128e-01
8.084382748497134230e-01
9.280755285904127572e-01
9.497945947683703594e-01
8.699319541728789407e-01
6.992017278716051720e-01
4.544490414755804064e-01
1.651678171625301506e-01
-1.397299135678043980e-01
-4.266917923258664036e-01
-6.650550540291754187e-01
-8.304503690969078367e-01
-9.050824099570895509e-01
-8.828218195485422193e-01
-7.648430802965504594e-01
-5.671994196574524638e-01
-3.088334211788159589e-01
-1.977526818932173747e-02
2.697592696356632125e-01
5.282915728948733847e-01
7.287415833633235085e-01
8.500821323232692350e-01
8.787028241601719802e-01
8.154369673083736725e-01
6.656336545852656883e-01
4.474246020038312732e-01
1.828319638800677271e-01
-9.750044598466856005e-02
-3.647804867858283062e-01
-5.894843199889947538e-01
-7.476327485632039416e-01
-8.252144624741040158e-01
-8.132112149654568967e-01
-7.149311173474980352e-01
-5.399343708374448880e-01
-3.103370322839947848e-01
-4.879815080602378785e-02
2.152048497013498984e-01
4.537090891599342424e-01
6.417967532081898518e-01
7.597079898294523126e-01
7.963751078030105734e-01
7.471581746919331302e-01
6.210076396016301903e-01
4.299012228924901091e-01
1.968251630670918573e-01
-5.380149347166818252e-02
-2.941646039771486087e-01
-4.994499739957907192e-01
-6.478668973387885499e-01
-7.234578510372804416e-01
-7.217930659364721890e-01
-6.423267881740328811e-01
-4.957007405099530528e-01
-2.969414836652932710e-01
-7.005301436629540746e-02
1.619297172092994952e-01
3.732099770381869241e-01
5.415485798643087101e-01
6.513887021671516120e-01
6.909333058877706879e-01
6.577987823538073986e-01
5.552505526672613101e-01
3.974454378286709222e-01
1.998428064569033324e-01
-1.467534319486674121e-02
-2.234598964946374888e-01
-4.043766171191949255e-01
-5.388090240223084582e-01
-6.133173707080494808e-01
-6.198252921036226937e-01
-5.616268532385353396e-01
-4.443594504837562464e-01
-2.821305265440074983e-01
-9.173420106283081132e-02
1.049175242729682989e-01
2.876610110663857522e-01
4.366717940994082614e-01
5.363320972468266223e-01
5.791394744446840548e-01
5.604282367792006170e-01
4.839322150191662786e-01
3.576900636258733002e-01
1.978560510745901446e-01
2.026674484531465481e-02
-1.553604398017407462e-01
-3.103266993048507949e-01
-4.291607069688029297e-01
-4.998550547528257670e-01
-5.164491449127683875e-01
-4.771961731553715502e-01
-3.891086387574991257e-01
-2.607149120625368299e-01
-1.076451170207762820e-01
5.367704275820139870e-02
2.058994805873646250e-01
3.336574177887070558e-01
4.237469648939009570e-01
4.669038241966709801e-01
4.618940552724359883e-01
4.092152170303537950e-01
3.158231206998618479e-01
1.916817568718360842e-01
5.182447800638767532e-02
-8.955910773378050749e-02
-2.167774783731342136e-01
-3.168001443789423277e-01
-3.816832866919694922e-01
-4.047998044547393981e-01
-3.848142465790151956e-01
-3.242798599953169436e-01
-2.319562651189795988e-01
-1.168196870520318287e-01
7.968705303335932300e-03
1.291249025409468842e-01
2.343269930485545327e-01
3.132055572813896571e-01
3.580259729729695639e-01
3.643279719623340185e-01
3.346129250854572579e-01
2.719982873217265951e-01
1.836857250215624404e-01
7.893996260096969309e-02
-3.030818148426128733e-02
-1.331572578437726362e-01
-2.185564938765085508e-01
-2.779203571000159467e-01
-3.076093924607602448e-01
-3.048087107654919858e-01
-2.706130516763117777e-01
-2.090047704944772988e-01
-1.282175187794801774e-01
-3.593342171325242251e-02
5.791472298129374252e-02
1.433589861821464861e-01
2.123042517108200133e-01
2.583121648476571774e-01
2.771948934366816886e-01
2.672606923508333843e-01
2.318354674707434615e-01
1.744057991139122965e-01
1.016624433074559963e-01
2.151889729896083736e-02
-5.750602462134801751e-02
-1.278106559945423326e-01
-1.820704521209818294e-01
-2.150211319301513768e-01
-2.255909720478392888e-01
-2.129151375995240736e-01
-1.786431790210372128e-01
-1.267251365262145324e-01
-6.378472373606491885e-02
4.281761661528715734e-03
7.021954210586223155e-02
1.273662373494939271e-01
1.713772160596092053e-01
1.981935443465363544e-01
2.051803653131392124e-01
1.920348024138620602e-01
1.617056561250180824e-01
1.169030378846056539e-01
6.234531798555775772e-02
3.761547717346491737e-03
-5.298899685524727232e-02
-1.027246192702585548e-01
-1.401795328542366770e-01
-1.617978735313714278e-01
-1.674199590459390929e-01
-1.565807157735414901e-01
-1.301389148340312829e-01
-9.095713844905339851e-02
-4.370605384133696703e-02
7.386169551331756011e-03
5.681647806924039479e-02
9.965391001909873481e-02
1.328156602898995509e-01
1.532591695509928353e-01
1.584501642518350017e-01
1.480010711794361722e-01
1.244056309580301445e-01
8.957420903728618988e-02
4.693318467152396423e-02
1.042061650495584857e-03
-4.355718205870040549e-02
-8.288624342433681402e-02
-1.125813490216013291e-01
-1.297549000810540587e-01
-1.342730611579879829e-01
-1.256132782266610182e-01
-1.041837159449631178e-01
-7.233528128904431753e-02
-3.397434693431988784e-02
7.724044663904194863e-03
4.839491019921760007e-02
8.394173973298602043e-02
1.118915816696188781e-01
1.296301977608798062e-01
1.347209876450083943e-01
1.267390842204778600e-01
1.076898900511462642e-01
7.897957119349663380e-02
4.307186827146058938e-02
3.631596427055461263e-03
-3.531221081885815849e-02
-7.024186938524112911e-02
-9.700855222230042596e-02
-1.128901825778317880e-01
-1.177178440423659600e-01
-1.107963628912088661e-01
-9.209890157001343614e-02
-6.351203785957215686e-02
-2.846393604105801334e-02
1.017720574042235704e-02
4.822595613035374207e-02
8.163637656910749385e-02
1.076765806201356312e-01
1.238306015597949727e-01
1.276425413239004047e-01
1.185367044240688283e-01
9.858349189825132974e-02
6.924959164419441926e-02
3.336505491865038309e-02
-5.139989929522470469e-03
-4.223482989816951250e-02
-7.447567206511396254e-02
-9.792343555561100477e-02
-1.100769539630986893e-01
-1.110413846071042210e-01
-1.004957115520677124e-01
-7.896060262227488913e-02
-4.880582019252743819e-02
-1.392514285175527888e-02
2.269784056537038630e-02
5.702679592787007756e-02
8.532746622181841545e-02
1.055900428901523913e-01
1.157669911298679910e-01
1.141996121276183107e-01
1.010717815031643152e-01
7.866887284338042186e-02
4.870608533234999094e-02
1.421462682559893054e-02
-2.096507969830041507e-02
-5.315720213102415048e-02
-7.929609191988262751e-02
-9.598883147673531457e-02
-1.013402652700697848e-01
-9.622470487342738021e-02
-8.091319255289386447e-02
-5.640293419128084018e-02
-2.531024602534059920e-02
8.583055644461712319e-03
4.216041617567745092e-02
7.136575830746161309e-02
9.293450256931534703e-02
1.056478255158013191e-01
1.081597287202691327e-01
9.974585196268792586e-02
8.138152786842156594e-02
5.576690281665741544e-02
2.490604484541059094e-02
-7.845842117725432274e-03
-3.863289692574678469e-02
-6.445110310714463608e-02
-8.288027968160305292e-02
-9.137843388986266469e-02
-8.890930449795741985e-02
-7.701549580564559516e-02
-5.660169589207264540e-02
-2.975664394698684934e-02
2.966067711576148014e-04
3.014205265377434273e-02
5.690957562381027124e-02
7.714290888904185017e-02
8.863302234613468222e-02
9.155184060980792182e-02
8.549913490528049387e-02
7.065347136127475558e-02
4.889190226675199646e-02
2.339049982084806523e-02
-3.653424791527748461e-03
-2.912585327113126343e-02
-5.006012383175051372e-02
-6.513185732537940531e-02
-7.287693986725785056e-02
-7.198733792642142415e-02
-6.270715769787915672e-02
-4.695565566993742390e-02
-2.594489374939057402e-02
-1.898376062137274722e-03
2.224600529182185760e-02
4.397813202430000956e-02
6.128702785621298332e-02
7.187775750682923182e-02
7.464191713023371477e-02
7.055506605539529907e-02
5.985176462046792878e-02
4.333686361924327102e-02
2.307909804491292682e-02
1.610030110337001830e-03
-1.912663630696187500e-02
-3.641479324030760800e-02
-4.824986786039786590e-02
-5.452323716904283746e-02
-5.462153815902814902e-02
-4.800937151304585093e-02
-3.558840398679652406e-02
-1.941084034382667411e-02
-7.858595510747967694e-04
1.811365317563096156e-02
3.494140584963911778e-02
4.843942226654029959e-02
5.738469020442726887e-02
6.018895045137595545e-02
5.658289259100546253e-02
4.803291566407752455e-02
3.513398863495575952e-02
1.929297857754885825e-02
2.763875821057748539e-03
-1.267319322821314209e-02
-2.569131081134490291e-02
-3.455939089036930145e-02
-3.836708483330197872e-02
-3.773223747314347065e-02
-3.262398902023611047e-02
-2.334751673564183783e-02
-1.138746287115688371e-02
1.365906624934298819e-03
1.390111017262229964e-02
2.473945133183996781e-02
3.261803064870871793e-02
3.763250325687739206e-02
3.926569245574640377e-02
3.683470792480880718e-02
3.089193646622168110e-02
2.274181175676859290e-02
1.299764935707981017e-02
2.773770354971727414e-03
-6.582769548831413076e-03
-1.440104364988337160e-02
-1.998300102274452872e-02
-2.238461235185185139e-02
-2.150545972062734013e-02
-1.821844942996242445e-02
-1.269953528019163169e-02
-5.372579898900720075e-03
2.677852989429352348e-03
1.050214848888009200e-02
1.747120730160256485e-02
2.267546969326450501e-02
2.559593105570812099e-02
2.654770009778872897e-02
2.538118721592863558e-02
2.197513513224480519e-02
1.694057869297793673e-02
1.116046250076174751e-02
5.067687995582659255e-03
-6.678773981615426791e-04
-5.370338271396213337e-03
-8.896214134535451734e-03
-1.090828828782608451e-02
-1.091076632856324835e-02
-9.026080914630418839e-03
-5.893114749422889709e-03
-1.731765137039320557e-03
2.999742919679304620e-03
7.614927420381167877e-03
1.171134167264331616e-02
1.492401730331605059e-02
1.669331334379320353e-02
1.684581225671699656e-02
1.573475953684555506e-02
1.344180417637974578e-02
1.032883053043365251e-02
7.023471069762088348e-03
4.009359778226251336e-03
1.531477246195178665e-03
-1.846387060705501071e-04
-9.963488154465238722e-04
-1.060625880561327783e-03
-3.603744339537584551e-04
1.059487824262683731e-03
2.837656453774206611e-03
4.523305673491018197e-03
5.996446836215696408e-03
7.150461602673630068e-03
7.869905781395125643e-03
8.317633671845570120e-03
8.428148803021562330e-03
8.100133279381083184e-03
7.478391912201898251e-03
6.725851024815154844e-03
5.905543130122703488e-03
5.142455321319516770e-03
4.552098761505973812e-03
4.149017324748260904e-03
3.969683268193691106e-03
4.002630284312802544e-03
4.165211674384883267e-03
4.348219842914335942e-03
4.542371126840638595e-03
4.768114864688977050e-03
4.987445807804302689e-03
5.179984879683852128e-03
5.330255078682899494e-03
5.427809693252072520e-03
5.501023206438748758e-03
5.606235132422643375e-03
5.726134605207766626e-03
5.802019589503881747e-03
5.817468193684893762e-03
5.756769074678480536e-03
5.629984204206239795e-03
5.480003631667562658e-03
5.325856118266525385e-03
5.179054362762114394e-03
5.053361071872375376e-03
4.963405692926636803e-03
4.922377261878718713e-03
4.934225879886566801e-03
4.995022713875751919e-03
5.086077487299167643e-03
5.183419325527127697e-03
5.260349479494497160e-03
5.311817241734129169e-03
5.341680085079625329e-03
5.348813963121479276e-03
5.344653716380598496e-03
5.328654592505088772e-03
5.299160863957652623e-03
5.267522441067429284e-03
5.243793312883715529e-03
5.229469227997274317e-03
5.223742313316570574e-03
5.225154217150418390e-03
5.228416124621215744e-03
5.233770989413688568e-03
5.240396276281700239e-03
5.247469449979114131e-03
5.254167975260237711e-03
5.259669316879378442e-03
5.263150939590621746e-03
