-2.114206262894965382e-01
2.065601362653810558e-01
5.058586490084719944e-01
6.981436478132609924e-01
7.950838685532333194e-01
8.083480471018738012e-01
7.496049193326674853e-01
6.305232211191038605e-01
4.590569989263422190e-01
2.396815648763255258e-01
-8.926017921817908096e-03
-2.564720221664483768e-01
-4.760917448904523619e-01
-6.462477594239266487e-01
-7.477230183642746830e-01
-7.692139547365406393e-01
-7.065859961325025029e-01
-5.694145357254029038e-01
-3.697878141668551333e-01
-1.309454728070562624e-01
1.220512125996997543e-01
3.609713365711439970e-01
5.610638389656212865e-01
6.998641758054200412e-01
7.615781334174240857e-01
7.431778026712365648e-01
6.448877130395112012e-01
4.779149066584129635e-01
2.590141495930835536e-01
1.451821509041817393e-02
-2.311614478561370145e-01
-4.502572352357147034e-01
-6.190855458275361656e-01
-7.220647770395116627e-01
-7.473428725547363038e-01
-6.927641561614767962e-01
-5.631724148427013077e-01
-3.754636884950792730e-01
-1.472605439101739577e-01
9.530301534186080836e-02
3.262269005294493596e-01
5.207625800284851891e-01
6.585105270305811054e-01
7.244599277914363089e-01
7.104915940981033629e-01
6.226022921959895040e-01
4.686479436663426590e-01
2.657056743335908244e-01
3.453629380994938103e-02
-1.982582860336834507e-01
-4.087584929217851215e-01
-5.732821238633356575e-01
-6.739476371943295963e-01
-7.037758357636718642e-01
-6.586653126132544500e-01
-5.443606469845767570e-01
-3.724777625313053786e-01
-1.645548172541906329e-01
5.921329046757417558e-02
2.739872529906168808e-01
4.562657703012418242e-01
5.876319013521857926e-01
6.544307596349243639e-01
6.506991668874808621e-01
5.762069843570487571e-01
4.421890872210878509e-01
2.611527671901434644e-01
5.473462396254302753e-02
-1.545780469204954821e-01
-3.442596501897285943e-01
-4.949266743637555921e-01
-5.903597244013725209e-01
-6.201800691418590805e-01
-5.857552433706165740e-01
-4.900856448810441135e-01
-3.443563223615571101e-01
-1.639501672819929645e-01
2.949020280309411213e-02
2.162990820950894122e-01
3.754171458711976772e-01
4.901985570005125137e-01
5.524839521699596023e-01
5.554973408432568593e-01
4.998149552790749350e-01
3.917233980025405238e-01
2.459038166425029370e-01
7.641266405479241186e-02
-9.747417310319805850e-02
-2.567683919231905643e-01
-3.854401876933404303e-01
-4.706851837295017438e-01
-5.044627730150705869e-01
-4.834355608939058246e-01
-4.137303860240930664e-01
-3.020654969136187251e-01
-1.615824126483313972e-01
-7.533016740322917570e-03
1.430410725817976569e-01
2.750416477426931294e-01
3.740633790657226232e-01
4.299766341664299496e-01
4.412550073512926385e-01
4.068845259306539397e-01
3.312516120653183904e-01
2.228155267119320548e-01
9.533483429199507420e-02
-3.860798629212947031e-02
-1.639822529516133942e-01
-2.675662155996422209e-01
-3.411655196494408626e-01
-3.778398244402662032e-01
-3.746133200044078349e-01
-3.326328689839730401e-01
-2.593484204885131428e-01
-1.617295418429116616e-01
-5.156215774320227485e-02
5.855799790306859265e-02
1.577377180623582564e-01
2.366789471947536860e-01
2.875144594849881052e-01
3.056916291915514616e-01
2.934610947215570143e-01
2.525226943366463139e-01
1.876323044928551731e-01
1.064382189853096961e-01
1.878355132208708866e-02
-6.684549004108120140e-02
-1.410367304228824503e-01
-1.967918253178422283e-01
-2.324865341275155206e-01
-2.451864207001929197e-01
-2.338338003389447417e-01
-2.009528094588056701e-01
-1.519919094482012900e-01
-9.129672778873265671e-02
-2.550868442557130411e-02
3.820383894766510302e-02
9.489833466995101219e-02
1.401163126156836913e-01
1.696715540743132244e-01
1.816788082093245826e-01
1.782031857821397836e-01
1.598837341037120385e-01
1.282745972413172897e-01
8.721626216187261527e-02
4.086767727729401223e-02
-7.033880234732614589e-03
-5.156351177127971308e-02
-8.923718440612338210e-02
-1.196081241473545553e-01
-1.404046265914121738e-01
-1.484108923050877493e-01
-1.435314551679589545e-01
-1.282778720941285533e-01
-1.036861307329111082e-01
-7.115771641538937153e-02
-3.352246626459487455e-02
6.634215045345337458e-03
4.641848264579828687e-02
8.197989543136730006e-02
1.108878781179265527e-01
1.325555170841596908e-01
1.449601325830427445e-01
1.446955852566913503e-01
1.315367966216738349e-01
1.081360025466671093e-01
7.557340816803481687e-02
3.492257056310732466e-02
-1.091749521241558440e-02
-5.856778200671108880e-02
-1.043226666884289333e-01
-1.422309239172168116e-01
-1.682213319923194783e-01
-1.807212200994937623e-01
-1.776730148145724275e-01
-1.566922614423574833e-01
-1.187671037783829542e-01
-6.830592149993541806e-02
-8.606309303718417958e-03
5.457762848934288868e-02
1.144868770244029665e-01
1.650862227420655248e-01
2.012574366833801420e-01
2.171516668551520812e-01
2.100844636244521002e-01
1.822099468914291087e-01
1.348616838683358576e-01
7.094102627772946867e-02
-3.449874129556551594e-03
-7.957801511727935484e-02
-1.505367642826060948e-01
-2.077075822694758322e-01
-2.443049017521704558e-01
-2.576932051742208962e-01
-2.453109880117021468e-01
-2.065301019534774296e-01
-1.445174511554044861e-01
-6.637138077813842241e-02
2.172121167316265478e-02
1.100985608332201160e-01
1.887379708583838411e-01
2.491402286587021120e-01
2.847716020478328058e-01
2.902627791165277582e-01
2.638015157381141673e-01
2.097013514787702260e-01
1.319089618058055802e-01
3.787687175443243959e-02
-6.270749146330889534e-02
-1.584162440124358140e-01
-2.394510639639700900e-01
-2.952849831621017218e-01
-3.190546665980956709e-01
-3.102427680006999422e-01
-2.684109720223194495e-01
-1.967108831800341573e-01
-1.021131411394196054e-01
3.874736708946224795e-03
1.112343166097655711e-01
2.073347478675746647e-01
2.809591797490100795e-01
3.249007878919851766e-01
3.338294282922200651e-01
3.059426520569898944e-01
2.433383741219801166e-01
1.541581193056842380e-01
4.608293730191515003e-02
-6.854726957926948749e-02
-1.767555301618226604e-01
-2.665698117909283127e-01
-3.283733033815983138e-01
-3.538938627358215738e-01
-3.391491904797260259e-01
-2.883033095333826790e-01
-2.054749340869934660e-01
-9.972926185726260773e-02
1.740118369171117507e-02
1.320432460459595170e-01
2.321760755004946830e-01
3.053450165790116966e-01
3.429141500368457773e-01
3.432575865953551020e-01
3.053848430339018982e-01
2.331006206044805573e-01
1.342210631148104127e-01
2.193481715335443560e-02
-9.275023363128764853e-02
-1.964295048860872361e-01
-2.768526127835524431e-01
-3.263523994561842168e-01
-3.391994578356075651e-01
-3.138176090591754397e-01
-2.525820553736851659e-01
-1.641838255778110822e-01
-5.687480515155152183e-02
5.625371496382403080e-02
1.618968347947584707e-01
2.482532250225693016e-01
3.059286357486996621e-01
3.279807716927771732e-01
3.113999516265570922e-01
2.606757106764927556e-01
1.802852105621770562e-01
7.979276144751512589e-02
-2.929714819143003357e-02
-1.337172570823109696e-01
-2.221058134346994839e-01
-2.831086840697167872e-01
-3.093261102806093010e-01
-3.009480579829204583e-01
-2.582311940899888469e-01
-1.859217162670044887e-01
-9.222265742075375083e-02
1.013525827143002545e-02
1.102752095397057097e-01
1.955133785982581252e-01
2.552885005385125972e-01
2.844306853169251692e-01
2.792911686385237680e-01
2.405886824067744456e-01
1.725875447640441429e-01
8.543810697428821932e-02
-1.207297130530893270e-02
-1.076281449429743464e-01
-1.890779254473057280e-01
-2.471553516346014501e-01
-2.751803340781856511e-01
-2.698632843208621512e-01
-2.312911152421115446e-01
-1.660219600705945542e-01
-8.028775858788128605e-02
1.439359425606978604e-02
1.059591250777496274e-01
1.832039572213908230e-01
2.371300010658092816e-01
2.602923696232772865e-01
2.491031070128897351e-01
2.073739246871386666e-01
1.387775782142528502e-01
5.227103814238631685e-02
-4.135327624634965726e-02
-1.295830798431006903e-01
-2.020354697574868741e-01
-2.483548502684349568e-01
-2.620367661851192853e-01
-2.440294354724239501e-01
-1.952126843315640237e-01
-1.209379368803684685e-01
-2.987860307232725887e-02
6.490257371164043221e-02
1.528439326837800483e-01
2.220273558912366774e-01
2.628744901580517546e-01
2.717228236458604229e-01
2.463342363770797405e-01
1.891373244326135517e-01
1.060818238984071460e-01
8.925806714481065995e-03
-9.225140351293215080e-02
-1.841256216133985157e-01
-2.542726842443199242e-01
-2.939613119927371176e-01
-2.975229336025535520e-01
-2.638283718033634928e-01
-1.953121116102701782e-01
-1.014253911970732780e-01
8.864293737969708431e-03
1.212214469849699494e-01
2.214550724100488033e-01
2.968944860260778196e-01
3.378930411105798282e-01
3.381223273692071096e-01
2.956307844618237812e-01
2.164921500570120561e-01
1.072276415102484393e-01
-1.885922009233653718e-02
-1.471987739647904192e-01
-2.616501348296534912e-01
-3.487267503328180807e-01
-3.957859129374926566e-01
-3.953192842193969936e-01
-3.492520395552071166e-01
-2.603110905484631310e-01
-1.376648278147858395e-01
5.963858312653780303e-03
1.522141898704512109e-01
2.850281041744715527e-01
3.867449045734450142e-01
4.439854809785626077e-01
4.510518670958085785e-01
4.046698034296130064e-01
3.088761339561243435e-01
1.725642331328882673e-01
1.312205663762533447e-02
-1.536445897476724776e-01
-3.073499327939328563e-01
-4.290924520385227536e-01
-5.041535358182380744e-01
-5.224485987870641779e-01
-4.807127212193756938e-01
-3.809428700852909300e-01
-2.356038986390183165e-01
-5.782156993436837755e-02
1.311498885314998919e-01
3.098974950054929067e-01
4.570285228602444239e-01
5.552776491705442297e-01
5.908325143724333373e-01
5.566424025324474556e-01
4.589834373894379205e-01
3.056764361508184091e-01
1.137134059872575431e-01
-9.676754372638118884e-02
-3.001009198645052667e-01
-4.739032964509057866e-01
-5.961475994434732861e-01
-6.511025967638885970e-01
-6.341529913998127377e-01
-5.440907275187520931e-01
-3.903736279678031718e-01
-1.880849069948160590e-01
3.735046277433373696e-02
2.632663452372789870e-01
4.630811024803760390e-01
6.128878378532036653e-01
6.957027999250653405e-01
7.002921227022591566e-01
6.255308224746671808e-01
4.767618552143813027e-01
2.723587211788773832e-01
3.157127441095042286e-02
-2.169900307162586639e-01
-4.455596944128695780e-01
-6.276159796167359861e-01
-7.420523187828123035e-01
-7.744871131923714014e-01
-7.183349046291939155e-01
-5.825256910632026219e-01
-3.785076885162945715e-01
-1.293248368315365049e-01
1.390955515043879043e-01
3.948847854159509563e-01
6.101692190275180838e-01
7.586860616808841495e-01
8.218925680580011495e-01
7.952201353658017169e-01
6.783166435134355687e-01
4.840523009140058619e-01
2.313914367417813089e-01
-4.881313811498932953e-02
-3.279668987216174392e-01
-5.732351775160273721e-01
-7.560906538474648775e-01
-8.566145355857377464e-01
-8.615987520323058479e-01
-7.705520639386513881e-01
-5.904784371324005576e-01
-3.440047656513507413e-01
-5.471919176764328263e-02
2.433897089274712489e-01
5.173718645305980246e-01
7.359412620417311590e-01
8.742101722583737189e-01
9.155630445531894868e-01
8.523009791766498200e-01
6.948774179184817879e-01
4.570063805900481668e-01
1.664689073797520624e-01
-1.461511322314492656e-01
-4.441491378834317993e-01
-6.953094978055203157e-01
-8.699916942506953355e-01
-9.470199505407652651e-01
-9.209061636115979388e-01
-7.913858250131271532e-01
-5.735972086926925950e-01
-2.892479679824019323e-01
2.664242708786690450e-02
3.417673389483435464e-01
6.196335327286492944e-01
8.286015602481744402e-01
9.468821220842733588e-01
9.595183344762983069e-01
8.657606401021809006e-01
6.732111636590929482e-01
4.063987351898321609e-01
9.115646079607042651e-02
-2.353722724989363302e-01
-5.373720803805045465e-01
-7.808316473844396643e-01
-9.384697377819524178e-01
-9.924458731033442005e-01
-9.342001445318434127e-01
-7.743630941942187818e-01
-5.271934368276964822e-01
-2.214798432898100744e-01
1.108474937841628094e-01
4.307681954926276813e-01
7.038682310590367308e-01
8.983474339797890007e-01
9.911779490102161638e-01
9.758531862432677784e-01
8.512858777325218451e-01
6.325159877723840474e-01
3.413811599381302297e-01
1.365830268912460177e-02
-3.171028190600438945e-01
-6.126775301230609205e-01
-8.395936877695195921e-01
-9.740999023912813026e-01
-1.000000000000000000e+00
-9.158564843743425277e-01
-7.285007585089435800e-01
-4.624341403258163119e-01
-1.435587476200632651e-01
1.906172562077506072e-01
5.035264874118257072e-01
7.601294010706509674e-01
9.320816755695713329e-01
1.000000000000000000e+00
9.540219954971591587e-01
8.042754960877032122e-01
5.644099323620261899e-01
2.628523723222759845e-01
-6.858765681672918113e-02
-3.909686968408772056e-01
-6.697989396861947498e-01
-8.731277554499342619e-01
-9.774559332829431124e-01
-9.753632751870734419e-01
-8.648870611543907350e-01
-6.601071577273490698e-01
-3.819753356926791632e-01
-6.535910137325751101e-02
2.574987151768370897e-01
5.498383861731908073e-01
7.788496091821590639e-01
9.210505121577248211e-01
9.600098752201431385e-01
8.933045056229216296e-01
7.265271823754917424e-01
4.820690670755300999e-01
1.839160419006213854e-01
-1.325048505159136525e-01
-4.325817306527059980e-01
-6.829554387200355015e-01
-8.563146087448916255e-01
-9.337180873323120966e-01
-9.050640872524726710e-01
-7.789313091529735944e-01
-5.670447817048200889e-01
-2.943794374137437275e-01
1.042085872324860496e-02
3.113039612302179737e-01
5.761741486172844429e-01
7.747437286165874681e-01
8.844725864729034992e-01
8.976669605766267601e-01
8.112838342946342429e-01
6.367228614699766975e-01
3.919414313465772182e-01
1.077934780245470847e-01
-1.868709574608029556e-01
-4.585088733251504456e-01
-6.766448686347361630e-01
-8.187339708412564310e-01
-8.690276143689190658e-01
-8.241834259024329867e-01
-6.878922319123588203e-01
-4.792385544096217087e-01
-2.187264936719975905e-01
6.264794804596496292e-02
3.340432542257905091e-01
5.653822184171906073e-01
7.317918140675814254e-01
8.149040953903083917e-01
8.043835889601009814e-01
7.069357305789851775e-01
5.317941019885186194e-01
3.001438585597882014e-01
3.678587052739046293e-02
-2.269730374593651456e-01
-4.631179127906388526e-01
-6.446965755884623839e-01
-7.514004587732459051e-01
-7.757731163835270838e-01
-7.142015327294417570e-01
-5.754459210170732586e-01
-3.743555898977813934e-01
-1.371240307976936412e-01
1.122703664969781912e-01
3.455124288179280967e-01
5.364394973284873913e-01
6.658447462948295925e-01
7.197657135662298700e-01
6.943156720886842770e-01
5.918331525029061346e-01
4.273692328487361802e-01
2.171078330648272825e-01
-1.353003078425207839e-02
-2.390488484040403927e-01
-4.346649761544649770e-01
-5.796377439156685796e-01
-6.583237449993970536e-01
-6.617216026148784458e-01
-5.947559491968705814e-01
-4.638989755425581007e-01
-2.847496956620597652e-01
-7.650630806044500520e-02
1.358849470033687279e-01
3.299711862738903267e-01
4.834492965050105617e-01
5.795114062364958851e-01
6.118976154975761528e-01
5.766415335776962081e-01
4.789736887916036245e-01
3.295201041836073319e-01
1.480620246440014220e-01
-4.717036472282798432e-02
-2.338740151274357748e-01
-3.910137344384737590e-01
-5.027643343130636655e-01
-5.575235998972110085e-01
-5.508077616567303991e-01
-4.831581434460393565e-01
-3.654895774122770558e-01
-2.093493565595737627e-01
-3.416603755601832493e-02
1.401328270675192833e-01
2.945209972339124516e-01
4.129455824002183917e-01
4.826533937575894218e-01
4.960659837038730036e-01
4.564889752113905352e-01
3.679766097415344550e-01
2.412105519126255260e-01
9.031491207531683330e-02
-6.595854882278440190e-02
-2.111994877321915487e-01
-3.287107722553836986e-01
-4.058939727030699274e-01
-4.385449028295039797e-01
-4.230417298664029824e-01
-3.618552212211137986e-01
-2.622117450814317463e-01
-1.378943603341979962e-01
-1.270200054908410259e-03
1.318669277361901315e-01
2.462888646156882189e-01
3.307188783534498189e-01
3.767332620431627088e-01
3.806696358220977849e-01
3.424845468149002592e-01
2.691778162784721484e-01
1.678407654365026147e-01
5.107075934707960840e-02
-6.763794671441125672e-02
-1.753893626601678024e-01
-2.612003976208433498e-01
-3.154225822271548019e-01
-3.323201635160160095e-01
-3.142864301170251728e-01
-2.633184278347299179e-01
-1.852712960623039695e-01
-8.905180438909243712e-02
1.327486812779365977e-02
1.109820929565454861e-01
1.922599346683233623e-01
2.483582005933864245e-01
2.765784421670882676e-01
2.740330937957273783e-01
2.412592832730164893e-01
1.825612532167004698e-01
1.067718835985269621e-01
2.114903860907135780e-02
-6.447987381694919584e-02
-1.399731811918353275e-01
-1.980817442254698690e-01
-2.333037319532454967e-01
-2.421202515537573818e-01
-2.238759280881298386e-01
-1.831388119183444685e-01
-1.237811369480827928e-01
-5.344531095376214846e-02
1.908079034249099415e-02
8.598580277747669420e-02
1.406703662085542206e-01
1.768476367932703130e-01
1.909159169480565410e-01
1.845401441303990975e-01
1.584932927619151499e-01
1.157601622971293764e-01
6.192104433480150050e-02
4.301240989016630323e-03
-5.131546897756855685e-02
-9.806599614238775686e-02
-1.308760581008042712e-01
-1.492277054585273710e-01
-1.513809252756649348e-01
-1.367318073853243110e-01
-1.077232460495846089e-01
-6.914443303847983557e-02
-2.451138120621365601e-02
2.061614062454086849e-02
6.057206643834711635e-02
9.212710239669141821e-02
1.124755043370797569e-01
1.192436777313610197e-01
1.122388183264810824e-01
9.440215533866203046e-02
6.726470644165205570e-02
3.384682965898089257e-02
-1.361690129045411979e-03
-3.457540730264285767e-02
-6.273619154945930809e-02
-8.217096261810730162e-02
-9.109261342548236051e-02
-9.098077268648163685e-02
-8.176150435714313325e-02
-6.411816361656597074e-02
-4.083318380996547869e-02
-1.511956514789192241e-02
1.078652508284161371e-02
3.347763363915023938e-02
5.033502438485104591e-02
6.127738585440489771e-02
6.531971417176696271e-02
6.145793108496477863e-02
5.074859182099067390e-02
3.572567534719151006e-02
1.760023233796181863e-02
-1.602974005906365740e-03
-1.935537471846371371e-02
-3.441395255515444784e-02
-4.539126320043318508e-02
-5.022980584255098968e-02
-4.867903187348532335e-02
-4.255388659693049025e-02
-3.225097722924596955e-02
-1.903435300969780197e-02
-5.232465334699565318e-03
7.549126514533988086e-03
1.823070031501350385e-02
2.550185708556540476e-02
2.873426464923500845e-02
2.857609222972690155e-02
2.498095570592129278e-02
1.823523061260590161e-02
9.810575607514415708e-03
1.490567996935254769e-03
-6.103609618191896402e-03
-1.227147233016978589e-02
-1.634836853003829304e-02
-1.881678727795277339e-02
-1.937119550045207639e-02
-1.760324404310864566e-02
-1.414564562437770068e-02
-9.880454523943482670e-03
-5.142319084613378166e-03
-5.352504960285386915e-04
3.284938572343465424e-03
6.164406208128303533e-03
7.838609995753254012e-03
8.106064469092677527e-03
7.222328671258049226e-03
5.756366229872078577e-03
3.804144345328719368e-03
1.512891686451078854e-03
-7.044315477199303288e-04
-2.630015359855186752e-03
-4.109878948501788365e-03
-5.045830306106280361e-03
-5.526144845205527290e-03
-5.814135404609954705e-03
-5.861630987053612074e-03
-5.520099418075075093e-03
-4.896392975644148216e-03
-4.123714066333050710e-03
-3.264705839081449845e-03
-2.412811223561850404e-03
-1.604545649791400130e-03
-7.757324387889230621e-04
-1.482095576121889025e-05
4.888847591362210920e-04
6.849966115385353049e-04
5.875665529859741554e-04
2.195669290467883172e-04
-2.976554972454747983e-04
-8.522429316462076798e-04
-1.365137629292245691e-03
-1.788286032042396556e-03
-2.088954516529017980e-03
-2.238804278850703433e-03
-2.252013136664565707e-03
-2.131699238249629147e-03
-1.912062248190848912e-03
-1.673212809064739126e-03
-1.506227722124386936e-03
-1.420780537786714426e-03
-1.392197648416582112e-03
-1.412634729391237798e-03
-1.443300770040401027e-03
-1.487106833016116347e-03
-1.537898592067987735e-03
-1.589521720946063255e-03
-1.635821893400168925e-03
-1.670644783179686677e-03
-1.687836064034664574e-03
