-4.451250009025894405e-01
6.801781967509534788e-02
4.570511592214447916e-01
7.314812207281977674e-01
9.008142071870928191e-01
9.745563215898702669e-01
9.622137669282686545e-01
8.732927461940309666e-01
7.081672283271389645e-01
4.681903923371115717e-01
1.735058624335259481e-01
-1.406534648269491816e-01
-4.410072433614239396e-01
-6.971376343804904785e-01
-8.811229931743110866e-01
-9.723684383705659684e-01
-9.590235647464955271e-01
-8.458718985581857863e-01
-6.419119223746341252e-01
-3.694959941901199141e-01
-5.550429715039917333e-02
2.642251805831838940e-01
5.572330638409537240e-01
7.908168548950156307e-01
9.394509169656279912e-01
9.905306023788078562e-01
9.362770046500163978e-01
7.827378427742628375e-01
5.440400106773850553e-01
2.485771760440815825e-01
-7.545187176181844535e-02
-3.919874708415007625e-01
-6.672069976983788786e-01
-8.720644893556388499e-01
-9.842936972519129579e-01
-9.926398206967146365e-01
-8.941328282729519294e-01
-7.021231208384614009e-01
-4.335209820611617415e-01
-1.191542418155784322e-01
2.085415871338118787e-01
5.135987682022300493e-01
7.643829950036040710e-01
9.329707139003791116e-01
1.000000000000000000e+00
9.622483864151485378e-01
8.211944468395455665e-01
5.927601109348676900e-01
2.991063915924376815e-01
-2.571251816372455146e-02
-3.489683304801983743e-01
-6.339064700533811880e-01
-8.500537800276142253e-01
-9.771042451656498651e-01
-1.000000000000000000e+00
-9.170404497391246856e-01
-7.353027494098000050e-01
-4.778435154439760746e-01
-1.689210722122318487e-01
1.565667829049630644e-01
4.641783009946405247e-01
7.207821860977754458e-01
8.992286260337378767e-01
9.800676463731288202e-01
9.527865687651233539e-01
8.252726692610272696e-01
6.088484539454941391e-01
3.282401519137942980e-01
1.215323897749542859e-02
-3.032831444533327092e-01
-5.854846068893160282e-01
-8.030725531132291151e-01
-9.321291383519652030e-01
-9.626139597638835310e-01
-8.896291042104158553e-01
-7.226559271045254196e-01
-4.783388677144714274e-01
-1.868900548525825878e-01
1.230869556274070131e-01
4.172398802007744045e-01
6.636981776628123608e-01
8.373185564293956773e-01
9.193472676222209650e-01
9.026312611381774875e-01
7.877348918232807140e-01
5.907101139199113504e-01
3.301320712810309477e-01
3.661570369679778558e-02
-2.586623898335465022e-01
-5.233509006058805202e-01
-7.297348643230703313e-01
-8.554154190681764192e-01
-8.859967383440895405e-01
-8.231996935503345103e-01
-6.722176793795351379e-01
-4.509114305360022446e-01
-1.819719664271932658e-01
1.028772868202529889e-01
3.741574436554131466e-01
6.010111272408575900e-01
7.588793317298667684e-01
8.345356078547314649e-01
8.189392068312859596e-01
7.153896536656354499e-01
5.343296582503618275e-01
2.993445776502110522e-01
3.362368538075166668e-02
-2.324184422293231744e-01
-4.697049165285748229e-01
-6.533055949034018983e-01
-7.638127567502001058e-01
-7.907418656211919750e-01
-7.305248090293218199e-01
-5.936983657302188355e-01
-3.932188997523434759e-01
-1.540498925047767420e-01
9.756649449596022095e-02
3.334329203325854252e-01
5.288156074160781372e-01
6.622038742364477759e-01
7.188408090133671102e-01
6.974402634215626229e-01
5.995440772736291279e-01
4.376691492042852349e-01
2.291731116416191316e-01
4.043877461712419574e-05
-2.256776691712899519e-01
-4.216582230651610974e-01
-5.666593244693751696e-01
-6.487880795029953296e-01
-6.586833855313471986e-01
-5.967152063099480097e-01
-4.697644897001340691e-01
-2.956790249937030213e-01
-9.200396583484993229e-02
1.169006938816254948e-01
3.075299839513916389e-01
4.595282209977140653e-01
5.567829548401577178e-01
5.900821347899045666e-01
5.557865832820976237e-01
4.617144084176612040e-01
3.171320595109849982e-01
1.405646294258029450e-01
-4.799120797067257804e-02
-2.266019751977030872e-01
-3.761045094263693045e-01
-4.793818555655567915e-01
-5.248704409608093702e-01
-5.122287418697544226e-01
-4.425050133725487722e-01
-3.249091666868150208e-01
-1.726520995092605260e-01
-5.519718341498336400e-03
1.583924314985039050e-01
2.991437587005647547e-01
4.007649739640195552e-01
4.550618302891458189e-01
4.558337336976412413e-01
4.042751664100934228e-01
3.064641422993885644e-01
1.770226299178760954e-01
2.946643988223351940e-02
-1.179163232579503173e-01
-2.474703506261585195e-01
-3.450383508900173313e-01
-3.999164756649872254e-01
-4.067660977569270697e-01
-3.646248931735667220e-01
-2.815764723085258936e-01
-1.660797824214043095e-01
-3.399028477286192285e-02
9.835820251868576669e-02
2.151418966530280752e-01
3.031750607068941505e-01
3.518452084159142679e-01
3.551010947248747218e-01
3.163392960087025862e-01
2.393598974763104792e-01
1.341371544116762848e-01
1.329470491640694085e-02
-1.068218929417813490e-01
-2.124252343108274932e-01
-2.897750965119516575e-01
-3.292847662072544423e-01
-3.297260026289873247e-01
-2.901580419507385766e-01
-2.154150842766370255e-01
-1.142748358606641146e-01
-1.193492976499066494e-03
1.114758396603903190e-01
2.091285047950037779e-01
2.789359969410141193e-01
3.134185881777573623e-01
3.079095858297780097e-01
2.633901805862139955e-01
1.843149535917796289e-01
8.221970352619578648e-02
-3.233578542181059223e-02
-1.443265562052323814e-01
-2.393480804495825565e-01
-3.058668290414057189e-01
-3.354665395845330966e-01
-3.242653361129546052e-01
-2.723104224005441498e-01
-1.872282127521587292e-01
-7.681528681908056377e-02
4.468786289854898008e-02
1.625849622321073884e-01
2.623081509099478570e-01
3.319762942799171501e-01
3.617124390883292850e-01
3.464187634837456731e-01
2.902551332579561549e-01
1.976686583097768679e-01
7.893098623806937830e-02
-5.301364143460529643e-02
-1.813579466343958613e-01
-2.915683003905706894e-01
-3.687260670000371832e-01
-4.025649184319802787e-01
-3.910489775828875914e-01
-3.333730369374412472e-01
-2.351944837552486511e-01
-1.063936098316720091e-01
3.643908029722853215e-02
1.787730412535026847e-01
3.032068553819844414e-01
3.941719525419853376e-01
4.412505035738876202e-01
4.377749845349381275e-01
3.834070000488831731e-01
2.822317462696737334e-01
1.470592014750458087e-01
-9.500284052146312774e-03
-1.688146529559630959e-01
-3.125137015161254528e-01
-4.238461419410736175e-01
-4.897713788348591057e-01
-5.012797182346788727e-01
-4.548292800903048771e-01
-3.573970587560411083e-01
-2.170543270534834868e-01
-5.003727473505004131e-02
1.255895966993205715e-01
2.891963410204640983e-01
4.229878253782410891e-01
5.102133369584433975e-01
5.396317309768228210e-01
5.100717562470231670e-01
4.224398881123432314e-01
2.858409846486051897e-01
1.139039646622987956e-01
-7.224368854393736772e-02
-2.537433434452657233e-01
-4.091224735604380713e-01
-5.203537746165751710e-01
-5.764778510878905138e-01
-5.696836110168370659e-01
-4.999893557087391471e-01
-3.732016519447770575e-01
-2.049690796175854812e-01
-1.093171589834740498e-02
1.864491370894818534e-01
3.653095485957236210e-01
5.057653272364428521e-01
5.921266789205290593e-01
6.140295538272413367e-01
5.671813411456925191e-01
4.591589541143690223e-01
2.990521694548395892e-01
1.045395977477086014e-01
-1.042754339892992821e-01
-3.034832691126739812e-01
-4.721180424825077715e-01
-5.902270251384020838e-01
-6.438258202124862439e-01
-6.298462304970002812e-01
-5.477345923142781237e-01
-4.061336553007737216e-01
-2.188111708089451879e-01
-8.169345956739570980e-03
2.049613588008414311e-01
3.961967568220825520e-01
5.442051657422202204e-01
6.341199125146201876e-01
6.552903434842904939e-01
6.054980508026874819e-01
4.885125934614875653e-01
3.192172306515361768e-01
1.131343876343398058e-01
-1.063535327387710172e-01
-3.156645033221009422e-01
-4.919600668459966908e-01
-6.164783872147800992e-01
-6.746431161960179113e-01
-6.585168579485480844e-01
-5.735463351155458689e-01
-4.268953957403093247e-01
-2.347021664233679417e-01
-1.661419838935973559e-02
2.023283375047437715e-01
3.996241573356820176e-01
5.527562704471238320e-01
6.447162730531903474e-01
6.685591583140142458e-01
6.203682061034008210e-01
5.057688516574321280e-01
3.361581321447026927e-01
1.326229273650552098e-01
-8.539555419063182828e-02
-2.938654793153083755e-01
-4.700118634944809859e-01
-5.959716080341410649e-01
-6.582546882956501477e-01
-6.508825750251300279e-01
-5.736988402322136249e-01
-4.373578480953549397e-01
-2.540637320819016942e-01
-4.496867334979304243e-02
1.678447261882507480e-01
3.614803456231476808e-01
5.161129364876717585e-01
6.146395456401618773e-01
6.459879551043199442e-01
6.107647324668201705e-01
5.114100636019345281e-01
3.587783966567970051e-01
1.681204817092878390e-01
-3.852814301609353009e-02
-2.404519755979881435e-01
-4.147668944737763486e-01
-5.431529419976629525e-01
-6.151999101026908168e-01
-6.227261706470155200e-01
-5.653846727856008947e-01
-4.488268383935088979e-01
-2.881851800376973305e-01
-9.839665296936461747e-02
9.954766047837271259e-02
2.845907255520390144e-01
4.376883700349822881e-01
5.433581445071464788e-01
5.902810100500490709e-01
5.728132549943640850e-01
4.968974237787695536e-01
3.694775621275467881e-01
2.047213932238161060e-01
1.973584556035024029e-02
-1.649049502568323833e-01
-3.307642192505247936e-01
-4.597190502302922477e-01
-5.382457667278676139e-01
-5.616831013040445297e-01
-5.271893723530534093e-01
-4.391181000321946470e-01
-3.067492095932422558e-01
-1.466376215485137857e-01
2.620299642819445829e-02
1.933103223380761015e-01
3.370512129835425696e-01
4.442136941248564508e-01
5.042718052487498159e-01
5.117958180870094687e-01
4.661360633199285175e-01
3.748075621030424465e-01
2.459830010619474816e-01
9.409038364203503590e-02
-6.500693999412709978e-02
-2.149116813950991967e-01
-3.411435035129534166e-01
-4.303405991338626890e-01
-4.735168147966550833e-01
-4.701986311609533953e-01
-4.204662198228783510e-01
-3.294952687500378730e-01
-2.065101548949241916e-01
-6.566293876614259784e-02
7.962603262198242327e-02
2.134323085127354247e-01
3.223830122363173789e-01
3.982342411673092109e-01
4.335402773676635402e-01
4.247163491354442044e-01
3.729376760580733752e-01
2.857989727175567207e-01
1.707537192392287739e-01
4.049227038812297508e-02
-9.123240683257161088e-02
-2.117442733009861078e-01
-3.099713880633944152e-01
-3.758475817595842150e-01
-4.030303192018714897e-01
-3.923698850958424744e-01
-3.447673010646541414e-01
-2.647210955104750685e-01
-1.603720264009179663e-01
-4.342945707657053234e-02
7.541022157608612275e-02
1.835896109411130350e-01
2.709558562915537205e-01
3.321523189771977691e-01
3.612880451649811420e-01
3.548390912633769823e-01
3.139023602727311069e-01
2.445998827105089202e-01
1.524952409457689395e-01
4.653446195672406027e-02
-6.276981290422611881e-02
-1.651202482341158628e-01
-2.514422850384123720e-01
-3.125806937371089500e-01
-3.425807854864988400e-01
-3.414388716329413986e-01
-3.088661374968659779e-01
-2.469871652284320040e-01
-1.615735632033566960e-01
-6.169373642202291563e-02
4.412595224199589161e-02
1.449027477755739923e-01
2.310007255396242520e-01
2.959793768088609944e-01
3.335710382747012481e-01
3.385045972364222333e-01
3.098926076487182879e-01
2.527113975627206521e-01
1.711744146049363202e-01
7.247135832249629317e-02
-3.382888777864434537e-02
-1.373428188341202505e-01
-2.288562949501318222e-01
-2.983707918824051175e-01
-3.388804581734192745e-01
-3.485653360956200153e-01
-3.257002861625992729e-01
-2.712331747920314617e-01
-1.901530675592114639e-01
-9.144708234010434644e-02
1.696400650216411954e-02
1.242563234331195421e-01
2.198001216688600934e-01
2.953233934468426636e-01
3.433512926475645877e-01
3.572722869941242774e-01
3.348684788964160219e-01
2.803679588563090519e-01
1.976528683044278534e-01
9.350979091552402700e-02
-2.243096894149398945e-02
-1.381243035524338802e-01
-2.428130811323911953e-01
-3.245413502375916748e-01
-3.746259995874947624e-01
-3.898959555497915064e-01
-3.676196606862608407e-01
-3.084224888543593002e-01
-2.173388705973692270e-01
-1.044607104734777137e-01
2.095783188743283176e-02
1.460767293974478687e-01
2.578765803022089464e-01
3.452289206026979418e-01
3.992448679139184442e-01
4.126355133833814470e-01
3.826017013205236239e-01
3.142580069278941846e-01
2.127911190916729200e-01
8.785080059154415366e-02
-4.825469894232947698e-02
-1.809152979650898718e-01
-2.972405903281182260e-01
-3.837832005478273301e-01
-4.309305451401869158e-01
-4.356923943318737891e-01
-3.961798012715824768e-01
-3.153358108097230605e-01
-2.006669092070096916e-01
-6.557630333731689909e-02
7.801613074371616108e-02
2.148383341561375115e-01
3.302802535721363064e-01
4.130877486253388131e-01
4.543158118109602572e-01
4.485825004175032493e-01
3.952956378500138701e-01
3.014387499398989423e-01
1.745518001208157255e-01
2.793161999561477593e-02
-1.235109754232098789e-01
-2.635921965716595539e-01
-3.782812686964454052e-01
-4.541055242937948044e-01
-4.822084743202872392e-01
-4.620993513377287254e-01
-3.943226761611504649e-01
-2.850054725965162072e-01
-1.444981878599311820e-01
1.115152749471248761e-02
1.670536223466365655e-01
3.054934384538174896e-01
4.115455212088212633e-01
4.756227711926677149e-01
4.901902397441770809e-01
4.529183872449988879e-01
3.666747772616651968e-01
2.422034724361841196e-01
9.025371522090175347e-02
-7.240511597376808606e-02
-2.283944767547225752e-01
-3.612222884085077856e-01
-4.572435668067694747e-01
-5.050452731995265232e-01
-4.983844701871169569e-01
-4.409948931889999812e-01
-3.373970473587358798e-01
-1.981639367770064997e-01
-3.730893737131180110e-02
1.268307024253969573e-01
2.778582762582884058e-01
3.985040513906397130e-01
4.756934320477044231e-01
5.039165105952023715e-01
4.791480234244120950e-01
4.036616964479140535e-01
2.848858657789963278e-01
1.375846669999498673e-01
-2.474343128495748445e-02
-1.844313202448412126e-01
-3.241509783409985967e-01
-4.297298631515691358e-01
-4.901740350674310687e-01
-4.989932151984767250e-01
-4.544975676631305417e-01
-3.637335451824884602e-01
-2.345538542395910753e-01
-8.136872907903414109e-02
7.972775325219738640e-02
2.311228278295258676e-01
3.574328021771662200e-01
4.441323804429664346e-01
4.814492523552411640e-01
4.686164055726989019e-01
4.059739670715976079e-01
3.000108488396646678e-01
1.613706478062713057e-01
6.548451546824596292e-03
-1.492064694502677202e-01
-2.880575113625807315e-01
-3.949932486567692136e-01
-4.607336681395032274e-01
-4.779509374700384727e-01
-4.448546569823963459e-01
-3.645759052070128847e-01
-2.479370752991447713e-01
-1.054897501971174822e-01
4.683137132629688892e-02
1.925052347017541798e-01
3.162202401192755197e-01
4.053992848444352148e-01
4.497823900076176606e-01
4.439515103180629030e-01
3.922285260454154709e-01
2.992597360585327326e-01
1.752570615952233624e-01
3.337633076291157685e-02
-1.100235605863165711e-01
-2.403905058219911739e-01
-3.428215831226147925e-01
-4.062704863997593785e-01
-4.270054752980411150e-01
-4.023946959814829194e-01
-3.353358900722741565e-01
-2.331423358141442304e-01
-1.092898805838370402e-01
2.455052843218030745e-02
1.537069367806049858e-01
2.638728446050699894e-01
3.445451772750787178e-01
3.875577033393298176e-01
3.887856266588203269e-01
3.480760341787745293e-01
2.719491602577648326e-01
1.672203905991338502e-01
4.619827582023616763e-02
-7.778858228841623035e-02
-1.915041492833489123e-01
-2.835450175283236174e-01
-3.434438038377337632e-01
-3.647092812561717468e-01
-3.487203265560132603e-01
-2.968278875207895906e-01
-2.144846218207285826e-01
-1.104856497911029800e-01
2.581570108591169088e-03
1.132758452430275842e-01
2.084954906832647836e-01
2.780927500332319724e-01
3.175206028986865547e-01
3.225170497902871691e-01
2.925403174710587972e-01
2.311474224606091532e-01
1.471516615799668415e-01
4.825958800075813571e-02
-5.440789641461085679e-02
-1.492171681965688279e-01
-2.266305375918485909e-01
-2.790849247870372807e-01
-3.007851219391066699e-01
-2.893397429953759037e-01
-2.488713357146766780e-01
-1.831063342512044834e-01
-9.981139684477846608e-02
-8.590343403411138112e-03
8.035417687767609785e-02
1.581572745442700878e-01
2.157846480222695984e-01
2.471920232701072528e-01
2.522446097752941707e-01
2.304443770389568158e-01
1.841157277732679010e-01
1.188709343743845626e-01
4.366793492341058958e-02
-3.422475797659962904e-02
-1.058373723236702979e-01
-1.632423155841365991e-01
-2.025111217976627298e-01
-2.198051759621746370e-01
-2.132547194288493264e-01
-1.841703873914355416e-01
-1.375006882163994915e-01
-7.734831397872632408e-02
-1.087245874026687709e-02
5.400644776274421410e-02
1.107853998650625282e-01
1.540784172539675367e-01
1.789238013985015030e-01
1.829144544180818510e-01
1.683838237062298404e-01
1.366476210734366425e-01
9.095098638938736713e-02
3.672377675636151473e-02
-1.961461157383448395e-02
-7.250817427039468743e-02
-1.152412124701004403e-01
-1.433562748009492571e-01
-1.567826699662075995e-01
-1.542322091543109064e-01
-1.354029198667641154e-01
-1.029464582670327477e-01
-6.183317254647191508e-02
-1.575668768923055296e-02
2.977092925599178486e-02
6.930856877397761906e-02
9.992851213680453704e-02
1.188866085335091860e-01
1.235445390304898972e-01
1.137269373118885429e-01
9.259386252015433527e-02
6.192312145968004167e-02
2.539570030916471488e-02
-1.199540019397793422e-02
-4.634632320314913123e-02
-7.453844653709562618e-02
-9.307040767938778991e-02
-1.002367608123743148e-01
-9.748147646301763558e-02
-8.498385049882595244e-02
-6.387223617338688708e-02
-3.737976544838239601e-02
-9.289155158836659432e-03
1.798877418536815043e-02
4.107225016176241361e-02
5.742083619240956338e-02
6.739772596506310443e-02
7.006227588873192857e-02
6.439423672566202406e-02
5.167097954148225369e-02
3.448842211185310092e-02
1.426476330392056902e-02
-6.542983302487370700e-03
-2.525118045407093170e-02
-4.068603595915210036e-02
-5.147771335245920898e-02
-5.589059915665339773e-02
-5.391442491342512966e-02
-4.738741312380045922e-02
-3.671245630112329739e-02
-2.279208314003144942e-02
-7.763308987806305517e-03
6.639964925974961574e-03
1.923281989127123559e-02
2.837677601411514594e-02
3.326256212368172704e-02
3.464234939087229570e-02
3.227235346874124389e-02
2.599179348573010806e-02
1.700847039172392883e-02
6.910178607087091862e-03
-3.541901784301693112e-03
-1.322755899136640600e-02
-2.106468781587089723e-02
-2.693429816610792837e-02
-3.027688421362839666e-02
-3.029629448160831018e-02
-2.729149499625727060e-02
-2.235783550573422485e-02
-1.584341671478994851e-02
-8.430587383947418800e-03
-1.175403364002902684e-03
5.337611278622533817e-03
1.052722076186785038e-02
1.348748274155719962e-02
1.397329301226357678e-02
1.257200611192788031e-02
9.403051541782447842e-03
5.049776153521534638e-03
4.870043237668042480e-04
-3.600243276483339194e-03
-6.862432799123907579e-03
-9.024644836260531378e-03
-9.934687906593686613e-03
-9.836767632989018573e-03
-8.730406054250683390e-03
-6.750305434614300992e-03
-4.470286772828346855e-03
-2.557003001296243028e-03
-1.139646257691251385e-03
-2.367725323131342208e-04
1.038863438695969421e-04
2.226189741398876265e-04
6.336209896007360953e-05
-4.799421241208357003e-04
-1.172329425885743071e-03
-1.845717277464853368e-03
-2.447063942662142111e-03
-2.908367366122877051e-03
-3.198898168102481954e-03
-3.371735419728905114e-03
-3.405173984955101041e-03
-3.305193512895931995e-03
-3.171584717955644450e-03
-3.116239297909606520e-03
-3.138837180473696975e-03
-3.189399206420806543e-03
-3.251385742016665859e-03
-3.275033190629494939e-03
-3.270342930125291758e-03
-3.276554506061568617e-03
-3.275773402796167133e-03
-3.246813946561677433e-03
-3.195794542750984846e-03
-3.132674567631554829e-03
-3.070943839411421905e-03
-3.036469439529176917e-03
-3.025737506045289571e-03
-3.021577363064964494e-03
-3.018890666631413033e-03
-3.003944331687158353e-03
-2.977145180041773642e-03
-2.948315035351423141e-03
-2.917496930005758493e-03
-2.886624330856402132e-03
-2.855076178473248127e-03
-2.823319288600911747e-03
-2.791820476983342125e-03
-2.761046559364932484e-03
-2.731464351489854003e-03
-2.703540669102499905e-03
