-3.414098740105953045e-02
-1.388636060152783624e-01
-2.078980723058582170e-01
-2.449935503772796563e-01
-2.538992043340237981e-01
-2.383641982805710935e-01
-2.021376963214025491e-01
-1.489688625609998374e-01
-8.033594814142996920e-02
1.279002004675122706e-03
9.028427001417016484e-02
1.755235379392570128e-01
2.470630001618052685e-01
2.975760423049109704e-01
3.200183040172264182e-01
3.088040933192792714e-01
2.624724452270810193e-01
1.860218047769852667e-01
8.486908193606690354e-02
-3.058316388171877787e-02
-1.483584435024022374e-01
-2.546967420742671795e-01
-3.380745189631462200e-01
-3.869123011197300732e-01
-3.938774835618396031e-01
-3.588567762591815535e-01
-2.829312899265641335e-01
-1.725541011452452755e-01
-3.811737090311062559e-02
1.042618558038923560e-01
2.406340878541444184e-01
3.546259334126660168e-01
4.324893522682469182e-01
4.659585671990109645e-01
4.493798620178928171e-01
3.828953788517861501e-01
2.715903228583291806e-01
1.285343214418315227e-01
-3.340314436736246950e-02
-1.954928793855258418e-01
-3.395524463188374087e-01
-4.491365465554141290e-01
-5.115524014512926598e-01
-5.185535105441685388e-01
-4.672371570554950670e-01
-3.647062681186806765e-01
-2.193077954258589868e-01
-4.717542004142816214e-02
1.337054724506969716e-01
3.024633629365347520e-01
4.410579310174747025e-01
5.324971409108925080e-01
5.653966954866627148e-01
5.385617591280509320e-01
4.528036717908214825e-01
3.171266151187874804e-01
1.449240952869732535e-01
-4.300889628408754994e-02
-2.276354961490706375e-01
-3.872684422417866923e-01
-5.037537758362643503e-01
-5.658387741577437513e-01
-5.657107493336096526e-01
-5.035559863479661669e-01
-3.849234279180214768e-01
-2.252432928361773889e-01
-3.973850559649527714e-02
1.500786635690363191e-01
3.231658573523461531e-01
4.607360718641151376e-01
5.479924378530194318e-01
5.754607579819295271e-01
5.391849465995806057e-01
4.462878295817174212e-01
3.052126922007851739e-01
1.330917884266333839e-01
-5.128099037025024565e-02
-2.270274710863190437e-01
-3.758667988314152719e-01
-4.811058882724892349e-01
-5.311803962343325525e-01
-5.246916220500515982e-01
-4.618943578454742793e-01
-3.508158389987542369e-01
-2.035764528555530362e-01
-3.880346541125945237e-02
1.267358513951508669e-01
2.742858557712415379e-01
3.880628216666326402e-01
4.591718721956072891e-01
4.804207174033403582e-01
4.510603904385224183e-01
3.750163802775146049e-01
2.637250813362386204e-01
1.281662303502950628e-01
-1.583213103165426183e-02
-1.524274522956325928e-01
-2.682142729196816955e-01
-3.521717189149000671e-01
-3.969641431856266722e-01
-3.989834104544769389e-01
-3.624043943377943666e-01
-2.913626048148434400e-01
-1.947467671138323198e-01
-8.345409452001950612e-02
3.046892729375705322e-02
1.361474218704068484e-01
2.229548172417588070e-01
2.831880921873612955e-01
3.155908683851602614e-01
3.182325673156463086e-01
2.920359639230263316e-01
2.411086524802144027e-01
1.726122036270734128e-01
9.292012280593775486e-02
1.002959503181388712e-02
-6.836525681861327364e-02
-1.377682622343293639e-01
-1.932491066936797841e-01
-2.301076909983593710e-01
-2.463390084032021088e-01
-2.440541482654181582e-01
-2.238643642272034606e-01
-1.865889676432022082e-01
-1.357530293362028129e-01
-7.571562413149901527e-02
-1.046062899878619223e-02
5.589487518782965125e-02
1.193738057327602409e-01
1.771882024821673784e-01
2.250342702058389932e-01
2.567599358506362783e-01
2.695752615889761561e-01
2.632898834032502133e-01
2.365508576754979941e-01
1.876100301195067210e-01
1.184644011573312561e-01
3.406853438085821750e-02
-6.007440139141784208e-02
-1.551759763030239325e-01
-2.425540697779767774e-01
-3.132499623345664785e-01
-3.592535981694710001e-01
-3.716933613110149359e-01
-3.463659286028060169e-01
-2.852830570983814207e-01
-1.910424149118725712e-01
-7.037322468516615803e-02
6.632795560404836088e-02
2.040586835378608299e-01
3.296389917550350823e-01
4.273831344185134995e-01
4.848890115873127904e-01
4.948299276244194633e-01
4.527028161075741242e-01
3.596505096935591617e-01
2.222319834545343209e-01
5.534481492676435188e-02
-1.266734711340938846e-01
-3.034059543459638464e-01
-4.551097130880191743e-01
-5.636423042445717346e-01
-6.152418137262268827e-01
-6.009495342730555301e-01
-5.182971932835747086e-01
-3.761713309452977549e-01
-1.855251165805034130e-01
3.314788630553300308e-02
2.575439283431117943e-01
4.613255836888932038e-01
6.219568168507638717e-01
7.183576549830026359e-01
7.366677052329326791e-01
6.754257718311704739e-01
5.369090658456454612e-01
3.348613561295008534e-01
8.826376128764268358e-02
-1.736314129463168987e-01
-4.239162521599560973e-01
-6.322386482871169555e-01
-7.736541181876595008e-01
-8.322102050494584180e-01
-7.979745526618784446e-01
-6.734266859683134543e-01
-4.684741541065200465e-01
-2.079041291389627233e-01
8.326626570170359010e-02
3.706134402958856100e-01
6.217445864829094226e-01
8.072492065965390928e-01
9.047837327397396656e-01
9.021402848933988139e-01
7.957771762354222123e-01
5.993477658380945705e-01
3.300821036604288938e-01
2.061974437746960653e-02
-2.955149419538211086e-01
-5.810736610062170460e-01
-8.041660289751140223e-01
-9.376453575508959526e-01
-9.637584417681054338e-01
-8.824865313381413667e-01
-6.989954940378101389e-01
-4.348670831753005395e-01
-1.170595993874091745e-01
2.152156645992431283e-01
5.261527017754192848e-01
7.780210170557684268e-01
9.412434919199037520e-01
1.000000000000000000e+00
9.445258259016633406e-01
7.818623730749212353e-01
5.275311374294779920e-01
2.142842177902612999e-01
-1.257398815764828592e-01
-4.513345104731695256e-01
-7.250150262164920534e-01
-9.155434530635742085e-01
-1.000000000000000000e+00
-9.700312041063470225e-01
-8.262515136160124563e-01
-5.889403916358451063e-01
-2.813303331767568194e-01
5.813143549080268535e-02
3.914518969537270632e-01
6.791381368237425775e-01
8.883734685312081325e-01
9.947528118694453081e-01
9.839036362622397558e-01
8.622821962463540491e-01
6.407944914895287170e-01
3.472387288792355697e-01
1.329811674103220653e-02
-3.193179625057177562e-01
-6.134347666353643369e-01
-8.335227393644021321e-01
-9.531357050402683440e-01
-9.627548354240940132e-01
-8.588985590617884691e-01
-6.561920902255741206e-01
-3.760879953249056662e-01
-5.572381033843520903e-02
2.703265536519288137e-01
5.624226948767794276e-01
7.857858821194871890e-01
9.158401997193277300e-01
9.364453055927319802e-01
8.479719006287369520e-01
6.585079096631523132e-01
3.950330027976980407e-01
8.536300234404481380e-02
-2.311837835478302017e-01
-5.176084862346282955e-01
-7.401969834284026772e-01
-8.726946566196280841e-01
-9.010152393204109433e-01
-8.199389983818470284e-01
-6.436853079619446749e-01
-3.898612653138521233e-01
-9.259055302273111465e-02
2.136049040943568400e-01
4.909971478277581625e-01
7.074877245977426732e-01
8.371972899816015889e-01
8.633850566576259933e-01
7.882645742463039173e-01
6.183802760397518750e-01
3.766185734461733325e-01
9.010255778540354754e-02
-2.033562309472983776e-01
-4.701464398001882206e-01
-6.769469470417339707e-01
-7.984681130715001185e-01
-8.245714991760824120e-01
-7.500332719667017756e-01
-5.859323376266896144e-01
-3.500564423110589241e-01
-7.492268782504130087e-02
2.092043947026627215e-01
4.665783122783857539e-01
6.657393660591728324e-01
7.840730763398671144e-01
8.064783414926117722e-01
7.326143671593183804e-01
5.691429702530190760e-01
3.399032281722045301e-01
6.932469096343751858e-02
-2.074231467078238023e-01
-4.572722964190922834e-01
-6.500865056422715504e-01
-7.624872857868517650e-01
-7.822008290900670513e-01
-7.049190824019821999e-01
-5.437030586282494138e-01
-3.144725928169900264e-01
-4.784668688149917859e-02
2.251437322813900632e-01
4.703906476465646858e-01
6.590503543627641569e-01
7.677413921391473828e-01
7.816584689401833153e-01
7.036914648087078117e-01
5.403507175407853413e-01
3.128186966350439135e-01
4.617459738387585944e-02
-2.248565755625180351e-01
-4.692471994396421042e-01
-6.560884159012787542e-01
-7.621515815200656796e-01
-7.783191164560060438e-01
-7.003151139153780402e-01
-5.389950175211366545e-01
-3.114056171195508371e-01
-4.839501841206217403e-02
2.215533997864220783e-01
4.649563778447585172e-01
6.521607139268446041e-01
7.619188898905542295e-01
7.801780765320467381e-01
7.065265056394427479e-01
5.472935748856480043e-01
3.250256863590985645e-01
6.283216286306636533e-02
-2.059982494568208811e-01
-4.498972896608115501e-01
-6.399521881769709708e-01
-7.536161724766394787e-01
-7.782530347581322339e-01
-7.089924836777539152e-01
-5.575478276220899865e-01
-3.384534525679853134e-01
-8.064470468553275317e-02
1.862809584690732212e-01
4.298839071417306368e-01
6.224204149778957973e-01
7.408430263161107643e-01
7.700844556201045243e-01
7.113042394796220691e-01
5.692118031825734725e-01
3.622711854945415144e-01
1.131874060337558774e-01
-1.457994047433787133e-01
-3.858258745417015856e-01
-5.774724837031487423e-01
-6.981022732728687785e-01
-7.377251116018572752e-01
-6.902148898387219234e-01
-5.627975147983577120e-01
-3.690952569576791964e-01
-1.355332708867312830e-01
1.130338592520245822e-01
3.461152448642272894e-01
5.361721333329707573e-01
6.623504203644743349e-01
7.098836660345695382e-01
6.755053917223630133e-01
5.621364174420602211e-01
3.869997861784681970e-01
1.682421342655895380e-01
-6.613847693695207308e-02
-2.889103950642631924e-01
-4.741826498386154665e-01
-6.010098009230783189e-01
-6.558595692660229570e-01
-6.318640776583529517e-01
-5.363937584131954761e-01
-3.789487082963522990e-01
-1.805852831013317061e-01
3.588472037164702755e-02
2.437214370399907182e-01
4.196120757003591883e-01
5.426848745892649539e-01
5.984464498550379208e-01
5.854116504878068561e-01
5.044398035826256343e-01
3.671118918051985425e-01
1.891375950644977877e-01
-5.527105715365521199e-03
-1.952410888835753866e-01
-3.567211355895641978e-01
-4.709801861334833584e-01
-5.281024109534505628e-01
-5.214703340509658780e-01
-4.542243446499198978e-01
-3.343328885393981320e-01
-1.799183776177152305e-01
-7.832989386183597524e-03
1.601822384339370853e-01
3.037974109020094016e-01
4.073546493758672948e-01
4.593609105239788715e-01
4.558878836303379423e-01
3.975372550494880031e-01
2.953401576606384804e-01
1.605122728135250920e-01
1.157098154737390416e-02
-1.330269773295401636e-01
-2.559838494784960616e-01
-3.432926418507856736e-01
-3.853793671276237731e-01
-3.773203687595755307e-01
-3.241696714641219002e-01
-2.317077813100877348e-01
-1.140673114062664695e-01
1.352427211288742548e-02
1.344227174773042766e-01
2.344303344062703687e-01
3.009713830095634979e-01
3.259016628876345578e-01
3.105919997846542380e-01
2.568430343427552387e-01
1.727863033697250028e-01
6.936859491873481609e-02
-3.784721739220731074e-02
-1.359490547756229128e-01
-2.118002212544346508e-01
-2.556426104646258857e-01
-2.654798608727907405e-01
-2.398776605340035006e-01
-1.830989017229056603e-01
-1.026926620166344062e-01
-1.166999120758827058e-02
7.928415455218140728e-02
1.577290841377811947e-01
2.125088657959128824e-01
2.376626862045745359e-01
2.299216605489988741e-01
1.913428722627181777e-01
1.265040384382101202e-01
4.614560734150074950e-02
-4.048922993280057447e-02
-1.210636446769207675e-01
-1.840708983868736270e-01
-2.216349761740210589e-01
-2.285833266266240615e-01
-2.042412103833194381e-01
-1.508701320529969303e-01
-7.721426339107118064e-02
8.876568865691325527e-03
9.518473113590442125e-02
1.698536058354038758e-01
2.231388348898450946e-01
2.479390955615079495e-01
2.407245673052931245e-01
2.013018866484255209e-01
1.361081127500243237e-01
5.135874607721579999e-02
-4.119557729434886184e-02
-1.295299442417022773e-01
-2.020759760769488267e-01
-2.496827751555642516e-01
-2.653204771521597838e-01
-2.457819288415951098e-01
-1.951475316424856610e-01
-1.176322255351358592e-01
-2.308929668320669482e-02
7.715033795847392462e-02
1.698659960008543912e-01
2.440016983504551540e-01
2.887806312247720442e-01
2.975359224554030568e-01
2.714818115892658756e-01
2.121234579144277710e-01
1.259706125370949614e-01
2.251866584822748152e-02
-8.423978220878014511e-02
-1.825013837882522028e-01
-2.592810226334477663e-01
-3.044238065872002519e-01
-3.140466081066000115e-01
-2.859673815748017267e-01
-2.232909399973044273e-01
-1.325420200504850987e-01
-2.632489897749723529e-02
8.450213022265673501e-02
1.861835334052392987e-01
2.658030255866445923e-01
3.143470579673488530e-01
3.258752294548366013e-01
2.991782578753612309e-01
2.364374208405579658e-01
1.468390056119652787e-01
3.909816585286485235e-02
-7.319445161924731380e-02
-1.764097019572671288e-01
-2.585085489232774592e-01
-3.101294560190512861e-01
-3.248783335676538320e-01
-3.002617470488156970e-01
-2.413591941197194002e-01
-1.534800668557193548e-01
-4.816786053919208666e-02
6.193465084350724403e-02
1.635591942904306428e-01
2.454766956614411466e-01
2.973830840393270059e-01
3.128983180146587273e-01
2.934957626753535997e-01
2.408140450721671932e-01
1.612236625612777363e-01
6.403836223973291553e-02
-3.747358300689396238e-02
-1.322300121139318163e-01
-2.083740442743114984e-01
-2.568878937253241679e-01
-2.751194597683803700e-01
-2.607608210692903272e-01
-2.158237993449259040e-01
-1.458317019808039738e-01
-6.122958054343441425e-02
2.918872353218748827e-02
1.141645171960568028e-01
1.829917715936295597e-01
2.286493659848487514e-01
2.463472194111968605e-01
2.350440564311466751e-01
1.963240596512918490e-01
1.371214960890019263e-01
6.361371915606750527e-02
-1.426577464664102735e-02
-8.643128374671527059e-02
-1.447528121172791948e-01
-1.829263478072081783e-01
-1.970498945571995675e-01
-1.858946365215385921e-01
-1.533265226766414857e-01
-1.027204007408668573e-01
-4.167995907243060572e-02
2.139442930907931029e-02
7.858977735591521352e-02
1.233898961028343511e-01
1.500935536775858115e-01
1.557126433738467153e-01
1.424636293650458629e-01
1.117607949210852603e-01
6.832096573690238372e-02
1.845376082899652381e-02
-3.057372420117721035e-02
-7.282521633106497916e-02
-1.021111321112139203e-01
-1.146486733539093805e-01
-1.115024056049894741e-01
-9.294909570983611591e-02
-6.181919308024741433e-02
-2.291103574101516216e-02
1.712963266200628887e-02
5.335901824231359392e-02
8.008308350505055628e-02
9.295625035873977815e-02
9.186346086066676797e-02
7.679943575123782118e-02
4.985018940210284022e-02
1.486949968980999515e-02
-2.182442483149205081e-02
-5.572507446481100857e-02
-8.126688454666253225e-02
-9.363914288934827024e-02
-9.174967267611755517e-02
-7.533736812355296131e-02
-4.612387514210547490e-02
-7.571657444185087016e-03
3.387559060958467150e-02
7.358607171785602752e-02
1.054954999809776250e-01
1.239033725983582634e-01
1.263112639903534173e-01
1.117064122531221670e-01
8.118116996152369147e-02
3.773142268495499607e-02
-1.208322188379140627e-02
-6.322520051705959876e-02
-1.085207723381776956e-01
-1.409331718110905518e-01
-1.560131484438325167e-01
-1.511918605946683813e-01
-1.259984474044160141e-01
-8.228611589898515710e-02
-2.615820352549003136e-02
3.726471995800983983e-02
9.966401799598290090e-02
1.525604133991695921e-01
1.891268397782013277e-01
2.045072523289195310e-01
1.954322671643222709e-01
1.615611508782244243e-01
1.075770666763702366e-01
3.781763838856355697e-02
-3.873068992020212153e-02
-1.124621209111228426e-01
-1.743467501474997849e-01
-2.171419235634423073e-01
-2.343288487301538048e-01
-2.227486792018795736e-01
-1.853260029457454161e-01
-1.247741143919353091e-01
-4.752361259682358341e-02
3.773043083200988690e-02
1.198744681389769529e-01
1.898705796355977249e-01
2.381378125715802874e-01
2.583227545007678039e-01
2.502529935983601739e-01
2.135184513655266070e-01
1.512191115751706505e-01
6.991598446667657285e-02
-1.971954763245831188e-02
-1.086850291334845453e-01
-1.858245360893733267e-01
-2.413557589985158014e-01
-2.695893766283143922e-01
-2.667642966212098177e-01
-2.328564564577200180e-01
-1.709412964118007805e-01
-8.943372927898407543e-02
4.053327832786335350e-03
9.810357090741206321e-02
1.813329443521665141e-01
2.443770530761790738e-01
2.801467410508118316e-01
2.842432217385995052e-01
2.555784306266790651e-01
1.990730098689852401e-01
1.195630250788854987e-01
2.663167995302906377e-02
-6.897812886581078384e-02
-1.560894235504262095e-01
-2.252821565649383295e-01
-2.675879788461578146e-01
-2.777124205460284045e-01
-2.574211664486135698e-01
-2.081902142623509588e-01
-1.351171757039637544e-01
-4.620165978501544757e-02
4.717742961176751848e-02
1.351611657764648644e-01
2.066505225338490792e-01
2.532168927284215165e-01
2.718680201956884535e-01
2.601297230743520039e-01
2.191354356263577330e-01
1.534314829567144933e-01
7.231829806849687792e-02
-1.637237631881316435e-02
-1.021317300863221478e-01
-1.745227646802633981e-01
-2.260258742730428816e-01
-2.512419063328221736e-01
-2.474661541833251821e-01
-2.148956376956041581e-01
-1.590850922855304717e-01
-8.518672092102541615e-02
-2.806177412780219704e-03
7.788259598498781244e-02
1.479993589063333115e-01
2.002454211330848555e-01
2.285221716718717211e-01
2.297069962992144276e-01
2.064053927080005124e-01
1.607764289566171456e-01
9.827040719241386668e-02
2.647233323887254741e-02
-4.541096145369472037e-02
-1.098017050556534535e-01
-1.586541963842017511e-01
-1.865945786380103222e-01
-1.937868657302844744e-01
-1.793254598999682869e-01
-1.445043521499317363e-01
-9.376021919863231080e-02
-3.438560562431092205e-02
2.767867915805166668e-02
8.471509361312157260e-02
1.298094939557898897e-01
1.594417488267090288e-01
1.707371060537565821e-01
1.627393236437855162e-01
1.368449156542528300e-01
9.773179334910619964e-02
4.903569665720342030e-02
-3.104891329370307318e-03
-5.195749802279925333e-02
-9.253229732484802295e-02
-1.209128539581315609e-01
-1.339014325905574232e-01
-1.304080560915692466e-01
-1.130955253245911063e-01
-8.357658939128675968e-02
-4.548684579795758687e-02
-3.903558110648130963e-03
3.625546466511941901e-02
7.091780980935902257e-02
9.552506186730447268e-02
1.075320402513051388e-01
1.081228614335993932e-01
9.719697571708474371e-02
7.580562642380828109e-02
4.711350545997294859e-02
1.526590978349773309e-02
-1.667348088229791969e-02
-4.449775306537262498e-02
-6.485451950283493971e-02
-7.731386430814224386e-02
-8.080912395163275530e-02
-7.462385565862184045e-02
-6.006019388746219878e-02
-4.012158615379446402e-02
-1.655831575636423914e-02
7.661969369727739121e-03
2.921560039355020066e-02
4.656290291304565621e-02
5.820977525022374977e-02
6.221219798228960762e-02
5.842364936139166076e-02
4.902093332831758410e-02
3.476695664712559086e-02
1.756274455675232993e-02
3.610194485670348286e-04
-1.492214532328961507e-02
-2.694978574905482205e-02
-3.415138960259755940e-02
-3.599090664722781607e-02
-3.364384644378026756e-02
-2.720493540720281267e-02
-1.728102182577462287e-02
-5.907073398504714135e-03
4.810535824209427602e-03
1.404456165111778176e-02
2.086138095173817320e-02
2.458451183798526785e-02
2.600157836313599091e-02
2.487424657777492776e-02
2.098758463514882600e-02
1.538859394169667105e-02
9.287716038786975048e-03
3.166537238416200495e-03
-2.220884807980105791e-03
-6.170887356281129499e-03
-8.740631988834679511e-03
-9.676601183050581589e-03
-8.829870196710332131e-03
-6.715365928196326273e-03
-4.136522440298606718e-03
-1.293582671515136617e-03
1.513724967162621837e-03
3.788271984957569671e-03
5.424314829650667136e-03
6.265777559438800992e-03
6.246088730702092917e-03
5.629987761575527827e-03
4.866078016342534340e-03
3.998475985522054188e-03
3.061303435315076982e-03
2.288193575219255038e-03
1.755266492753593255e-03
1.514131944402752339e-03
1.531810727984250775e-03
1.655230965402987309e-03
1.681529541929682736e-03
1.640645859032563436e-03
1.683163140392185397e-03
1.807905898000283784e-03
1.861030299777688413e-03
1.991989077726463719e-03
2.227651611119707553e-03
2.594887279228741406e-03
3.120565461326219037e-03
3.831555536684128072e-03
4.754726884574456136e-03
