1.829662970710665970e-01
7.495876359418174317e-03
-1.271049288404536570e-01
-2.238115410540369998e-01
-2.855993828068207341e-01
-3.154438766242932957e-01
-3.163204450319432315e-01
-2.912045105552609758e-01
-2.396544579905686145e-01
-1.623060495829378169e-01
-6.513865383604278136e-02
3.931161150679152172e-02
1.393041654492477299e-01
2.252008818043693683e-01
2.874044164275670887e-01
3.187218894123742263e-01
3.151882407148556275e-01
2.790168003946207342e-01
2.132853530086082916e-01
1.252326429763921389e-01
2.396103766404777957e-02
-7.852508495767340779e-02
-1.716907952435372531e-01
-2.448594806185061534e-01
-2.899798058431896086e-01
-3.040543268543722810e-01
-2.849526367122593440e-01
-2.347126174892945061e-01
-1.584102777882144819e-01
-6.560717745860911165e-02
3.479780538158849801e-02
1.314810138862176903e-01
2.137009977703661079e-01
2.729838224020191273e-01
3.030207797436106354e-01
3.009451750380907065e-01
2.665891808851634792e-01
2.049430013230530978e-01
1.215426185067185472e-01
2.615321376145929300e-02
-7.089613343822831482e-02
-1.590082556570729944e-01
-2.290638985771500380e-01
-2.730405132114271938e-01
-2.858622262681320692e-01
-2.682087172306910627e-01
-2.213688584719645247e-01
-1.504108945954329979e-01
-6.259127954191501253e-02
3.168946001174255400e-02
1.228257798953067415e-01
2.001743522113259566e-01
2.553851824858814901e-01
2.841910869088342118e-01
2.831833570489834528e-01
2.525517527326865963e-01
1.954294681378305754e-01
1.194021183949895981e-01
3.161277756046465548e-02
-5.804398260481102856e-02
-1.396762714602098887e-01
-2.047907739364558388e-01
-2.466883744737119466e-01
-2.608465522648681922e-01
-2.454224078085133209e-01
-2.038608267557922016e-01
-1.399261930768226359e-01
-6.109705741555482295e-02
2.403014203599718179e-02
1.059369761813191424e-01
1.762741911301426434e-01
2.270878453016724752e-01
2.528483503909813024e-01
2.527351735358271956e-01
2.264694328872673967e-01
1.770402420505352570e-01
1.097563421413170204e-01
3.310528775663224010e-02
-4.539103208922701249e-02
-1.168934017764203803e-01
-1.736802348855598366e-01
-2.110277842948253824e-01
-2.250146650619089250e-01
-2.143478637776194962e-01
-1.802550981236179517e-01
-1.276825360572912960e-01
-6.146732763335904792e-02
1.073211185565003944e-02
8.094323274284742631e-02
1.418570317846929996e-01
1.873762614438077012e-01
2.124718822552844610e-01
2.144027356897131309e-01
1.950396114298724726e-01
1.561879956283307447e-01
1.019618649728954995e-01
3.813032531004045822e-02
-2.785671721000415602e-02
-8.935163580480076639e-02
-1.392410129335730495e-01
-1.722638814279414676e-01
-1.867244515563405427e-01
-1.810401918152420020e-01
-1.558241701261703360e-01
-1.139333629481961152e-01
-6.100225753300736464e-02
-1.923475593506029924e-03
5.680984736149752301e-02
1.086611607363912047e-01
1.487178548688019575e-01
1.731515350146597410e-01
1.794388043181518455e-01
1.669551597528513565e-01
1.384954197655685615e-01
9.664173057379676912e-02
4.632179256664015199e-02
-6.711100033615524652e-03
-5.681300667029176577e-02
-9.910553504169639094e-02
-1.288166132754671178e-01
-1.429050926807896582e-01
-1.417574581028392400e-01
-1.254958743606712224e-01
-9.573963972770949127e-02
-5.591839882100091419e-02
-1.116416110511364579e-02
3.423762199660207450e-02
7.512173571636138192e-02
1.071987391116444588e-01
1.286081278694954921e-01
1.372736794358841994e-01
1.321735912894244080e-01
1.142143860615452144e-01
8.627860329574166265e-02
5.073572267480908060e-02
1.158329351179521183e-02
-2.670450408853231039e-02
-6.045174839136047140e-02
-8.659112401444479801e-02
-1.022108917570874187e-01
-1.058485277539288338e-01
-9.874294263898097945e-02
-8.154261260882877949e-02
-5.583834085113104084e-02
-2.456683510916224389e-02
8.679747270830429073e-03
4.075282861453954908e-02
6.775937996440095645e-02
8.698556332648221812e-02
9.801895639285707063e-02
9.980532838210565139e-02
9.176664658092659188e-02
7.506071982915840657e-02
5.223204036505113557e-02
2.515544439434069801e-02
-3.202631167584901739e-03
-2.964228720527273264e-02
-5.203303203849540814e-02
-6.840084610873731208e-02
-7.649802193870258726e-02
-7.554298114650881413e-02
-6.695592713121556461e-02
-5.139130595596408391e-02
-3.037373504638019028e-02
-6.503778304242091579e-03
1.768536549654853296e-02
4.005442074833642785e-02
5.778985046204598852e-02
6.910553430791654961e-02
7.420850263549860770e-02
7.261853073943358439e-02
6.405506121422077648e-02
4.981429179407759200e-02
3.223434501259925256e-02
1.270135421417317723e-02
-6.713333786470543352e-03
-2.385461446039349731e-02
-3.784028671311945313e-02
-4.743188548011212369e-02
-5.104564840533853953e-02
-4.854653037902778578e-02
-4.125876876556611172e-02
-2.964059860140244584e-02
-1.457553483621409907e-02
2.111996643838320864e-03
1.871443663395067070e-02
3.386958479378998632e-02
4.558243030689013153e-02
5.267590827838208867e-02
5.553410031536731850e-02
5.379632663329458886e-02
4.702300522082580869e-02
3.611245132921614420e-02
2.272041913647826483e-02
7.873000497282234278e-03
-6.720628057555022572e-03
-1.936665396632919478e-02
-2.940388488845713244e-02
-3.590955210562252198e-02
-3.740603968971800697e-02
-3.374364243798866347e-02
-2.623360278264952328e-02
-1.540246455068783327e-02
-2.496467798054791132e-03
1.063358915558709761e-02
2.267848867509503208e-02
3.260001623520358827e-02
3.891366717099198347e-02
4.090166752391000138e-02
3.915905934649765996e-02
3.372443206079922540e-02
2.494160286307289809e-02
1.420489529366308901e-02
3.238267745034884015e-03
-7.084664573690835354e-03
-1.541062696578487934e-02
-2.062586653616960142e-02
-2.294822792624395813e-02
-2.203522361291065934e-02
-1.743039601189178001e-02
-9.855058180047948646e-03
-6.854855134673654149e-04
9.349381641496901096e-03
1.883903199455683186e-02
2.634185687320611535e-02
3.135327958139666471e-02
3.331652477654167832e-02
3.142796935589520224e-02
2.587322821455484423e-02
1.791673257351855675e-02
8.145748844905487118e-03
-2.223427119823928599e-03
-1.155314698158882436e-02
-1.873251376517748312e-02
-2.295322282834000305e-02
-2.303922437634753351e-02
-1.867783108916698520e-02
-1.090913903967982712e-02
-2.154555565752058754e-04
1.231452488011886004e-02
2.486140475548159756e-02
3.562700729673551336e-02
4.342328636319070512e-02
4.654540749594682225e-02
4.403166148143289327e-02
3.656483963566925510e-02
2.449170718178605988e-02
8.678042564050247876e-03
-9.007349193972058465e-03
-2.608932571196742600e-02
-4.085003744547865967e-02
-5.078341810073538909e-02
-5.400128579972329756e-02
-5.045120868039199014e-02
-4.002413863492271240e-02
-2.299250278941744607e-02
-9.529792952489568592e-04
2.316644958315494662e-02
4.722531972711130344e-02
6.797229471147669955e-02
8.235607513342468877e-02
8.870709713296753840e-02
8.583789154894394535e-02
7.306786737377701790e-02
5.119530032403418751e-02
2.286726925929949417e-02
-9.824294413639744761e-03
-4.313265080691874864e-02
-7.286643988512742087e-02
-9.537192575237884995e-02
-1.078930297198517074e-01
-1.076007327046386575e-01
-9.348398097895505021e-02
-6.761047032760769682e-02
-3.168432001295695688e-02
1.081569465729059765e-02
5.527177768906521571e-02
9.634654598088077115e-02
1.295833530335950279e-01
1.500153762257159240e-01
1.545413771428492122e-01
1.431567000026061631e-01
1.159446607851621902e-01
7.478464783623683942e-02
2.359978764119885497e-02
-3.127714179485718837e-02
-8.467260732499315434e-02
-1.300963433373585332e-01
-1.618384389825052727e-01
-1.764324867441978695e-01
-1.713611661270556530e-01
-1.459935889054307934e-01
-1.020220359132734123e-01
-4.441248068815661920e-02
2.204186277910968883e-02
8.977941655012000588e-02
1.511221077133180213e-01
1.988902857027792237e-01
2.274420017987899278e-01
2.321766662508721879e-01
2.111687869139062812e-01
1.673456639590888972e-01
1.038672945183889418e-01
2.681807990442819367e-02
-5.615228785114834142e-02
-1.353158967538815594e-01
-2.022366871932217425e-01
-2.481369001192885726e-01
-2.669470636829212040e-01
-2.570884441240895990e-01
-2.179701220030318964e-01
-1.526902084178501928e-01
-6.708120711399689906e-02
2.884561441583688435e-02
1.260038740726117101e-01
2.131274672087803967e-01
2.799614542889987678e-01
3.187631386683353885e-01
3.242481672754247146e-01
2.947861139059166913e-01
2.318460715033550112e-01
1.425464261467845883e-01
3.449887893400127581e-02
-8.015911391962737831e-02
-1.890766585463190541e-01
-2.797695563928415119e-01
-3.420187477036695789e-01
-3.673402503585594392e-01
-3.511297721219013290e-01
-2.960053874510466532e-01
-2.058266959958082731e-01
-8.978886534544339160e-02
4.073375276065727135e-02
1.706260277672835279e-01
2.863210246075953425e-01
3.737091874940514646e-01
4.222053319399134974e-01
4.269830686238762496e-01
3.854823807854161899e-01
3.012813733523798110e-01
1.817716339144059834e-01
4.099179308506273323e-02
-1.077656538359670346e-01
-2.476130992163138034e-01
-3.628610161855544414e-01
-4.404999351395016971e-01
-4.709743459197323068e-01
-4.500941707602439390e-01
-3.780141749062988499e-01
-2.629621025238466636e-01
-1.147167921510658939e-01
4.994655567704020527e-02
2.138443120904454098e-01
3.584448975670766480e-01
4.679613659811041604e-01
5.289652177831585256e-01
5.329965885029697148e-01
4.806244094221303609e-01
3.749078055738204185e-01
2.267773526397076633e-01
5.029334866850665442e-02
-1.342800927580974912e-01
-3.079985135430252097e-01
-4.503285219053543287e-01
-5.450039720876445060e-01
-5.823296880822745880e-01
-5.560237421478970710e-01
-4.681176916777601837e-01
-3.257458704326686716e-01
-1.455276238640527131e-01
5.562268043624674085e-02
2.549226320787436606e-01
4.307935231762274331e-01
5.634794620431746726e-01
6.376695235080549473e-01
6.442827784458831086e-01
5.800325210459273961e-01
4.530588096952821164e-01
2.740717204761085046e-01
6.327818550548269805e-02
-1.577706952177079236e-01
-3.639849550668586842e-01
-5.333660230439405403e-01
-6.461222590609629890e-01
-6.883129715705436080e-01
-6.565109661438481847e-01
-5.513343271304556037e-01
-3.841580434983300485e-01
-1.707349257497488004e-01
6.403607983354553390e-02
2.965973824549428262e-01
5.003714872315736528e-01
6.527297523382864508e-01
7.376085194393673383e-01
7.438087721000490316e-01
6.703258764637478606e-01
5.224300250834910120e-01
3.176317831786641399e-01
7.498600320218851145e-02
-1.779313143027652089e-01
-4.144047322130591793e-01
-6.080292667851885380e-01
-7.373076895558977606e-01
-7.872945006977103422e-01
-7.500610288338536158e-01
-6.317097722940048232e-01
-4.419508917669131565e-01
-2.017650883401593820e-01
6.495604477304084412e-02
3.276671283324152917e-01
5.587639461981064315e-01
7.316970039240562329e-01
8.263284028198021325e-01
8.337789053223929603e-01
7.504594108077651260e-01
5.857788431926824746e-01
3.548317034875105858e-01
8.468921039857235655e-02
-1.978863846954698191e-01
-4.610974084565788722e-01
-6.760515249670965288e-01
-8.191947243161601389e-01
-8.736727989155419483e-01
-8.337312602344678636e-01
-7.007968663693450173e-01
-4.912036460274136207e-01
-2.242400917048015252e-01
6.945190304373416446e-02
3.589468096479084824e-01
6.120801737150118882e-01
8.014489287988979527e-01
9.057930607478126284e-01
9.118456413325579657e-01
8.212213173251889931e-01
6.406624492324199949e-01
3.906343631340982725e-01
9.594729352074904405e-02
-2.095251242553899385e-01
-4.940010534519706509e-01
-7.253258991657904886e-01
-8.777399405884136474e-01
-9.364405799421333665e-01
-8.927824890604790786e-01
-7.520616010190663836e-01
-5.268629016684491795e-01
-2.439105553757111577e-01
6.890123499085998304e-02
3.762707940746159441e-01
6.450801701850048531e-01
8.460314641855815054e-01
9.566609909835450676e-01
9.654198073397688429e-01
8.690922364587090332e-01
6.802948685822742814e-01
4.160813209742781904e-01
1.069562437541109468e-01
-2.149397360586172701e-01
-5.137488104407470502e-01
-7.577045362355405711e-01
-9.195691665653862312e-01
-9.804982699506971100e-01
-9.363847065568123851e-01
-7.893664109533501394e-01
-5.565871558294701593e-01
-2.608302931021714288e-01
6.378014968228473691e-02
3.836896219654726270e-01
6.626864355721298061e-01
8.703742279738528875e-01
9.858625224207577808e-01
9.950945335568996963e-01
8.979557066979746427e-01
7.026171541969337131e-01
4.330826228713342552e-01
1.156593437140889247e-01
-2.137591862415739730e-01
-5.200492384411430358e-01
-7.697577765805280192e-01
-9.357601828363730778e-01
-1.000000000000000000e+00
-9.536362892905232425e-01
-8.051579876909108480e-01
-5.679566566157163710e-01
-2.693692275485833898e-01
5.991957811644321730e-02
3.826211213000250133e-01
6.647238314280137228e-01
8.750289497015368845e-01
9.901085958339579385e-01
1.000000000000000000e+00
9.017853476817534464e-01
7.078888748047413859e-01
4.373316406823071212e-01
1.223909529412978703e-01
-2.050645921759134405e-01
-5.087262975446714686e-01
-7.556711407639158384e-01
-9.200827492241145933e-01
-9.836821538466031800e-01
-9.411010412824809546e-01
-7.951794659226877338e-01
-5.647772648203903678e-01
-2.722250152437629689e-01
4.873464218424339300e-02
3.641604025795255328e-01
6.394772183418895306e-01
8.452850195133829736e-01
9.595361496294616543e-01
9.688339927864606516e-01
8.758019516407697935e-01
6.884233915156348083e-01
4.288990562513552707e-01
1.236214083434348243e-01
-1.923014724124605390e-01
-4.858741592646499408e-01
-7.244607531647285770e-01
-8.821112650753007989e-01
-9.444250562389486792e-01
-9.035174084848484055e-01
-7.657217975468126880e-01
-5.443294471163077075e-01
-2.665383123911506669e-01
3.978034433786215018e-02
3.401090978769072404e-01
6.022337956396317526e-01
7.984030989588197791e-01
9.075187165450460114e-01
9.193265056650872236e-01
8.313903055736739933e-01
6.566496458423995985e-01
4.117495113767823955e-01
1.259301421900727025e-01
-1.705874869899699497e-01
-4.449780392862521250e-01
-6.683554344113384893e-01
-8.168169360264931900e-01
-8.739281800651463872e-01
-8.371994505379809492e-01
-7.092342749887695641e-01
-5.062133563585777818e-01
-2.487721908822088102e-01
3.251252661528325483e-02
3.085732475871649783e-01
5.484856366129526872e-01
7.265741445122051445e-01
8.264667393069153878e-01
8.367855026793380446e-01
7.583584208108133939e-01
5.988014553723965960e-01
3.788553426671623647e-01
1.203611442738821147e-01
-1.468843850645840110e-01
-3.944175116524996083e-01
-5.958590921424322673e-01
-7.298594759287706513e-01
-7.833644783185775839e-01
-7.499768657333312216e-01
-6.374776540347566467e-01
-4.567455835347001836e-01
-2.294071847915574169e-01
2.085277562873444346e-02
2.655086510245272535e-01
4.790088786083970263e-01
6.383004491809289860e-01
7.261270989751549276e-01
7.366614612913249260e-01
6.680925814663696283e-01
5.300907533638412605e-01
3.368651186240765316e-01
1.121924601080057649e-01
-1.210590419280462848e-01
-3.368432580398209586e-01
-5.119258370708164030e-01
-6.290988067825249441e-01
-6.758927567507906353e-01
-6.493811234639652596e-01
-5.519559373608471375e-01
-3.975342672484809547e-01
-2.014859539322361170e-01
1.286722371097726025e-02
2.224575892758791085e-01
4.047275201729492178e-01
5.406902630609107252e-01
6.166970247195573407e-01
6.244738770415816376e-01
5.672376682173472240e-01
4.506678438954658805e-01
2.892537392672434038e-01
1.001005290890464305e-01
-9.446745737261741382e-02
-2.742154295250021079e-01
-4.195257564291282604e-01
-5.150300005627077571e-01
-5.538264121330209733e-01
-5.316400113156489748e-01
-4.527753153238149864e-01
-3.257898082610605206e-01
-1.672034510071308544e-01
6.890352506671915123e-03
1.767178879701492011e-01
3.238660377442705851e-01
4.335770551318143262e-01
4.945915212079197154e-01
5.022592820485991538e-01
4.559381293963475912e-01
3.635804233119188655e-01
2.344283173726107172e-01
8.429728408845438281e-02
-7.049546445854204535e-02
-2.130539206542714226e-01
-3.286838360560717653e-01
-4.053875709735754729e-01
-4.351586622677968696e-01
-4.183646778768350671e-01
-3.568166307749141009e-01
-2.585811164868455636e-01
-1.342919105764047716e-01
9.784115684494665288e-04
1.331244543662666313e-01
2.472517954153425901e-01
3.313880829108906134e-01
3.791455740414972908e-01
3.856586537188599895e-01
3.516354798071030796e-01
2.812096300768305301e-01
1.844958381785122281e-01
7.130350908924953934e-02
-4.525582317526932741e-02
-1.523365653053869728e-01
-2.390521817405176774e-01
-2.967053741788242549e-01
-3.200934052236565908e-01
-3.070016974689073752e-01
-2.615056333765324315e-01
-1.883053523501317938e-01
-9.685106147518396380e-02
2.469662361129776329e-03
9.852935925613803825e-02
1.814673723170654451e-01
2.423624954668444076e-01
2.749496206036246004e-01
2.785215307541468732e-01
2.529705306016203359e-01
2.020507096052697182e-01
1.317748729686993858e-01
5.139668965671440048e-02
-3.074940353920785352e-02
-1.052163791592899411e-01
-1.640704924609278637e-01
-2.030194549685286898e-01
-2.182621456781153046e-01
-2.089750462761793548e-01
-1.768577233785072478e-01
-1.272731269636587781e-01
-6.522534736574459036e-02
1.760585459316121870e-03
6.597709899858661409e-02
1.209211025719723054e-01
1.612177740978768536e-01
1.829978132058973639e-01
1.843675167694669437e-01
1.674406437005531156e-01
1.341074141111828766e-01
8.854758393376105374e-02
3.614492609635489018e-02
-1.698188591606164533e-02
-6.540515699309035202e-02
-1.035634468874574443e-01
-1.276116094956105673e-01
-1.372055397389553288e-01
-1.316216921237821635e-01
-1.117133964831289461e-01
-8.017251366619715380e-02
-4.158625858527009722e-02
1.551129355872316040e-04
4.009360783242188475e-02
7.371000503063807052e-02
9.853041721679534071e-02
1.123223994377671175e-01
1.137862486537273288e-01
1.032243259782723577e-01
8.317493760594030228e-02
5.558722423102713250e-02
2.412809693563877644e-02
-7.054964123320517366e-03
-3.483006577472391729e-02
-5.659958113955798620e-02
-6.999852885526047785e-02
-7.388410152281688070e-02
-6.939300828040073643e-02
-5.705192931274982726e-02
-3.839498454973033770e-02
-1.608569271423099245e-02
6.950708381207926223e-03
2.846372107057537626e-02
4.572244131918501431e-02
5.699184620840358484e-02
6.276461480349060373e-02
6.252789076296894066e-02
5.608885280387698735e-02
4.473323280529273305e-02
3.041227810539637311e-02
1.443004476011866544e-02
-1.098967287255003811e-03
-1.422315380379979288e-02
-2.434465311858524661e-02
-3.063074359581929862e-02
-3.223784740435586826e-02
-2.942875172163539332e-02
-2.358086185162999726e-02
-1.518425652017230121e-02
-5.129681218755233196e-03
5.069980153391329125e-03
1.441941028609838860e-02
2.210949924106175857e-02
2.711127325113915632e-02
2.915288948908600908e-02
2.901182419136683066e-02
2.662235485809993918e-02
2.203068356892035062e-02
1.616427409316845143e-02
9.987712053338038132e-03
3.992967433352090367e-03
-1.147427443003889991e-03
-4.927309545897706755e-03
-7.495711393109338871e-03
-8.593218610639552502e-03
-7.912181280094299218e-03
-5.812530096021673032e-03
-2.958238547561164999e-03
4.421905812044268913e-04
4.082108630345526734e-03
7.495025692694001762e-03
1.049567296136988404e-02
1.280103275375665817e-02
1.395132060848602862e-02
1.390655545355068412e-02
1.303790293441497994e-02
1.140924918163865875e-02
9.276914776155553710e-03
7.079851173183770996e-03
5.069225993478143621e-03
3.432911949457606582e-03
2.389881744355060178e-03
2.026045030590895024e-03
2.224589859476155951e-03
2.966151883765366648e-03
4.095080861062250221e-03
5.291527785767247138e-03
6.240978321726098343e-03
6.876647158037707541e-03
7.222702867110575298e-03
7.280061947366966990e-03
7.206867358223734144e-03
6.991668182803945086e-03
6.607865852805261397e-03
6.195972194524834720e-03
5.878305526693328176e-03
5.673170707457764195e-03
5.571864061147957514e-03
5.554245088034814870e-03
5.549308409739550640e-03
5.565148989677526359e-03
5.591956489359395377e-03
5.619920570295144913e-03
5.639230893994762184e-03
5.640077121968234408e-03
5.612648915725770848e-03
