4.818130784562235647e-02
2.034049083420603754e-01
2.993195023790560239e-01
3.436058116971210108e-01
3.439445580367668232e-01
3.080164631385042817e-01
2.435022487428453175e-01
1.580826365903014175e-01
6.083973821652466363e-02
-4.341790890398289360e-02
-1.460579655559240964e-01
-2.334520882194550673e-01
-2.949696999429841648e-01
-3.255995332708585543e-01
-3.209273228336512185e-01
-2.813998986038747097e-01
-2.104028685773966512e-01
-1.169030816515789217e-01
-9.689733968220592963e-03
9.867247941235213204e-02
1.958380591123596304e-01
2.710682664348356141e-01
3.161194159475759768e-01
3.255580977638161677e-01
2.974226980317418167e-01
2.365419348921877774e-01
1.481669991223966143e-01
4.272980645309565340e-02
-6.809477425126375660e-02
-1.716139495897313072e-01
-2.568976529808962850e-01
-3.136982813482170895e-01
-3.352515715638153537e-01
-3.214100209737599245e-01
-2.727854152426837375e-01
-1.946057621170591556e-01
-9.508965669802338372e-02
1.327080242162836932e-02
1.195095235708703019e-01
2.111820447894359187e-01
2.779832320788597766e-01
3.143183077096158851e-01
3.157526847626233035e-01
2.820030894554388379e-01
2.163931736426187857e-01
1.276840997088726226e-01
2.420075442667424248e-02
-8.203501912924870965e-02
-1.790742518189899490e-01
-2.565638948193658120e-01
-3.063242817802186435e-01
-3.228731000438838095e-01
-3.039965504493205017e-01
-2.538429474899704941e-01
-1.768762189138699537e-01
-8.196852833203382982e-02
2.053721778462036518e-02
1.188989021677191449e-01
2.028933499454845801e-01
2.625788459201654490e-01
2.911897329192831840e-01
2.881322579582594745e-01
2.532564915085302459e-01
1.903689442398166509e-01
1.061615054428630689e-01
1.123086268478479255e-02
-8.493117713602194030e-02
-1.711264274383342832e-01
-2.377328687966532295e-01
-2.790509045990952064e-01
-2.906360543031635268e-01
-2.714814296685238437e-01
-2.236528774348458537e-01
-1.540917290887868774e-01
-6.924400350110038183e-02
2.113741776611899326e-02
1.068766101142977210e-01
1.790297845149479983e-01
2.303458287048256725e-01
2.550641766309389435e-01
2.503717850974771508e-01
2.193014336445806567e-01
1.647564327115438321e-01
9.317081072712030121e-02
1.264518726716956643e-02
-6.757399937672581292e-02
-1.393710911896577365e-01
-1.944781804307269546e-01
-2.270737747621818237e-01
-2.361876803856549634e-01
-2.208709073273169565e-01
-1.829473331697679672e-01
-1.269550273791353323e-01
-6.057462715189287916e-02
9.841260258901751712e-03
7.643183390357521922e-02
1.318931458052103878e-01
1.719175291148209439e-01
1.927065073950424701e-01
1.923225306342761787e-01
1.713020542146919123e-01
1.335051888614489091e-01
8.232749064668287708e-02
2.375507157445366779e-02
-3.550895853505142696e-02
-8.957107172502787318e-02
-1.334108633461764670e-01
-1.622913524771589788e-01
-1.735332700199008205e-01
-1.685189430719354897e-01
-1.478759691974315116e-01
-1.136727819407360451e-01
-6.992132998963962454e-02
-2.181170717133862347e-02
2.607731495640663866e-02
6.816174341433267614e-02
1.003269794550833982e-01
1.215967396494230801e-01
1.301620005701940030e-01
1.247798433953775099e-01
1.066018507070292110e-01
7.895042611256575249e-02
4.415369499322618907e-02
6.029551242863195881e-03
-3.108338093262297264e-02
-6.436971829468773887e-02
-9.120225971389628317e-02
-1.087324221268323177e-01
-1.157285690796074906e-01
-1.134923928788983405e-01
-1.022508441912660659e-01
-8.269987874320272603e-02
-5.729248165135469861e-02
-2.891460545461888021e-02
2.903657785833235749e-04
2.757983035689193230e-02
5.083988473782885542e-02
6.983831730092138201e-02
8.306644186684764009e-02
8.830280477560492614e-02
8.550037266610854836e-02
7.624432604894959553e-02
6.099891752379571486e-02
4.011513081833406602e-02
1.516614421475392938e-02
-1.199913792039219995e-02
-3.943119001884376473e-02
-6.425420314824159540e-02
-8.447230862624133252e-02
-9.941644772599089741e-02
-1.075388674174380110e-01
-1.061469341658629606e-01
-9.482334293709160367e-02
-7.543075755638872781e-02
-4.902807404676878811e-02
-1.739784154244627956e-02
1.658722439380921898e-02
4.995158892544449003e-02
7.991508084543785806e-02
1.024381297722158912e-01
1.148383867729116936e-01
1.165885242768451846e-01
1.068243207836765407e-01
8.497183450533207782e-02
5.278890857005169579e-02
1.400601483408614456e-02
-2.872883727116515296e-02
-7.121216571268484952e-02
-1.088974573588838979e-01
-1.383227275008734880e-01
-1.562788303247546473e-01
-1.591338743487411556e-01
-1.458057377990024106e-01
-1.185598489819278401e-01
-7.897142713048244111e-02
-2.992324665613466106e-02
2.387657833753564773e-02
7.645326284314712950e-02
1.227806760474496883e-01
1.567331930244428850e-01
1.740889278566346565e-01
1.739812729093876964e-01
1.554566838190207800e-01
1.190162692866285621e-01
6.782291106203297559e-02
7.847549282594901143e-03
-5.585017963975524857e-02
-1.160857614581917163e-01
-1.658746516803779603e-01
-2.000123873289897380e-01
-2.145271421547916280e-01
-2.065499078832244706e-01
-1.759262217903146963e-01
-1.266892108484514168e-01
-6.257461787608165071e-02
9.484366649311182229e-03
8.154368190758609636e-02
1.456085496665497914e-01
1.950169950067413005e-01
2.231775270593241434e-01
2.262521446686076576e-01
2.053134873969688634e-01
1.614541847840402777e-01
9.839360079552506022e-02
2.242198057130817546e-02
-5.728232180271819463e-02
-1.329522437784177447e-01
-1.955125451046360041e-01
-2.377554200554919950e-01
-2.563747310126922585e-01
-2.485606447664854279e-01
-2.141925984646128045e-01
-1.563547786188727029e-01
-8.216952884376393929e-02
1.855918640875531267e-03
8.615994833109397177e-02
1.611552825740081296e-01
2.187072473097677605e-01
2.525468044506196108e-01
2.582709205618889392e-01
2.344343630104435139e-01
1.849565859955402125e-01
1.138177854452879778e-01
2.860941454169751985e-02
-6.162105883892132763e-02
-1.466022178742913962e-01
-2.174910393476472414e-01
-2.654238968166287016e-01
-2.845997037035572497e-01
-2.747715908858882061e-01
-2.360105908285713427e-01
-1.718468350386120891e-01
-8.868057187771971606e-02
3.381559282335633299e-03
9.534234780240025131e-02
1.763879471235456631e-01
2.372728467728724144e-01
2.723870266779129246e-01
2.775086235922288314e-01
2.517167290732631457e-01
1.972519739342115663e-01
1.213023996457829323e-01
3.068073320444253405e-02
-6.424132149294325966e-02
-1.527783760172133354e-01
-2.252747969020285623e-01
-2.740088648742026178e-01
-2.928194854206842557e-01
-2.788550597742368575e-01
-2.356376788991573212e-01
-1.668129546719668843e-01
-8.008988376175352197e-02
1.509136100586583318e-02
1.076491478558669890e-01
1.879233360877203829e-01
2.461324496995946909e-01
2.754847056523019866e-01
2.747453123342915582e-01
2.432754567862551731e-01
1.843130236393133448e-01
1.041192893814386622e-01
1.305018596638207740e-02
-8.002382205521874070e-02
-1.643472891168732408e-01
-2.302362491928587884e-01
-2.716029798743379020e-01
-2.837692266721048018e-01
-2.653669531386551039e-01
-2.181363743147388679e-01
-1.486311861324406403e-01
-6.319113017065547400e-02
2.806803314203598632e-02
1.147659789461787927e-01
1.874871228807908352e-01
2.385528340196354513e-01
2.618998062514981129e-01
2.545918722526170352e-01
2.197050068544144086e-01
1.602511425030701542e-01
8.271401143513723575e-02
-4.511395774104198786e-03
-9.107867483474429982e-02
-1.679037620556667054e-01
-2.255524652288776188e-01
-2.574577885907463060e-01
-2.623283793747758219e-01
-2.391082452769258682e-01
-1.901177620243270638e-01
-1.206071813852258590e-01
-3.966279419593721212e-02
4.477717099692823943e-02
1.228095770354424854e-01
1.853288780413022696e-01
2.262799292692678765e-01
2.412007016573369800e-01
2.285288765051862736e-01
1.894131700962480291e-01
1.296453370151682272e-01
5.471738914432644485e-02
-2.642264906543256853e-02
-1.043432601847034125e-01
-1.704264569019303677e-01
-2.176725722718649836e-01
-2.401473382468142237e-01
-2.348708278421335338e-01
-2.046458361660858927e-01
-1.521310119722053544e-01
-8.348216612428882577e-02
-6.571195659674788914e-03
6.927030222251584490e-02
1.359668298461631508e-01
1.851553627119806311e-01
2.110598971724724215e-01
2.128238540587701344e-01
1.897779497279057370e-01
1.443240366658355978e-01
8.162149544575170168e-02
1.032070307140342535e-02
-6.248656734788549105e-02
-1.281267198076713187e-01
-1.787116258672303282e-01
-2.096104439715579248e-01
-2.172452900786154828e-01
-2.006064962891332959e-01
-1.613563128351941378e-01
-1.051771634755628293e-01
-3.729329947251802668e-02
3.393548353014907981e-02
9.993736022206856084e-02
1.533076855262673899e-01
1.881943590158201562e-01
2.001850491154695266e-01
1.874927604071643383e-01
1.532401175635529356e-01
1.003443633331471130e-01
3.489492308473618465e-02
-3.560469154484457999e-02
-1.025798678672065201e-01
-1.587169663017787835e-01
-1.965115539119158816e-01
-2.111683129310136797e-01
-2.029363062604703227e-01
-1.719628852085584025e-01
-1.211609014837490284e-01
-5.598235054884548312e-02
1.504879810607850921e-02
8.464982891487449201e-02
1.440577851316302560e-01
1.859031630171132932e-01
2.063107657413738583e-01
2.024614759154224064e-01
1.742592509113556343e-01
1.243132154469483996e-01
5.940457028186529875e-02
-1.444052413761465203e-02
-8.832950841441677969e-02
-1.532709336501523190e-01
-2.017925988119577685e-01
-2.282633422188884431e-01
-2.287910733982525535e-01
-2.023229141221215555e-01
-1.529710140306002053e-01
-8.484302423468481624e-02
-6.122258543329262004e-03
7.404478299456762613e-02
1.461309484669255365e-01
2.021353622819672680e-01
2.344014810994461406e-01
2.383346411538729281e-01
2.149984873376526995e-01
1.657123558573898592e-01
9.524609826226959619e-02
1.095341423295148608e-02
-7.645872236180095705e-02
-1.579138165362886648e-01
-2.231530787879495437e-01
-2.641548979236321149e-01
-2.774264940004627089e-01
-2.602982305616987624e-01
-2.136384102472905777e-01
-1.416992684632937261e-01
-5.349320036190263750e-02
4.275926528159734730e-02
1.356347539557920534e-01
2.141035724122488659e-01
2.691027869979913945e-01
2.939653829707729038e-01
2.850687282406390022e-01
2.420360785902795353e-01
1.702949364078016892e-01
7.574020261611069671e-02
-3.073966900234736954e-02
-1.374312546189599971e-01
-2.319045489983732056e-01
-3.036668239349045173e-01
-3.430051409375003413e-01
-3.440864971012950191e-01
-3.081330354920196468e-01
-2.371742246644421570e-01
-1.380346610891761694e-01
-2.041747640709512535e-02
1.016269596391690122e-01
2.153942349531663414e-01
3.065967183386570927e-01
3.642329880006054399e-01
3.827353890614186849e-01
3.582830713189695260e-01
2.923259209958974925e-01
1.904861372071913195e-01
6.507661014809928979e-02
-7.224877279455899082e-02
-2.056055575500728150e-01
-3.197137632951151387e-01
-4.014037216045021061e-01
-4.408534232228291661e-01
-4.324439941119504471e-01
-3.749786252264618591e-01
-2.754765000134730135e-01
-1.421426814634928482e-01
9.637562050200276786e-03
1.635550537942664917e-01
3.019176637956564324e-01
4.095884792982431577e-01
4.729238711186818378e-01
4.831885295613733700e-01
4.404616416729434381e-01
3.468658192594036294e-01
2.118440021641974091e-01
4.846217778824413180e-02
-1.238799747533100293e-01
-2.875036056722088951e-01
-4.227013608896671437e-01
-5.137658179513479029e-01
-5.516006980233374435e-01
-5.298246624451496967e-01
-4.495752297894681782e-01
-3.174098779354495026e-01
-1.489786577715100924e-01
4.002028791246758921e-02
2.277748079025367911e-01
3.934907587858909039e-01
5.182685071096397866e-01
5.875015638281315677e-01
5.923721663469887488e-01
5.298207933352883092e-01
4.078999225955937113e-01
2.367353973404324741e-01
3.542628319852636487e-02
-1.752846629152196023e-01
-3.711142929406102686e-01
-5.309127356190966873e-01
-6.352385566633291791e-01
-6.707420558749770390e-01
-6.349235172079603640e-01
-5.286475605030701574e-01
-3.629449211698061450e-01
-1.534602951256155423e-01
7.522821478219832159e-02
3.000101182091838847e-01
4.945594520320177878e-01
6.366859100357409318e-01
7.111542027022643708e-01
7.076134292849580731e-01
6.257510652477205060e-01
4.716250686773466594e-01
2.636580193875071032e-01
2.122252888711906316e-02
-2.279214215912392927e-01
-4.568484248052064878e-01
-6.396096768951005096e-01
-7.554629314318963562e-01
-7.900885405707744891e-01
-7.366528693379741366e-01
-6.034010597404992904e-01
-4.015449032979840904e-01
-1.535872376951015195e-01
1.152562159492467320e-01
3.737481279244081467e-01
5.942790099408250537e-01
7.509406101873046246e-01
8.247879349777618163e-01
8.093331553800484635e-01
7.031133960240090186e-01
5.179201898496155199e-01
2.713697534892942631e-01
-6.968204079890738534e-03
-2.894082827290529458e-01
-5.439072885473650310e-01
-7.418306726988133093e-01
-8.615748697519556298e-01
-8.882516079523762320e-01
-8.190736651593518713e-01
-6.585244764419222463e-01
-4.262054486074560167e-01
-1.438530112119651427e-01
1.559036749691520285e-01
4.411225158242038091e-01
6.796782106683478819e-01
8.451459456277641280e-01
9.183971568891109438e-01
8.887488267402838815e-01
7.624606072809876345e-01
5.499352094688456649e-01
2.751991437534553331e-01
-3.411642504811784882e-02
-3.419345892071158355e-01
-6.156680253212476472e-01
-8.235489565678413282e-01
-9.413950979016201259e-01
-9.584820859329929998e-01
-8.700298170712581491e-01
-6.864833075216686398e-01
-4.251079019802205261e-01
-1.175124660554550671e-01
2.056334546100850869e-01
5.073861845875919929e-01
7.542361751796395897e-01
9.191859512260902587e-01
9.828661326006258303e-01
9.390070837988502284e-01
7.894580539720903456e-01
5.534820277868230942e-01
2.532344937572459376e-01
-7.588920818562394643e-02
-3.987194191376122188e-01
-6.789688331733267912e-01
-8.861327629061894751e-01
-9.970869914917214194e-01
-9.976241812003963094e-01
-8.913612141837358172e-01
-6.868751469345591998e-01
-4.081504619608462558e-01
-8.348553992999752094e-02
2.487893060599877249e-01
5.537416050708785509e-01
7.965244473980228612e-01
9.498593659128704569e-01
1.000000000000000000e+00
9.391223541196664915e-01
7.752979568782989439e-01
5.241377991252929025e-01
2.166280079791580437e-01
-1.164584947350204569e-01
-4.367687371667193785e-01
-7.091802388870862561e-01
-9.042659854212399262e-01
-1.000000000000000000e+00
-9.874601889220959716e-01
-8.659192029750221176e-01
-6.521868627386796513e-01
-3.664913402851146529e-01
-4.287861193634689982e-02
2.842398014527827144e-01
5.780145436179051632e-01
8.068600821921538824e-01
9.455450253807808902e-01
9.775168714807520587e-01
9.036447069764370621e-01
7.297159075849239951e-01
4.768679191728348865e-01
1.708939253795394020e-01
-1.518327842970693675e-01
-4.574085432910545146e-01
-7.108380385289754244e-01
-8.841045868516336226e-01
-9.614688489045202235e-01
-9.329975677561289649e-01
-8.038750334478445003e-01
-5.866450999983597869e-01
-3.091155368215060539e-01
8.217902037717106367e-04
3.073020335209040166e-01
5.768119196370715684e-01
7.803981150654901722e-01
8.957522633030270409e-01
9.119888885970353076e-01
8.259822015087523450e-01
6.511863026108943853e-01
4.043515827967405496e-01
1.158276933498083583e-01
-1.832630018790584181e-01
-4.591840282816601615e-01
-6.825733832687799207e-01
-8.291455175239804687e-01
-8.822772135216767619e-01
-8.408195980802903868e-01
-7.079775734090310024e-01
-5.008195815119225180e-01
-2.410481647106242908e-01
3.967490209176616212e-02
3.118546164668227760e-01
5.444169441225199524e-01
7.121167342241556675e-01
8.003268822493958545e-01
7.987517424620693696e-01
7.098127059224632607e-01
5.427195690822745888e-01
3.198722840091674513e-01
6.389833296620772707e-02
-1.951091939175443324e-01
-4.287245299584468983e-01
-6.120837164201250458e-01
-7.255752616728653459e-01
-7.589044490283294309e-01
-7.081438669793214125e-01
-5.828790582898047967e-01
-3.953587294068994229e-01
-1.691638801220477495e-01
7.103728112454099630e-02
2.980055531652070488e-01
4.877430467251411272e-01
6.196231534801539542e-01
6.792112655870610194e-01
6.646909620060779122e-01
5.771767077413312297e-01
4.285033403034010924e-01
2.346096291628378960e-01
1.951202435039323113e-02
-1.940527426573189773e-01
-3.813790650091221091e-01
-5.222973985280621179e-01
-6.048376718868856416e-01
-6.200211788337266494e-01
-5.683003741209866622e-01
-4.555809021908883150e-01
-2.980679808359592009e-01
-1.118990078436932212e-01
8.084609502255313274e-02
2.587680389959283733e-01
4.030701190348469076e-01
4.986995024872502569e-01
5.367276173423214392e-01
5.131536433022640953e-01
4.345139393148840234e-01
3.088418243348658443e-01
1.525647222918127266e-01
-1.665026181340412137e-02
-1.794343132329487833e-01
-3.186634473219529529e-01
-4.191716739317074003e-01
-4.702454438114461732e-01
-4.704599429997069482e-01
-4.199690248932982373e-01
-3.261735169300573611e-01
-1.998544234596528746e-01
-5.750168288373314063e-02
8.582940798774174596e-02
2.135094936820711720e-01
3.117344025038724098e-01
3.728627953483532043e-01
3.906394939573807346e-01
3.647141180263464566e-01
2.987596004139350114e-01
2.030897909683064828e-01
8.760459400668318963e-02
-3.363264380155372990e-02
-1.467578837297982552e-01
-2.400938094774867082e-01
-3.041984820549779034e-01
-3.333096839305897952e-01
-3.249124072057829604e-01
-2.832300646891285911e-01
-2.127266048259176534e-01
-1.226520461997175904e-01
-2.354540981516439757e-02
7.318344512133667656e-02
1.574605490044169720e-01
2.198937841287817996e-01
2.540947821547103747e-01
2.599268191288912622e-01
2.371889787209175982e-01
1.892290071001307972e-01
1.219872413113856080e-01
4.460496248388468032e-02
-3.473800750148470229e-02
-1.065883670921536908e-01
-1.630764835703448767e-01
-2.003301200321251363e-01
-2.148726352082596103e-01
-2.059436272981677307e-01
-1.753787619157305411e-01
-1.287666865909939951e-01
-7.085641936511499761e-02
-8.751770019836846437e-03
5.000098965095545189e-02
9.951890639392435567e-02
1.350766079435923306e-01
1.530702932199849986e-01
1.519655930061720728e-01
1.343296619151850280e-01
1.021254799625241905e-01
5.986812838084021315e-02
1.319533118610638489e-02
-3.249750263401629535e-02
-7.259878441206768507e-02
-1.024325805490939878e-01
-1.190664469236104583e-01
-1.231668300592384524e-01
-1.146127729120933747e-01
-9.462561406486336146e-02
-6.634861158141325266e-02
-3.421349320393407556e-02
-1.448378351833423672e-03
2.789892432279827972e-02
5.050532525604300993e-02
6.589702984393497331e-02
7.280599585043545652e-02
7.033969491874247915e-02
5.953426367714520495e-02
4.297960358494479216e-02
2.225228267541812244e-02
7.499138740096888966e-05
-2.046413869237828642e-02
-3.774531276913839495e-02
-5.032483690070121973e-02
-5.664867775659132576e-02
-5.647282488304550263e-02
-5.141891696822364910e-02
-4.192152800219683950e-02
-2.899664423582604122e-02
-1.480496433816147483e-02
-1.098618376365712024e-03
1.093552147738297009e-02
1.975765849821131681e-02
2.463470206124096507e-02
2.637667222380546406e-02
2.474078321160089189e-02
1.963577290487994453e-02
1.227936676815066797e-02
4.142299086251188811e-03
-4.135972792021824773e-03
-1.168100039607811169e-02
-1.765492501598020514e-02
-2.210189464719913843e-02
-2.459439789048500913e-02
-2.462609013687644399e-02
-2.261976762863016077e-02
-1.950093925045970344e-02
-1.548691714088734628e-02
-1.090594020475166293e-02
-6.415430449560943771e-03
-2.335438289647662202e-03
9.548991554122476799e-04
2.859526397100520256e-03
3.298088242571273199e-03
2.736243204285004893e-03
1.213543259327432011e-03
-9.959502498821937166e-04
-3.343526955340014872e-03
-5.503318398549783552e-03
-7.271006902214049994e-03
-8.457611107226759017e-03
-8.985363549470659628e-03
-8.974725697727725660e-03
-8.426544459919971253e-03
-7.461814683984879792e-03
-6.418392039652776049e-03
-5.665923191910060552e-03
-5.247514420079202324e-03
-5.072967250278170859e-03
-5.106295455723608434e-03
-5.176164518504999812e-03
-5.299750318870088961e-03
-5.451503722375794503e-03
-5.605875594578813015e-03
-5.737316801035952096e-03
-5.820278207303908324e-03
-5.829210678939489299e-03
