-3.486606446785556201e-03
1.213667785459637827e-01
1.930910519113244739e-01
2.199085337761428338e-01
2.100415442672647348e-01
1.717124035115369374e-01
1.131434316358053138e-01
4.255694876691618056e-02
-2.454245782581498947e-02
-8.563844251994401358e-02
-1.339557997260675259e-01
-1.602028144109208796e-01
-1.585467704807248523e-01
-1.315799712463254778e-01
-8.165962808139093365e-02
-1.972517487272229531e-02
4.366789266301873695e-02
9.813566284840091747e-02
1.362205239577072291e-01
1.520673544641779618e-01
1.423823641939905293e-01
1.101740997908284836e-01
5.887676835420396770e-02
5.083063655164643535e-05
-5.517076780489327259e-02
-9.768370078334032147e-02
-1.214146968645287705e-01
-1.224924487044015686e-01
-1.002487790219538377e-01
-6.096885733710699640e-02
-9.110996672926807705e-03
4.430128758589968463e-02
8.836398967730052512e-02
1.159449078175380787e-01
1.225118742153588069e-01
1.061694281448239963e-01
6.906422481742180430e-02
2.053702565817827619e-02
-3.376634442160875160e-02
-8.311852455662926964e-02
-1.167742314426534200e-01
-1.293762691674872345e-01
-1.184105763163212366e-01
-8.479571311315392546e-02
-3.299370680218505214e-02
2.567372590595651261e-02
8.412156385108149337e-02
1.314673800624421851e-01
1.571733398421466532e-01
1.574272866722812303e-01
1.313047633280277626e-01
8.192315283474393972e-02
1.555246185122216573e-02
-5.513249177459744743e-02
-1.219583494318521311e-01
-1.739776358698058578e-01
-2.006500017653295442e-01
-1.987658743308650111e-01
-1.679986620872174763e-01
-1.122752832310273119e-01
-3.850657910681365426e-02
4.049256839931669738e-02
1.162663516713196010e-01
1.779254913937078353e-01
2.146865164903171141e-01
2.229753707087442915e-01
2.018160859876720892e-01
1.536675828651694609e-01
8.420578468774131409e-02
4.665653333676855752e-03
-7.740069691180118117e-02
-1.515731305634212545e-01
-2.068331640009811734e-01
-2.379400107705116341e-01
-2.417469268420107120e-01
-2.166976827631371672e-01
-1.651183029967048244e-01
-9.533656735859641351e-02
-1.267776677584564471e-02
7.462479177481462500e-02
1.557647889139686104e-01
2.221652950462926768e-01
2.671716154114416319e-01
2.823067809333608125e-01
2.640937956540849729e-01
2.177655620820411198e-01
1.457183670965587208e-01
5.152277694858287127e-02
-5.538865639144208153e-02
-1.618619187462129183e-01
-2.572721698847294514e-01
-3.266317540999734703e-01
-3.591829129244898944e-01
-3.518714526184316682e-01
-3.018082199389541254e-01
-2.094621928067732508e-01
-8.280760343353654740e-02
6.153588962183453859e-02
2.102157717292238992e-01
3.428087189672544000e-01
4.396867868764211540e-01
4.861299102840410669e-01
4.729579663482781360e-01
3.969300746602051344e-01
2.624627528535228294e-01
8.738130679994493555e-02
-1.120093108839991247e-01
-3.081290968412954134e-01
-4.738874456298105553e-01
-5.849029023226051116e-01
-6.241056861246201404e-01
-5.818148737400234971e-01
-4.577540646864566298e-01
-2.692665828000546657e-01
-3.385795075432995738e-02
2.151208487505458233e-01
4.445509758500654218e-01
6.215704224689744262e-01
7.213806649597851450e-01
7.267096131161594474e-01
6.314323805457509042e-01
4.504719102911820539e-01
2.004014269611553711e-01
-8.149486282226936495e-02
-3.578526561374745230e-01
-5.897691465482406414e-01
-7.464614966765694692e-01
-8.049883631580373455e-01
-7.539906563766380909e-01
-6.039149434975021880e-01
-3.680371071326490329e-01
-8.152252053518760366e-02
2.185054680943259164e-01
4.891279845794207493e-01
6.958535904822042983e-01
8.093997018546665867e-01
8.126544271104212402e-01
7.131519057997803834e-01
5.194140147160968279e-01
2.590179882052636717e-01
-3.538192784273253011e-02
-3.215277068994262244e-01
-5.639249816462230669e-01
-7.286549355861445809e-01
-7.931374629430116840e-01
-7.576926793791647352e-01
-6.248561333967902476e-01
-4.145089982331020551e-01
-1.529148338129394658e-01
1.207691677394941987e-01
3.742260630193490201e-01
5.743059379409962695e-01
6.942205239002918749e-01
7.250065619880703416e-01
6.629078482383941040e-01
5.197330402046811404e-01
3.133188769774244431e-01
7.563111113981646483e-02
-1.664389866889076641e-01
-3.817787246910940846e-01
-5.420727688197419791e-01
-6.313298871578219007e-01
-6.397441795680002263e-01
-5.699203661762453077e-01
-4.305350556139805329e-01
-2.444526470494965409e-01
-3.183557003400694363e-02
1.792383855164121353e-01
3.615121232266873541e-01
4.948908310081066020e-01
5.644959122500081694e-01
5.639152229492705448e-01
4.934075751004509680e-01
3.665327471572992213e-01
1.958828707941964176e-01
4.780804067166188887e-03
-1.822242436922407727e-01
-3.426844791728177464e-01
-4.582643969875832557e-01
-5.139722552061426475e-01
-5.025040566645120332e-01
-4.313887009502433978e-01
-3.070951009565699996e-01
-1.455134091166913057e-01
3.313921058204960524e-02
2.045879530172964866e-01
3.483788592958272368e-01
4.433464359828789281e-01
4.764014660600088824e-01
4.497365531748176437e-01
3.648076535418200983e-01
2.318047820384159241e-01
6.742284058113323653e-02
-1.028458756155341547e-01
-2.587063018970585659e-01
-3.773407265306678582e-01
-4.407021837129233566e-01
-4.436121413685660819e-01
-3.842554581160723126e-01
-2.710519964076464339e-01
-1.180776741670417351e-01
4.907407301789867837e-02
2.102124560140268272e-01
3.411358239312458629e-01
4.204333973586031892e-01
4.379184645622959948e-01
3.896242398511169380e-01
2.830208811659646884e-01
1.307008732491474756e-01
-4.116679015155710886e-02
-2.112834218956556320e-01
-3.527313420140768541e-01
-4.417972301514673239e-01
-4.655407390150460012e-01
-4.180129795701749140e-01
-3.057987030210692625e-01
-1.412913009012917165e-01
4.762773778277562542e-02
2.377690993182663970e-01
3.987865408830002512e-01
5.040227408611426263e-01
5.373825700518022330e-01
4.906712034370996900e-01
3.695169905411528344e-01
1.862722211835243780e-01
-2.908685794549192849e-02
-2.508675842785303978e-01
-4.444022623561363350e-01
-5.790866084543306869e-01
-6.344251543926360259e-01
-5.988237533562548176e-01
-4.757440108149523228e-01
-2.765638747934927588e-01
-3.267370633288135817e-02
2.279978633972090662e-01
4.661528469699165456e-01
6.465268386206588502e-01
7.427600896846124900e-01
7.382311365898264199e-01
6.319839365764829964e-01
4.323864601267106700e-01
1.701720120704046657e-01
-1.260411412586505131e-01
-4.132112234881470947e-01
-6.516394281019421975e-01
-8.081693852699438629e-01
-8.597278976585320809e-01
-7.982483187003444058e-01
-6.263892819587457694e-01
-3.709309260603098624e-01
-5.837289811608703527e-02
2.668766307701675444e-01
5.622418010508487551e-01
7.879970236857725130e-01
9.140949499799277955e-01
9.228509865259884037e-01
8.085379009597901678e-01
5.903319435780502999e-01
2.892240865429780428e-01
-5.180072127823831529e-02
-3.896504433400582723e-01
-6.800076182382912560e-01
-8.868670685935184927e-01
-9.824238827744928848e-01
-9.514488851159603744e-01
-8.042294908323953662e-01
-5.537215895210270133e-01
-2.330194851593444527e-01
1.199498465219792642e-01
4.574769368613995635e-01
7.396417235486756336e-01
9.289078303857756236e-01
1.000000000000000000e+00
9.520189165811232535e-01
7.866428552996402868e-01
5.244190829250165997e-01
1.949017222990316878e-01
-1.564675864871170052e-01
-4.901930914925736182e-01
-7.628049874863462865e-01
-9.387363220566050659e-01
-1.000000000000000000e+00
-9.365725681563774607e-01
-7.577660527645732058e-01
-4.822902875682538726e-01
-1.497146761737486731e-01
2.038679710776907239e-01
5.320066966890777405e-01
7.924327714889003449e-01
9.538487193263049946e-01
9.950961962499027536e-01
9.126764943171989941e-01
7.135588367371130669e-01
4.285487543859571868e-01
8.797578413250506379e-02
-2.612436855060348284e-01
-5.744897459548385932e-01
-8.121054858243872410e-01
-9.441402806209855392e-01
-9.553081522134189152e-01
-8.419469716201428700e-01
-6.252293852137585928e-01
-3.277883127272749331e-01
6.739044788144132880e-03
3.351194287615564260e-01
6.139166612864581651e-01
8.083073512908189873e-01
8.944721543901998917e-01
8.604511657512532441e-01
7.182388376174184685e-01
4.822835223796171356e-01
1.899849250016909519e-01
-1.199751445040124764e-01
-4.047856608932375311e-01
-6.287759940670527570e-01
-7.626853410820869650e-01
-7.890431561200736965e-01
-7.143161222863112503e-01
-5.464779639010846068e-01
-3.135796920464740678e-01
-4.721562954429270320e-02
2.132206395250848541e-01
4.345385528390623975e-01
5.864582217921205931e-01
6.493913845797278928e-01
6.258368590738085935e-01
5.188918672172746493e-01
3.482918793872928909e-01
1.385960180483731818e-01
-7.627715088370945473e-02
-2.689446216725250860e-01
-4.132253371970341371e-01
-4.894671069658390605e-01
-4.961439340807352050e-01
-4.338991775677258911e-01
-3.168218476005882911e-01
-1.628617819327659033e-01
9.413855692348427340e-04
1.535903085399996648e-01
2.743146072638626976e-01
3.456918970984983464e-01
3.643931840249630127e-01
3.299310786667004614e-01
2.521798549632461306e-01
1.439294746356400978e-01
2.565534923661560995e-02
-8.743090508072337563e-02
-1.796081076028296364e-01
-2.366330831183193206e-01
-2.550474988800236487e-01
-2.340324800862321197e-01
-1.802866217570194829e-01
-1.029681632172392280e-01
-1.733226117629016461e-02
6.580519966111642027e-02
1.343209165309529052e-01
1.767430397382718787e-01
1.901328585434871599e-01
1.735701985500441857e-01
1.310489631973152935e-01
6.924350881259955237e-02
2.221238441313388989e-05
-6.851512413162264004e-02
-1.258805505687257131e-01
-1.619407037169310337e-01
-1.737902758871131548e-01
-1.600149944167176264e-01
-1.218434887569509462e-01
-6.401904943194969277e-02
3.320032653329807459e-03
7.335166254804237340e-02
1.356900207272428993e-01
1.797247361312925840e-01
2.002563343613048552e-01
1.940673756395754346e-01
1.597501989345830875e-01
1.002133188842413425e-01
2.457967199721333706e-02
-6.074289360508178248e-02
-1.440092077687414873e-01
-2.122558772504646862e-01
-2.557786490619677888e-01
-2.680560238037738019e-01
-2.437919579353883259e-01
-1.830660104293647672e-01
-9.441414936606595809e-02
1.531449929252759468e-02
1.318349934515123945e-01
2.389058874310971969e-01
3.208008254171137441e-01
3.658099885764001247e-01
3.624152817521251180e-01
3.064554686901517222e-01
2.060996120417069033e-01
6.876639551763474856e-02
-8.780909721819607494e-02
-2.430515942727530243e-01
-3.740400010090380034e-01
-4.630867547240563598e-01
-4.930517660811915004e-01
-4.548981220027095151e-01
-3.546348552291611611e-01
-1.993744106780971359e-01
-7.613452589104174884e-03
1.973802740072956308e-01
3.842667516662856553e-01
5.292437460586600917e-01
6.085272980300564516e-01
6.063355181818739226e-01
5.246848345500130240e-01
3.682956299053736782e-01
1.553634184938796903e-01
-8.975345041927240697e-02
-3.305948487244591005e-01
-5.378308476893383094e-01
-6.802642938682136320e-01
-7.338842023746039445e-01
-6.917965416595137640e-01
-5.543237588523954873e-01
-3.388918972272922936e-01
-6.908950884374709389e-02
2.151479905033417683e-01
4.804767348362419810e-01
6.892050061266445926e-01
8.097124753638484940e-01
8.262334839368805639e-01
7.325468421154350818e-01
5.412823899559735530e-01
2.723969207405028126e-01
-3.428834130061042540e-02
-3.438513393914253147e-01
-6.132804541389785813e-01
-8.049745928620826163e-01
-8.946282195354132716e-01
-8.680378763261767938e-01
-7.297251748785859027e-01
-4.931529042225420989e-01
-1.941473872122538857e-01
1.343485055127811023e-01
4.471505909743533902e-01
7.029610626733686640e-01
8.697179406782737932e-01
9.251886838987206652e-01
8.637522814176321617e-01
6.899457157068897839e-01
4.316576604862232269e-01
1.161689673514905152e-01
-2.129822855636608336e-01
-5.139641307133365755e-01
-7.491026375377899393e-01
-8.894035683053139740e-01
-9.185819182254901794e-01
-8.310257377803089707e-01
-6.434697939368470010e-01
-3.742139185267299162e-01
-6.064001502365345964e-02
2.587547484607317649e-01
5.437871452422413654e-01
7.609998741902890274e-01
8.826102763949390528e-01
8.922507141260720420e-01
7.974311731748406906e-01
6.067755837731148016e-01
3.444062084463055395e-01
4.052254382886966155e-02
-2.648797539666175593e-01
-5.370187059119777562e-01
-7.408213344221856733e-01
-8.512247227250882009e-01
-8.625833863778866739e-01
-7.715565785347096028e-01
-5.896320664403771339e-01
-3.372303018563564958e-01
-4.930013400151234126e-02
2.439780974813730019e-01
5.068923072659237139e-01
7.068188389252263448e-01
8.227058526549955175e-01
8.407054063232317631e-01
7.598630523435965234e-01
5.876756496980715117e-01
3.489873788055242176e-01
6.746144389279917775e-02
-2.217673983316293951e-01
-4.837943514544073009e-01
-6.881508549306907252e-01
-8.112312871382904023e-01
-8.375679285439309174e-01
-7.616101884756425466e-01
-5.970366397773056999e-01
-3.586991621055999335e-01
-7.762776838223117704e-02
2.125957294515812279e-01
4.761538835468595021e-01
6.828440100773391919e-01
8.052328207431624918e-01
8.265493590091264053e-01
7.507362750469965818e-01
5.834780927891110025e-01
3.447436355295609989e-01
6.182544217953078736e-02
-2.262833186809444230e-01
-4.867384259634437438e-01
-6.848541816725577380e-01
-7.948702348067140377e-01
-8.090865639690116851e-01
-7.228572060586762049e-01
-5.467348497947910335e-01
-3.005870088175353061e-01
-2.020300576425404504e-02
2.635813375861386643e-01
5.133066396835670453e-01
6.956046019919470691e-01
7.893310111509319604e-01
7.818467579845893578e-01
6.761075016973498997e-01
4.831399823976787467e-01
2.331481512520248156e-01
-4.623108426440747376e-02
-3.164036457676804304e-01
-5.414696916056123133e-01
-6.935692383040279463e-01
-7.531957470874302008e-01
-7.146020517658411286e-01
-5.810564904524930796e-01
-3.762063597790017422e-01
-1.226442058340053709e-01
1.425485854213495163e-01
3.836725813737573709e-01
5.692190306430127134e-01
6.754263075905262426e-01
6.897666428401518779e-01
6.091031306204011120e-01
4.504633695652691117e-01
2.309723803449561519e-01
-1.540254443397415240e-02
-2.549060048451337046e-01
-4.547483381991235252e-01
-5.891071362942401635e-01
-6.406954835486321498e-01
-6.016600113101211456e-01
-4.831906028206461867e-01
-2.973216853610151089e-01
-7.409610050719228624e-02
1.555284863322898836e-01
3.588285292620401190e-01
5.092244391104163714e-01
5.854476580841312394e-01
5.760037110585154441e-01
4.886324150625271923e-01
3.316300247006531698e-01
1.298772958363367813e-01
-8.899594649780073752e-02
-2.922419385096530764e-01
-4.528803491991351127e-01
-5.463044682917383987e-01
-5.579694052900272538e-01
-4.930176903169026792e-01
-3.569205291814518954e-01
-1.698335130376615876e-01
4.342085653187921501e-02
2.494835061550177979e-01
4.214721620992762929e-01
5.329446554177135198e-01
5.657472897231596853e-01
5.205231163727719323e-01
4.003533079532892724e-01
2.222640631065428973e-01
8.589223025150083402e-03
-2.067985015975504215e-01
-3.968884087436226338e-01
-5.335739577671445577e-01
-5.946564799765081677e-01
-5.743706342358804173e-01
-4.724985058128843285e-01
-3.034603501630063205e-01
-8.706351906094333959e-02
1.429373288223458882e-01
3.589986297703531282e-01
5.300890068280530443e-01
6.295481069745951785e-01
6.447174621840312536e-01
5.707054950144503369e-01
4.176745476815246771e-01
2.019602248422582846e-01
-4.357231005603134921e-02
-2.907034582984128201e-01
-5.042703905094377825e-01
-6.530688152394436008e-01
-7.173125811359222226e-01
-6.857911037744923721e-01
-5.622459002080335555e-01
-3.582936707415456112e-01
-1.047309730588065202e-01
1.705864182686369634e-01
4.287857147666842561e-01
6.341571822014349102e-01
7.591047581753334050e-01
7.851737787783856781e-01
7.081334564996970560e-01
5.333084947656743235e-01
2.875927816952885685e-01
-3.137316533694867182e-03
-2.976934555944624750e-01
-5.568560851753605601e-01
-7.455702126638177329e-01
-8.380745073406730139e-01
-8.212072126594391897e-01
-6.927823287073718861e-01
-4.738915604777579338e-01
-1.865139339778778549e-01
1.280384597279027314e-01
4.289017632760407928e-01
6.751555801713164939e-01
8.347465679640249103e-01
8.853933638656557026e-01
8.168638565143944152e-01
6.430415345313718056e-01
3.803373231244790986e-01
6.837068230507181710e-02
-2.523698488862007316e-01
-5.380992498642895860e-01
-7.528417440202664901e-01
-8.673240743457125701e-01
-8.645634282225423961e-01
-7.522823834878695770e-01
-5.408081898692993494e-01
-2.612076822309324919e-01
5.114393342073442206e-02
3.513096181602142209e-01
6.022177458061415134e-01
7.696063116501923318e-01
8.309711577302458796e-01
7.884356522947038037e-01
6.451873550015745362e-01
4.220007094385742619e-01
1.468219605817500106e-01
-1.396350012663054585e-01
-4.034034516925925073e-01
-6.098221064248829926e-01
-7.316494797630976876e-01
-7.604940535943884861e-01
-6.928030241484459673e-01
-5.412996789453434765e-01
-3.249989003703318557e-01
-7.723434099255077623e-02
1.740012714718670583e-01
3.969197973585794070e-01
5.626301828470809951e-01
6.550853909796954255e-01
6.644685094177029683e-01
5.936978434537947269e-01
4.517404386375709624e-01
2.617762468365760764e-01
4.423608073764251358e-02
-1.729882499096586645e-01
-3.625557382733421985e-01
-5.042037498593056055e-01
-5.826291348476162479e-01
-5.903867927733541521e-01
-5.266862789241841813e-01
-4.039040459564676722e-01
-2.336459446916695493e-01
-3.748009473500479860e-02
1.608103280148680536e-01
3.382185973654245892e-01
4.753295303123461490e-01
5.538188095394780408e-01
5.632495528086340908e-01
5.087488279148040249e-01
3.944030156778064455e-01
2.315684549291665562e-01
3.825363049568997198e-02
-1.600885475504962852e-01
-3.414112409963262484e-01
-4.803476623814458835e-01
-5.586138290439972565e-01
-5.707036899778105132e-01
-5.123444433626391792e-01
-3.884085803415321392e-01
-2.122251948611411088e-01
-9.350828485196971407e-03
1.990132191909594894e-01
3.850618501722926634e-01
5.228170892146115634e-01
5.947129961161017331e-01
5.901893350423415008e-01
5.090945616605244695e-01
3.586622699424801830e-01
1.619349766996360795e-01
-6.026970463381708942e-02
-2.766669447925823588e-01
-4.574775697247923656e-01
-5.786608696023158860e-01
-6.235971024660027506e-01
-5.859521193874318579e-01
-4.678060243685663311e-01
-2.891562790279142980e-01
-6.887814486832899430e-02
1.606448939874258741e-01
3.679130332581526108e-01
5.247525792043146176e-01
6.103480683591295808e-01
6.132303399644827291e-01
5.308643385947899862e-01
3.795020243807554206e-01
1.750500365144884718e-01
-5.113887290182184131e-02
-2.678399156510522516e-01
-4.451375456794400831e-01
-5.599745019037565275e-01
-5.967820763683259200e-01
-5.491507867084486350e-01
-4.294923485973252131e-01
-2.503047511346766507e-01
-4.129510634585775719e-02
1.676876572710923607e-01
3.476442942083630694e-01
4.755685133937657127e-01
5.353077638710141972e-01
5.189089417594365816e-01
4.346322198633638667e-01
2.911741918838799403e-01
1.133860210245476452e-01
-7.272323391280921534e-02
-2.401874598303423980e-01
-3.678919668289661882e-01
-4.395104994665728348e-01
-4.463352099710869991e-01
-3.953540495958307588e-01
-2.918488028326675643e-01
-1.540235849207708396e-01
-2.611213997564698630e-03
1.404215276655442768e-01
2.568702897777257466e-01
3.307077368749540280e-01
3.531456586874865966e-01
3.287281766479044354e-01
2.601986689538966502e-01
1.608134180424425352e-01
4.654285913368538807e-02
-6.503799686466271712e-02
-1.600202017963713308e-01
-2.256355591178371700e-01
-2.539151229067664328e-01
-2.475047692019720635e-01
-2.076284810092366984e-01
-1.434235902650102812e-01
-6.645824326915172886e-02
1.062284062596452472e-02
7.836821000982063801e-02
1.276324371636807786e-01
1.522122227845250642e-01
1.538522170965184177e-01
1.329759312720808495e-01
9.558806790154217303e-02
4.973085296134405198e-02
3.497822202386258184e-03
-3.761016666613359316e-02
-6.760090978749855317e-02
-8.231257280467196846e-02
-8.476909405422183852e-02
-7.817762972541408839e-02
-6.273555573950362341e-02
-3.864024801774657014e-02
-6.089082481398833124e-03
3.472056494828401618e-02
8.359131835004540712e-02
