2.104238544688112889e-01
-2.067666796118505790e-02
-1.977608782152717737e-01
-3.246327600546032865e-01
-4.050962972403342466e-01
-4.429554735336194149e-01
-4.420142726956132195e-01
-4.060766784874728641e-01
-3.338351929533952545e-01
-2.264036831488559498e-01
-9.128920552538166699e-02
5.429149787236786651e-02
1.940974411462865756e-01
3.150715214232382433e-01
4.036701990206017499e-01
4.491345613311905627e-01
4.454347875634272480e-01
3.951054211726221510e-01
3.018831028390724924e-01
1.752713846079183568e-01
2.788773195614502320e-02
-1.230736772141621804e-01
-2.624169249148776695e-01
-3.739943913369347950e-01
-4.454945307660234111e-01
-4.715990630965051222e-01
-4.482041130852649768e-01
-3.770095890035999320e-01
-2.646735283203760503e-01
-1.248031986282648331e-01
2.973412574701983502e-02
1.817131338275652652e-01
3.144677477323527537e-01
4.139591822573558400e-01
4.694446862414949351e-01
4.746308131326029134e-01
4.277877695319312057e-01
3.357657848689192814e-01
2.063618170774343952e-01
5.390049581101119536e-02
-1.056959190791565417e-01
-2.547340606222294745e-01
-3.778089776065762795e-01
-4.604394897299964873e-01
-4.928843318024086484e-01
-4.741990357098428976e-01
-4.048930674495717641e-01
-2.919602803009561098e-01
-1.464246647476533658e-01
1.458533270877393484e-02
1.751682678303321250e-01
3.168210543695468839e-01
4.239927173746460554e-01
4.867751473181256561e-01
4.976796991831204942e-01
4.552892459614712450e-01
3.631796040708756834e-01
2.331353015160835263e-01
7.694328255938565064e-02
-8.786907900674556515e-02
-2.434805650571503222e-01
-3.731095744831600669e-01
-4.630994049348728936e-01
-5.027348855563305019e-01
-4.865013593275919757e-01
-4.193354191381912788e-01
-3.070137522148149722e-01
-1.617007482948952246e-01
1.571009225372010931e-03
1.639709980412149548e-01
3.087855010622926333e-01
4.193099828740101120e-01
4.831721032011384587e-01
4.959893162910709030e-01
4.553188100119733850e-01
3.656439603953325346e-01
2.360507038773658195e-01
8.285751654687967260e-02
-7.934516863460094882e-02
-2.326833271987064355e-01
-3.601337267696735900e-01
-4.488164878943708969e-01
-4.891740208577493032e-01
-4.772304932105627673e-01
-4.135335276136281601e-01
-3.068709754922006594e-01
-1.668727435728815101e-01
-9.860334648887914000e-03
1.471864237168896139e-01
2.871361128858735956e-01
3.954157215418492299e-01
4.595851598318352327e-01
4.720474532039380389e-01
4.347245338294103423e-01
3.505482643281321309e-01
2.286473003210269805e-01
8.153056568989858199e-02
-7.338293863878886381e-02
-2.201693940634439350e-01
-3.416062507730823761e-01
-4.243833201672834177e-01
-4.621906167770227780e-01
-4.502599261032749212e-01
-3.899987148693643269e-01
-2.875206478443593783e-01
-1.562335904926718255e-01
-8.649874835103266157e-03
1.384755876663184004e-01
2.687290186075490528e-01
3.684940040568096542e-01
4.273100439060311118e-01
4.390496478844638784e-01
4.018930060761372047e-01
3.223634686856851062e-01
2.076989498502341824e-01
7.186655480887682579e-02
-6.998162524569917498e-02
-2.020069577246128567e-01
-3.104818288914190649e-01
-3.829725829208550092e-01
-4.113163701322456456e-01
-3.957110691953092951e-01
-3.372365742315497350e-01
-2.426558165548752255e-01
-1.222068848735983204e-01
8.938207049295376905e-03
1.372693168218763748e-01
2.476718882217596729e-01
3.280160312161022329e-01
3.722597721222615785e-01
3.752994484579910139e-01
3.370835757517993692e-01
2.618996416260885862e-01
1.603125954405837383e-01
4.218448927611007093e-02
-7.845007322896280222e-02
-1.877511273212492116e-01
-2.742088669913168575e-01
-3.288134912220357364e-01
-3.460836130980297076e-01
-3.241250010873646392e-01
-2.680087817688552310e-01
-1.830378940465430260e-01
-7.974968420952532888e-02
2.998905154723296995e-02
1.334894494034675194e-01
2.197962825161789979e-01
2.786235551492270979e-01
3.033561962803275058e-01
2.946635207550123425e-01
2.532524429158347079e-01
1.840194198053302088e-01
9.486436852268287367e-02
-2.498387517433586780e-03
-9.772703661527393226e-02
-1.790695681596026212e-01
-2.371722259024618973e-01
-2.678764185296593769e-01
-2.677718847020099657e-01
-2.372734702044630994e-01
-1.801472014435256952e-01
-1.051904807505573691e-01
-1.998170937392707014e-02
6.493911327177359638e-02
1.390581099497263384e-01
1.944604188627070407e-01
2.252750085238490740e-01
2.283188174189609843e-01
2.032530778990000453e-01
1.551717426997765159e-01
8.885037027669140386e-02
1.366598300524568543e-02
-6.051123157481941295e-02
-1.248891841122414803e-01
-1.722832132641299863e-01
-1.968283565762105614e-01
-1.955615058210393720e-01
-1.711367763465807545e-01
-1.258840530235449950e-01
-6.584224194317367385e-02
1.176901779026406913e-03
6.586813071966268751e-02
1.207185398576759994e-01
1.580375249381238412e-01
1.730125269351137085e-01
1.667264382146405044e-01
1.393726574584031042e-01
9.386744806767732818e-02
3.594287873234658370e-02
-2.574072861862808370e-02
-8.420555595669743099e-02
-1.312018108132964045e-01
-1.600605113722158857e-01
-1.683749526039911570e-01
-1.546388960305580262e-01
-1.203064712988107798e-01
-6.927682279096769591e-02
-9.406595822841645749e-03
5.299290566548586767e-02
1.094336382008911368e-01
1.517474373639506879e-01
1.746073455103149819e-01
1.746840213530775898e-01
1.513875792004881760e-01
1.065837158576532495e-01
4.679294794579869077e-02
-2.223596844244102311e-02
-9.123381926832274669e-02
-1.509030055422290184e-01
-1.934765105766196314e-01
-2.132521795395438957e-01
-2.066422445815261355e-01
-1.730422861525326983e-01
-1.170926730941734828e-01
-4.335166271534729443e-02
3.901862417407331307e-02
1.200358279630024949e-01
1.893521990361868301e-01
2.385522771116939111e-01
2.596690640808883010e-01
2.484908145455666517e-01
2.078016791323578083e-01
1.403294383914128751e-01
5.267424363744299676e-02
-4.594517989689927973e-02
-1.428244137352061571e-01
-2.271334089877869999e-01
-2.870394998606949910e-01
-3.141579423966502915e-01
-3.061869293320074181e-01
-2.619287319771365086e-01
-1.849464388030668260e-01
-8.250587196294678627e-02
3.244899234863440896e-02
1.486971917692270218e-01
2.521145064516263634e-01
3.295870613852529551e-01
3.716134896386529274e-01
3.720855886730618511e-01
3.296502374967915650e-01
2.468210564803288154e-01
1.335342805700638902e-01
-1.988110269139919950e-04
-1.387389659081363913e-01
-2.663317946008995074e-01
-3.678584193674000469e-01
-4.313480579382376057e-01
-4.473423938351295259e-01
-4.115236152674549563e-01
-3.293829720970942176e-01
-2.073173430297038378e-01
-5.848773303996035455e-02
1.015798834583045984e-01
2.538031236799120904e-01
3.816467660717679511e-01
4.687894322084520393e-01
5.038478733302242940e-01
4.840452293252361926e-01
4.089001099987956689e-01
2.856138215595256380e-01
1.259642210399309903e-01
-5.055739407995618606e-02
-2.266035621934527899e-01
-3.817152668228742662e-01
-4.976608119326153545e-01
-5.616224357308743365e-01
-5.648040068842659078e-01
-5.057139686002157797e-01
-3.882974773684179093e-01
-2.264632849616844412e-01
-3.480923755374853990e-02
1.646543294530373736e-01
3.501838054467398820e-01
5.006066418888162062e-01
5.988701603472008639e-01
6.322760553676260997e-01
5.945334457423807617e-01
4.919128227378632978e-01
3.326013536902472367e-01
1.334249761373518250e-01
-8.566652061316415434e-02
-2.990242842466783735e-01
-4.839743831579247368e-01
-6.181108625185458560e-01
-6.850545489957315937e-01
-6.789987136421398173e-01
-5.977163247893396703e-01
-4.493165568165675694e-01
-2.475441536609812587e-01
-1.645764767497925884e-02
2.214389542725931914e-01
4.390241184031618005e-01
6.115241671261049117e-01
7.196996654082945533e-01
7.502435388678205808e-01
6.991889993212467846e-01
5.690926499225561486e-01
3.757232302670725499e-01
1.364972811133782216e-01
-1.209241392243260993e-01
-3.688862400406784925e-01
-5.795964539951951044e-01
-7.299857669734080012e-01
-8.022313097131795745e-01
-7.860654980283620086e-01
-6.858135004395251588e-01
-5.091039640379966258e-01
-2.751538587640457445e-01
-7.267060596467422862e-03
2.632697269196795364e-01
5.083187460088931520e-01
6.993840471289038963e-01
8.146090852756309175e-01
8.437136278828067937e-01
7.807253090563690545e-01
6.321149846977900388e-01
4.114200692836156303e-01
1.449512590062287387e-01
-1.415199292461891689e-01
-4.153994308202380026e-01
-6.465712599678126171e-01
-8.097598361839872805e-01
-8.861679661743435688e-01
-8.675556987365271588e-01
-7.532304723089028320e-01
-5.575949044783299335e-01
-2.980059189581349965e-01
-4.349097614390284861e-03
2.926640974449890020e-01
5.598481983951641983e-01
7.686614924370878121e-01
8.950665986060966084e-01
9.233245324620229511e-01
8.534478313940261351e-01
6.898103989697244032e-01
4.505024762320171128e-01
1.588468965526010912e-01
-1.513124366696783074e-01
-4.481584731785014375e-01
-6.973940984072996008e-01
-8.714247752887512855e-01
-9.536039611522046933e-01
-9.327035427191936456e-01
-8.111915053524202390e-01
-5.996237523401859448e-01
-3.238277034171500590e-01
-1.014586706243192360e-02
3.058527847164711488e-01
5.901635426659923578e-01
8.117337658701666570e-01
9.461229044038308444e-01
9.784905578462441689e-01
9.026975551823321897e-01
7.303040113601797501e-01
4.764929062619247535e-01
1.705009426532952954e-01
-1.560652216030880002e-01
-4.663203913079390084e-01
-7.276770935737101320e-01
-9.107015712745907265e-01
-9.942132307451416739e-01
-9.724323143193089880e-01
-8.449958385310871734e-01
-6.267659299747714297e-01
-3.390592458835594014e-01
-1.613191746398490167e-02
3.096499540510007087e-01
6.015901224565087801e-01
8.278918149192466824e-01
9.659376952368365910e-01
9.993982875691893586e-01
9.255524391455614008e-01
7.501343429467599577e-01
4.952746820333875366e-01
1.850767677550761992e-01
-1.448512465097490098e-01
-4.595512818330548255e-01
-7.246077613737262890e-01
-9.115684449944647660e-01
-1.000000000000000000e+00
-9.783943593461107424e-01
-8.534160649989102065e-01
-6.357808281633483549e-01
-3.501865395652662416e-01
-2.542070059038492591e-02
3.011892496832617727e-01
5.957287362301277867e-01
8.250503370874484599e-01
9.636665747031625262e-01
1.000000000000000000e+00
9.280557277806824601e-01
7.568979168602960605e-01
5.029240671964470000e-01
1.969693423842706625e-01
-1.309071660820037009e-01
-4.439837470751525350e-01
-7.083228020368629307e-01
-8.961516423851849655e-01
-9.868374908019285074e-01
-9.718902119069996459e-01
-8.509495413460821389e-01
-6.405551046971625917e-01
-3.602777346994434637e-01
-4.309848002111305032e-02
2.774028794256382380e-01
5.659901335341199768e-01
7.923285050681068142e-01
9.318063755126366754e-01
9.682382544313128392e-01
9.020802806917411765e-01
7.383027451648804806e-01
4.961791609897556743e-01
2.001577521266328930e-01
-1.149729423870390344e-01
-4.168774544914277680e-01
-6.715279878928207546e-01
-8.514653946243520011e-01
-9.408917848962480290e-01
-9.287900238400840225e-01
-8.178001260847307385e-01
-6.184733565898246077e-01
-3.558694394579339226e-01
-5.552397453817758954e-02
2.483867217874642375e-01
5.233042197353057201e-01
7.401038916494528941e-01
8.756864313018064561e-01
9.166168896721487158e-01
8.572924961619574624e-01
7.082803786910849553e-01
4.832992899630714767e-01
2.086284092310703997e-01
-8.716743338131316410e-02
-3.709154414147564083e-01
-6.131455870543139897e-01
-7.872494831404656113e-01
-8.740026703246416284e-01
-8.683841425678940906e-01
-7.695580117156501920e-01
-5.897659647014645845e-01
-3.470545199844657924e-01
-7.055375301668320720e-02
2.118563036302647529e-01
4.683735648282714159e-01
6.714186871128227097e-01
8.015209621771122173e-01
8.443035499344127004e-01
7.966742911841637742e-01
6.627299120738474603e-01
4.605458228773171570e-01
2.095157370175724232e-01
-6.127668579183132014e-02
-3.228733910023300346e-01
-5.472277798769882295e-01
-7.109451706020950557e-01
-7.967599962556315418e-01
-7.946678331672277773e-01
-7.097513396839814082e-01
-5.498306835477547727e-01
-3.336774877352235436e-01
-8.376267934202397125e-02
1.709013170970083983e-01
4.040909300915704883e-01
5.900371657124781066e-01
7.088047882097727737e-01
7.516449394125748196e-01
7.132592185940669349e-01
5.993935746327925251e-01
4.218639397098107313e-01
2.032231432261868420e-01
-3.499202279128355020e-02
-2.661318857858170350e-01
-4.651352284352295863e-01
-6.119087324619050250e-01
-6.911176538019192517e-01
-6.959702015682753817e-01
-6.255724647505400693e-01
-4.908000005044736991e-01
-3.043735963440241665e-01
-8.848018410105651377e-02
1.337854280969130727e-01
3.382721850136887198e-01
5.039520238206371960e-01
6.130131699791478983e-01
6.536121531970078280e-01
6.258605888884891666e-01
5.319972988676657799e-01
3.832591375085157015e-01
1.950494259985877665e-01
-1.031629503346975785e-02
-2.118347490014060863e-01
-3.866405751896406784e-01
-5.163065280934004964e-01
-5.903668643842754360e-01
-6.007220972819071747e-01
-5.474402247322603943e-01
-4.362262803907499542e-01
-2.822135213503862428e-01
-1.003322576132157362e-01
8.873958139097037900e-02
2.645086568418688611e-01
4.087542475785364005e-01
5.067544028262243039e-01
5.485231349173711468e-01
5.292956874675345258e-01
4.551111272112695616e-01
3.331114204473970553e-01
1.778594251790523995e-01
6.132178350944261780e-03
-1.626769945065864587e-01
-3.113043073219214918e-01
-4.233839019897567280e-01
-4.869991738384543689e-01
-4.990537800226488852e-01
-4.580700291346382347e-01
-3.695393874714439919e-01
-2.431780594324230993e-01
-9.517715788223246598e-02
5.981336909574075378e-02
2.044905420105607163e-01
3.232358233531886782e-01
4.055525501794821075e-01
4.430738297452985197e-01
4.328615111796187964e-01
3.763678073230678489e-01
2.823089018107809434e-01
1.596252653317828951e-01
2.279301050010551499e-02
-1.131468016988307346e-01
-2.339357800989683156e-01
-3.274492444786876177e-01
-3.836917740798322374e-01
-3.967995068068372877e-01
-3.693452791611204766e-01
-3.040700311195135841e-01
-2.082623930029767756e-01
-9.219060347739860273e-02
3.041599325825861122e-02
1.470803944113894257e-01
2.444508511191716416e-01
3.123815672577532343e-01
3.468416627068298119e-01
3.442618075067951366e-01
3.053464145188704570e-01
2.346970783076676170e-01
1.421396428691090730e-01
3.643763085185347528e-02
-7.063099280375428890e-02
-1.671204049032460892e-01
-2.436017672985996141e-01
-2.927079210119516439e-01
-3.095502415261918161e-01
-2.924675039183797232e-01
-2.460074635588790359e-01
-1.745843505876031321e-01
-8.686640147802371370e-02
7.059557367037561093e-03
9.694484528273950019e-02
1.738658869346849656e-01
2.291586400227523246e-01
2.571120242961530966e-01
2.579499606592210448e-01
2.316706067306151251e-01
1.812268168927764211e-01
1.125790874935730379e-01
3.478565066743732892e-02
-4.451348273506272601e-02
-1.161594301393878981e-01
-1.724502010206356850e-01
-2.098203158607997443e-01
-2.246016710079390410e-01
-2.152949781097530657e-01
-1.835601995108528950e-01
-1.345582752582034081e-01
-7.265221714193637048e-02
-5.066929422588795084e-03
6.033604923656454844e-02
1.171387408878277192e-01
1.600143282992778637e-01
1.842723491553586168e-01
1.876765598706418015e-01
1.725529740216680263e-01
1.403295818436081088e-01
9.431931918834424167e-02
3.987338250301575293e-02
-1.670344544938140441e-02
-6.987263508940066981e-02
-1.131024539279649188e-01
-1.420008992291784677e-01
-1.562606519031110031e-01
-1.545401696679593595e-01
-1.365903724469287317e-01
-1.049136469666107629e-01
-6.424358875625413301e-02
-1.823222276651292884e-02
2.773795259383082801e-02
6.831714327645554974e-02
1.003556318869558428e-01
1.209506913115852011e-01
1.273397517940222379e-01
1.190867654235256978e-01
9.904679700966556588e-02
6.890564347374139587e-02
3.213123529016703728e-02
-6.504761079518917022e-03
-4.295480646867610997e-02
-7.386981997439956427e-02
-9.538064886470298820e-02
-1.053795008671707389e-01
-1.049423278964008999e-01
-9.405402669835738472e-02
-7.355343669821368113e-02
-4.639621735838894701e-02
-1.642682496766767475e-02
1.378337792857387001e-02
4.052528736413396615e-02
6.079823166710296434e-02
7.444386408357384077e-02
8.025873311100983898e-02
7.685079373531156222e-02
6.512492259562119301e-02
4.769493841384031541e-02
2.597088701260164001e-02
2.414275569095902796e-03
-1.998060280449409643e-02
-3.951589702410840399e-02
-5.452105001799523176e-02
-6.276012813991305173e-02
-6.371332013938124650e-02
-5.905829474758128583e-02
-4.898747526360536231e-02
-3.404766256223012988e-02
-1.641972621613541072e-02
1.697679086305470264e-03
1.888070272401543015e-02
3.302852081374885174e-02
4.271699891484459499e-02
4.828242580858543853e-02
4.911686966639083884e-02
4.444349446463768949e-02
3.521323360851913442e-02
2.331927532500754907e-02
9.616389506354128258e-03
-4.507957380048610574e-03
-1.737310723782081734e-02
-2.823830247858916120e-02
-3.612747424729534362e-02
-3.946695701387803457e-02
-3.803616191336989250e-02
-3.308187214258750952e-02
-2.494549942075141580e-02
-1.465099525640023437e-02
-3.880148414585726790e-03
6.226691170978515544e-03
1.482068826443194709e-02
2.085012492006588225e-02
2.377766311017559531e-02
2.398090152072684944e-02
2.139642071550196256e-02
1.616775694334049440e-02
9.340765161843567199e-03
2.316173855661629588e-03
-4.403622019679809263e-03
-1.023969361072241124e-02
-1.458939397819625228e-02
-1.771350950092143162e-02
-1.927561721564818864e-02
-1.874947260797132920e-02
-1.646193448206978438e-02
-1.306043892834851672e-02
-8.787278710021495520e-03
-4.105106265700375623e-03
3.890272953823714630e-04
4.381164715359764372e-03
7.542670246466487427e-03
9.490219160673385446e-03
1.019072495954453927e-02
9.992359591833421817e-03
8.881449515067307843e-03
6.840866612983109718e-03
4.206149261061220557e-03
1.335526362860051108e-03
-1.556402160209913177e-03
-4.202038322513201862e-03
-6.409926052515779737e-03
-8.208467232721616824e-03
-9.423471413990247569e-03
-9.708760404106064890e-03
-9.061360643376925594e-03
-7.735953601773815080e-03
-5.835238686868526869e-03
-3.626881063841236319e-03
-1.421482434495691116e-03
6.381930898688992215e-04
2.368164345299961226e-03
3.493287578123949189e-03
3.902882056270762234e-03
3.677115224220539602e-03
2.853382031558826526e-03
1.639230379519851510e-03
3.372713327514098580e-04
-7.831142822877223963e-04
-1.635498972980098387e-03
-2.204294031671993892e-03
-2.462195261442423622e-03
-2.516651743736275648e-03
-2.361678177672854595e-03
-2.010409424715309257e-03
-1.621433623054446826e-03
-1.353624199184610966e-03
-1.224876253865470055e-03
-1.201713204604604179e-03
-1.261662369789195992e-03
-1.309366189008120962e-03
-1.357826017723384737e-03
-1.450426042476138377e-03
-1.541886758357868814e-03
-1.598226229315269364e-03
-1.617516350287839799e-03
-1.600242862924594611e-03
-1.560331791461644357e-03
-1.532701409117320779e-03
-1.512779619569859513e-03
-1.485553804157269120e-03
-1.458967518018550180e-03
-1.433259077252779790e-03
-1.410248552183746007e-03
-1.396374442094394652e-03
-1.389612222442271339e-03
-1.384813555313391120e-03
-1.382654931101900964e-03
-1.383162899034617865e-03
-1.384099195964605400e-03
-1.384886400962681563e-03
-1.384639549276478476e-03
-1.382159612640987412e-03
-1.377454893280782855e-03
-1.371230396028377818e-03
-1.363436085098590489e-03
-1.354483074723411562e-03
-1.345632225834059170e-03
-1.338235678438715048e-03
-1.332476096216228534e-03
-1.327975647531620673e-03
-1.324573438823750671e-03
-1.321582675333665691e-03
-1.319205543945267678e-03
-1.317984251116621763e-03
-1.317722351695915783e-03
-1.318278650365267701e-03
-1.319758516499680567e-03
-1.322611007068985600e-03
-1.327143245592576903e-03
-1.333380242798498649e-03
-1.341036364322589769e-03
-1.349375884484804722e-03
-1.357864208960113395e-03
-1.366153541357717494e-03
-1.373894456715984980e-03
-1.380580939048470235e-03
-1.385861661034826220e-03
-1.389704662668300728e-03
-1.392687958302718521e-03
-1.394892551207616016e-03
-1.396399444652307587e-03
-1.397289641906662716e-03
-1.397644146239773733e-03
-1.397543960921399098e-03
