4.711408360723035038e-02
-4.531861284235733089e-01
-7.804120478300358155e-01
-9.556534224196727711e-01
-1.000000000000000000e+00
-9.345415283785331040e-01
-7.803677553627881291e-01
-5.585684287602840081e-01
-2.937922244026728302e-01
3.340284221023726019e-03
3.055238066462615532e-01
5.759548589530438800e-01
7.852731448157603822e-01
9.148067795336922714e-01
9.501877645966971819e-01
8.903996599196906114e-01
7.413914344739205298e-01
5.238700563460878534e-01
2.596044215580783909e-01
-2.009377688548719121e-02
-2.845859008167119786e-01
-5.055979366482151738e-01
-6.601455853932239881e-01
-7.326938403700543612e-01
-7.151798737988750432e-01
-6.157007466160488995e-01
-4.443513888409794665e-01
-2.228208451463858930e-01
2.431358185870258204e-02
2.682728321670908578e-01
4.835024197322108641e-01
6.463011228045101308e-01
7.393280125205157205e-01
7.582976201558220275e-01
7.014500817624693685e-01
5.777551839890158192e-01
4.016361966508328329e-01
1.967364304381586937e-01
-1.569304425455242402e-02
-2.114306553753731999e-01
-3.689686439034710608e-01
-4.747895020812121780e-01
-5.184200980072809495e-01
-4.978638234552948960e-01
-4.166628224979950224e-01
-2.884643128123065559e-01
-1.266747375224649419e-01
4.859229634007022902e-02
2.172105136864099784e-01
3.616410951582142985e-01
4.674346725413389692e-01
5.249733109582868096e-01
5.293779812873686819e-01
4.858260833063732242e-01
3.996309831182254246e-01
2.829478250653798543e-01
1.500697550338545572e-01
1.688455634280505713e-02
-1.025783797880548409e-01
-1.950141884630485212e-01
-2.512496562459607397e-01
-2.710962544041495281e-01
-2.538265326996982374e-01
-2.034864348851325166e-01
-1.276652318100671701e-01
-3.813819324743483730e-02
5.503786386745379566e-02
1.404045093931887145e-01
2.083245324632716500e-01
2.550363464358849086e-01
2.769688288543976640e-01
2.739866284468683855e-01
2.488662826942187323e-01
2.087070309635177257e-01
1.586570206925475013e-01
1.059635122744333469e-01
5.835536505816185660e-02
2.007838149939034089e-02
-5.803920372891235857e-03
-1.819741852343470523e-02
-1.768347215738197420e-02
-8.445501822807566228e-03
7.165614940247477804e-03
2.472407073099680552e-02
3.927053643291045226e-02
4.860238749527079349e-02
5.152073435695259107e-02
4.802584348521987678e-02
3.947757943430985073e-02
3.015792747594892020e-02
2.217717298313304219e-02
1.937752738894094051e-02
2.572739455294126287e-02
4.210598327000369956e-02
6.803222666762809290e-02
1.016350977219162566e-01
1.395297426480717196e-01
1.752066379559451548e-01
2.044603235657116436e-01
2.213094013947562999e-01
2.202555520704025938e-01
1.994683382041100295e-01
1.591497207816949810e-01
1.017432232348707277e-01
3.198658176094193450e-02
-4.107372060137171044e-02
-1.104204297654924893e-01
-1.663884906925231499e-01
-1.998906852536422862e-01
-2.052237203643918484e-01
-1.795616047580992358e-01
-1.231285238412059835e-01
-3.955145746713983890e-02
6.153077159325071044e-02
1.715586761278147243e-01
2.773928708686250744e-01
3.658443826818345013e-01
4.255412904140756236e-01
4.483807213288344418e-01
4.287685912947456490e-01
3.658277922176209618e-01
2.667822491095712678e-01
1.390858953358955485e-01
-2.817186745572297646e-03
-1.431504743759438592e-01
-2.652312540872396873e-01
-3.552680824740759302e-01
-4.002503055245051344e-01
-3.926679806687800589e-01
-3.346890354437636050e-01
-2.295327135700276910e-01
-8.706229608153703836e-02
7.864170252674318462e-02
2.473314141192950455e-01
4.015668175219293534e-01
5.220363451186778025e-01
5.939100461125230712e-01
6.105072253385674941e-01
5.672914026906847873e-01
4.670677402875493822e-01
3.186112811548096335e-01
1.398321803979736266e-01
-5.253102490854055784e-02
-2.359925976092902555e-01
-3.893515468270745128e-01
-4.951217170678628987e-01
-5.405707203350582635e-01
-5.196704162369225610e-01
-4.323007777776949334e-01
-2.893559125702900303e-01
-1.030413639250635782e-01
1.049103635400876477e-01
3.118656794150880263e-01
4.940991334884372588e-01
6.316348696898581583e-01
7.071036001171868701e-01
7.100776334624452346e-01
6.432310668453926628e-01
5.111390571102107927e-01
3.277735195601887419e-01
1.115841882385453232e-01
-1.115236095455608423e-01
-3.180736823627372534e-01
-4.828457484161858826e-01
-5.866487296111480010e-01
-6.205328402142830102e-01
-5.785952410831032289e-01
-4.649621484772142876e-01
-2.904091917048288174e-01
-7.701837905428154940e-02
1.544981978015089741e-01
3.772541111066074482e-01
5.658471760452845611e-01
6.995703330298215228e-01
7.631949300166680494e-01
7.497068962937696313e-01
6.587231370427155674e-01
5.030403342215796769e-01
2.969171586698451382e-01
6.552352480027678894e-02
-1.653272564739431960e-01
-3.693974786484049977e-01
-5.245525013176683959e-01
-6.125565725508546056e-01
-6.223552403893892748e-01
-5.571027387969657019e-01
-4.220989431786549284e-01
-2.329753446782968362e-01
-9.778042604584258335e-03
2.199530957238813311e-01
4.317726177975353963e-01
6.003875411924866068e-01
7.066084107316199514e-01
7.425973281314555141e-01
7.029532303042604902e-01
5.926531143102566901e-01
4.232157746738718362e-01
2.169176805101418193e-01
-5.475945124295167332e-03
-2.176048310657218154e-01
-3.949861779484140634e-01
-5.187100556227141057e-01
-5.750340997938936383e-01
-5.591113869787774915e-01
-4.720006413794320954e-01
-3.269641539784848838e-01
-1.381266550533435389e-01
7.104236580579725846e-02
2.767088473676213578e-01
4.554310175944682459e-01
5.877000027516736669e-01
6.582781749217618827e-01
6.585844511377938471e-01
5.938266270677536873e-01
4.702233550944219242e-01
3.027090435282899783e-01
1.097995684431631869e-01
-8.440572272408186638e-02
-2.586307413224774310e-01
-3.917599326685465844e-01
-4.684431083981991373e-01
-4.843775711529056949e-01
-4.371069213816753951e-01
-3.332513576370570441e-01
-1.846026609636362004e-01
-1.171566646274868617e-02
1.672796234499882573e-01
3.309599609275923893e-01
4.596109592702528612e-01
5.399688278553069765e-01
5.631881662961633062e-01
5.283383710111972942e-01
4.391513869656826774e-01
3.096184589187795932e-01
1.532830809396033001e-01
-9.707981465008397315e-03
-1.595207683029848944e-01
-2.789309126949471862e-01
-3.544944974062798071e-01
-3.780037682839593183e-01
-3.463534788319310165e-01
-2.667329805230597151e-01
-1.470185860976519487e-01
-4.203128985428850051e-03
1.438093626644145751e-01
2.786903317998088436e-01
3.849502976692336098e-01
4.490877855878174785e-01
4.629259646513637083e-01
4.292724614819971585e-01
3.513211884636617821e-01
2.391695128071433807e-01
1.063544956548962972e-01
-2.844863955692000790e-02
-1.494853866017399335e-01
-2.405418320796761655e-01
-2.901069607409647588e-01
-2.959993091085750816e-01
-2.564499877697800079e-01
-1.764196732872956863e-01
-6.548378498451246088e-02
5.989427018234660949e-02
1.858983150842656862e-01
2.959954386361940415e-01
3.752424430730609828e-01
4.145636467703095462e-01
4.085877735971636948e-01
3.585407877397808196e-01
2.694087251080687917e-01
1.545578685322313017e-01
2.617940724264800068e-02
-9.838690525524240726e-02
-2.026399469380539831e-01
-2.734773837582986644e-01
-3.015208848588922796e-01
-2.828362517668087106e-01
-2.180062825216857458e-01
-1.166355108427165055e-01
1.164140576287864270e-02
1.497433569536583686e-01
2.803993380742804131e-01
3.868968587597387820e-01
4.559539381287862625e-01
4.774576691491774216e-01
4.467254881525979382e-01
3.695197982262001801e-01
2.521723087653811035e-01
1.087590796640782731e-01
-4.437411106200428446e-02
-1.873953822876923692e-01
-3.034757194539041691e-01
-3.761605589421955775e-01
-3.948002926159592807e-01
-3.593199762244140283e-01
-2.709922370430587479e-01
-1.390367106374716943e-01
2.287466510597191416e-02
1.936395021344046175e-01
3.548632506552524823e-01
4.856880386114215131e-01
5.689828706355328780e-01
5.954395296154597617e-01
5.595826857266428256e-01
4.643603325607204013e-01
3.180965022685013910e-01
1.394903581037092444e-01
-5.394032491823774755e-02
-2.385359923350993672e-01
-3.919981165046573235e-01
-4.959113661680802920e-01
-5.369942314106814774e-01
-5.090481260969417221e-01
-4.121677992127021906e-01
-2.587182735755836349e-01
-6.225822495032096171e-02
1.531675869012525393e-01
3.631015532057104700e-01
5.426626676234287405e-01
6.712713411047315226e-01
7.320287555774496191e-01
7.153514819886128695e-01
6.256829829643830720e-01
4.696415458626430617e-01
2.641631528572638832e-01
3.043514767709432078e-02
-2.028055815208398283e-01
-4.103934625141719694e-01
-5.665313577104738041e-01
-6.521401850197703354e-01
-6.599898027043289428e-01
-5.859422155156700507e-01
-4.370994063622377634e-01
-2.275119249444611524e-01
1.702482083216150244e-02
2.724040691325340102e-01
5.085725003896075513e-01
6.980911034100731882e-01
8.195370942586910346e-01
8.578833357048865071e-01
8.084974163237959033e-01
6.738774473389559372e-01
4.709644952225937597e-01
2.182846258759050251e-01
-5.443764726599131798e-02
-3.173675666306348120e-01
-5.403607888317496499e-01
-6.985313838618627535e-01
-7.724545448260411451e-01
-7.512234029936284418e-01
-6.406945244700391617e-01
-4.495974533484908831e-01
-1.989452000560677503e-01
8.581869023581845113e-02
3.709111817859731541e-01
6.260270140459862631e-01
8.205893473127328086e-01
9.316655403326481455e-01
9.497504693404423826e-01
8.698961359618477829e-01
7.007367988883661525e-01
4.583311675721006839e-01
1.724731423529239915e-01
-1.287009613389997753e-01
-4.105831787426380552e-01
-6.412955080595732493e-01
-7.956109500608208318e-01
-8.554843093506053764e-01
-8.144921280774730654e-01
-6.743163796439357593e-01
-4.532871401780961262e-01
-1.718332386655968547e-01
1.365955353093804003e-01
4.383848123047973111e-01
6.996189214296399950e-01
8.919054048634693643e-01
9.930782994272386865e-01
9.899654582707104744e-01
8.872259446754182655e-01
6.931428805246224734e-01
4.298036099253315090e-01
1.242446726189578854e-01
-1.870886357568515290e-01
-4.714982756496416405e-01
-6.958796228616110913e-01
-8.348481617208952654e-01
-8.770638039027666144e-01
-8.155745811206701612e-01
-6.577116732243623032e-01
-4.188601439536783211e-01
-1.287337555841506775e-01
1.840204805625058615e-01
4.833558487239428825e-01
7.359515612413907171e-01
9.148248808745298444e-01
1.000000000000000000e+00
9.835029877063530268e-01
8.653909922238001151e-01
6.621924410885082768e-01
3.928465161925396298e-01
8.937128449717679501e-02
-2.155076639400479444e-01
-4.877485639672657358e-01
-6.983173832520044311e-01
-8.235670867477797863e-01
-8.486212324238177063e-01
-7.760329149987814645e-01
-6.116578107169461376e-01
-3.747499883732755555e-01
-8.974592826650540367e-02
2.093614645496726379e-01
4.912283520530622560e-01
7.231274564940981531e-01
8.794592938379719449e-01
9.473048255371239179e-01
9.180003881757325956e-01
7.961645091732305612e-01
5.940910693592145186e-01
3.380944887157153467e-01
5.359987407804589488e-02
-2.265637310017378780e-01
-4.713061815614431049e-01
-6.547899328875007585e-01
-7.573180754423385341e-01
-7.692129891511004791e-01
-6.882563270073358552e-01
-5.276145800175591205e-01
-3.026110646679430749e-01
-4.119419895666354137e-02
2.276932022948479073e-01
4.740047731547423204e-01
6.718097112506964397e-01
7.994301221125843515e-01
8.426498397476243074e-01
8.024547362470231260e-01
6.824397387567497919e-01
4.977134796769995262e-01
2.683257105495280292e-01
2.282229674909364014e-02
-2.129217421937099619e-01
-4.116565241911495088e-01
-5.518866714274678342e-01
-6.231989040475842678e-01
-6.175422499347322791e-01
-5.372953970668559176e-01
-3.916330169966341090e-01
-2.009319356558846303e-01
1.542911350929010439e-02
2.318663601248485140e-01
4.239432883307721056e-01
5.718163460459255720e-01
6.601735009747680127e-01
6.815700760167855421e-01
6.341248350826214075e-01
5.275098498624204435e-01
3.724836344329764959e-01
1.890555774592881377e-01
-1.702678688180636613e-03
-1.782736448830120057e-01
-3.221189316107447853e-01
-4.174429264003093332e-01
-4.541236351233060020e-01
-4.341327002319256279e-01
-3.600523881130551773e-01
-2.418882456307661633e-01
-9.348357546838936827e-02
6.587936349367784494e-02
2.188438010647921761e-01
3.470496853341651367e-01
4.365136616568359162e-01
4.820703981938938565e-01
4.793071904387917748e-01
4.304548643893102433e-01
3.424287161262939971e-01
2.292803318927925105e-01
1.030669900393403893e-01
-2.087231198425942846e-02
-1.275292264132789066e-01
-2.064684070914934999e-01
-2.500688167882587631e-01
-2.555572221855584303e-01
-2.235427408169654573e-01
-1.618531011925967711e-01
-7.753923099666981678e-02
1.743159177318043263e-02
1.105217587852953542e-01
1.911594712170399113e-01
2.508151217743868067e-01
2.832349870338684017e-01
2.854981728839003363e-01
2.615165471478262393e-01
2.144902436374813703e-01
1.530623603246745734e-01
8.692649777216332474e-02
2.508845099303225190e-02
-2.505001151745855914e-02
-5.708801002032592997e-02
-6.749868122504654178e-02
-5.849338688429850386e-02
-3.140300900800430117e-02
8.281304912961306997e-03
5.336309031179742313e-02
9.577972892066544119e-02
1.297277973481889557e-01
1.496882591808288421e-01
1.524662482938430319e-01
1.402650565172045560e-01
1.140728915403188548e-01
7.818260822260558740e-02
3.874463438817632444e-02
3.011308532917533753e-03
-2.377763318309555896e-02
-3.599080607289861788e-02
-3.010456840301156678e-02
-7.600749895049219163e-03
3.006778844674173889e-02
7.821929235627034238e-02
1.304935614513953457e-01
1.784105859828748475e-01
2.157265689082206173e-01
2.353065026438252438e-01
2.321634170564952360e-01
2.068946051457709601e-01
1.606585902362902551e-01
9.762415476266972370e-02
2.442586072647312534e-02
-4.859263216884812664e-02
-1.134004623444937465e-01
-1.603479579910721542e-01
-1.815519687083094746e-01
-1.741455650519642129e-01
-1.370602668322039586e-01
-7.295520266548305433e-02
1.237269976879007416e-02
1.078461333655040821e-01
2.042829748337393614e-01
2.894114271746275335e-01
3.516300921684141212e-01
3.829006374469281493e-01
3.782513415950201630e-01
3.366070120376540853e-01
2.606110793434839312e-01
1.596318213949998732e-01
4.247504422581394046e-02
-7.672272176850269965e-02
-1.836665553137216689e-01
-2.654263138077035400e-01
-3.120806131356331781e-01
-3.162618661284444244e-01
-2.753393363881307954e-01
-1.952242252159822611e-01
-8.209092140296125883e-02
5.165848118081028950e-02
1.915440551302680650e-01
3.207525148534522419e-01
4.250484836837444824e-01
4.902776028085336080e-01
5.074180469339071298e-01
4.767177189158045003e-01
3.992716163526282003e-01
2.823884234251652359e-01
1.377058764371024147e-01
-1.687894521789223834e-02
-1.656550484055520078e-01
-2.903815770872871793e-01
-3.759678747482959604e-01
-4.140276892241684381e-01
-3.989182703484387416e-01
-3.314563048987705374e-01
-2.175696024392905770e-01
-7.186790089608463550e-02
9.201628814991402727e-02
2.548620328923616452e-01
3.978058804616884103e-01
5.048145541155175664e-01
5.637677795334172792e-01
5.672698791567989396e-01
5.132928233610689617e-01
4.099118781219048824e-01
2.659890224001828507e-01
9.890085046027574656e-02
-7.262504205273101476e-02
-2.289405485052209421e-01
-3.532866199930622120e-01
-4.304434293843988346e-01
-4.508167983015797242e-01
-4.155419552317656251e-01
-3.268900060676237507e-01
-1.944813358642036860e-01
-3.225859350688808913e-02
1.395251926627116834e-01
3.030535189474992119e-01
4.386945507920883003e-01
5.310765589436028389e-01
5.731157014094252489e-01
5.591758465075158391e-01
4.906140803278220552e-01
3.744785770205174558e-01
2.262381356637450658e-01
6.022579531961946842e-02
-1.039372303978142176e-01
-2.473337448644457037e-01
-3.546543335194506374e-01
-4.142915131067090861e-01
-4.202256785653645244e-01
-3.712772269464994501e-01
-2.754331798782143625e-01
-1.413416531886796390e-01
1.456707650604260884e-02
1.747030669053271090e-01
3.210518134577746707e-01
4.381708757361260087e-01
5.121930926161906150e-01
5.345410720690624284e-01
5.070485941775040306e-01
4.319119696826467791e-01
3.175334237288593986e-01
1.762385192457092131e-01
2.553048213942066269e-02
-1.187672631091581943e-01
-2.391557205036969336e-01
-3.223302072893942105e-01
-3.627102419803580613e-01
-3.555385265460722088e-01
-3.019052347579462836e-01
-2.079244656671350722e-01
-8.691914608937112430e-02
4.930658621845362966e-02
1.848051726789357030e-01
3.037790661508119605e-01
3.939703791414950196e-01
4.461025082235987593e-01
4.549794324940064083e-01
4.195419154296873288e-01
3.465933796373243947e-01
2.429651093486551172e-01
1.220162493835843520e-01
-1.858159863150077307e-03
-1.149584380830137587e-01
-2.056019763432371805e-01
-2.632765260676571684e-01
-2.816821081597420395e-01
-2.631066889942915710e-01
-2.094714494800975491e-01
-1.269336464570619549e-01
-2.512544922352000221e-02
8.265984970032569379e-02
1.851462600470923370e-01
2.699835937602441671e-01
3.280302540121138311e-01
3.569201084885158526e-01
3.535960048981605652e-01
3.185275971636092329e-01
2.564820190885834794e-01
1.768896005106976865e-01
8.746055747367242894e-02
-1.225411486830751961e-03
-7.844059098572120359e-02
-1.367368903410344227e-01
-1.705532003484387937e-01
-1.768801672380821977e-01
-1.555637269194696248e-01
-1.115744351407470525e-01
-4.908230123322965266e-02
2.403556702707332349e-02
9.869173257202468186e-02
1.667722967758178410e-01
2.214906078499012665e-01
2.563735241669238274e-01
2.679063336193441280e-01
2.582804423374236436e-01
2.284892515925329715e-01
1.818994672588163386e-01
1.244641615754533692e-01
6.357262373880634421e-02
5.431905904464073842e-03
-4.243623560756182300e-02
-7.475930619602255689e-02
-9.125084170216268831e-02
-9.044807840301039015e-02
-7.208339587200907062e-02
-3.904313493168742877e-02
3.127422822442937900e-03
5.047134508816419896e-02
9.708090065744401365e-02
1.370423878918136662e-01
1.674357794884191453e-01
1.855852027977511476e-01
1.889916891087670692e-01
1.777580245933043646e-01
1.555142101500004426e-01
1.242073144990845091e-01
8.792548868729999079e-02
5.205744847418913857e-02
2.028895827343468738e-02
-4.542308682227713668e-03
-1.936141042609507146e-02
-2.298228482096509318e-02
-1.739194670651633690e-02
-3.035276108723339306e-03
1.850410267928448427e-02
4.356817439749494092e-02
6.850384088303385077e-02
9.117777674938154497e-02
1.087543482129047501e-01
1.194180592770990312e-01
1.243253411739300152e-01
1.229106226594030016e-01
1.147309427008669225e-01
1.016466657571160059e-01
8.619222523053604590e-02
6.967049239120171045e-02
5.422452048626946741e-02
4.186930173907499331e-02
3.293209702590349508e-02
2.829079160034342344e-02
2.884604072115082296e-02
3.384453116634444925e-02
4.137018115044233113e-02
5.089170245552288030e-02
6.142625939528256751e-02
7.129106689146880171e-02
7.961663768627080806e-02
8.568177815309807599e-02
8.868597926932064723e-02
8.870522063413011082e-02
8.679883067831539734e-02
8.304774195674724524e-02
7.770455576483392690e-02
7.181734733438216445e-02
6.622172657044611555e-02
6.136294171548750676e-02
5.772640762499881006e-02
5.549847440208277582e-02
5.425423091177106194e-02
5.413974173780888854e-02
5.532996078915530802e-02
5.737950431848459765e-02
5.975092632066125731e-02
6.226830691790041783e-02
6.476031538370841112e-02
6.702313482240862541e-02
6.909201137942577731e-02
7.076264284849775876e-02
7.165083629151314248e-02
7.176153865690726441e-02
7.135551535727846506e-02
7.047156446134561492e-02
6.927836430552636315e-02
6.802029418624377932e-02
6.678230545949914720e-02
6.569473697965877435e-02
6.492403574673333289e-02
6.452981061992701939e-02
6.448581713461432052e-02
6.478495326035593749e-02
6.532009482917433552e-02
6.590238303816753351e-02
6.632267593912199999e-02
6.655194418626453334e-02
6.664270756730283907e-02
6.660813438778268036e-02
6.652355460191472503e-02
6.640195566395301618e-02
6.626017121984784097e-02
6.611503491554882039e-02
6.598338039700668567e-02
6.588204131017105780e-02
6.582785130099244597e-02
