-2.763608234332948221e-02
3.893821275094280221e-01
6.594223445569058484e-01
8.012094952414841043e-01
8.334685060055417871e-01
7.749243032914585605e-01
6.443018135416140879e-01
4.603259631983918077e-01
2.473982689504488075e-01
1.402509942247243124e-02
-2.155481804089786069e-01
-4.117846895734521562e-01
-5.521991751792204584e-01
-6.239997112585431438e-01
-6.189902555259623185e-01
-5.417250801089059653e-01
-4.013558096190789071e-01
-2.191399787999824822e-01
-1.581687396572228899e-02
1.822885689152440314e-01
3.512902192369484755e-01
4.724451471209236697e-01
5.320404969561509656e-01
5.263074818844839520e-01
4.563497377827254731e-01
3.357505945210148557e-01
1.786486154264188553e-01
7.420694343213574129e-03
-1.563977100281398469e-01
-2.926154522247345069e-01
-3.851008304693951390e-01
-4.243748933994806460e-01
-4.059039143328995181e-01
-3.366980401521851851e-01
-2.250375825625061665e-01
-8.902930929140651095e-02
5.313636751959172067e-02
1.820879733936160427e-01
2.816629730056607883e-01
3.396061436656423460e-01
3.484077857153808910e-01
3.110887458261348826e-01
2.319947400065316412e-01
1.244016875844580206e-01
2.931253847230141929e-03
-1.138563613679147712e-01
-2.105181100853305010e-01
-2.732538450750308101e-01
-2.929299659652752075e-01
-2.704152779686261887e-01
-2.075570854884777328e-01
-1.142040710122466107e-01
-2.579050573822128101e-03
1.095002808794218740e-01
2.071619958776733661e-01
2.755924489705969815e-01
3.037558829129398674e-01
2.889506110340798184e-01
2.312041682652912211e-01
1.389704443061716699e-01
2.310023196779087407e-02
-9.845479378205668208e-02
-2.104818138605790701e-01
-2.963966564656702607e-01
-3.425904483155611802e-01
-3.424192764040004944e-01
-2.933969470480696229e-01
-2.018236078781764364e-01
-7.697518800406433215e-02
6.310427348815661475e-02
2.021897218416828235e-01
3.205514866223231341e-01
4.012817732320297370e-01
4.329225168310950611e-01
4.088341877468462116e-01
3.312489487184211434e-01
2.066228145129085370e-01
5.200459771634680095e-02
-1.161182942204120883e-01
-2.749525368318688212e-01
-4.039118275168975813e-01
-4.855420182217964342e-01
-5.075837369673414923e-01
-4.660361839038039689e-01
-3.624197483520800178e-01
-2.103937926897931909e-01
-2.473812519879026173e-02
1.702411783010588930e-01
3.512029136096612714e-01
4.945801701697696284e-01
5.818094741382917601e-01
6.006200137423252094e-01
5.453944207133782918e-01
4.237900753351178107e-01
2.461977902443530652e-01
3.501609572775210566e-02
-1.861999582209774573e-01
-3.891112368649244369e-01
-5.495402209776535374e-01
-6.460114250079902476e-01
-6.643483061240085252e-01
-6.039693140859869747e-01
-4.682063504185310920e-01
-2.734245647082507169e-01
-3.990008427858027229e-02
2.021608638917546941e-01
4.255121359743609943e-01
6.013844445932294835e-01
7.072479863430558567e-01
7.313713442024489808e-01
6.677230855419937772e-01
5.241873175892177716e-01
3.144915853713636800e-01
6.621788936548944626e-02
-1.942311335626655255e-01
-4.340773942800904006e-01
-6.242043039080760192e-01
-7.415762810642241298e-01
-7.703574041317587939e-01
-7.074914828876487372e-01
-5.569647653260429987e-01
-3.391729328356893891e-01
-7.608094698084943985e-02
1.988560111207697823e-01
4.537616930391457082e-01
6.573409971654942119e-01
7.847885577937792068e-01
8.205969401534374263e-01
7.575294575188207258e-01
6.055616318518846075e-01
3.785817701086724441e-01
1.061897539132452550e-01
-1.809485399279501250e-01
-4.470310733692357541e-01
-6.611297962278077645e-01
-7.965312252166303342e-01
-8.350911848500836010e-01
-7.752271887625956648e-01
-6.205674492261867847e-01
-3.910488775343411438e-01
-1.111753256970903214e-01
1.826638501384107993e-01
4.573944229963231578e-01
6.784637692846571255e-01
8.186897416614766776e-01
8.637118454034931059e-01
8.053392060566939570e-01
6.517195043190004977e-01
4.180644752100335371e-01
1.355300433213393330e-01
-1.654484332194292584e-01
-4.471220366475444630e-01
-6.757826209077879565e-01
-8.243463837490766499e-01
-8.736946330570665165e-01
-8.192459246826071517e-01
-6.643219224469882889e-01
-4.306351682919210555e-01
-1.421762089688575204e-01
1.641327085731769664e-01
4.528685447965683508e-01
6.887373398073601827e-01
8.433302017501662640e-01
8.983324961013321452e-01
8.445788585996307773e-01
6.918225596310711989e-01
4.543005143261871215e-01
1.625768854637381633e-01
-1.507636443337219134e-01
-4.464346233444272949e-01
-6.901513187235991387e-01
-8.516915249687815326e-01
-9.099867729953263762e-01
-8.613236285837400086e-01
-7.079859849583540754e-01
-4.698518660362746013e-01
-1.721155338691731096e-01
1.468383630359604286e-01
4.514766435990087423e-01
7.040403911269876858e-01
8.736496056744624816e-01
9.419272718471733974e-01
8.983436945367546667e-01
7.495899363863558484e-01
5.098896547111837485e-01
2.110062686889739858e-01
-1.151928198377348833e-01
-4.282488077902156798e-01
-6.913179879500193081e-01
-8.733576491645310691e-01
-9.517498105217878646e-01
-9.182479245159492764e-01
-7.735648220990847257e-01
-5.380125107623585645e-01
-2.352018474736002895e-01
9.647309795617720063e-02
4.192288658254637035e-01
6.942535968958931658e-01
8.893574286380054872e-01
9.814716472776414680e-01
9.574322027664665669e-01
8.239393184354641964e-01
5.929382793166975141e-01
2.932265802806783839e-01
-4.273048622249742134e-02
-3.731333385598640806e-01
-6.608998580943077350e-01
-8.714502847066250002e-01
-9.791582979099184847e-01
-9.748965354112597570e-01
-8.562108882187891012e-01
-6.386543722042439253e-01
-3.445504898558852114e-01
-1.136196239585718359e-02
3.252079422763338723e-01
6.249278150087851369e-01
8.526625494870174737e-01
9.831495305244317695e-01
1.000000000000000000e+00
9.033072452175574529e-01
7.012978307052153415e-01
4.208878033050993395e-01
9.089180199711499597e-02
-2.483411981114039824e-01
-5.586490811749793561e-01
-8.042449098102104621e-01
-9.567644602815962296e-01
-1.000000000000000000e+00
-9.270079334485690215e-01
-7.496640145275590417e-01
-4.846534007071492400e-01
-1.653409268660970266e-01
1.734212022223216021e-01
4.915929572966633021e-01
7.539677195558673883e-01
9.302101983365835824e-01
9.992032035967399750e-01
9.572684853693318452e-01
8.066740707983175440e-01
5.668917635721038017e-01
2.627081547506568970e-01
-6.821503121983885087e-02
-3.903302817110464451e-01
-6.654588098854371525e-01
-8.624658096676005581e-01
-9.621742423016049761e-01
-9.519367313668115615e-01
-8.350205864998632155e-01
-6.227221382783710846e-01
-3.431542059785520626e-01
-2.491609962771457187e-02
2.940917167358780837e-01
5.783874223875569154e-01
7.965270385479736870e-01
9.240565239582674284e-01
9.485190470364404103e-01
8.656304038885385133e-01
6.888337360003806698e-01
4.352045384055625021e-01
1.365436602308387481e-01
-1.745964129378121399e-01
-4.624290117930224264e-01
-6.958069576623420183e-01
-8.489560453818999486e-01
-9.041552424569757607e-01
-8.599344986169551452e-01
-7.196024602672489445e-01
-5.013947647472688507e-01
-2.282282398453097105e-01
6.635045005009176933e-02
3.511037418235072316e-01
5.932415735347864594e-01
7.661460401741799764e-01
8.543785266731716010e-01
8.473136463659276529e-01
7.480445089343521481e-01
5.666483588109576530e-01
3.272238403235048221e-01
5.414874657875667907e-02
-2.204184939848415903e-01
-4.662819937229540912e-01
-6.570562798297642226e-01
-7.720420534031173787e-01
-8.006828062361303067e-01
-7.391925278513287179e-01
-5.982543712121423107e-01
-3.915035647241743577e-01
-1.446208493577492149e-01
1.156964954220212061e-01
3.599389216136898995e-01
5.621701007778554526e-01
7.003001727338258320e-01
7.589083375688505662e-01
7.360337894204065368e-01
6.332201811633002553e-01
4.638378399946712083e-01
2.455885102921009366e-01
5.047833251190070314e-03
-2.325429606247690906e-01
-4.398191281078567272e-01
-5.943591099057230487e-01
-6.824181585345547862e-01
-6.939711142741771255e-01
-6.296062087663416573e-01
-4.959372311239306219e-01
-3.111882599566533347e-01
-9.389462434135575908e-02
1.305355115886694950e-01
3.375507080156834316e-01
5.049519483177973278e-01
6.149190945317963841e-01
6.564621491922539853e-01
6.244681329051779972e-01
5.263057040458509750e-01
3.714743671865008423e-01
1.791135558118981397e-01
-2.993182984149356241e-02
-2.316596221063619288e-01
-4.047741765807832959e-01
-5.300687345031177555e-01
-5.936447263824826681e-01
-5.921381849790736673e-01
-5.250257053610600799e-01
-4.012792106197529129e-01
-2.340544170830388682e-01
-4.439202307809242409e-02
1.481465456534349912e-01
3.214702441859980109e-01
4.565223842262313703e-01
5.407073603537944084e-01
5.646235785315676381e-01
5.269829898357583087e-01
4.315880452965659142e-01
2.917708208765077416e-01
1.213788427140027881e-01
-5.927696298682805232e-02
-2.302418658246662142e-01
-3.728540684910713887e-01
-4.718352255719827637e-01
-5.166845104447301829e-01
-5.019866137526287631e-01
-4.329823499611030746e-01
-3.162722278151688382e-01
-1.657263351129041329e-01
2.536124317233712233e-03
1.686040105214827722e-01
3.147672819544158340e-01
4.241921742084027169e-01
4.845670358134939182e-01
4.922433465255358076e-01
4.456484109192331289e-01
3.508733883805037479e-01
2.179340615140403781e-01
6.388194035624006339e-02
-9.552011862703846390e-02
-2.418097577546617361e-01
-3.583270239655359513e-01
-4.332073161899866465e-01
-4.580900124695800324e-01
-4.312438777152183267e-01
-3.550366103414660524e-01
-2.403503187046428513e-01
-9.849338672127472272e-02
5.340033180037617733e-02
1.982243588726446681e-01
3.197146990664452293e-01
4.046063584378178923e-01
4.431867873027381943e-01
4.303605862073494048e-01
3.706740380244999411e-01
2.697376895479886016e-01
1.399108614773385550e-01
-4.476594080691342903e-03
-1.459919286752842105e-01
-2.693085739255718369e-01
-3.598343730628423831e-01
-4.070287461875992108e-01
-4.082049495420577712e-01
-3.624514339433373422e-01
-2.756594523255219142e-01
-1.572662835861515784e-01
-2.293008587724332248e-02
1.134563679081936893e-01
2.359007673892770107e-01
3.301449025482579014e-01
3.868422118602394821e-01
3.993845347274154189e-01
3.670704386715990530e-01
2.929994684369359170e-01
1.876207810902839057e-01
6.142566294305207286e-02
-7.009388569918562073e-02
-1.917984022338642403e-01
-2.900366270764818122e-01
-3.539314478515204199e-01
-3.765075114409442980e-01
-3.547021240581877954e-01
-2.933795370317142659e-01
-1.982336536410106431e-01
-8.104097497764961577e-02
4.509091192269476522e-02
1.651521289417445804e-01
2.660887004326257799e-01
3.358055815483991235e-01
3.660873048137920360e-01
3.563176314463636363e-01
3.068859883507719655e-01
2.238177089868222946e-01
1.161154206496739505e-01
-2.360550129554161991e-03
-1.190851742517557987e-01
-2.199832940799981706e-01
-2.933992564129740410e-01
-3.328208028880704772e-01
-3.335660947394694098e-01
-2.961125303131149078e-01
-2.243950928030276071e-01
-1.285828241822398743e-01
-1.824391580989381811e-02
9.334222528147395614e-02
1.932033728868349787e-01
2.705249664613844640e-01
3.169597091203677497e-01
3.277280329355936050e-01
3.013355730653914932e-01
2.428043582979371173e-01
1.576416086987848519e-01
5.691039354000348993e-02
-4.763876741872286047e-02
-1.441070775170794072e-01
-2.222639573159320703e-01
-2.730961140547806254e-01
-2.908796348467711512e-01
-2.765970475262597983e-01
-2.315804797195890607e-01
-1.613316003410366628e-01
-7.382823310463759725e-02
1.960724823658632765e-02
1.090651503867219319e-01
1.838653838372050764e-01
2.358503166834500231e-01
2.619792728765766299e-01
2.593419141147588203e-01
2.285974472501757226e-01
1.735733399865928561e-01
1.022927723086894947e-01
2.181583925504093635e-02
-5.837948458652442163e-02
-1.289695628901789126e-01
-1.829895528945519878e-01
-2.151340274165087774e-01
-2.227280166351330859e-01
-2.053378561279420866e-01
-1.668346326416404457e-01
-1.109465531574987951e-01
-4.473678791964130763e-02
2.399089123694420067e-02
8.786681142454710880e-02
1.405650716848527715e-01
1.762888900772408007e-01
1.915308246620630594e-01
1.875327774624029331e-01
1.649650963140432136e-01
1.265302672263870498e-01
7.689344869698389040e-02
2.231402918344671527e-02
-3.167493423925582530e-02
-7.868183971608888605e-02
-1.139435540095071753e-01
-1.362090644070226286e-01
-1.435968677827181850e-01
-1.355246053810208462e-01
-1.136747793964456577e-01
-8.188593092649520955e-02
-4.300974030821480554e-02
-1.303700494497905815e-03
3.846927893049190139e-02
7.314741064287089145e-02
9.995753191116629743e-02
1.160727156327989729e-01
1.203226097107383818e-01
1.144025804242456701e-01
9.897151991716679476e-02
7.564709628616839154e-02
4.744569178455049219e-02
1.713609357548340206e-02
-1.286058241549858927e-02
-3.950857007512464936e-02
-6.074278897545704048e-02
-7.648895510973097167e-02
-8.555959205488994357e-02
-8.642847130457886884e-02
-7.963029396451581921e-02
-6.722663255365923796e-02
-4.996650820125103643e-02
-2.839635305103416218e-02
-4.062755617864732827e-03
2.166988729073859865e-02
4.684796498346166516e-02
6.844854505194275518e-02
8.478935849557478477e-02
9.554089829594270000e-02
9.942909753194073552e-02
9.419733716124834011e-02
7.972876823788377365e-02
5.795010360242525138e-02
3.018250418190682183e-02
-1.317699915540426758e-03
-3.356568250993685609e-02
-6.366911060797519895e-02
-8.889827522787363545e-02
-1.054587098498959152e-01
-1.111214411343762754e-01
-1.060114264691911501e-01
-8.989409849790996887e-02
-6.307152764328438632e-02
-2.798169303639708172e-02
1.117046963455314845e-02
5.132765955232376776e-02
8.794386085904637440e-02
1.167083776108102100e-01
1.350791433877587266e-01
1.407407789378511964e-01
1.317401355785585704e-01
1.084647848078514887e-01
7.396930763076214888e-02
3.070626938387110982e-02
-1.685171673017016314e-02
-6.335674762294951634e-02
-1.035286083203310614e-01
-1.331143860979888682e-01
-1.475834348692167675e-01
-1.446486086799302351e-01
-1.259803127751785157e-01
-9.272939169260774328e-02
-4.764514483240800402e-02
4.551254573801344350e-03
5.735543355768712992e-02
1.053896700558127897e-01
1.422570494893824478e-01
1.632337662607521445e-01
1.670637054681265443e-01
1.527279537255499253e-01
1.211003576780382840e-01
7.539299338203830914e-02
2.175189148211420509e-02
-3.483903894088635766e-02
-8.758932584508116737e-02
-1.298533738168758944e-01
-1.570941448508867966e-01
-1.661888511888292008e-01
-1.557807985304296983e-01
-1.266215921079475448e-01
-8.301686232727856218e-02
-2.878099242472842434e-02
2.946416343067692623e-02
8.459833667237037780e-02
1.302810397775848728e-01
1.615132716410845326e-01
1.739417991561520438e-01
1.656465657228236577e-01
1.392027189479814187e-01
9.683388667106096470e-02
4.377023178713357332e-02
-1.350860485858396132e-02
-6.786782395406676383e-02
-1.133241236252343631e-01
-1.437064684483521093e-01
-1.551684859328062993e-01
-1.483256873339701132e-01
-1.235318647524851210e-01
-8.341322411230556177e-02
-3.279626881166775032e-02
2.101406781525905210e-02
7.234175765587158580e-02
1.146298691984866114e-01
1.424776827036202675e-01
1.540581285232776043e-01
1.478647681812450543e-01
1.244855282008121566e-01
8.671586586414825604e-02
4.030268892289767813e-02
-1.009841094854979637e-02
-5.798364461917027146e-02
-9.697576583247624615e-02
-1.228469558913896087e-01
-1.327261644382903283e-01
-1.256239704003753177e-01
-1.023374230257397821e-01
-6.692516904748213591e-02
-2.281765362601495539e-02
2.398730356855605095e-02
6.720669258083389330e-02
1.017359058357403256e-01
1.236465784477485119e-01
1.300943849470481695e-01
1.202069314551705848e-01
9.661842196751302403e-02
6.143075417802212890e-02
1.937489715906504095e-02
-2.397938491651563364e-02
-6.310535270640915684e-02
-9.349263640656224617e-02
-1.107562770059299373e-01
-1.126054221511882947e-01
-1.005958036318267412e-01
-7.564286827347810327e-02
-4.071095594241425086e-02
-2.921499773947955347e-04
3.994103855704733697e-02
7.543409407844814396e-02
1.010175354524398550e-01
1.131625211553015653e-01
1.120208814423075960e-01
9.746494547517126072e-02
7.093828836804960680e-02
3.572806161479658016e-02
-2.774898026887351321e-03
-4.045969282870320871e-02
-7.217449498419947762e-02
-9.340178658911502119e-02
-1.023843474723864500e-01
-9.797332461676311333e-02
-8.052681554997376256e-02
-5.207209594020811849e-02
-1.716420402786245081e-02
2.077792646545639776e-02
5.680061436102823436e-02
8.579622506582618158e-02
1.045190048035402608e-01
1.108538782175110260e-01
1.038775360329786679e-01
8.422998042926255202e-02
5.528115949217293768e-02
1.965696994115062601e-02
-1.791660695335406395e-02
-5.227731089928522312e-02
-7.936921657535322971e-02
-9.614761851952224880e-02
-9.998896488515174319e-02
-9.010211493182007647e-02
-6.892100310693871634e-02
-3.821580956480019609e-02
-2.133825046303217121e-03
3.437971110187443280e-02
6.682000001504229125e-02
9.158785023246762691e-02
1.051171547943348106e-01
1.056159539000458558e-01
9.449236757021317601e-02
7.253172891238612863e-02
4.219455300654928465e-02
7.461445908366837187e-03
-2.677162590407589082e-02
-5.692884071613046881e-02
-7.890451410650234365e-02
-8.986837465529662339e-02
-9.032249345715170907e-02
-8.004224373988111374e-02
-5.968470829553562673e-02
-3.182429113999207804e-02
-5.928541131553499710e-04
3.092005764363170428e-02
5.851866955010298632e-02
7.851897358363224555e-02
8.956134451799901974e-02
9.050477955751023984e-02
8.106604812932616255e-02
6.252296750891228605e-02
3.804574445584085751e-02
9.790785736757845470e-03
-1.867389384959727838e-02
-4.337367102577960321e-02
-6.180642466990415862e-02
-7.218630660910796415e-02
-7.312248112053132409e-02
-6.459857494117138277e-02
-4.879986302019523325e-02
-2.703464088502516294e-02
-1.978077923698862151e-03
2.288168584293615027e-02
4.472089558574632306e-02
6.135883727210100780e-02
7.042494430135159966e-02
7.094696562488445046e-02
6.433757078235502469e-02
5.105076554998078109e-02
3.252102031420900374e-02
1.142787288071889229e-02
-9.465931390813309143e-03
-2.814398281827756865e-02
-4.198441035474920202e-02
-4.930942487963230203e-02
-5.061980824491996156e-02
-4.571019316432367585e-02
-3.494109618904517323e-02
-2.002731476511920850e-02
-3.265723381005614101e-03
1.387514189688365818e-02
2.907312454361821175e-02
4.030060350392239421e-02
4.724073182074928212e-02
4.925261223754651141e-02
4.577386895924706600e-02
3.755128821982767207e-02
2.643364421183780344e-02
1.331304371610642079e-02
-2.445455006639951634e-04
-1.230783788356271113e-02
-2.196018112263664612e-02
-2.830779988852116791e-02
-3.012495819807126107e-02
-2.739642091600014151e-02
-2.152839638141867962e-02
-1.292110745880781231e-02
-2.614960186139381193e-03
7.626491284497660672e-03
1.663852331558768327e-02
2.364568321628524039e-02
2.766423820993524352e-02
2.834508821252357258e-02
2.642605834450728608e-02
2.201579198131642379e-02
1.565133556712616780e-02
8.643206317421325835e-03
2.207353317971172402e-03
-3.160727591488887711e-03
-6.973607802242876019e-03
-8.894242242950212152e-03
-9.384207066342353798e-03
-8.351520138109358449e-03
-5.766131075740421608e-03
-2.329944161547636838e-03
1.154905911407322350e-03
4.423814542384718607e-03
7.149501939902602743e-03
9.022137800826168785e-03
1.022197146312020521e-02
1.061197462704388528e-02
1.005522776435996413e-02
8.860459817274124461e-03
7.446878275455537377e-03
5.931744640760516774e-03
4.511775391178307615e-03
3.433980307751216543e-03
2.714039934182288505e-03
2.430353054920342259e-03
2.604940692036983307e-03
3.074718692024358546e-03
3.598670725449171215e-03
4.140931049423368648e-03
4.660158975535955150e-03
5.028189277847427974e-03
5.214629682350313544e-03
5.198659890396362115e-03
5.018626504142087441e-03
4.781454537213125633e-03
4.615850359421358462e-03
4.516527585006535617e-03
4.414739861053895709e-03
4.316960272093162132e-03
4.291871953724823996e-03
4.250364277414542258e-03
4.174882419438530334e-03
4.047871556073001642e-03
3.851776863593947553e-03
3.569043518277581484e-03
3.182116696399894806e-03
