-1.012896046245936876e-02
1.422798185752349731e-01
2.299930558206955133e-01
2.630582205930380724e-01
2.515227822113796918e-01
2.054342099948369693e-01
1.348399732625256142e-01
4.978754133356289024e-02
-2.909922318959345944e-02
-1.005759918843679435e-01
-1.575228565553810078e-01
-1.892644121350217645e-01
-1.892184224456925357e-01
-1.608825542801104458e-01
-1.069575013713740530e-01
-3.997337142270107613e-02
2.812636725184947117e-02
8.769587315043736453e-02
1.318012896495799335e-01
1.534058700949272325e-01
1.489795453574251916e-01
1.231680911818955337e-01
7.832809691886555292e-02
2.221201431391039982e-02
-3.488574143359757240e-02
-8.462504413797589109e-02
-1.217672377219687352e-01
-1.391112736855358856e-01
-1.333189013236064646e-01
-1.097029246893945764e-01
-6.954395551278858001e-02
-1.655297875596262180e-02
4.050821737783860677e-02
9.233993328362477548e-02
1.333382161346119421e-01
1.542452679317005693e-01
1.495073550622871839e-01
1.228614751927752380e-01
7.553788963725649452e-02
1.194360784321535363e-02
-5.798126722292884505e-02
-1.207393822061150201e-01
-1.683692976204178571e-01
-1.902773319307539124e-01
-1.787699332222374426e-01
-1.360356209887135792e-01
-6.544469960586862811e-02
2.076309558405609046e-02
1.075210131991182205e-01
1.763555111810994891e-01
2.163720068101921967e-01
2.185773429021742320e-01
1.767232288773379345e-01
9.542452011994617678e-02
-1.686957267023747598e-02
-1.354707522414164700e-01
-2.378018708894505950e-01
-3.027547171029472128e-01
-3.176872557892360671e-01
-2.771829395122611395e-01
-1.815075699546373489e-01
-4.814129509073150626e-02
1.057268491022298473e-01
2.471422042335056357e-01
3.478898608946656701e-01
3.877345133900851337e-01
3.554219144555095244e-01
2.534754871132327558e-01
9.351931614520880842e-02
-9.063525135028749347e-02
-2.731579048791048514e-01
-4.169554237010193454e-01
-4.909110174655724190e-01
-4.808082180006687523e-01
-3.828899478523030142e-01
-2.139708247790629292e-01
2.839941475322627085e-03
2.227851358753958344e-01
4.129716781844350315e-01
5.375158252056215780e-01
5.681888624115210007e-01
4.995247410761556317e-01
3.368181712657292159e-01
1.129998306434059074e-01
-1.377965360768623748e-01
-3.660828082405319650e-01
-5.367560576562133701e-01
-6.220978970438647560e-01
-6.014628866782344430e-01
-4.778964067655959713e-01
-2.648267507344944649e-01
-7.459059551528812726e-03
2.531266936811233936e-01
4.692160650126093735e-01
6.066147726839796750e-01
6.432651766993360276e-01
5.674536908481984110e-01
3.971193752427615298e-01
1.534891816658972008e-01
-1.140586497121883758e-01
-3.617485374642270823e-01
-5.477813140295743066e-01
-6.411051525530976347e-01
-6.263767379973501637e-01
-5.024909645948411052e-01
-3.000807333382731201e-01
-4.591999516869960107e-02
2.100837212828039480e-01
4.234072240001718335e-01
5.587997139522757895e-01
5.935568155820278857e-01
5.255662405402159454e-01
3.633143853934803769e-01
1.452975912692915372e-01
-9.733886077126674419e-02
-3.176657493553232126e-01
-4.751921327261541261e-01
-5.459044706230389288e-01
-5.173891842974093214e-01
-4.003039523521666476e-01
-2.124765259886132185e-01
2.664184982335671137e-03
2.124671466319882907e-01
3.773862443265001421e-01
4.647013109165401001e-01
4.638394936903524890e-01
3.738569556848381215e-01
2.183989449619336831e-01
2.370911597146019290e-02
-1.665743235295379376e-01
-3.220019240867821875e-01
-4.166055611025111238e-01
-4.295487118764244050e-01
-3.606388998052997286e-01
-2.187762812266684787e-01
-4.178150815859438261e-02
1.371629890620700287e-01
2.811585590987359939e-01
3.659241842733909067e-01
3.791550955877467377e-01
3.138195653392701345e-01
1.866059507398458717e-01
1.692545177077375840e-02
-1.540642537074320417e-01
-2.928555498417980685e-01
-3.733222223027051756e-01
-3.787416926527825689e-01
-3.090564955075975062e-01
-1.737265886181210695e-01
-7.012276461894950685e-03
1.657343166158455894e-01
3.073438389059617304e-01
3.868569739429508214e-01
3.909869539762742541e-01
3.157658751410101772e-01
1.775101158498406662e-01
-2.478417000663202252e-03
-1.836206187162543468e-01
-3.375963324485979911e-01
-4.359728569084725391e-01
-4.558704489240205104e-01
-3.932879800869717446e-01
-2.537851332747094180e-01
-6.929023961177427360e-02
1.297244657590499450e-01
3.041411844470243153e-01
4.274351487711363085e-01
4.812037440852747761e-01
4.513544152064119519e-01
3.429151300911481570e-01
1.683096778859936027e-01
-3.606111451641380583e-02
-2.377640856228465660e-01
-4.018759375282031643e-01
-5.026861083485565374e-01
-5.228570995070571659e-01
-4.553866844295921812e-01
-3.167455750360799183e-01
-1.222521226171935371e-01
9.182860055991048931e-02
2.912655030116280130e-01
4.448627412510823831e-01
5.286177162804728269e-01
5.274142660107399294e-01
4.380404382726448276e-01
2.801418221815268339e-01
7.131107290745752891e-02
-1.508732058422413980e-01
-3.504272050822349049e-01
-4.952799345987349833e-01
-5.630594878678158999e-01
-5.424500427153038373e-01
-4.328558008098460919e-01
-2.576761635282565077e-01
-3.688431232821198780e-02
1.907222466820865936e-01
3.877785204565125099e-01
5.225717084453103123e-01
5.735215483984872353e-01
5.318639455541367411e-01
3.999456654657034260e-01
2.054658697899727215e-01
-2.810258217028716032e-02
-2.588876356916831600e-01
-4.478305065664940354e-01
-5.641687237289136903e-01
-5.882133054030368458e-01
-5.164993491107645607e-01
-3.562881749530535380e-01
-1.417313400113862087e-01
9.899111543861227602e-02
3.213236669377490529e-01
4.855278246547021226e-01
5.649254763175584060e-01
5.445819627970616139e-01
4.300453354470767930e-01
2.360972525884272866e-01
4.607398247220784171e-03
-2.313775939665978498e-01
-4.271956167949467753e-01
-5.451821817835798001e-01
-5.675962286944693513e-01
-4.880260307314319146e-01
-3.243099247734078094e-01
-1.005442222724739487e-01
1.350147826519247918e-01
3.463886313518185212e-01
4.949095862680690239e-01
5.495846598898792568e-01
5.031925300736239670e-01
3.595621173127101500e-01
1.521510235945910949e-01
-8.512590461512747897e-02
-3.031369683184608199e-01
-4.671894565241420105e-01
-5.501276611799987837e-01
-5.317727804448656448e-01
-4.173087506742527708e-01
-2.211373219559166214e-01
1.099181332407428435e-02
2.389801054641433886e-01
4.195278285946140162e-01
5.223977299016535625e-01
5.315514601547990381e-01
4.404878355033801096e-01
2.714595888272128832e-01
4.758522425230493624e-02
-1.836872104476638956e-01
-3.815094750665144474e-01
-5.116559937422058280e-01
-5.511398247860701538e-01
-4.949401531186456982e-01
-3.491273705255448778e-01
-1.478566671344526684e-01
8.159267476173948097e-02
2.957084624886265889e-01
4.562800548310881332e-01
5.386580294452008033e-01
5.286758101449280378e-01
4.311298904607572258e-01
2.589584630511181373e-01
4.877358223523975411e-02
-1.712641022783666367e-01
-3.626119466013734138e-01
-4.915663769883462653e-01
-5.407740654371161471e-01
-5.017307015872919385e-01
-3.834970762232382535e-01
-2.018674531016502183e-01
7.123793783717191630e-03
2.160694658726054485e-01
3.896629613889275312e-01
4.968227063448378278e-01
5.232899669873745108e-01
4.631619320132736028e-01
3.275208477900388715e-01
1.340704477811953677e-01
-7.976064553606099228e-02
-2.853946592055518483e-01
-4.470401015954922341e-01
-5.338699553885990490e-01
-5.336548419652543673e-01
-4.432852846798768232e-01
-2.792805597511341942e-01
-6.436843607787567922e-02
1.578927445702944521e-01
3.548538390986053503e-01
4.897373806013460840e-01
5.329458189699425308e-01
4.788997482439076858e-01
3.319016113361461517e-01
1.218679256639998432e-01
-1.183251727136489517e-01
-3.372953517156805914e-01
-4.987013323077428284e-01
-5.735491247334207898e-01
-5.406050151993291308e-01
-4.044882819768655935e-01
-1.810728853904741698e-01
7.870575564578974337e-02
3.292353007698343159e-01
5.173776114905677126e-01
6.079885897744337075e-01
5.839738961751361757e-01
4.385265273523970553e-01
2.022398396997944214e-01
-9.045491456335652547e-02
-3.733635832428132684e-01
-5.930200614084641941e-01
-7.053297960233080310e-01
-6.822243390036246691e-01
-5.260403837697676943e-01
-2.542061582428054578e-01
7.338293816778151957e-02
4.063926244607751759e-01
6.741852493644227007e-01
8.214583048915515828e-01
8.199137140929662060e-01
6.602721108410682938e-01
3.752842931807969240e-01
5.116079776382065347e-03
-3.721817794984125793e-01
-6.965676065967840724e-01
-9.069323176146418808e-01
-9.581717531694491363e-01
-8.417942950702479443e-01
-5.669923586882814615e-01
-1.938299310571584000e-01
2.198191885455651473e-01
5.937774131029951441e-01
8.688479852511121759e-01
1.000000000000000000e+00
9.571490487095644095e-01
7.529964022920436761e-01
4.125069117102779792e-01
7.666073956737795569e-03
-3.978122606331156996e-01
-7.327422207863667492e-01
-9.438795212847738147e-01
-1.000000000000000000e+00
-8.879057863310594323e-01
-6.394069247930433963e-01
-2.869069639878008005e-01
1.005264264783178874e-01
4.609304103551754572e-01
7.359388515497635730e-01
8.832944821127675095e-01
8.856113836995764821e-01
7.410150758525191339e-01
4.880847840416686623e-01
1.608235083683711153e-01
-1.798796144665983920e-01
-4.791791801650353566e-01
-6.923193800938518550e-01
-7.881149418999814360e-01
-7.591551352842952349e-01
-6.098190557736248296e-01
-3.778473585012728231e-01
-9.480815671858633387e-02
1.884331725661021473e-01
4.259375910449980651e-01
5.846708326915692755e-01
6.424434739883850831e-01
5.975880699909792426e-01
4.576928741286208080e-01
2.571504450067345626e-01
2.341651238067221641e-02
-2.021152698745368737e-01
-3.817673202757387863e-01
-4.916859144781456914e-01
-5.167756746802463219e-01
-4.590384334036176073e-01
-3.280556476246483388e-01
-1.551047650759632690e-01
3.596653935744242858e-02
2.110807560268848082e-01
3.391724527739214956e-01
4.035141398792589928e-01
3.948279939369172542e-01
3.185294451308375852e-01
1.864120823345301048e-01
2.838428172914686520e-02
-1.336556868669604992e-01
-2.703874830152845909e-01
-3.554331754625255080e-01
-3.776677294207032576e-01
-3.328215119567107250e-01
-2.303530001200176924e-01
-8.519402258449326748e-02
7.172870690295751750e-02
2.183752405317760381e-01
3.276191826225964832e-01
3.758506704072541726e-01
3.565188115007680292e-01
2.699218351348684486e-01
1.308168363086523733e-01
-4.132380894378728797e-02
-2.118839466906620173e-01
-3.564012374524534454e-01
-4.478282629617860167e-01
-4.637817971272840678e-01
-4.014847227240542216e-01
-2.657786297153944544e-01
-7.949953604979254074e-02
1.311812199692450331e-01
3.257024813726538959e-01
4.754234705897579794e-01
5.535941102200347963e-01
5.392589612732068272e-01
4.327333965924990977e-01
2.438187235895998839e-01
8.066325196336210368e-03
-2.391607794339699611e-01
-4.515222254431128235e-01
-5.961709541329591744e-01
-6.490654580319080713e-01
-5.936567683344344815e-01
-4.374635757863400976e-01
-1.971907534376481363e-01
7.969185611265827696e-02
3.496539810669112569e-01
5.634371002273841356e-01
6.856928288776393821e-01
6.948447037561975570e-01
5.822844305261549724e-01
3.732047995728016154e-01
9.424453505453245228e-02
-1.984703798676428210e-01
-4.556130377923595098e-01
-6.330742441708712143e-01
-6.996875938682525220e-01
-6.460271698548083474e-01
-4.773145270895772230e-01
-2.348605851010637791e-01
4.567658736588287027e-02
3.068158962485363350e-01
5.002623597669000333e-01
5.946965459096245077e-01
5.734731411926774491e-01
4.494168314087330085e-01
2.430653024781317395e-01
5.502152107627500399e-03
-2.247307747199283057e-01
-4.042334087627821315e-01
-4.979735406817821231e-01
-4.933854245700508567e-01
-3.904128536825276496e-01
-2.238339943621596717e-01
-2.644768300168698349e-02
1.558876241527245021e-01
2.920345019953609622e-01
3.605612353268099479e-01
3.460574090415993176e-01
2.586906702788307477e-01
1.140765683558440102e-01
-4.564517255212985347e-02
-1.868085342483242206e-01
-2.804703180832034404e-01
-3.083378098498710251e-01
-2.692295541910620926e-01
-1.693566165663080714e-01
-3.864248912719447926e-02
1.006791147245889029e-01
2.158891180970197166e-01
2.806964883907689945e-01
2.836248507197658419e-01
2.217656334046627098e-01
1.131968318391221029e-01
-2.208374680185398731e-02
-1.514560828158157957e-01
-2.541603942534856886e-01
-3.124356366465964596e-01
-3.116008746588695422e-01
-2.514103177177162696e-01
-1.384505936208260124e-01
-9.431102032796401247e-04
1.367062645431800227e-01
2.499654334383183407e-01
3.226156615714870224e-01
3.447639849993371364e-01
3.104537100392992244e-01
2.272572523452847104e-01
1.038623587542386595e-01
-3.594437145254969490e-02
-1.701617264272613506e-01
-2.800654656467156389e-01
-3.506937533987499744e-01
-3.685894434135648101e-01
-3.296150172066063533e-01
-2.457769164725517319e-01
-1.236589436709676360e-01
2.109448377543343689e-02
1.678081001652820259e-01
2.942563906255482031e-01
3.828693046594304761e-01
4.142054668756052216e-01
3.794376531168541788e-01
2.879160431623550842e-01
1.458740933705000575e-01
-2.885643572532270440e-02
-2.114854020730494444e-01
-3.694625349731135433e-01
-4.797133622572716805e-01
-5.205741373283859774e-01
-4.786666588502013209e-01
-3.596477778791267177e-01
-1.735866806479605673e-01
4.719016266430453577e-02
2.686225194623119705e-01
4.490713378757034135e-01
5.597157848847666983e-01
5.802919590032951103e-01
4.990913789185025262e-01
3.286210703646696984e-01
8.800176055545683163e-02
-1.752252121605721857e-01
-4.179226883413623694e-01
-5.947837959898267801e-01
-6.742249187254067966e-01
-6.403871609330935577e-01
-4.909496436370347494e-01
-2.576844206575268359e-01
2.859048710134093341e-02
3.102794324689372996e-01
5.378675285326692812e-01
6.712062910672342841e-01
6.843283582019539235e-01
5.763092849238162785e-01
3.596277677790977734e-01
8.289061921374196729e-02
-2.131460659103974198e-01
-4.693592512804389827e-01
-6.373334101529553042e-01
-6.900002914991745229e-01
-6.154034673930830479e-01
-4.336876523205011047e-01
-1.721210422926742201e-01
1.113044935648559441e-01
3.724744311998964275e-01
5.640438437494876833e-01
6.486818332373947005e-01
6.157746088803002227e-01
4.677305824866762052e-01
2.432709233970831164e-01
-1.970351245902646209e-02
-2.671809735616116344e-01
-4.605805901258991364e-01
-5.704890584602300141e-01
-5.750386767748181249e-01
-4.797366259592144022e-01
-2.983383301915393249e-01
-7.598408073477980196e-02
1.484455335671936993e-01
3.345921522446388963e-01
4.534583085877503805e-01
4.898101881628049714e-01
4.373485657564981643e-01
3.154887634384759831e-01
1.418024970159599274e-01
-4.634690028664212313e-02
-2.159983870051083166e-01
-3.416004061070868625e-01
-4.051210146943595714e-01
-4.007868390645239476e-01
-3.308656798674819433e-01
-2.168565162360884813e-01
-7.354214825786509202e-02
7.311180461662547536e-02
1.980168148726777488e-01
2.854790425373092688e-01
3.246826843071788371e-01
3.118788738224291812e-01
2.494038737067734157e-01
1.524954711480808189e-01
3.092630681376573598e-02
-9.690869720097694540e-02
-2.106796125803113151e-01
-2.955299037546649243e-01
-3.403713058938274694e-01
-3.355187107681772973e-01
-2.789525362951839060e-01
-1.825252598129949444e-01
-5.423851643223676078e-02
8.786799516696763845e-02
2.217477104334666382e-01
3.249503192011369279e-01
3.811786658219282753e-01
3.764532049381656975e-01
3.063438767395740836e-01
1.825644570076965234e-01
1.611635124175969658e-02
-1.632833137035665239e-01
-3.249090372364474844e-01
-4.382048720649973639e-01
-4.829799188284448208e-01
-4.474824683946931891e-01
-3.297129531403112379e-01
-1.509405327922326290e-01
6.748585266332374211e-02
2.824959127321531316e-01
4.554298593140300166e-01
5.532427428539634651e-01
5.551443424112700864e-01
4.578735541640366336e-01
2.706025211571041478e-01
3.280845217555383719e-02
-2.226759264665697513e-01
-4.448516334115365511e-01
-5.905532859450388639e-01
-6.330175186966389145e-01
-5.597048328508448245e-01
-3.852463993914726492e-01
-1.333731580520741700e-01
1.413572674181300393e-01
3.966939033849683494e-01
5.823607559734447214e-01
6.591914470152562266e-01
6.159864434727964078e-01
4.546625022498824720e-01
2.113220511290474501e-01
-7.538127725724375061e-02
-3.438776264320473341e-01
-5.500024425816059104e-01
-6.585136124290431603e-01
-6.441650357745396516e-01
-5.126199437815764925e-01
-2.808952906631378976e-01
-4.401802786636710429e-03
2.680967776967799754e-01
4.809675579116994282e-01
5.970615416116482610e-01
5.995040319617788160e-01
4.812869727249970975e-01
2.733151265343429781e-01
8.279890111935861441e-03
-2.521394468279847256e-01
-4.587189320983368068e-01
-5.742763394445795644e-01
-5.750214622557338062e-01
-4.656066222564504420e-01
-2.621497642324941424e-01
-1.622660529862074430e-02
2.314668539994679808e-01
4.277034991027008903e-01
5.310766694592017334e-01
5.254522507675960519e-01
4.085152080771958794e-01
2.131705731654518488e-01
-2.633660130203185901e-02
-2.533511869126112703e-01
-4.282528259903128909e-01
-5.190902699290479427e-01
-5.030980346857283347e-01
-3.875930612297933120e-01
-1.892491886376310717e-01
4.000854842286338808e-02
2.565099076734431716e-01
4.148808319720034277e-01
4.861996088362328106e-01
4.619325177240467539e-01
3.412006274262378014e-01
1.552062442623085570e-01
-6.586273424088429085e-02
-2.701374085483373433e-01
-4.170980862927665678e-01
-4.812508698906660110e-01
-4.488650610229257820e-01
-3.316193718878683860e-01
-1.484031715658067352e-01
5.555971519958613491e-02
2.475451721699368779e-01
3.907986180686713329e-01
4.557886866991376351e-01
4.329964235336241085e-01
3.236573514600482593e-01
1.586620134693652595e-01
-3.249087347960655237e-02
-2.093104724279665207e-01
-3.444226175766250675e-01
-4.184903378228984616e-01
-4.162751412773713078e-01
-3.419989332647948022e-01
-2.061847134550572891e-01
-4.214341280316391547e-02
1.215882092870510522e-01
2.561974155060098290e-01
3.412277834206260962e-01
3.649804231400779475e-01
3.232988431319574474e-01
2.317058540591887539e-01
1.021396586872829193e-01
-3.888338854303940995e-02
-1.669405067161251477e-01
-2.647136773498520723e-01
-3.187977301044420120e-01
-3.219880530698882026e-01
-2.744045149569050990e-01
-1.898633847675251785e-01
-7.773675201956020686e-02
4.225329962308532750e-02
1.498841783584075049e-01
2.310776493955546407e-01
2.760616132676412260e-01
2.778464020848208094e-01
2.355316327505689866e-01
1.607200487633166919e-01
6.005529384437546803e-02
-5.217054956190270154e-02
-1.579754962147449371e-01
-2.418563929025233650e-01
-2.925847422762667405e-01
-2.992574782456365323e-01
-2.584650457447447147e-01
-1.797163251532358785e-01
-6.925305016362914845e-02
5.575890228921820402e-02
1.745308772329456914e-01
2.667225417528553688e-01
3.186988205202443414e-01
3.195318864220249022e-01
2.652325888782101071e-01
1.661963560396131356e-01
3.223342008927021496e-02
-1.113340137342714309e-01
-2.390584874579451125e-01
-3.283614407018473624e-01
-3.647267010374471985e-01
-3.407220135734030375e-01
-2.565535274865522464e-01
-1.305017484320359911e-01
2.181195816444825297e-02
1.702767604531982837e-01
2.871595807997933125e-01
3.528187381180241111e-01
3.557510522424978117e-01
2.958933547145481402e-01
1.810791591402549638e-01
3.815405532737536909e-02
-1.133493158887584062e-01
-2.445011652438398020e-01
-3.295428495728570661e-01
-3.571849436017248136e-01
-3.234123342850971916e-01
-2.379170437567788010e-01
-1.149630947527769953e-01
1.684955389517872604e-02
1.385834486180870240e-01
2.308349684138575331e-01
2.757340809972925744e-01
2.677555972123060180e-01
2.085839979107952935e-01
1.179171829336713717e-01
1.408945194292798853e-02
-8.126402245133657054e-02
-1.552295352945219920e-01
-1.996881023024518198e-01
-2.059591978777514099e-01
-1.752237757709267374e-01
-1.129413836325090514e-01
-3.874561721827363137e-02
3.164383431903550203e-02
9.916102851722974343e-02
1.516163880759471283e-01
1.810019945492673532e-01
1.793099294912701147e-01
1.385322744560351094e-01
5.066111099764136760e-02
-9.231147932983074789e-02
