-6.411734348526012539e-01
-6.012518398650414930e-01
-5.041529904437125342e-01
-3.638837163494661464e-01
-1.944508473431546536e-01
-9.861213185630046674e-03
1.758783563622556834e-01
3.487610315396534322e-01
4.798736670438599194e-01
5.586095333949407937e-01
5.757075828414193186e-01
5.277927937482751464e-01
4.181589328484363044e-01
2.605766883288167524e-01
6.970647516958350387e-02
-1.320048577289432146e-01
-3.226709336027190345e-01
-4.802575331864357144e-01
-5.867843983543727937e-01
-6.294108037450638626e-01
-6.011788812103018298e-01
-5.069449449519002338e-01
-3.544495618264588144e-01
-1.610200575797227085e-01
5.372330052284546298e-02
2.643682636106712280e-01
4.481819008349661182e-01
5.833038572147819512e-01
6.533745135427713180e-01
6.517404620637252677e-01
5.760341440967409188e-01
4.348753252434023331e-01
2.415185127854326819e-01
1.926785138385356255e-02
-2.093749389409932382e-01
-4.179095993952830490e-01
-5.826563669015554225e-01
-6.850694786757896004e-01
-7.123092623930340483e-01
-6.615397983061601650e-01
-5.357147787257481308e-01
-3.504200383899381821e-01
-1.232121352054982300e-01
1.193524535365586559e-01
3.511061079962296549e-01
5.454845883762056147e-01
6.805736664085577647e-01
7.404344831013129902e-01
7.160935246955293376e-01
6.123644202334583841e-01
4.378042008961602338e-01
2.125784499977021458e-01
-4.020354145609461582e-02
-2.908695863785020208e-01
-5.124772808109512301e-01
-6.791223499336134228e-01
-7.710884718799464466e-01
-7.794584077679396206e-01
-7.007242934462865058e-01
-5.442400451237788817e-01
-3.248200800259911647e-01
-6.898306200856096915e-02
1.972192269519981167e-01
4.432102482344983940e-01
6.413868178303172574e-01
7.697211366681200317e-01
8.126557497404376385e-01
7.657349242485076424e-01
6.314697335930088418e-01
4.265404927227249843e-01
1.705446086919379933e-01
-1.066488354202927979e-01
-3.751940710502695842e-01
-6.045840116384739726e-01
-7.691876416795553340e-01
-8.501100970145498703e-01
-8.363386027190568006e-01
-7.316547909140754813e-01
-5.446050536187653224e-01
-2.967866095877527144e-01
-1.349418368367805154e-02
2.722820096167808401e-01
5.298451792824376838e-01
7.293799249801269369e-01
8.478210369847172245e-01
8.734903270172369449e-01
8.011754993380055812e-01
6.395854944452643576e-01
4.039323073299596611e-01
1.225046766315676106e-01
-1.759668152787476902e-01
-4.572845929695164013e-01
-6.901288825157709805e-01
-8.486295888591295355e-01
-9.142003402254759159e-01
-8.799447095330806823e-01
-7.470543387987259587e-01
-5.322853428991985991e-01
-2.562614951716637446e-01
4.871677279460362442e-02
3.497606389526957127e-01
6.128549594136254441e-01
8.089884609458739551e-01
9.159368360693300737e-01
9.201569461701362140e-01
8.235812863824716334e-01
6.339556811049653628e-01
3.734503218909861477e-01
6.876175958397823251e-02
-2.445920247018412708e-01
-5.330831380524611030e-01
-7.637088425551109561e-01
-9.103929571156034184e-01
-9.586432063373692136e-01
-9.010674033717899212e-01
-7.449012336269567047e-01
-5.048611450860116534e-01
-2.098896448760976252e-01
1.099023812555832702e-01
4.179155802561538291e-01
6.800851045632578806e-01
8.675016568116220572e-01
9.587375042603796249e-01
9.443850954319019664e-01
8.238706768664108004e-01
6.127147504586099025e-01
3.311611498035089696e-01
1.209041513348152463e-02
-3.103514293254580059e-01
-5.997772079755931962e-01
-8.246144660119112402e-01
-9.595264077578681272e-01
-9.882615048962896109e-01
-9.102378828152590806e-01
-7.314116873572590327e-01
-4.728059125932002615e-01
-1.607581272808549233e-01
1.685230028367852295e-01
4.799579136698934878e-01
7.379940798438999749e-01
9.138948721287054600e-01
9.899186071742731574e-01
9.560383744250384730e-01
8.171162016591428934e-01
5.859927881359281443e-01
2.908827664961346482e-01
-3.824867544600241143e-02
-3.638531529060089476e-01
-6.502108402667583498e-01
-8.658535948837901008e-01
-9.866828883729804600e-01
-1.000000000000000000e+00
-9.024729118373262526e-01
-7.073173892435764554e-01
-4.330807502868690984e-01
-1.121972794031831366e-01
2.210501177546684293e-01
5.291459824152524583e-01
7.787457770606316387e-01
9.420159716665599259e-01
1.000000000000000000e+00
9.489668862741553745e-01
7.922948138008343300e-01
5.487970306529930120e-01
2.432641335273937333e-01
-8.852604578320877327e-02
-4.114944296492044629e-01
-6.889577328043618998e-01
-8.904883452551159984e-01
-9.958155807804714987e-01
-9.921132605443768737e-01
-8.810274409655380889e-01
-6.727073126871352393e-01
-3.929482132552329920e-01
-6.997709310696198504e-02
2.592860811280042199e-01
5.590826607430317008e-01
7.965590111020386388e-01
9.456715210884643064e-01
9.906959715544048084e-01
9.252970111709419854e-01
7.597758474417006802e-01
5.097555839501710651e-01
2.046059633693149138e-01
-1.235657118606420246e-01
-4.375427929945542305e-01
-7.035905053119365649e-01
-8.921409386159162569e-01
-9.818721648346243613e-01
-9.656621237105674771e-01
-8.435475682540934939e-01
-6.306822812347334661e-01
-3.485358228380183165e-01
-3.048284905445608484e-02
2.902928325797604625e-01
5.775842248516132038e-01
7.999314939785633349e-01
9.342793601150356508e-01
9.652584988300696445e-01
8.910489805729140400e-01
7.180334206266887342e-01
4.682058172014498254e-01
1.665166612946484825e-01
-1.524014503934328912e-01
-4.542252409980205297e-01
-7.058112623415503384e-01
-8.799676894360042301e-01
-9.579563941066003840e-01
-9.300924446373257659e-01
-8.031198418193590260e-01
-5.888100952573741553e-01
-3.126001018195454506e-01
-3.307582078040050000e-03
3.036461858209547060e-01
5.756291745925288250e-01
7.825378734557841831e-01
9.015124796598423806e-01
9.221876528306145460e-01
8.410607820029438741e-01
6.690293238363629325e-01
4.233534652186072833e-01
1.338718540705166049e-01
-1.697618772339134496e-01
-4.535750691847171279e-01
-6.866592497281893692e-01
-8.446334262179064911e-01
-9.101070109809366038e-01
-8.776437933681799919e-01
-7.494887046663420982e-01
-5.426705995270866278e-01
-2.775384492906772804e-01
1.496687055294931845e-02
3.036896178354602238e-01
5.568607850772890888e-01
7.474356729967341906e-01
8.551218727760543370e-01
8.675391575743567341e-01
7.869298504617807666e-01
6.204047468127711351e-01
3.880505146357968727e-01
1.137281845964497329e-01
-1.707774722433854642e-01
-4.356212563071908406e-01
-6.513197535010327721e-01
-7.944393225499353228e-01
-8.520500441770901823e-01
-8.170438167349121095e-01
-6.951336540695081112e-01
-4.982644715753480336e-01
-2.508755152398569610e-01
2.206772417507374406e-02
2.896713582401246878e-01
5.231291290805737404e-01
6.977438160192916961e-01
7.947407405061119867e-01
8.050983981734665118e-01
7.267160672316814729e-01
5.712529730865170130e-01
3.535907865093250724e-01
9.981457760821998981e-02
-1.631956631933224600e-01
-4.063204743342876402e-01
-6.039745977921917586e-01
-7.350579313627233491e-01
-7.850719000874097908e-01
-7.519924886447016954e-01
-6.382208545617858997e-01
-4.581503233915265039e-01
-2.301224397350939421e-01
1.876327801781085824e-02
2.628394998744423283e-01
4.748050548405320370e-01
6.320279911525317207e-01
7.201505027324941466e-01
7.291321779437627271e-01
6.597185671365310977e-01
5.186492129774527005e-01
3.242390255624445494e-01
9.574668143190123715e-02
-1.405744106676350968e-01
-3.595909108404333754e-01
-5.379904519193768886e-01
-6.568788076816340915e-01
-7.045593049612841607e-01
-6.752201703279273604e-01
-5.757197884240630170e-01
-4.155849583787668555e-01
-2.137369049508363039e-01
8.949869060729254144e-03
2.271687421547334829e-01
4.182229307522775663e-01
5.614821896588970684e-01
6.414251224226659165e-01
6.525444841113352545e-01
5.929414016064935566e-01
4.708528027534815141e-01
2.986722489736004515e-01
9.740396926805439115e-02
-1.127139077501840836e-01
-3.084191972395508019e-01
-4.687310709665938324e-01
-5.777436719753664685e-01
-6.238840627848589726e-01
-6.039211068739034349e-01
-5.194315294209395084e-01
-3.823178568986188575e-01
-2.059743934872917404e-01
-1.116968899403414373e-02
1.813609532496884835e-01
3.509360644727388401e-01
4.799799616930631174e-01
5.553322641188660480e-01
5.687219124294535799e-01
5.220718765611860324e-01
4.197177911607550271e-01
2.741103581453518956e-01
1.003428508097241600e-01
-8.129494470610554302e-02
-2.521616072230831174e-01
-3.935781143512117053e-01
-4.906525739811431475e-01
-5.357643600580337395e-01
-5.238248339223724459e-01
-4.575253245121282397e-01
-3.437294814660867281e-01
-1.969618358180227347e-01
-3.173527568480449812e-02
1.333625535502946935e-01
2.807427448147172822e-01
3.954377309506982296e-01
4.656827379592973770e-01
4.853767958593679932e-01
4.523739682652412331e-01
3.727255980143762137e-01
2.540444882541152971e-01
1.105399275607252818e-01
-4.263528084856693656e-02
-1.887671949591088749e-01
-3.129756933045858558e-01
-4.021436167778971171e-01
-4.469166347492379288e-01
-4.454441588722960477e-01
-3.976386327482012151e-01
-3.096879053134180548e-01
-1.906932312908177218e-01
-5.489979765329444650e-02
8.394647019973233704e-02
2.103007109079999548e-01
3.110258229509732519e-01
3.774031814623766135e-01
4.025171615517075807e-01
3.846253127118983706e-01
3.256792353766848613e-01
2.341339522132059869e-01
1.188363914956207523e-01
-6.827497685780947734e-03
-1.293806092743304825e-01
-2.361636525383670193e-01
-3.164980202291819422e-01
-3.624208944274422972e-01
-3.692148100278734857e-01
-3.389785071911123326e-01
-2.747616583129857126e-01
-1.841278495703932983e-01
-7.663751580349742465e-02
3.523640484777867954e-02
1.402490290717528509e-01
2.271205076326003880e-01
2.870288150545670103e-01
3.161360062150198047e-01
3.114937274326725625e-01
2.743770295835930018e-01
2.089891669338315161e-01
1.239094300020737727e-01
2.735536733163668188e-02
-7.003917252908109514e-02
-1.579060812011039427e-01
-2.277513308333150022e-01
-2.728299573798038669e-01
-2.892125793949629209e-01
-2.754366259174639842e-01
-2.349975591714421608e-01
-1.718101705710467497e-01
-9.318200121140796099e-02
-7.469638035147663224e-03
7.615636696867733590e-02
1.495078462648915529e-01
2.048799378819976535e-01
2.367851258983519891e-01
2.442092681274934396e-01
2.265236139425454986e-01
1.859892849154167749e-01
1.270277891315845231e-01
5.687938972656603198e-02
-1.766426838315104941e-02
-8.843763570157769927e-02
-1.482129862414870436e-01
-1.922278685162356338e-01
-2.163579363844876369e-01
-2.185127412257910073e-01
-1.988574958432901552e-01
-1.609474127156276246e-01
-1.082703171447811918e-01
-4.697296059235711585e-02
1.621297254432096935e-02
7.505016052735080656e-02
1.240680385138930308e-01
1.582991408549550005e-01
1.745586586448988342e-01
1.732651808704275265e-01
1.547269258012025084e-01
1.209437317497936704e-01
7.567138910225534865e-02
2.432931975317176310e-02
-2.822436719492782409e-02
-7.629429865566306201e-02
-1.153077861535319881e-01
-1.431500068151012606e-01
-1.572923247695827698e-01
-1.562760127598812332e-01
-1.407178941402726924e-01
-1.133704595424310790e-01
-7.655769210794616253e-02
-3.405708435300769388e-02
9.674404008195303106e-03
5.061921141550285164e-02
8.526721731319630848e-02
1.100638271167575510e-01
1.228251818270651441e-01
1.240855593877439045e-01
1.138574783099008947e-01
9.279731238054256259e-02
6.315311799459388808e-02
2.824799781799081089e-02
-8.914422766508889318e-03
-4.440890087724336244e-02
-7.494903186429346942e-02
-9.887358437436222225e-02
-1.141211637083864305e-01
-1.186232962647596478e-01
-1.121381329681908623e-01
-9.652644666842746801e-02
-7.293099653754220313e-02
-4.331334866701097575e-02
-1.072139957469508964e-02
2.187444496609503020e-02
5.184494470371237007e-02
7.600441304952676447e-02
9.220127884451723155e-02
1.001766880184793429e-01
9.914405519692026658e-02
8.850133729454912057e-02
6.938028097220261259e-02
4.427239403717231347e-02
1.496416621960072746e-02
-1.604537208220668809e-02
-4.595061724633953126e-02
-7.265788181163757020e-02
-9.385508648354279337e-02
-1.066503410412804609e-01
-1.097842936208974773e-01
-1.040698703943681025e-01
-8.968262185928232988e-02
-6.706142522697222663e-02
-3.817683381323688785e-02
-5.949821979243430370e-03
2.709042595636956818e-02
5.739711264408731139e-02
8.197654135715670698e-02
9.919254403747634896e-02
1.072381043643020337e-01
1.042142258125258181e-01
9.009327176291481720e-02
6.699443908089453004e-02
3.642759821938579279e-02
9.935339341913262956e-04
-3.571047280907257981e-02
-7.002448666122951249e-02
-9.883898005264379893e-02
-1.185316269052554272e-01
-1.268495960557325386e-01
-1.238399756871062518e-01
-1.092882622422155503e-01
-8.380320969367016648e-02
-4.975604186565829590e-02
-1.100952508711317002e-02
2.929021301948320222e-02
6.683479932318681094e-02
9.766072771468525815e-02
1.192651061758007724e-01
1.292906772055575360e-01
1.258257636800939050e-01
1.088832748381245441e-01
8.081667881534060349e-02
4.362037030701304552e-02
7.101182862634392023e-04
-4.359763315583375931e-02
-8.468354270103006787e-02
-1.186019776708682194e-01
-1.410770505521558027e-01
-1.494683592438383890e-01
-1.439542042497684582e-01
-1.245158126706300550e-01
-9.232386598539532585e-02
-5.035508140293221135e-02
-3.367086678628838925e-03
4.443891858022186447e-02
8.761572178102716713e-02
1.214279334339589678e-01
1.429219397024852345e-01
1.496209905885030889e-01
1.401064219823342505e-01
1.149422841939695683e-01
7.730383697385523334e-02
3.012575741908540827e-02
-2.141764955285607730e-02
-7.166155216096858904e-02
-1.153709319082616425e-01
-1.481847008928712794e-01
-1.659877131573768150e-01
-1.665192955158523169e-01
-1.508931174629043470e-01
-1.201347125733650545e-01
-7.688448687399185300e-02
-2.545619476076310672e-02
2.814446678239246324e-02
7.874049893644863296e-02
1.203768524732604650e-01
1.485540349274099281e-01
1.615059220911920779e-01
1.574418570767928127e-01
1.361862937991080713e-01
9.977875268925662233e-02
5.271453107511181457e-02
-9.724784249788287482e-04
-5.537482807086036019e-02
-1.044604406711204803e-01
-1.431589063819972418e-01
-1.674959113483116546e-01
-1.744747644113476825e-01
-1.629764551223328306e-01
-1.352988607196001780e-01
-9.365733309146440089e-02
-4.225754122910996280e-02
1.356106243233767827e-02
6.758718982924682983e-02
1.144111269125578367e-01
1.483837138889310125e-01
1.656720101605391182e-01
1.657401148018329273e-01
1.481244196023652204e-01
1.142362232013598433e-01
6.744098646058671598e-02
1.341744241161535456e-02
-4.280291128453739269e-02
-9.484339389236273732e-02
-1.369291033515059874e-01
-1.652111914689219363e-01
-1.766499313566349816e-01
-1.697463189057587529e-01
-1.449833402598548204e-01
-1.058220720614877486e-01
-5.558430417003379365e-02
-1.287382718507812385e-04
5.428518638610846381e-02
1.019283778181432343e-01
1.379989881213363745e-01
1.581927860962735188e-01
1.601279627375344905e-01
1.451003225043254741e-01
1.143118186616516319e-01
7.075006421703977644e-02
1.900614332616989977e-02
-3.468389531701221440e-02
-8.494633715377586380e-02
-1.258082805594377129e-01
-1.528708767700451832e-01
-1.647407636881130788e-01
-1.598791223097261183e-01
-1.384663778514534371e-01
-1.028207848756552689e-01
-5.761077552598392604e-02
-6.902540308124760493e-03
4.360000898732208086e-02
8.815558960020197787e-02
1.222999681937095851e-01
1.426203820862363969e-01
1.469205985880759346e-01
1.346574949578505098e-01
1.082683754533417808e-01
7.002633204176911264e-02
2.417450291257838835e-02
-2.421565926106694633e-02
-6.982497937658571630e-02
-1.080770978033884777e-01
-1.343725043035004507e-01
-1.458198882550093556e-01
-1.427734741878405877e-01
-1.253459990932890289e-01
-9.512462584037628677e-02
-5.536295649517963824e-02
-1.100858738314314245e-02
3.361615034624443332e-02
7.324381627390974536e-02
1.035005628318206305e-01
1.221929006922624072e-01
1.273570493391629199e-01
1.183126368272962026e-01
9.612326129959147814e-02
6.408218224373474214e-02
2.498960593624088844e-02
-1.672823362773145917e-02
-5.625367241227929860e-02
-8.955912998714965489e-02
-1.133993296953503815e-01
-1.248712309557293842e-01
-1.226445082896595595e-01
-1.083390918994815433e-01
-8.321321682190985225e-02
-5.012479542151271339e-02
-1.296387645230556718e-02
2.399057760852540966e-02
5.704674850471991299e-02
8.214961975128765026e-02
9.658810603073297862e-02
1.002576878673622218e-01
9.273161700191967505e-02
7.465073309542002988e-02
4.828195930010115156e-02
1.740024659022143538e-02
-1.511910522417259095e-02
-4.550501349258428974e-02
-7.025790860398573034e-02
-8.762998538384270120e-02
-9.592365481884668199e-02
-9.408712927305862284e-02
-8.254994109559377069e-02
-6.345515287498215695e-02
-3.842289759139194683e-02
-1.035631142191861809e-02
1.734491450033637250e-02
4.185374711476619325e-02
6.085001503616083163e-02
7.203694897431800470e-02
7.432166761059821880e-02
6.876986537856999426e-02
5.583305004377714376e-02
3.673352589159772918e-02
1.380690327809652729e-02
-1.017229501792038526e-02
-3.289872504456459179e-02
-5.144202602400838042e-02
-6.379871181387331003e-02
-6.995599548527342559e-02
-6.933620527555250934e-02
-6.167818203862085458e-02
-4.809242384721423846e-02
-3.071885866955226252e-02
-1.107112584348413087e-02
8.452184614429203435e-03
2.544539419212910047e-02
3.868261134551009839e-02
4.697337409873791891e-02
4.900555221646918369e-02
4.466975639204173731e-02
3.544215730205291237e-02
2.205262487670189842e-02
6.077225879616454662e-03
-1.023038072141346788e-02
-2.516210091392068193e-02
-3.737102734303332507e-02
-4.522062765244361238e-02
-4.795748767139162982e-02
-4.631630280267540201e-02
-4.036821874840867963e-02
-3.061520604590273198e-02
-1.859735219496316816e-02
-6.071318629369382158e-03
5.927902466119183700e-03
1.589698802038297387e-02
2.269747235790164908e-02
2.656600545585119377e-02
2.711096851282679410e-02
2.392354110794747690e-02
1.769806827678244154e-02
9.690882070793271907e-03
5.445389638278896882e-04
-8.631950450748826498e-03
-1.663299631652093158e-02
-2.299393837537244689e-02
-2.713546699150060082e-02
-2.835649203070056412e-02
-2.677844421362995941e-02
-2.332051458520523202e-02
-1.819332554378727540e-02
-1.182545422400060886e-02
-5.181147301188571141e-03
1.023901807452043400e-03
6.282501574647048059e-03
9.912459411245855279e-03
1.164380248573171350e-02
1.188367388103173106e-02
1.055743275546405791e-02
7.631148197772885666e-03
3.655983137240470526e-03
-7.077557713354165614e-04
-5.125507524257888470e-03
-9.112612244189244315e-03
-1.224810339392512493e-02
-1.453658416501968365e-02
-1.575763393931284284e-02
-1.560467658255237922e-02
-1.423881774439628156e-02
-1.212191767562520450e-02
-9.408537246247128394e-03
-6.375964927628596790e-03
-3.443062494456694544e-03
-8.341348149891736341e-04
1.206558502593768623e-03
2.274917447196767029e-03
2.268987362915808603e-03
1.454788799805761812e-03
-1.074226155021174023e-04
-2.152936406878414033e-03
-4.263312110608263872e-03
-6.163853104557692753e-03
-7.690386508467317306e-03
-8.674905317197167953e-03
-9.030506507123892135e-03
-8.858571322842512252e-03
-8.177851563634819243e-03
-7.126257582506956290e-03
-6.000560519529685166e-03
-5.099173402102752384e-03
-4.480320729608799901e-03
-4.111700920464311793e-03
-3.988762801312994988e-03
-3.962728094000445012e-03
-4.047689177756552681e-03
-4.279472932964378806e-03
-4.536669092413014859e-03
-4.714665577865595480e-03
-4.800591112355201417e-03
-4.806261323163862897e-03
-4.754014893533997643e-03
-4.718104138394685343e-03
-4.687423824077385781e-03
-4.629163473840569587e-03
-4.574165792256001950e-03
-4.543602689158654506e-03
-4.539001406065223954e-03
-4.561561617919873690e-03
-4.601050740714929255e-03
-4.632917642575673511e-03
-4.660356111881536201e-03
-4.693592293064652310e-03
-4.727400262458103519e-03
-4.762198178581811270e-03
-4.796561545640343205e-03
-4.825447818022299273e-03
-4.850029192376315024e-03
-4.874634405786171243e-03
-4.898122120166270577e-03
-4.920694231220323900e-03
-4.942552634651709020e-03
-4.963899226163914769e-03
-4.984935901460874064e-03
-5.005864556245742669e-03
