2.984127138413998903e-01
2.897420730259347987e-01
2.516474419114234085e-01
1.907335443097517569e-01
1.136051040328056594e-01
2.686684489247093133e-02
-6.287650929936716704e-02
-1.490202347308229314e-01
-2.182270342742145264e-01
-2.675537044027249678e-01
-2.917304982027997262e-01
-2.856811988979720551e-01
-2.491510634630016430e-01
-1.877043396158908362e-01
-1.055282094706743168e-01
-1.029594514855303178e-02
8.835853696652917755e-02
1.799946949192656742e-01
2.556745069963961559e-01
3.058532188847591371e-01
3.245110011360508029e-01
3.116964844690870429e-01
2.673102430484257663e-01
1.941654509132331174e-01
9.892625848330771632e-02
-7.705227436523021112e-03
-1.161985025811096417e-01
-2.143308278770418296e-01
-2.913933047990698855e-01
-3.404172197266701616e-01
-3.556638852309396137e-01
-3.338920314956749236e-01
-2.762116651139192580e-01
-1.896326320760176598e-01
-8.087392417064176442e-02
3.827318898593556895e-02
1.549964876350165000e-01
2.571731467688773698e-01
3.345893973373050834e-01
3.776344547239727234e-01
3.808354682781724954e-01
3.461364563849769205e-01
2.756573945181668428e-01
1.755053677267139900e-01
5.545209664127992433e-02
-7.070014239913491316e-02
-1.908501268241027393e-01
-2.910768260944894825e-01
-3.606309475453602920e-01
-3.945835594690848547e-01
-3.883207446247030070e-01
-3.411374576992742824e-01
-2.572992894957876198e-01
-1.469023186146630744e-01
-1.932877247741837667e-02
1.115821155378835527e-01
2.316785223767920954e-01
3.284954863931186519e-01
3.920604302962178433e-01
4.145059310663599117e-01
3.923880841237450401e-01
3.304917563282629978e-01
2.336900848942919939e-01
1.113669663172900393e-01
-2.424976094637942836e-02
-1.580920632624015498e-01
-2.768643932812889785e-01
-3.665978360412665005e-01
-4.173269136439714533e-01
-4.262415098857564866e-01
-3.912715236998435264e-01
-3.151422568242632227e-01
-2.051228253334499430e-01
-7.434785071259042422e-02
6.533447621659749238e-02
1.986728913994035839e-01
3.111433749636864921e-01
3.917690094636829823e-01
4.321126492540279251e-01
4.273422167524258963e-01
3.771112662796878290e-01
2.886158841516208717e-01
1.692578943706084527e-01
3.245842800261877770e-02
-1.070502268897490783e-01
-2.345322153854306757e-01
-3.372991826752368416e-01
-4.035541995037850160e-01
-4.258590299569968707e-01
-4.049482181634681544e-01
-3.420562824426954807e-01
-2.432973545260741499e-01
-1.187087914917280829e-01
1.695724769094075768e-02
1.505717868304952134e-01
2.669757059332333871e-01
3.539416489399180854e-01
4.051655211465809980e-01
4.148768258158543887e-01
3.815967344145723139e-01
3.087384755881181775e-01
2.058299082587673468e-01
8.186950378062518574e-02
-4.949513898364577003e-02
-1.741236229742879615e-01
-2.794648665129725318e-01
-3.552091890436379629e-01
-3.929987436303287174e-01
-3.886313104057190770e-01
-3.459852192609467192e-01
-2.687655295778789144e-01
-1.646903356896206594e-01
-4.446137610194067502e-02
7.848152814703901470e-02
1.921376852089369258e-01
2.836493344457562404e-01
3.435972892787382271e-01
3.690507571041889978e-01
3.572109320586609460e-01
3.090877420744644333e-01
2.298996433738811351e-01
1.298273660682169872e-01
1.783214792360388046e-02
-9.412403632554244837e-02
-1.940347195162134275e-01
-2.727883222934507357e-01
-3.230389180892601075e-01
-3.394446126941453867e-01
-3.203586031115427391e-01
-2.706347908094893784e-01
-1.946417761879774000e-01
-1.007295051869065983e-01
8.520746267681733599e-04
9.967725101536095700e-02
1.865880769445140697e-01
2.522706819181679272e-01
2.904348978667938841e-01
3.007697353861773504e-01
2.824681536012279004e-01
2.372777899210396502e-01
1.704958335848767437e-01
9.062540963706910979e-02
4.721622896953991955e-03
-7.833712237174272897e-02
-1.504453180615625829e-01
-2.071276987314610851e-01
-2.435192971373683068e-01
-2.556708136791140396e-01
-2.432069667611015396e-01
-2.100183709643016483e-01
-1.588611965291220063e-01
-9.437891729116265616e-02
-2.320084210634887345e-02
4.808597795063684899e-02
1.136080562555763507e-01
1.665628461067203414e-01
2.023680793456348326e-01
2.209152406272856251e-01
2.207606798879235832e-01
2.006005785406466124e-01
1.626041041471073534e-01
1.116379500383744006e-01
5.160105089102429154e-02
-1.173119561800095578e-02
-7.250744720277191302e-02
-1.270770598251796946e-01
-1.712067868639098878e-01
-1.998395961262268150e-01
-2.108387826429261036e-01
-2.057995591052642625e-01
-1.846968542312105166e-01
-1.472639878534106606e-01
-9.667385337763390041e-02
-3.806222875049769527e-02
2.459870260897401018e-02
8.609128576487612428e-02
1.415465863726281803e-01
1.879663951310848180e-01
2.210789813608413645e-01
2.350476983052318669e-01
2.279813935662762248e-01
2.020363937709825919e-01
1.580941931138288847e-01
9.749977834505219043e-02
2.490233483824577654e-02
-5.285823609971540549e-02
-1.297564820700214394e-01
-1.973358492136173536e-01
-2.485855987939018519e-01
-2.793183678379481671e-01
-2.854475729385921312e-01
-2.630972607206660818e-01
-2.127828996032963271e-01
-1.401262927373285727e-01
-4.981057804125643695e-02
5.029146663519878935e-02
1.502763046049804263e-01
2.397056574633509296e-01
3.098664491815705802e-01
3.513480227805576561e-01
3.584019600091559177e-01
3.311179951399418897e-01
2.698795685025556779e-01
1.783055110668330112e-01
6.423422533647249466e-02
-5.991636548636836146e-02
-1.833625329743362453e-01
-2.923798915105214613e-01
-3.749661726032922360e-01
-4.230189022869110804e-01
-4.299607714400299763e-01
-3.924697827888752322e-01
-3.123097576617245297e-01
-1.977158703182821942e-01
-5.727786982252747183e-02
9.437871634918981734e-02
2.416720754866970022e-01
3.686603128002368113e-01
4.619658257191709971e-01
5.090547899506701057e-01
5.026946966225800395e-01
4.447653599485434928e-01
3.382944183800413729e-01
1.923197388599098279e-01
2.009555533926565829e-02
-1.592824361303319947e-01
-3.282101721392349791e-01
-4.664409069331075797e-01
-5.582553201483091421e-01
-5.948320496505967725e-01
-5.696949868314138410e-01
-4.831749334082036107e-01
-3.418746736232721739e-01
-1.617162110556459309e-01
4.169400775894738231e-02
2.462240512782531976e-01
4.299207326199629975e-01
5.724491371266295925e-01
6.578770438812227006e-01
6.745019360482371606e-01
6.174329777959797205e-01
4.947030002728074471e-01
3.159604342321420400e-01
9.965990052296458401e-02
-1.326471193140983384e-01
-3.547263527767021696e-01
-5.435329970150926115e-01
-6.765623730929204438e-01
-7.377185408764938002e-01
-7.219600033530765293e-01
-6.278151377316081305e-01
-4.642319514269162006e-01
-2.463171435010744759e-01
3.617719072317449047e-04
2.523007591816388562e-01
4.813485690361043456e-01
6.619643481127748252e-01
7.748461854275243699e-01
8.061561308288700545e-01
7.515424552472780295e-01
6.139156160176317822e-01
4.094261214974790342e-01
1.560429472830036080e-01
-1.176847746823924679e-01
-3.829668474842579107e-01
-6.104038939478586556e-01
-7.754447435280173995e-01
-8.583764326401621680e-01
-8.476615396320895668e-01
-7.473022630183931980e-01
-5.645791260950563384e-01
-3.187454632282353817e-01
-3.380054183506087107e-02
2.575010405743021202e-01
5.251670337934186694e-01
7.379233622153500427e-01
8.716109969635605914e-01
9.139835257781190325e-01
8.576069413474365355e-01
7.080840273885187219e-01
4.788032606766017274e-01
1.972604151291761365e-01
-1.096307715496945834e-01
-4.071374379817895850e-01
-6.626194369609583745e-01
-8.481358690750847584e-01
-9.426520488912465412e-01
-9.356097402515888284e-01
-8.248526867603371837e-01
-6.247787436395202398e-01
-3.529701787665079360e-01
-4.126606733910798130e-02
2.773448998503111884e-01
5.672042925114946232e-01
7.974673090027020184e-01
9.416418949137128624e-01
9.821179364618282115e-01
9.180219145483372589e-01
7.531194139975461166e-01
5.059564236689784167e-01
2.010460753583822591e-01
-1.254772079652164418e-01
-4.400148518677610143e-01
-7.060592056107903858e-01
-8.942102415712409602e-01
-9.869693312787800599e-01
-9.719064064546467652e-01
-8.509137947156042436e-01
-6.348583377449728005e-01
-3.507181505702196000e-01
-2.594011752879643584e-02
3.018911800820631708e-01
5.970007941375925498e-01
8.269688691400596259e-01
9.662886705598072723e-01
1.000000000000000000e+00
9.221344187440598805e-01
7.449202686609848190e-01
4.842147366548190668e-01
1.706492064770599448e-01
-1.628311704854894515e-01
-4.779922725946194051e-01
-7.412284602485229579e-01
-9.223213088720528807e-01
-1.000000000000000000e+00
-9.698949486460272107e-01
-8.326292434249568108e-01
-6.045080276407842623e-01
-3.083464739357110185e-01
2.001336632947658956e-02
3.467326581375893557e-01
6.338428788820915649e-01
8.493354992214650068e-01
9.718560491991057315e-01
9.864417991087717219e-01
8.927343793379616255e-01
6.989607561195858576e-01
4.304731445703784409e-01
1.135573817802357777e-01
-2.145338246073839050e-01
-5.177493377404935870e-01
-7.623480491972378648e-01
-9.213059476510057078e-01
-9.770895099677640028e-01
-9.213951811490400656e-01
-7.651063763530590034e-01
-5.225938041346730456e-01
-2.231883122765737637e-01
1.010409633506397231e-01
4.120962874121814057e-01
6.764955798540068788e-01
8.638013644113406997e-01
9.521261473809443654e-01
9.359787191730883915e-01
8.149571685142213973e-01
6.043703922748282498e-01
3.260308624243704045e-01
1.494861572149308593e-02
-2.965766161591253391e-01
-5.723580518086666125e-01
-7.811869122384079711e-01
-9.021877294657465463e-01
-9.207786688866100855e-01
-8.365165704519830214e-01
-6.570739092811102022e-01
-4.065920621012832914e-01
-1.101013967333471788e-01
1.967010444963599447e-01
4.795171599117109551e-01
7.065349482093417066e-01
8.523598601712136791e-01
9.013125591068713582e-01
8.462415332473232077e-01
6.977349252252842415e-01
4.696252131842744149e-01
1.899870697036563083e-01
-1.107938117857001359e-01
-3.969901375511920572e-01
-6.372893388255665981e-01
-8.034390393620821635e-01
-8.755521666610217579e-01
-8.499832854712635610e-01
-7.274331224156582731e-01
-5.232997318541605658e-01
-2.588753114756332518e-01
3.248144437406441654e-02
3.198024832316810340e-01
5.686969162394639454e-01
7.503799660228547275e-01
8.467130355881791193e-01
8.454496761362710888e-01
7.481407918786200373e-01
5.639370229628999365e-01
3.177148204551565325e-01
3.439687492311982453e-02
-2.516681337704497201e-01
-5.077804806991658149e-01
-7.048207040096930998e-01
-8.201977757660261492e-01
-8.414284342116704618e-01
-7.641176626038945763e-01
-6.005733736652810739e-01
-3.660568788363552928e-01
-9.038981579903060393e-02
1.955325931663998151e-01
4.579319379293094183e-01
6.676650085577373606e-01
7.998159788591572283e-01
8.378521881015137396e-01
7.817032585087262397e-01
6.351887864105321135e-01
4.162719649311703574e-01
1.481046105213208453e-01
-1.355170929953187775e-01
-4.038146805402570427e-01
-6.240678183231187504e-01
-7.705894289471981740e-01
-8.300479686323266604e-01
-7.934409706787477479e-01
-6.655411232564001356e-01
-4.588923509949871526e-01
-2.005600022022271389e-01
8.314398608213635633e-02
3.578591380184410475e-01
5.918108253214586778e-01
7.584989180058707703e-01
8.381900954045100605e-01
8.226125388887928214e-01
7.112366544890578179e-01
5.197690481023187203e-01
2.662936533968800479e-01
-1.799905016669467450e-02
-3.015373485371064533e-01
-5.511187246020113895e-01
-7.387468713100395767e-01
-8.419830242850137036e-01
-8.470987729356341811e-01
-7.577141406017391390e-01
-5.809012755573519371e-01
-3.374788224874745168e-01
-5.282499725208456010e-02
2.382300430103803102e-01
5.040785513623573522e-01
7.124504915863014709e-01
8.387211584159544042e-01
8.716551218557047065e-01
8.049071187340155475e-01
6.465560702123624992e-01
4.120263400379362562e-01
1.311890180806425388e-01
-1.674732901276925201e-01
-4.486246949452042942e-01
-6.798869831626817017e-01
-8.354011673038044261e-01
-8.965699718088193659e-01
-8.569620101762974729e-01
-7.181672203477889038e-01
-4.988415392897587175e-01
-2.197888843031410300e-01
8.503833227436552455e-02
3.818514272253945574e-01
6.365455156986157270e-01
8.207467088747391060e-01
9.129456181268653658e-01
9.005873333860867636e-01
7.892042882518153224e-01
5.880775653347358745e-01
3.206667741807291971e-01
1.483528299463898747e-02
-2.923979210005659413e-01
-5.680822060909360705e-01
-7.797057385154371190e-01
-9.026503603407427523e-01
-9.267949059371044518e-01
-8.467575238573111784e-01
-6.720742670664634488e-01
-4.198684675942894184e-01
-1.216011184245432419e-01
1.926733184424347378e-01
4.863060399050558313e-01
7.260085916456930910e-01
8.856366116517009335e-01
9.464663123655130406e-01
9.028233148413538078e-01
7.570467684103532324e-01
5.284950093157216866e-01
2.388012936213892434e-01
-7.762000176662142703e-02
-3.864040050849063546e-01
-6.526266581503189501e-01
-8.471303355054615736e-01
-9.476675947450279303e-01
-9.411004421074610216e-01
-8.327282381700185088e-01
-6.315806503612328981e-01
-3.608631634547511124e-01
-4.833705071931293507e-02
2.689768864152743966e-01
5.574939036033059736e-01
7.836248722382888054e-01
9.216342736425204851e-01
9.599320450418011852e-01
8.921086053350149037e-01
7.267069392983769305e-01
4.798663577080690690e-01
1.824493364322996580e-01
-1.358929790848965036e-01
-4.386234356654621358e-01
-6.919920861717040461e-01
-8.688365923788962109e-01
-9.492481597077032651e-01
-9.255421594674565489e-01
-7.981975603484683379e-01
-5.848490049449348582e-01
-3.056055863456574873e-01
6.044939521170134000e-03
3.162658811486385169e-01
5.904193339718712963e-01
7.991372951599751140e-01
9.192430781153544395e-01
9.362414972667654212e-01
8.531134947759282383e-01
6.766820285570920301e-01
4.277146025349045644e-01
1.319375454141908932e-01
-1.753346997690944375e-01
-4.620204461842034593e-01
-6.953205677626170811e-01
-8.495380628525794897e-01
-9.120432341683111233e-01
-8.744966851334938784e-01
-7.422954209235881340e-01
-5.286015277080728936e-01
-2.605515463423587752e-01
3.529602303901246962e-02
3.248827153628537356e-01
5.763411529889124196e-01
7.631072946231363119e-01
8.649279094983730598e-01
8.724054707433399614e-01
7.836322856104727119e-01
6.120510819483839793e-01
3.736998633809038850e-01
9.719776996608886499e-02
-1.877396127218580180e-01
-4.494210048422583315e-01
-6.603322186091352686e-01
-7.971689410459139591e-01
-8.444233054316874210e-01
-8.020562937188137065e-01
-6.732023493915637591e-01
-4.733071086009280615e-01
-2.229629009247214855e-01
4.791629959217003076e-02
3.112657338960360676e-01
5.367830118455831911e-01
7.001457425090666931e-01
7.875526146138078776e-01
7.888597544911348791e-01
7.053940904305906479e-01
5.456760098666650904e-01
3.310197783965496132e-01
8.250811133271618303e-02
-1.712625574919480753e-01
-4.025331354008817586e-01
-5.869064440317726117e-01
-7.050214012348541281e-01
-7.450589192782670622e-01
-7.020326451694651748e-01
-5.850415125236280156e-01
-4.051751938304367640e-01
-1.844217979992727185e-01
5.320506256861512462e-02
2.809160510405666056e-01
4.750459590351197026e-01
6.141360784473932632e-01
6.830023402168752256e-01
6.789221334408719333e-01
6.017284550082577788e-01
4.613889027876787452e-01
2.729810607813665246e-01
6.012281282959142104e-02
-1.554891696193748674e-01
-3.492848339319978290e-01
-5.003451466430246519e-01
-5.957269393306736660e-01
-6.252181431055130467e-01
-5.871027515325697443e-01
-4.857527664133899359e-01
-3.357500550655238003e-01
-1.517497074491953590e-01
4.458226425269895543e-02
2.316066508774525801e-01
3.896536644108474778e-01
5.025169790368302358e-01
5.586653681011179984e-01
5.521324912320322298e-01
4.884766438341174855e-01
3.740055806096911351e-01
2.221885718017442279e-01
4.945429187232175394e-02
-1.241277420928332820e-01
-2.806203462762602019e-01
-4.024119078385429704e-01
-4.766168032399812349e-01
-4.996227101052364006e-01
-4.689423728549425574e-01
-3.888789581952186714e-01
-2.684117511193125916e-01
-1.234002788976581444e-01
3.174672240416120950e-02
1.794689860932394687e-01
3.034157310654950201e-01
3.921185397114808069e-01
4.368006857564989964e-01
4.337760850255631961e-01
3.836923586757776672e-01
2.951254514380281524e-01
1.766507969119670562e-01
4.296256955182720105e-02
-9.052937532351712502e-02
-2.097383788041546904e-01
-3.027355127277793212e-01
-3.596299345394451397e-01
-3.746502842615765383e-01
-3.505990342773559476e-01
-2.901624765707258025e-01
-2.004267798742874751e-01
-9.168398179135606174e-02
2.246280602839045848e-02
1.302876672045552020e-01
2.193949563658608159e-01
2.805629818202521886e-01
3.112637017515400562e-01
3.084446532891136350e-01
2.727108356941112532e-01
2.088262193897945096e-01
1.261355916702358027e-01
3.258916425118507654e-02
-6.107971338110107506e-02
-1.440720593421235263e-01
-2.086253829128176251e-01
-2.487169414699711423e-01
-2.607759958939780409e-01
-2.441138664569917349e-01
-2.032795214628981828e-01
-1.422098136499241328e-01
-6.830880452613441456e-02
9.608730070728599415e-03
8.310568491805292446e-02
1.449761512356408932e-01
1.880470809392267295e-01
2.080020138745699576e-01
2.062916596622921261e-01
1.833193435200126675e-01
1.415271275585097133e-01
8.616889141515793327e-02
2.457188049972414134e-02
-3.708664790228577424e-02
-9.118840616993195702e-02
-1.318013085097731185e-01
-1.572385862700353965e-01
-1.651881468247892171e-01
-1.546492430806970519e-01
-1.275850843142085633e-01
-8.883161077077394996e-02
-4.180318212562972313e-02
7.984767728882902205e-03
5.432318537002189807e-02
9.308924365490223174e-02
1.208556014039492421e-01
1.341150540508251332e-01
1.317386300819574085e-01
1.165001662440987573e-01
8.977569915628680342e-02
5.486418991971864223e-02
1.667808809503057432e-02
-2.055572827603724395e-02
-5.336886384165184793e-02
-7.760958593488564983e-02
-9.097569191718168913e-02
-9.451698768359706460e-02
-8.791842258357551732e-02
-7.171059682169167449e-02
-4.879188967927983178e-02
-2.299170707028874716e-02
3.473063413205190741e-03
2.739284736327673997e-02
4.597866740050182699e-02
5.915965147040402883e-02
6.573820006925257253e-02
6.429476125487787463e-02
5.570552925061234006e-02
4.239558177969282582e-02
2.544384463871773860e-02
6.800872455851036946e-03
-1.098105976581797982e-02
-2.651444551612713862e-02
-3.842647226957107698e-02
-4.495235146235898593e-02
-4.584173993905149569e-02
-4.263371338607502281e-02
-3.544827819650953060e-02
-2.473856147744413203e-02
-1.231941733432040387e-02
1.334326563584564695e-04
1.162639624109629288e-02
2.079170020615972447e-02
2.678421786356288692e-02
3.006648760573282786e-02
3.028125159126160426e-02
2.706256471830470467e-02
2.127702493051586430e-02
1.424923520561316437e-02
6.510561786965851638e-03
-1.158304434263901506e-03
-7.838003447538155477e-03
-1.329411586769524423e-02
-1.700911326440945892e-02
-1.820087619557653191e-02
-1.696032943415570760e-02
-1.411205838581996996e-02
-9.857006625583530912e-03
-4.717214395890345635e-03
4.435131534206160353e-04
5.140586770807198391e-03
8.954264481064733161e-03
1.132071052536476330e-02
1.206811688431308482e-02
1.154425745661158409e-02
9.800738513652262895e-03
7.190667444599618818e-03
4.395306469446635944e-03
1.984322914230229884e-03
1.452886429449407046e-04
-1.069617724237414969e-03
-1.621035752323862766e-03
-1.760488150000627527e-03
-1.467943259860549077e-03
-7.580567420719663829e-04
3.158691482485487256e-05
5.636710992813487309e-04
8.024382880613689650e-04
8.214686891321321127e-04
6.738519105546902921e-04
5.686451917410462187e-04
4.769148404786260897e-04
3.005531287523233175e-04
1.315679169076044985e-04
3.568329016379045981e-05
1.655359064112182921e-05
7.626904451663030216e-05
1.852842029541612590e-04
2.714270096269011390e-04
3.439842279375771028e-04
4.331171226872321256e-04
5.231423745428731564e-04
6.148977835267466219e-04
7.041951767796650330e-04
7.763371646851702224e-04
8.348063340031242063e-04
8.924228230027253517e-04
9.457581018998961753e-04
9.953968209088781549e-04
1.041923630243912768e-03
1.085923180119019449e-03
1.127980120748883763e-03
1.168679102347081056e-03
