-1.347008157689888463e-02
1.530516646170763106e-01
2.650415023539836046e-01
3.281858014301015647e-01
3.481709316417083144e-01
3.306832627850826434e-01
2.814091646565024529e-01
2.060350070522467547e-01
1.035600344274760776e-01
-1.981621621337104067e-02
-1.543040298724301929e-01
-2.778268369945174898e-01
-3.714643329870208621e-01
-4.232822435658071258e-01
-4.225765272850594556e-01
-3.636867540825530210e-01
-2.499753503143784528e-01
-9.879843645085473192e-02
7.438167895536085261e-02
2.412675753273385570e-01
3.749908424467189860e-01
4.540625060051610706e-01
4.652909829080453807e-01
4.052335828122737293e-01
2.790556656405305258e-01
1.107127763449833324e-01
-7.993064346480482918e-02
-2.605946294796295248e-01
-4.014457442678017740e-01
-4.815608361510802515e-01
-4.885594341033868693e-01
-4.229167302844955012e-01
-2.927718173629174636e-01
-1.252869334339703489e-01
5.811653689516771415e-02
2.263046608728407350e-01
3.511536783775996984e-01
4.164095838056740551e-01
4.132214498292976490e-01
3.458808653967486713e-01
2.245003450629037278e-01
7.544104365025527947e-02
-8.167998961609856945e-02
-2.209627460877304772e-01
-3.188545095089917458e-01
-3.647736923073122695e-01
-3.537501593794796229e-01
-2.917895724010728387e-01
-1.892085367076850044e-01
-6.880441751585797405e-02
5.347997522898739753e-02
1.577753304565783221e-01
2.254031273425418647e-01
2.499441041604402169e-01
2.292128353004116992e-01
1.691911243215613592e-01
7.953310878666197681e-02
-2.026296552436746001e-02
-1.172480989035923349e-01
-1.953196233538833093e-01
-2.388989384849543596e-01
-2.436714984937889961e-01
-2.091049143290723000e-01
-1.412207308429820340e-01
-4.982948140640275358e-02
4.599552990779898209e-02
1.337186818010920319e-01
1.976064664782566371e-01
2.228646608114308592e-01
2.063160807467603330e-01
1.490520863156494791e-01
5.955219135676270703e-02
-4.986630030292649174e-02
-1.569562790949422526e-01
-2.468270635461390361e-01
-3.023567885933695631e-01
-3.084361905014244565e-01
-2.629214773594110710e-01
-1.694155629639589877e-01
-4.306760248028784765e-02
9.834873375722574806e-02
2.273162362188410057e-01
3.250775817334725648e-01
3.735646934996286195e-01
3.579573226468470981e-01
2.780998500738307566e-01
1.411607499503102492e-01
-2.801606886281815534e-02
-2.045285871458992766e-01
-3.560800641617066775e-01
-4.599155398083318858e-01
-4.978852228163954674e-01
-4.573339318165164924e-01
-3.426398102464637274e-01
-1.649406981612085987e-01
4.210359027456167524e-02
2.469985323216021822e-01
4.147180794400888715e-01
5.195677690542113147e-01
5.433770112189080237e-01
4.770998152997647512e-01
3.332860281414860015e-01
1.271915491147563859e-01
-1.036029117061220139e-01
-3.236725745127025933e-01
-4.971851528551499699e-01
-5.974489046905049339e-01
-6.078135329041345347e-01
-5.234000189873331266e-01
-3.636050522888719660e-01
-1.463334743837250151e-01
8.988323092326799824e-02
3.080791167516876428e-01
4.739446854292348466e-01
5.627642098040654961e-01
5.618502923391042181e-01
4.692609818550863565e-01
3.070967304713321244e-01
9.477075652639865844e-02
-1.300214808106582298e-01
-3.316098849010116201e-01
-4.794795122749488936e-01
-5.520825743589007351e-01
-5.405939143290084958e-01
-4.456627316377969050e-01
-2.903419980733872308e-01
-9.401934058547645190e-02
1.083727364010262928e-01
2.840201694961133061e-01
4.071963387351142938e-01
4.602514483185309313e-01
4.380047188359637023e-01
3.434353373825225209e-01
1.995933060477013132e-01
2.500009064822128479e-02
-1.491336626771492258e-01
-2.936336358172048078e-01
-3.879623263818001710e-01
-4.187092327448981299e-01
-3.842038058585328653e-01
-2.896924586933496970e-01
-1.579306929496798739e-01
-6.318168618337227649e-03
1.378994199237424390e-01
2.494112761665818745e-01
3.129280158811220680e-01
3.193693871707050658e-01
2.705162507207212741e-01
1.739048267960061622e-01
5.201911175995399539e-02
-7.877778613843600120e-02
-1.949909909289602172e-01
-2.749950959653164606e-01
-3.084635436768066175e-01
-2.904640242412385165e-01
-2.260820453409553288e-01
-1.251118680426944740e-01
-9.936046759549954643e-03
1.038587688235601547e-01
1.959807284774743863e-01
2.479959735806807064e-01
2.539477771067075729e-01
2.126287845770657992e-01
1.322888778043369573e-01
2.497045251432705726e-02
-8.671797802932534882e-02
-1.875659925815914564e-01
-2.601325313990368038e-01
-2.886708520381028320e-01
-2.698374083905931142e-01
-2.052150825661916977e-01
-1.071511399715667778e-01
9.539290552047274829e-03
1.216933471652512644e-01
2.138729671303531976e-01
2.704149472195431780e-01
2.775702127678121300e-01
2.342549070378301401e-01
1.446119671297994014e-01
2.554183128590459262e-02
-1.048969271162649708e-01
-2.220859226984602808e-01
-3.090100923459552229e-01
-3.503487270910046192e-01
-3.345551553627020835e-01
-2.637469986633381724e-01
-1.445651592014031150e-01
5.152794808522820347e-04
1.488872018695968080e-01
2.733887386026379041e-01
3.548647053691484921e-01
3.790669013175178570e-01
3.372252705027660724e-01
2.348886632263564866e-01
8.163683734095994460e-02
-9.422628206923489014e-02
-2.653047528337884042e-01
-4.010994207223249619e-01
-4.795314914550204977e-01
-4.843965449794823686e-01
-4.087775263500895706e-01
-2.662607430860786106e-01
-7.154836749585613553e-02
1.399918528833017373e-01
3.350242706465687004e-01
4.805801009793320144e-01
5.516441208098814553e-01
5.322612359074101462e-01
4.191924466163103880e-01
2.335126525720618851e-01
-4.209750931250200168e-03
-2.515583808465161608e-01
-4.689765641827328135e-01
-6.194789836327949661e-01
-6.776413418303939284e-01
-6.322404584628193991e-01
-4.840149694170310379e-01
-2.613285888246824618e-01
9.903771032996555590e-03
2.831209829486249774e-01
5.153152633873108179e-01
6.693947187013262745e-01
7.202661629344844219e-01
6.598677383133022545e-01
4.919296017862149206e-01
2.486247331472470901e-01
-4.118060587346428214e-02
-3.293596690518948433e-01
-5.717915329356537679e-01
-7.323094165663381894e-01
-7.864131201065487353e-01
-7.274576664957174144e-01
-5.599738898337702775e-01
-3.161307610918725475e-01
-2.462790890758193019e-02
2.678075745608103908e-01
5.178400469009172280e-01
6.902088454682921981e-01
7.603793940333858359e-01
7.203059933531710257e-01
5.727073772150466091e-01
3.463025435822331133e-01
6.695309236810276232e-02
-2.216847926395689727e-01
-4.780414963725390098e-01
-6.668529359349528729e-01
-7.625289643229814507e-01
-7.533268915267787857e-01
-6.382709697855620812e-01
-4.408942436041161095e-01
-1.829414941307174747e-01
9.514516052741095464e-02
3.536490196072710201e-01
5.564418007317155634e-01
6.763580108386795242e-01
6.974950230961651787e-01
6.150063011108100053e-01
4.478264993179192910e-01
2.140081652648853083e-01
-4.832913062324206699e-02
-3.009992292916754408e-01
-5.072059966677338050e-01
-6.388897983631374178e-01
-6.778324537229152291e-01
-6.170617905090507449e-01
-4.733541869687432069e-01
-2.627545122073056127e-01
-2.208056226818988499e-02
2.118960729462791015e-01
4.033827200492765552e-01
5.254333580250656333e-01
5.611283395482009606e-01
5.044486017016809321e-01
3.731660523702224896e-01
1.834216171435412157e-01
-2.883214666118449898e-02
-2.286300283597775262e-01
-3.838565011332946142e-01
-4.713933270372946405e-01
-4.796115946418569864e-01
-4.067184400409790124e-01
-2.741746533730049507e-01
-9.999608240498636391e-02
8.090151304546222555e-02
2.360006141106618660e-01
3.393926697117850555e-01
3.741169018205454666e-01
3.367358854122286527e-01
2.320457810144278543e-01
8.672654782330546652e-02
-7.822116487663521855e-02
-2.291695332677060604e-01
-3.363658018095129210e-01
-3.812995515634104438e-01
-3.542073779528269739e-01
-2.609083082888151717e-01
-1.137565783941182351e-01
5.480966520091445915e-02
2.201524972901949262e-01
3.495164580839045243e-01
4.153444228362039858e-01
4.058245416107566506e-01
3.178123543355695357e-01
1.657500042114641303e-01
-3.066992327880513347e-02
-2.330013542930198245e-01
-4.122946396239759448e-01
-5.351413125303077223e-01
-5.745900951382281185e-01
-5.233980521872181324e-01
-3.833369118438738621e-01
-1.761743993741053949e-01
7.170465146846205506e-02
3.152469149359427014e-01
5.202193231300402676e-01
6.503648646088491247e-01
6.773412912266778552e-01
5.962436781725630741e-01
4.120996745496807723e-01
1.533101055158885284e-01
-1.473065646987148369e-01
-4.370114325858898141e-01
-6.752326174899255795e-01
-8.211819991506151828e-01
-8.438163786037213843e-01
-7.397669882270916375e-01
-5.167805900646778028e-01
-2.103746271557351832e-01
1.398736553114212633e-01
4.728372192866716617e-01
7.413069122776396735e-01
9.004392146259889707e-01
9.170383075591703737e-01
7.900929033588135475e-01
5.308236785396236446e-01
1.838369726500825863e-01
-2.038389806342990607e-01
-5.639589087783889454e-01
-8.442044124707350772e-01
-1.000000000000000000e+00
-9.992160520862745088e-01
-8.433163695359505718e-01
-5.475904397486979214e-01
-1.687247071042337065e-01
2.384407782584681001e-01
6.029309904777340190e-01
8.704844236378692646e-01
1.000000000000000000e+00
9.643311509543857074e-01
7.737229128503955167e-01
4.498124248081649679e-01
5.708323574389484456e-02
-3.450538663649209692e-01
-6.875690146591968421e-01
-9.171699296894246789e-01
-9.985348994846778847e-01
-9.144427469715341594e-01
-6.897164046952082295e-01
-3.524692041510449902e-01
3.072929880561514615e-02
3.988872556753417786e-01
6.892511345178276017e-01
8.552711584086103436e-01
8.735853204903347713e-01
7.382706728551944320e-01
4.860260088500318876e-01
1.512437221185682912e-01
-2.003127268143299888e-01
-5.100951832008391307e-01
-7.264357983576761324e-01
-8.136257907536312839e-01
-7.633414818561491400e-01
-5.811235588281262743e-01
-3.119789164381191471e-01
5.112332313017997620e-03
3.085076270656821329e-01
5.455143808663494021e-01
6.784450964061450318e-01
6.841058542685847232e-01
5.687946128516225830e-01
3.487481930508289363e-01
7.428381252461524475e-02
-2.135085397107074900e-01
-4.600196642630244304e-01
-6.203780970365739833e-01
-6.714755194878900824e-01
-6.026341520864022527e-01
-4.327745563565444931e-01
-1.870712924819105671e-01
8.169395640094978539e-02
3.325214450170859148e-01
5.194629133811736743e-01
6.063668147169667400e-01
5.840459249787335327e-01
4.533730555987858235e-01
2.438160716869770539e-01
-1.244566749789177695e-02
-2.630474714280237603e-01
-4.692891574942793520e-01
-5.975654185214693825e-01
-6.220224865886706533e-01
-5.408558753609438163e-01
-3.626420741505889112e-01
-1.288252167361690903e-01
1.223389291001073520e-01
3.436858799620783333e-01
5.012679163132522930e-01
5.725089400729912459e-01
5.415654584095948021e-01
4.175717432974805909e-01
2.165168075273866677e-01
-1.863087776897454084e-02
-2.499927826113481633e-01
-4.372971029987611224e-01
-5.501538156926679690e-01
-5.707389109291645113e-01
-4.937547191356478349e-01
-3.420917229946330851e-01
-1.353418704934561401e-01
8.582920398640170312e-02
2.841724120308064538e-01
4.281697467097433929e-01
4.950358871462265942e-01
4.763541947690150824e-01
3.738068981039843752e-01
2.131698650200362088e-01
1.619019163204149514e-02
-1.799079238864960129e-01
-3.418967924080529297e-01
-4.459694509327942757e-01
-4.769786602504855200e-01
-4.342749399076675232e-01
-3.239978269066188243e-01
-1.718140988687737458e-01
2.504297855121961902e-03
1.695289652908755773e-01
3.019490893727663217e-01
3.832236804090067839e-01
4.029727445275230746e-01
3.612416923025485449e-01
2.637791646395617473e-01
1.306438599631580821e-01
-2.321846615487110910e-02
-1.753177098371426768e-01
-3.029167583799109442e-01
-3.911093217584394877e-01
-4.293375345568190005e-01
-4.110247356687674047e-01
-3.364349644457695909e-01
-2.194346520047560922e-01
-7.037181218473087529e-02
9.164485767225571955e-02
2.443937818753765256e-01
3.676305945895173011e-01
4.454706313608070012e-01
4.618967769270445611e-01
4.099668079382758901e-01
2.991098628330164377e-01
1.373108734956434152e-01
-5.792564746997663772e-02
-2.619510422630584312e-01
-4.415155358259091889e-01
-5.721189807411976025e-01
-6.280180762743248213e-01
-5.937433349493281831e-01
-4.756264610591298680e-01
-2.816449358059880392e-01
-3.559372377201153181e-02
2.312795380944345780e-01
4.735490000233406604e-01
6.573230617171141876e-01
7.494114633702990691e-01
7.265340974344496328e-01
5.905921778135263533e-01
3.527843889847650516e-01
5.039972647449197929e-02
-2.763728126139466390e-01
-5.709821966297736751e-01
-7.910756102768644604e-01
-9.005964837616234897e-01
-8.739292499607529408e-01
-7.137111630743495638e-01
-4.349046536254066453e-01
-8.804445169079599953e-02
2.778219587158519133e-01
6.005736608242127073e-01
8.329425069405618220e-01
9.390988405669302708e-01
8.960452101631339872e-01
7.135305704193704024e-01
4.111969839021398787e-01
4.690146683107876413e-02
-3.254798182011663377e-01
-6.442088141446216110e-01
-8.614975093234026327e-01
-9.455384848231651596e-01
-8.805559629086583406e-01
-6.869144136744718132e-01
-3.879553443414448521e-01
-4.040513165977221988e-02
3.024157663263440377e-01
5.841687654520759665e-01
7.622711301156561703e-01
8.120523165311774871e-01
7.248118970707631004e-01
5.290426412530839784e-01
2.508644149993985994e-01
-5.574018522048174162e-02
-3.412730193622846020e-01
-5.610007396568988947e-01
-6.817501062138008328e-01
-6.898594583155132076e-01
-5.842189150573678935e-01
-3.957241005270925038e-01
-1.517817302995799755e-01
9.905062772895889545e-02
3.138929756149873018e-01
4.593799729257490583e-01
5.134484926537263849e-01
4.742257609533793161e-01
3.482842430459123229e-01
1.690662165336700440e-01
-3.662252487049610927e-02
-2.285478181820389532e-01
-3.715284644553656923e-01
-4.440537398049269058e-01
-4.338905419377269146e-01
-3.474183321907401423e-01
-1.973606046197036168e-01
-1.820500819059700515e-02
1.636353517022948179e-01
3.134951439681934460e-01
4.017920426678256440e-01
4.151297608511028692e-01
3.484635266744222637e-01
2.146175768748337376e-01
3.164409698305159502e-02
-1.633424017922197047e-01
-3.422426544280233740e-01
-4.717179728636599068e-01
-5.242206152072197423e-01
-4.907960746101591720e-01
-3.712337069964479763e-01
-1.846946049318102245e-01
4.476971743833235706e-02
2.740649522753491052e-01
4.703550828156219943e-01
5.976197903276878609e-01
6.273977560363177552e-01
5.536907257886061196e-01
3.804672178118877479e-01
1.350908078226482623e-01
-1.506192765756159124e-01
-4.244655187577103250e-01
-6.466307826219477306e-01
-7.772129699052851004e-01
-7.863138043097539498e-01
-6.721403388528001122e-01
-4.440522018852661734e-01
-1.409107426515554540e-01
1.958685832414719385e-01
5.049980950822958725e-01
7.403421748882845765e-01
8.630062519070325067e-01
8.450812287666076283e-01
6.882298769309449504e-01
4.075299736593955835e-01
5.795012216253581094e-02
-3.086230006581444085e-01
-6.273680678046735792e-01
-8.497756047028043325e-01
-9.411116801300738466e-01
-8.795424086661544072e-01
-6.797082928030615534e-01
-3.658672542194927324e-01
-1.255811192151568001e-03
3.574369135284725107e-01
6.482206239363073053e-01
8.241055033831055088e-01
8.581684073140436464e-01
7.414536686611985505e-01
5.065451802929206160e-01
1.849645341087258199e-01
-1.593195304592607275e-01
-4.689713221625732009e-01
-6.916821748069207354e-01
-7.911588905839206376e-01
-7.572903373737766008e-01
-5.938053108160289417e-01
-3.433372417914740682e-01
-4.276025337579347774e-02
2.487236787957247675e-01
4.805573956537487756e-01
6.170372876205816315e-01
6.362108873054348468e-01
5.442350813149023914e-01
3.559799783175392474e-01
1.175148802809939941e-01
-1.345630017014064483e-01
-3.527295646409187579e-01
-4.978506258568039522e-01
-5.521802161005395782e-01
-5.078255226253129972e-01
-3.820671350264965849e-01
-1.962294331589657936e-01
7.611304079785385923e-03
1.984452819570823312e-01
3.448071784314692412e-01
4.205874081386453689e-01
4.188831894796714028e-01
3.403327152472170880e-01
2.084657464750647726e-01
4.635315816140650469e-02
-1.139487819243932831e-01
-2.498760469880852986e-01
-3.430783799837506809e-01
-3.775902899248688716e-01
-3.524583979072830608e-01
-2.716820320539587996e-01
-1.563800096678754636e-01
-2.601034300210669503e-02
9.789173268329598443e-02
1.988930264709327655e-01
2.629787247526473859e-01
2.807323643708015126e-01
2.559999120329692346e-01
1.915548605765275969e-01
9.969456342762006429e-02
-5.014453545933994505e-03
-1.068051462427216380e-01
-1.932310298325695674e-01
-2.505334794604217041e-01
-2.704171259429821728e-01
-2.568140629530356600e-01
-2.103329974524270618e-01
-1.361504331353523556e-01
-4.511847472976115991e-02
4.796615094157163917e-02
1.323206944849784072e-01
1.935147156802141666e-01
2.210389702596240458e-01
2.156462980540487795e-01
1.769473931125558064e-01
1.084377479401827937e-01
1.980122597047362376e-02
-7.247046274361579332e-02
-1.574714403318099309e-01
-2.207993239897011462e-01
-2.498512926341270868e-01
-2.424457475530751305e-01
-1.988164455279344267e-01
-1.256148096541038761e-01
-3.376516054929601385e-02
5.859440411768068735e-02
1.399827454383348879e-01
1.974851136503779081e-01
2.187756969285299391e-01
2.012028704104353860e-01
1.466139393776262345e-01
6.645645869912919501e-02
-2.627245508205000579e-02
-1.138939486216501429e-01
-1.851540391335061431e-01
-2.297170037335481974e-01
-2.380945927393341988e-01
-2.097839483297633256e-01
-1.479873805967530931e-01
-6.665755479722901278e-02
2.034844296375770689e-02
9.841355491171510650e-02
1.578393302252651953e-01
1.906601316736942220e-01
1.910523712409402108e-01
1.615961666424634569e-01
1.053750296036681799e-01
3.384589933188864030e-02
-4.094135154458355963e-02
-1.088809311608216479e-01
-1.627641979511107451e-01
-1.954109100203766936e-01
-2.029328213362021627e-01
-1.893157473062917484e-01
-1.553626721097621788e-01
-1.038708357421502804e-01
-4.187438085136641064e-02
2.242253924958914624e-02
8.331311865857449206e-02
1.335097017419808463e-01
1.678063384736365737e-01
1.866323602761845724e-01
1.863291417260573013e-01
1.593785365282984756e-01
1.066011165238982539e-01
3.579308260472746639e-02
-4.790995996170033244e-02
-1.350320891198039108e-01
-2.146905191499948184e-01
-2.758747455703562945e-01
-3.090877315303647288e-01
-3.029613692389251378e-01
-2.531835767896281064e-01
-1.656473339455121208e-01
-4.658771179418119690e-02
8.738842519018219512e-02
2.168820063313443569e-01
3.193518757221327498e-01
3.797893820643372109e-01
3.856778831332432489e-01
3.299636914107282326e-01
2.186459994249161376e-01
6.152850606618853746e-02
-1.141679161813732302e-01
-2.818271370485735394e-01
-4.134655773258121281e-01
-4.893033690420492965e-01
-4.955086087207660750e-01
-4.261468137095157926e-01
-2.933721025760057666e-01
-1.110824826483912675e-01
8.814983576581125746e-02
2.734656134806576766e-01
4.152478057116217869e-01
4.919380922429616998e-01
4.909173343084960450e-01
4.098986318644959326e-01
2.676493064745564254e-01
8.049718301503272500e-02
-1.182682565509844963e-01
-2.968085956028240213e-01
-4.279951601666266425e-01
-4.929541709892987233e-01
-4.837929786738422999e-01
-4.013956149040159849e-01
-2.666909013012325191e-01
-9.658038909774335767e-02
7.851376402068988014e-02
2.299050378569815756e-01
3.365288505054324641e-01
3.842246438334127046e-01
3.696002858411362446e-01
2.960249173528974875e-01
1.834860565919262942e-01
4.677833416182242132e-02
-8.988626068401395219e-02
-2.034532095504283378e-01
-2.801270511185989243e-01
-3.110788893645265452e-01
-2.960695561194182091e-01
-2.396871413372690940e-01
-1.585130107616968820e-01
-6.339796280403997564e-02
2.920059515879791512e-02
1.027651741448705192e-01
1.495841602873866361e-01
1.653197195780757855e-01
1.518848049345189466e-01
1.142081545702702261e-01
6.413122442988949956e-02
7.989102538966896816e-03
-4.476973219372926138e-02
-8.345677038621412969e-02
-1.085253444440352766e-01
-1.214133989897557830e-01
-1.199164879570068232e-01
-1.018301652794205703e-01
-6.494998489062808744e-02
-7.071500724261436943e-03
7.400973328604787405e-02
