-2.384676184232923379e-01
-3.718891721060541000e-01
-4.332280337739882192e-01
-4.337328627164671602e-01
-3.846523182228639426e-01
-2.972350595825513642e-01
-1.827297460849023336e-01
-5.238503701928998169e-02
7.644205114155044889e-02
1.968519389207921133e-01
2.984907604095212719e-01
3.672867870119735922e-01
3.935620016028447132e-01
3.768375782234316684e-01
3.174699944898828896e-01
2.224483928397262833e-01
1.011769714049666202e-01
-3.141164204974378205e-02
-1.618378937872629875e-01
-2.744744182714984326e-01
-3.559852817569286731e-01
-3.985325662484355824e-01
-3.966524432768603337e-01
-3.501406535038550372e-01
-2.631404786749127478e-01
-1.471045329664040224e-01
-1.276361999330233310e-02
1.242626274246831919e-01
2.482414740298293232e-01
3.454163155552134601e-01
4.050680408965452450e-01
4.195818098577062116e-01
3.860365533652607706e-01
3.104438894625043410e-01
1.992224427942652643e-01
6.534363556637323711e-02
-7.639195555251199199e-02
-2.096024587281964946e-01
-3.201480460681812579e-01
-3.944306584614672984e-01
-4.234336475703338598e-01
-4.067056075502339940e-01
-3.447645142494712989e-01
-2.441046864905245251e-01
-1.152866825294284192e-01
2.538069085529537361e-02
1.637345073318219324e-01
2.834585241313101189e-01
3.708151118959657211e-01
4.181261110064662390e-01
4.194585208229129059e-01
3.742964367665462255e-01
2.869270752925068280e-01
1.689451154273227118e-01
3.137643897507658153e-02
-1.095849600911580346e-01
-2.378468102428389352e-01
-3.393762292093737143e-01
-4.031165074063078890e-01
-4.215541775423986559e-01
-3.917464286026799414e-01
-3.194829126355326343e-01
-2.109901536590587101e-01
-7.863115232653128395e-02
6.321434602449427231e-02
1.981063508600686696e-01
3.117918265440497994e-01
3.904048738393710583e-01
4.246406291090696339e-01
4.137767622107146881e-01
3.578452093038728687e-01
2.626314576890900199e-01
1.379771390053916580e-01
-6.073907566190861473e-04
-1.392262819779618299e-01
-2.615351755086863239e-01
-3.536006777844038496e-01
-4.070650205610100159e-01
-4.156738288293023720e-01
-3.784489830929576026e-01
-2.989037406040697675e-01
-1.879091949430899966e-01
-5.578210426844898429e-02
8.212795218176749401e-02
2.101938297976202463e-01
3.145350735008256571e-01
3.840786057867113801e-01
4.105019863863674789e-01
3.900632315550216500e-01
3.279670271764545397e-01
2.296818358504055801e-01
1.066960659758002805e-01
-2.735131500807286287e-02
-1.569232693746156482e-01
-2.684769385937009201e-01
-3.486314805146871754e-01
-3.881798556869722194e-01
-3.858867503467097171e-01
-3.412401420276903741e-01
-2.591215035674679923e-01
-1.484462800079529021e-01
-2.353724176973048809e-02
1.032798570438264729e-01
2.173370265364686915e-01
3.057310826907122525e-01
3.608594620893292859e-01
3.766609319724794069e-01
3.515887918446392035e-01
2.883359835083267875e-01
1.959094236900600361e-01
8.282713620137238664e-02
-3.761489779276538936e-02
-1.517595569118058707e-01
-2.475852266818538983e-01
-3.152865881329741660e-01
-3.472970650880302657e-01
-3.400310427091560728e-01
-2.975769134547344708e-01
-2.237529368109175687e-01
-1.267317450923370892e-01
-1.715203084932404032e-02
9.226168149176050548e-02
1.902956579259202918e-01
2.652657939306619639e-01
3.090667030333020815e-01
3.203784045103139633e-01
2.977564205352682958e-01
2.435115776725140790e-01
1.637328439255063550e-01
6.896718311713567751e-02
-3.164313159734932768e-02
-1.265265976411085180e-01
-2.049837781226589994e-01
-2.602111783274834167e-01
-2.867786742982529891e-01
-2.820128337741355518e-01
-2.466531525448077966e-01
-1.867399587857367926e-01
-1.076848780186893118e-01
-1.922823495679859551e-02
6.811277559678452498e-02
1.454502082136999164e-01
2.053348547497721999e-01
2.412394196119445056e-01
2.496780897061661175e-01
2.330489774482535914e-01
1.930411810207679491e-01
1.341229234635028522e-01
6.333701463046392810e-02
-1.060484192920452262e-02
-8.041609384036829677e-02
-1.378387405236171093e-01
-1.771232023685331836e-01
-1.978423447308479410e-01
-1.981049140237369777e-01
-1.776445559666451901e-01
-1.396244799420435223e-01
-8.977249749894378184e-02
-3.257985033632038174e-02
2.531769561472008156e-02
7.734798566888478888e-02
1.197076145916609047e-01
1.489200511961070728e-01
1.621766407781513042e-01
1.590476824668289879e-01
1.425295926861616103e-01
1.141447706784084470e-01
7.676521962902427276e-02
3.497863792532251992e-02
-7.256768574508187797e-03
-4.652268442321005892e-02
-7.870201855773917288e-02
-1.014120246812181270e-01
-1.154303705603330066e-01
-1.197469117690069806e-01
-1.131709137754345340e-01
-9.713533106549065987e-02
-7.448997048451200254e-02
-4.699165662073989669e-02
-1.716290462408576190e-02
1.237500895850129901e-02
4.049282686099298090e-02
6.514987098654456688e-02
8.396605537683710097e-02
9.627511284140388703e-02
1.027488759815273767e-01
1.027162069274902834e-01
9.473739166662520361e-02
7.937824807576765451e-02
5.852253111304617228e-02
3.322438912003211620e-02
4.242794920876757914e-03
-2.701713266285921122e-02
-5.913794061859733997e-02
-8.967113928823078339e-02
-1.143388831391235483e-01
-1.305113511876486720e-01
-1.370929633399966541e-01
-1.326269768125177828e-01
-1.147023486140655857e-01
-8.340444317833783927e-02
-4.178080310563758726e-02
7.586981012118965140e-03
6.019138479701457989e-02
1.107429175923506648e-01
1.541162215273235159e-01
1.858684814774378413e-01
2.003888624184095857e-01
1.947098643048155164e-01
1.699152417473761556e-01
1.267655013986002110e-01
6.740889998737564781e-02
-2.898472976946342428e-03
-7.600420628340565088e-02
-1.455743850681237017e-01
-2.032290079107372804e-01
-2.418082115748999561e-01
-2.575345838387564923e-01
-2.472676002772302706e-01
-2.095762975022227304e-01
-1.468510230226675040e-01
-6.574694758961818764e-02
2.765561512339598238e-02
1.232538825616582567e-01
2.103600108768106658e-01
2.790013445720205265e-01
3.213237637889474474e-01
3.300248126362677059e-01
3.019555700802254439e-01
2.412497096684766973e-01
1.519206472053853396e-01
4.164202144475415146e-02
-7.893005281923937133e-02
-1.957640204404227369e-01
-2.967162207921295591e-01
-3.683453124689856084e-01
-4.012979320809458850e-01
-3.928889680379848981e-01
-3.415025336269826850e-01
-2.503760813832121013e-01
-1.274353701392633154e-01
1.294507264328759177e-02
1.579964351977374282e-01
2.911159775262657234e-01
3.966261570307922923e-01
4.623837369633687633e-01
4.799439513834886650e-01
4.454936352042186964e-01
3.601658236509523991e-01
2.337493369163690105e-01
7.665030346886525514e-02
-9.313622984827107931e-02
-2.569827914441032979e-01
-3.962963983794501877e-01
-4.957093665263311300e-01
-5.420187857228507822e-01
-5.278509844735068679e-01
-4.564394067831379909e-01
-3.325217557783146649e-01
-1.683025763429710775e-01
2.003145344950474360e-02
2.101536357740576566e-01
3.823541152055265346e-01
5.155579864354100650e-01
5.939694127470398488e-01
6.106655311822712928e-01
5.609820355625960708e-01
4.485395513199883499e-01
2.832519835025737454e-01
8.472234331171568655e-02
-1.284013887276063137e-01
-3.315930676806759791e-01
-5.018639895192423817e-01
-6.199830259121545950e-01
-6.718258527346815390e-01
-6.506951275866033058e-01
-5.561774334104316875e-01
-3.996727982861892903e-01
-1.944800669299497908e-01
3.582932669019434080e-02
2.667336965707143293e-01
4.719325084667829184e-01
6.290487434163278824e-01
7.185579933387566953e-01
7.282447179450481922e-01
6.594080773586261657e-01
5.162288844800191345e-01
3.136799627520490130e-01
7.154431416441942027e-02
-1.816667368781371694e-01
-4.196229047241378796e-01
-6.136195801994619448e-01
-7.412249697246290348e-01
-7.901104885023817470e-01
-7.520991356875954548e-01
-6.304087786585024222e-01
-4.356453840750427187e-01
-1.915565648540789034e-01
7.857774486683299919e-02
3.436077679382925076e-01
5.739951383250090355e-01
7.438662090752270473e-01
8.335736078769719892e-01
8.324848600535215137e-01
7.377705589462113522e-01
5.617701528113563381e-01
3.197321524166230056e-01
4.039669278563717825e-02
-2.463069771064293478e-01
-5.076570513264141438e-01
-7.153617310266431328e-01
-8.446948807366845280e-01
-8.792729374008869669e-01
-8.182449389441242005e-01
-6.649590734727854890e-01
-4.364993002836217162e-01
-1.555902757380120960e-01
1.440247010396227267e-01
4.311299486874256015e-01
6.715837563514692743e-01
8.381273956881605258e-01
9.148586655712906968e-01
8.906039358111277338e-01
7.677276820333827079e-01
5.571177370971571730e-01
2.849423572446423414e-01
-2.243865788576016040e-02
-3.290444961743732577e-01
-6.008941420170337278e-01
-8.075893462022903924e-01
-9.255701086122082311e-01
-9.418586411668528058e-01
-8.520545850120664344e-01
-6.688351135198551400e-01
-4.083852319749408100e-01
-1.016292519356667423e-01
2.188540343237372898e-01
5.161903252569530753e-01
7.582241580999056207e-01
9.165305606388149950e-01
9.717434565980305194e-01
9.214988642674557529e-01
7.681484711646016095e-01
5.294078836100482022e-01
2.290874952136736642e-01
-9.662321693258513200e-02
-4.136466548428161527e-01
-6.843458746777223434e-01
-8.780963227903955115e-01
-9.758319510304206412e-01
-9.644266903683220704e-01
-8.456793159065957299e-01
-6.301223584002286771e-01
-3.452924210797144733e-01
-1.912344578306357512e-02
3.100356164121236269e-01
6.056701004504265740e-01
8.346570966316719797e-01
9.711009043566887211e-01
1.000000000000000000e+00
9.155370642407190118e-01
7.305980504068725345e-01
4.618791942006597040e-01
1.421926193426330531e-01
-1.939729141448890415e-01
-5.076841263217699574e-01
-7.649435366537840064e-01
-9.359212743300565629e-01
-1.000000000000000000e+00
-9.541882283917766383e-01
-8.006905503154956305e-01
-5.580821805794234924e-01
-2.511775550862785922e-01
8.220790117120979623e-02
4.069761555995279334e-01
6.847846053322912407e-01
8.842639518376875785e-01
9.862320789352176931e-01
9.772561532444321575e-01
8.593059357671344323e-01
6.432741154651833160e-01
3.572276977104789086e-01
2.966379419104536730e-02
-3.004016436298944104e-01
-5.961191285894650305e-01
-8.243961960083445728e-01
-9.593951129455192683e-01
-9.870254384865292385e-01
-9.021000301898872697e-01
-7.177004867736029858e-01
-4.507584412403543572e-01
-1.341757007631462217e-01
1.977122589739088721e-01
5.062872321126281605e-01
7.578941659233482397e-01
9.232361616114894698e-01
9.822903066408039674e-01
9.330618600106759253e-01
7.783677396730614984e-01
5.371278852549994376e-01
2.341628363447569861e-01
-9.324941594809232903e-02
-4.101570801979893544e-01
-6.785714914570819545e-01
-8.679666710092334148e-01
-9.603314003857904568e-01
-9.433414312092142096e-01
-8.201630695727115672e-01
-6.025364428435571185e-01
-3.191371679401956429e-01
1.490667560262837199e-03
3.211077603549148396e-01
6.036549274646441088e-01
8.175042830620240508e-01
9.383100851066694670e-01
9.534315891636619966e-01
8.590101106880174697e-01
6.695393566403602392e-01
4.028416547090760691e-01
9.232521121046199930e-02
-2.276766130463651061e-01
-5.199231634870857821e-01
-7.523110429397813492e-01
-8.979452154484008908e-01
-9.389878637076887191e-01
-8.755486959162953609e-01
-7.122357517669906102e-01
-4.692442444604040253e-01
-1.721610397742556753e-01
1.420477664469148582e-01
4.395877886189514250e-01
6.849386144711480107e-01
8.500406935474402736e-01
9.201137828516066097e-01
8.852818635572923256e-01
7.507500540331193406e-01
5.298889421596442162e-01
2.516702620668946899e-01
-5.553166846621260255e-02
-3.548718897127534078e-01
-6.122331408541377140e-01
-7.990322801283755716e-01
-8.937692415558086134e-01
-8.872193454742558494e-01
-7.782602321980094384e-01
-5.829538119241997052e-01
-3.200365430169727077e-01
-2.205094168720111991e-02
2.780012064090020552e-01
5.452649942993357257e-01
7.501457551477928032e-01
8.688953971307835644e-01
8.865975498911660146e-01
8.061611529543637467e-01
6.341682158220327548e-01
3.915022327543224989e-01
1.037202916465802538e-01
-1.938514911707289734e-01
-4.689882691473528098e-01
-6.887547849019793889e-01
-8.277430688826811211e-01
-8.739703210448090953e-01
-8.202939167883485094e-01
-6.741000232563146843e-01
-4.500869199172333746e-01
-1.774421791232487777e-01
1.159161536547246296e-01
3.951981187485327229e-01
6.283821990549707248e-01
7.898427502411899948e-01
8.608912475922734231e-01
8.347367321485592573e-01
7.122984614214067367e-01
5.111300765967392579e-01
2.508015414402435805e-01
-3.638114659802160755e-02
-3.181975134404065875e-01
-5.622352866561132201e-01
-7.414342601002252842e-01
-8.353043576875627263e-01
-8.317377459424148967e-01
-7.359355312528423898e-01
-5.563491705611429694e-01
-3.146585834202906273e-01
-3.666763609477630137e-02
2.434566597029270696e-01
4.954184954078062475e-01
6.895256984443245418e-01
8.033592790462902311e-01
8.282975026525423168e-01
7.596607887512814017e-01
6.063660911928423491e-01
3.841788429227397383e-01
1.216743710151853008e-01
-1.542357321299560047e-01
-4.111084953534634989e-01
-6.194976578572755077e-01
-7.570252858751651548e-01
-8.078346051837272945e-01
-7.678970466598163958e-01
-6.401104116260268873e-01
-4.424156993848764596e-01
-1.941929694961539443e-01
7.440530433759784401e-02
3.334589066049058470e-01
5.535185030165103992e-01
7.102848739633145225e-01
7.859471054211060181e-01
7.705962568306854443e-01
6.708771248896470141e-01
4.959147946092061776e-01
2.664633211221547615e-01
6.906110812559429490e-03
-2.514073693159658562e-01
-4.805899198442357134e-01
-6.537052722185769937e-01
-7.507359135061619781e-01
-7.647936274986605332e-01
-6.927549619193001940e-01
-5.439787551705232982e-01
-3.338817810151673005e-01
-8.941195115321676212e-02
1.645083677931045152e-01
3.985376611078628173e-01
5.859021440629372801e-01
7.069143812769023150e-01
7.479090608409528773e-01
7.059878835793187424e-01
5.845434080268350208e-01
4.006390342386261239e-01
1.723104267687334268e-01
-7.305179490489999150e-02
-3.081606026138434817e-01
-5.066664975693901951e-01
-6.469530522146764717e-01
-7.130683767523149363e-01
-6.963702947249310604e-01
-6.036488727807414190e-01
-4.436048522924845861e-01
-2.355023529707936936e-01
-1.836423844657764093e-03
2.294323512213360949e-01
4.335244106798690211e-01
5.867121772286598702e-01
6.714853938793363675e-01
6.823587064340297381e-01
6.170182048442511835e-01
4.841323045254064539e-01
2.979238263933785547e-01
8.262504810889570450e-02
-1.399569182574493809e-01
-3.443833899145288813e-01
-5.073985086437056147e-01
-6.127042010985882525e-01
-6.486726749232669675e-01
-6.128897393556469453e-01
-5.086994380609011213e-01
-3.509232880682190414e-01
-1.550083818569621963e-01
5.546817353423794117e-02
2.570447416892325254e-01
4.275952542758982844e-01
5.489006886593914558e-01
6.077610680437668389e-01
5.971833825905392690e-01
5.230615275644121542e-01
3.924480552296016889e-01
2.207260221319193860e-01
2.638871885672688933e-02
-1.674476855253498320e-01
-3.402276341118170011e-01
-4.719185777495602530e-01
-5.478814237289033606e-01
-5.638533340228348845e-01
-5.174606231679628188e-01
-4.147806110779466149e-01
-2.668788194028057781e-01
-9.299552703789581987e-02
8.935434032537425963e-02
2.592730572761106078e-01
3.975200055454122250e-01
4.904893983564282411e-01
5.283617146721071300e-01
5.082044352822163713e-01
4.319284976887201033e-01
3.110829245737523063e-01
1.574313998476992715e-01
-1.029703996115327591e-02
-1.730491617107119406e-01
-3.131981374663096451e-01
-4.161456928876715589e-01
-4.707324673406365623e-01
-4.708409862753432096e-01
-4.208456457241005477e-01
-3.256869546705484231e-01
-1.967664749862557683e-01
-4.846877314784936441e-02
1.011802731416944212e-01
2.364938321462517479e-01
3.418921440628359676e-01
4.059652968009357377e-01
4.257797947123485027e-01
3.989861807585710629e-01
3.291468585501240440e-01
2.243223780118328570e-01
9.869516995564575623e-02
-3.521718303397303185e-02
-1.619959264629967644e-01
-2.672034709781667683e-01
-3.409470442415301061e-01
-3.757767958653877027e-01
-3.689892385698764210e-01
-3.216437147332704694e-01
-2.415824702739438612e-01
-1.364949127848865684e-01
-1.921257210547411276e-02
9.675280663353524879e-02
1.989922654469826746e-01
2.771233193431221764e-01
3.225174601231681759e-01
3.303963518668269206e-01
3.038185764546210699e-01
2.454850042568086366e-01
1.621395701399834799e-01
6.326926544051580947e-02
-3.907933772715688203e-02
-1.342610172876150809e-01
-2.108394185518250863e-01
-2.605815441700382040e-01
-2.815773286341688442e-01
-2.716505746794579679e-01
-2.320252014785021411e-01
-1.676315633555747198e-01
-8.772731554064350235e-02
-5.497978905966149910e-05
8.521947402647778169e-02
1.581503884526307413e-01
2.121511277529541939e-01
2.420570157923007670e-01
2.448819425781367798e-01
2.206695347084415282e-01
1.744588943483909027e-01
1.105459463871485415e-01
3.713272580485060814e-02
-3.663622818637835010e-02
-1.030222229875472628e-01
-1.555401846221478035e-01
-1.882626845753742062e-01
-1.979953222374207789e-01
-1.868009853876517745e-01
-1.558654251254778522e-01
-1.087440947579499939e-01
-5.146511460738445454e-02
8.466066095546898040e-03
6.501083935822915549e-02
1.111365650011013617e-01
1.419577681556345450e-01
1.574453556779717989e-01
1.560915839703767016e-01
1.375651088980582859e-01
1.047224759644580505e-01
6.272550503124119103e-02
1.545491117048869434e-02
-3.119578323615868065e-02
-7.148543491395298322e-02
-1.023663802337925199e-01
-1.210813494875225826e-01
-1.254489582498918843e-01
-1.155817203101034973e-01
-9.468907561936024120e-02
-6.455879332071101651e-02
-2.857735624803314778e-02
8.480739001699655333e-03
4.273411748387689890e-02
7.105738589375998338e-02
8.982880635159351534e-02
9.736491389290602427e-02
9.531967327324486483e-02
8.380013140022612994e-02
6.376970345916910254e-02
3.826369323482126106e-02
1.065652143808826224e-02
-1.661783601739763583e-02
-3.996693845384757804e-02
-5.676569315514845560e-02
-6.709046413366936967e-02
-7.000452809161117340e-02
-6.462785539171111981e-02
-5.221234446892975001e-02
-3.543969537920022006e-02
-1.568484318492746610e-02
4.783829706044073760e-03
2.331688668218667715e-02
3.872054292255855401e-02
4.958288802315635735e-02
5.384601059538285384e-02
5.134948699119656901e-02
4.404418165843071442e-02
3.243491200988146694e-02
1.795879526212895705e-02
3.088431336093488966e-03
-1.053433875545140008e-02
-2.175045150440346742e-02
-2.915217340910869481e-02
-3.213445331066877575e-02
-3.146829935026351777e-02
-2.714053830460672057e-02
-1.950265247488924825e-02
-1.015481130362649864e-02
-9.729889762198906666e-04
7.350934008438558820e-03
1.401945128392578788e-02
1.833192156925589344e-02
2.082897733063249213e-02
2.119702870584982968e-02
1.902884573301055759e-02
1.503531649402778392e-02
1.018682479480781389e-02
4.864960481662405911e-03
-2.562179222707072768e-04
-4.463738137163830721e-03
-7.607822487333493200e-03
-9.398387424679133240e-03
-9.606927034204626459e-03
-8.521428656951490765e-03
-6.775444641406225266e-03
-4.485664174502912438e-03
-1.834014713179010769e-03
7.156318398817695936e-04
2.924963006494696316e-03
4.615592485649910870e-03
5.660104840481183786e-03
6.151321788290475823e-03
6.388122123043293854e-03
6.326164834188796604e-03
5.832722037063753362e-03
5.050175853057448094e-03
4.131968860115575737e-03
3.151275129074981862e-03
2.199179847597543258e-03
1.306271640498568587e-03
3.989228501160013707e-04
-4.274084494109153809e-04
-9.618340733505981177e-04
-1.156172531843413509e-03
-1.042736358243367967e-03
-6.459416518195260082e-04
-9.236911809473724588e-05
5.020146214425036391e-04
1.070009671795046913e-03
1.555562190677095558e-03
1.908937376041475176e-03
2.095213718685817739e-03
2.118387325843240632e-03
1.983016663952952285e-03
1.735942012642599508e-03
1.466776778844769424e-03
1.281048043102028799e-03
1.189429737525449227e-03
1.160746259514677803e-03
1.186585878248269665e-03
1.223309933348071254e-03
1.274431064417269610e-03
1.333001863864868852e-03
1.392074924100317190e-03
1.444702837532840789e-03
1.483938196571665813e-03
1.502833593625796382e-03
