2.660483119781422712e-01
2.185932427815246992e-01
1.576960839179406548e-01
8.786722005493707854e-02
1.361703586006046685e-02
-6.054408399914301686e-02
-1.301057548551267651e-01
-1.905575920403450585e-01
-2.315226568406991703e-01
-2.496898064585555410e-01
-2.430529353042364393e-01
-2.116440045582155260e-01
-1.579934379706036118e-01
-8.821209811448027516e-02
-7.839620708518291181e-03
7.471385351505754890e-02
1.505319285449342459e-01
2.121652007628578307e-01
2.535140248576315258e-01
2.688904251254966571e-01
2.559089039767485918e-01
2.178346308878096327e-01
1.572901052492559071e-01
7.920702787477074125e-02
-8.825863110589082794e-03
-9.727971841142124543e-02
-1.777915696508085563e-01
-2.406398796737613255e-01
-2.789422141895960827e-01
-2.908009230253592037e-01
-2.741068009122380467e-01
-2.290471273772551886e-01
-1.596881307238363634e-01
-7.410363026767929906e-02
2.071765662278135522e-02
1.148444185420611774e-01
1.981928139330468852e-01
2.627810991907262306e-01
3.021173620709194374e-01
3.105923080697279293e-01
2.863794594060813381e-01
2.339126919610385880e-01
1.570818062589367514e-01
6.317282252908307250e-02
-3.823343241636756318e-02
-1.364398676982483405e-01
-2.221289788870755011e-01
-2.852585412994547154e-01
-3.189362365968650970e-01
-3.218355774605470287e-01
-2.927134894200643656e-01
-2.333336869928971380e-01
-1.494081302159646629e-01
-5.079650666442281359e-02
5.410642559307632382e-02
1.542582915023060774e-01
2.391481782593936067e-01
3.013293279262874158e-01
3.343063993012433954e-01
3.332959973243614371e-01
2.976759128944128641e-01
2.326581614260851971e-01
1.431444209920789135e-01
3.761621508377110956e-02
-7.347968975235241729e-02
-1.786637452847148477e-01
-2.679206784287218035e-01
-3.307972100974335694e-01
-3.603384832239349134e-01
-3.557550619952563054e-01
-3.163426937147278961e-01
-2.446065874809987273e-01
-1.470088939610524337e-01
-3.427357646521522749e-02
8.378900596305904891e-02
1.945329311111767545e-01
2.865017389622421806e-01
3.515465678763982638e-01
3.827777977010513588e-01
3.754493902387656679e-01
3.292898567377846586e-01
2.505528475221479034e-01
1.452683848238438546e-01
2.395446122916422560e-02
-1.010983610964556467e-01
-2.171354962734790561e-01
-3.130790439867598973e-01
-3.778922816346850233e-01
-4.043317477399115401e-01
-3.918256240364130782e-01
-3.403188560633718662e-01
-2.537137985570202536e-01
-1.400176354600607409e-01
-1.188336514245313946e-02
1.193327948881262035e-01
2.395856733536656513e-01
3.365438632639679017e-01
4.019789287609518702e-01
4.286437126587188118e-01
4.122910083994266728e-01
3.535951935429146875e-01
2.596669874925365828e-01
1.377168485916686613e-01
-1.843232073248657343e-04
-1.404054004041224157e-01
-2.686701950452391463e-01
-3.726048148595094700e-01
-4.401276691518078987e-01
-4.634415245878281686e-01
-4.423124980797746852e-01
-3.772051429519014398e-01
-2.731017557288732966e-01
-1.392480737506206490e-01
9.989983023659165795e-03
1.610877840047311160e-01
2.974694598659028966e-01
4.050317406014132260e-01
4.742440786427271071e-01
4.971707710252057932e-01
4.698222367967572755e-01
3.935887297811739849e-01
2.772623432337610883e-01
1.299453795509903919e-01
-3.289630608398419476e-02
-1.946290794661064139e-01
-3.387612360844733939e-01
-4.511196630346545611e-01
-5.186386614463147637e-01
-5.331867025018979245e-01
-4.953164790296772368e-01
-4.068198323466272193e-01
-2.753196701936946322e-01
-1.128579145957323560e-01
6.287872133156802157e-02
2.354940330473125343e-01
3.857975698305997625e-01
4.982365773800081499e-01
5.633228255877786861e-01
5.729177029793486309e-01
5.243643802463386905e-01
4.211711373741768849e-01
2.748016709376868150e-01
9.714382074605820705e-02
-9.327856467462025680e-02
-2.772572624141464992e-01
-4.358958146740833373e-01
-5.532449734398678931e-01
-6.155952190525750822e-01
-6.149789134965347737e-01
-5.537338424202526976e-01
-4.356959883008013623e-01
-2.715587617588097746e-01
-7.634881063175336102e-02
1.289433177878898107e-01
3.246372355398259302e-01
4.887533615024830524e-01
6.039315248384813373e-01
6.601053888543244597e-01
6.496452113566666409e-01
5.721572719841332422e-01
4.336916434193216485e-01
2.497923957609500256e-01
3.617981695345218185e-02
-1.847242685113188454e-01
-3.902720074255551230e-01
-5.589705357474878955e-01
-6.733249494177168115e-01
-7.195305639721962798e-01
-6.904640818901681687e-01
-5.916538469008749690e-01
-4.305216734447289140e-01
-2.229709893871840709e-01
1.119356402041238319e-02
2.465845875842360702e-01
4.600809387833002528e-01
6.277958820416393859e-01
7.314160559829843145e-01
7.620306451529759162e-01
7.142232598520126263e-01
5.920634701674181155e-01
4.062551361207733525e-01
1.780578232939551420e-01
-7.212779251828449478e-02
-3.178597729695971097e-01
-5.334919374510920242e-01
-6.967658478506801867e-01
-7.901827524888659360e-01
-8.027828103587832942e-01
-7.308906774419703378e-01
-5.842535767007015490e-01
-3.748784698827422046e-01
-1.243593445966133526e-01
1.429048401962997872e-01
3.980637670479836299e-01
6.155047439317338220e-01
7.708886982798359711e-01
8.466815492660262343e-01
8.373902144976392847e-01
7.412852467745942864e-01
5.676080364592788197e-01
3.320038468196513382e-01
6.084479284567545498e-02
-2.204645729318805980e-01
-4.814084664182657347e-01
-6.944582677197095322e-01
-8.381281180281876519e-01
-8.963370375806729573e-01
-8.624088513186911609e-01
-7.373812601923184218e-01
-5.361702985984391212e-01
-2.760070514176342638e-01
1.441928223587329860e-02
3.054660806459474909e-01
5.663011836526627985e-01
7.703194251671314774e-01
8.949312544036522876e-01
9.254098967736352765e-01
8.615717135998623988e-01
7.071744557020311905e-01
4.781992288230518806e-01
1.963254383699752914e-01
-1.068829720763789792e-01
-4.017330809328891750e-01
-6.555479599525211309e-01
-8.416361467214170666e-01
-9.432026947899416758e-01
-9.476452104016059863e-01
-8.540428904246499808e-01
-6.700125218053798459e-01
-4.171373309291687148e-01
-1.181959992802119608e-01
1.942495135050867905e-01
4.880748073476415261e-01
7.324259383645781440e-01
9.019208227159365432e-01
9.780766721621303450e-01
9.508849172170332764e-01
8.269657294090220212e-01
6.163589180968207515e-01
3.411977970847590580e-01
2.810534137155507040e-02
-2.884020520956034339e-01
-5.767240863728531064e-01
-8.051578449840686158e-01
-9.491489736984354275e-01
-9.966959820834531136e-01
-9.407226765020825221e-01
-7.873651212919078324e-01
-5.505113056720005726e-01
-2.577502838222847092e-01
6.359348614010307266e-02
3.788443552228355493e-01
6.550219325135662185e-01
8.636563732655373471e-01
9.827533677928768086e-01
1.000000000000000000e+00
9.114500552135791356e-01
7.296662434778860007e-01
4.704419104645480854e-01
1.626134622484771697e-01
-1.627064057761938853e-01
-4.706062617372357426e-01
-7.301053007953035578e-01
-9.132467792636157489e-01
-1.000000000000000000e+00
-9.851002735537921495e-01
-8.679928698528383002e-01
-6.617772846928113850e-01
-3.862321370939981735e-01
-7.303187337168304261e-02
2.475232061396317462e-01
5.405765111129305911e-01
7.757951719757167908e-01
9.312717465766298108e-01
9.900014461164061697e-01
9.465685673995378746e-01
8.041451087112085894e-01
5.807780122039933879e-01
2.966596231899223390e-01
-1.674596017713769758e-02
-3.274273901764661598e-01
-6.028602276208543387e-01
-8.151934848507660369e-01
-9.420130446594685569e-01
-9.690634544966075792e-01
-8.980665554986130283e-01
-7.344636699588369400e-01
-4.961484185182741813e-01
-2.062950550586544196e-01
1.027631338208798706e-01
4.005292386672070215e-01
6.545761860068519677e-01
8.385936473666311120e-01
9.369805029993361067e-01
9.385344252739147297e-01
8.440888893428475370e-01
6.623396881587271245e-01
4.155419735175036600e-01
1.265035937277878553e-01
-1.736097636753001217e-01
-4.539670008387719502e-01
-6.860323382633075617e-01
-8.464748701747193405e-01
-9.187653199985484909e-01
-8.942875839972860286e-01
-7.806126592419770915e-01
-5.879244528223945832e-01
-3.372804563149950363e-01
-5.367694582906101797e-02
2.319169687663213963e-01
4.913129061717158574e-01
6.970602378246044672e-01
8.279290161969783401e-01
8.743982845685394079e-01
8.309124273191337284e-01
7.033524050018238327e-01
5.043549125227193564e-01
2.579215559931584689e-01
-1.299036239863515796e-02
-2.799674931741058526e-01
-5.155796802826286829e-01
-6.970874836887999138e-01
-8.064944627787500320e-01
-8.336372936799161248e-01
-7.752258868151996607e-01
-6.411096650521981299e-01
-4.433265583762020512e-01
-2.034732758084604187e-01
5.447376235094281149e-02
3.035120855654116490e-01
5.194387619408302736e-01
6.798611305574782104e-01
7.684443266307519060e-01
7.805587586407272127e-01
7.143520354356289737e-01
5.774761929953753370e-01
3.832999769671989743e-01
1.540658947698263503e-01
-8.858536100408287428e-02
-3.188616070105998457e-01
-5.136221609282556333e-01
-6.555782202526676539e-01
-7.306802788064254983e-01
-7.320603563445993167e-01
-6.593850590920580235e-01
-5.232324694353716055e-01
-3.355329852601949270e-01
-1.169565470628598503e-01
1.102699276038379139e-01
3.233751363548054147e-01
5.021120169236716890e-01
6.283293580791029509e-01
6.894274547580812040e-01
6.834383086803816898e-01
6.103873825922374596e-01
4.781276413605630715e-01
2.995902244752794985e-01
9.468352009504998890e-02
-1.174683696276093148e-01
-3.144921221942741374e-01
-4.773354262390976377e-01
-5.931947912603111606e-01
-6.505868130544074646e-01
-6.439594311011775929e-01
-5.741662427834626214e-01
-4.508306403998701972e-01
-2.843875005563796243e-01
-9.216351058551652820e-02
1.069288742387113356e-01
2.934724803221582246e-01
4.501635272940638366e-01
5.610983576936299233e-01
6.153634018634175362e-01
6.113417147801001317e-01
5.487219801097438232e-01
4.333447407791035655e-01
2.759072455343440922e-01
9.320120670909037841e-02
-9.821699455459587114e-02
-2.783822642438495976e-01
-4.300544086475175387e-01
-5.408973496255315982e-01
-5.999409655783295436e-01
-6.004429483041767712e-01
-5.418187542849592919e-01
-4.324655483265287259e-01
-2.812688354136003710e-01
-1.032900737031154925e-01
8.420473142274631506e-02
2.628258068743045683e-01
4.161380287868394756e-01
5.283470082224577258e-01
5.882215482884218805e-01
5.927556344079789596e-01
5.405041217697019729e-01
4.359677465238838145e-01
2.887143780129275417e-01
1.146993347220406356e-01
-7.092046716883848578e-02
-2.494068336292870613e-01
-4.035480999095667487e-01
-5.200642985413850283e-01
-5.873411778948565143e-01
-5.973877678349603926e-01
-5.483088380365050973e-01
-4.474215641984871095e-01
-3.027116572107779735e-01
-1.277247085636703527e-01
6.116102986525140395e-02
2.447620806041646002e-01
4.058574603294569094e-01
5.271170507720215337e-01
5.958694844283467518e-01
6.076367456524782718e-01
5.597872245044637207e-01
4.559789403529364016e-01
3.052466633593620138e-01
1.238987699702820411e-01
-7.230282635490647980e-02
-2.631992431859168091e-01
-4.295482894651952988e-01
-5.552990079517956534e-01
-6.275850928747574997e-01
-6.375905285316981752e-01
-5.825993927094870184e-01
-4.705533875707127445e-01
-3.103481862344791287e-01
-1.177233795764486279e-01
8.872726421176935219e-02
2.874845620514800970e-01
4.593925374417444640e-01
5.856197962216243003e-01
6.525298710045315254e-01
6.555434793929457715e-01
5.925335238149562755e-01
4.690528822337605153e-01
2.962838578112516608e-01
9.357444149518023835e-02
-1.208998276909689640e-01
-3.245902909814328829e-01
-4.964886023142659477e-01
-6.199646204233477675e-01
-6.818246841415571691e-01
-6.747777357838420365e-01
-5.979378963565875615e-01
-4.609388782338377233e-01
-2.749607196262584541e-01
-5.939591360069540471e-02
1.644706377856108848e-01
3.731250457809882626e-01
5.458827128185348432e-01
6.634690013796777919e-01
7.126604425343319171e-01
6.910346967992591072e-01
5.986736708924569328e-01
4.442903749384132794e-01
2.420120818652049532e-01
1.426878516901375349e-02
-2.174032859297556630e-01
-4.275120611698790540e-01
-5.941309038616182647e-01
-7.015912390189790182e-01
-7.377078949942567077e-01
-6.979617890705004379e-01
-5.847764550303720110e-01
-4.118814302450745091e-01
-1.941987808207885635e-01
4.424512192689844525e-02
2.787540031484059266e-01
4.847107208239906928e-01
6.411831470507793895e-01
7.308266163233809731e-01
7.429722132406693103e-01
6.795022113427169330e-01
5.448721673686656164e-01
3.529779744154917243e-01
1.224207354510440382e-01
-1.207669638418519265e-01
-3.526193728786571890e-01
-5.472920114710433381e-01
-6.842117957903889325e-01
-7.519545742058159066e-01
-7.419227610837231257e-01
-6.548431088245671994e-01
-4.984942473902502780e-01
-2.915672244472484742e-01
-5.294325907267971587e-02
1.912418997169105239e-01
4.153875887007918433e-01
5.961297064055570694e-01
7.146826040770062338e-01
7.581275471456707660e-01
7.204403079822512268e-01
6.093780420375873863e-01
4.345586349936056969e-01
2.144687783350778254e-01
-2.898552208260185559e-02
-2.687099661277587703e-01
-4.804799813772367978e-01
-6.407614741016627313e-01
-7.320923308580932209e-01
-7.481455360273279176e-01
-6.857541615816495906e-01
-5.518006373118695684e-01
-3.591858132858476438e-01
-1.308435233051601365e-01
1.115121595358159468e-01
3.414503913873558893e-01
5.342460812872216191e-01
6.704125899386905729e-01
7.355176558908262940e-01
7.232463381552640680e-01
6.335981179194194457e-01
4.787519201678140934e-01
2.725864898728311836e-01
3.888380297972027222e-02
-1.976487958325618965e-01
-4.117760544157457181e-01
-5.816985650566126598e-01
-6.889239622232745663e-01
-7.214506153735440463e-01
-6.798433479950400926e-01
-5.671223116871055847e-01
-3.958756906678539966e-01
-1.834062342443064653e-01
4.543710495003172589e-02
2.677213617190605799e-01
4.585177116461427449e-01
5.977893381820054142e-01
6.743367943444706913e-01
6.793123991786667037e-01
6.126747889419092985e-01
4.810426048203158000e-01
3.013722310028574825e-01
9.059135052005817812e-02
-1.276070335621206642e-01
-3.298839610894057639e-01
-4.952191958474045919e-01
-6.066040313506866344e-01
-6.524467342367690215e-01
-6.272260759078045478e-01
-5.377415736441488736e-01
-3.921875884034105031e-01
-2.068028652883711072e-01
-7.658786548937479566e-04
2.027070350353021855e-01
3.829122704274365852e-01
5.198412492690154263e-01
5.987900761832789520e-01
6.152209297073034655e-01
5.667190339314147618e-01
4.591763925331047158e-01
3.036467147508101760e-01
1.193565682414554630e-01
-7.578271634764810472e-02
-2.601609495598842248e-01
-4.138407261828728201e-01
-5.221014290414844883e-01
-5.738150914729942542e-01
-5.644125208726251675e-01
-4.945927880192926285e-01
-3.748220918142374236e-01
-2.162684034168472769e-01
-3.775721199286652396e-02
1.411467899956240224e-01
3.014626305331373768e-01
4.269619097560188870e-01
5.041581986257830383e-01
5.247304204548315365e-01
4.907494170874175943e-01
4.053194153162338331e-01
2.781884879728870885e-01
1.228816710539297752e-01
-4.196693422552288943e-02
-1.996287368275985186e-01
-3.322394550710543459e-01
-4.259039135393291042e-01
-4.744568666487173347e-01
-4.725567858244550390e-01
-4.209191319188950731e-01
-3.253986097051194681e-01
-1.988914696123340597e-01
-5.346406524053470832e-02
9.438898626235325828e-02
2.283646039913145298e-01
3.350522212360904639e-01
4.038602899789955902e-01
4.282184642368063177e-01
4.057173294391633878e-01
3.420858879633361660e-01
2.433323030984297919e-01
1.210046436754717014e-01
-1.146607793172449430e-02
-1.393995480671297305e-01
-2.498903188208345671e-01
-3.305206260695410236e-01
-3.728407981342500843e-01
-3.762350440435354715e-01
-3.402666000852818673e-01
-2.690489121078449841e-01
-1.704533595320950612e-01
-5.694909522366575771e-02
6.018890067187032678e-02
1.674682436756556037e-01
2.533078654531619733e-01
3.109618775059366236e-01
3.346858299545378834e-01
3.223141907071949142e-01
2.756109660650147841e-01
2.020700806042545761e-01
1.085227624298372717e-01
6.078802670169913824e-03
-9.345069313576648273e-02
-1.799245781860396853e-01
-2.449281096994173623e-01
-2.814076941878708160e-01
-2.856867270064213926e-01
-2.607521531976141338e-01
-2.091189485792314118e-01
-1.367805178062349025e-01
-5.219887317161486795e-02
3.446786519827194084e-02
1.144915647587019247e-01
1.784579246463027236e-01
2.197236579340544615e-01
2.373204826477190998e-01
2.295091137400411263e-01
1.970538691891068339e-01
1.442403474835562971e-01
7.870191535071158206e-02
6.622517005577144289e-03
-6.362768700453080850e-02
-1.239847719721376418e-01
-1.695365953985701335e-01
-1.960309340428330049e-01
-2.007639633018312164e-01
-1.838276199351943641e-01
-1.492948257374155929e-01
-1.002705021376137928e-01
-4.244139054929785271e-02
1.723392006505131135e-02
7.251719844289672423e-02
1.181571863646448950e-01
1.487743682232831599e-01
1.614282429619038339e-01
1.577583972411948920e-01
1.381595126145589436e-01
1.044617797753377708e-01
6.094464085575235224e-02
1.317839844832335849e-02
-3.423873832834045672e-02
-7.534025959990098276e-02
-1.056537276975307860e-01
-1.244050630786788236e-01
-1.299370252999695330e-01
-1.211927536064664190e-01
-9.978733354650448639e-02
-6.962720922024279169e-02
-3.331537610881707412e-02
4.849904272640648273e-03
4.008294679890900269e-02
6.950660880476888792e-02
9.053025893315180817e-02
1.001176923047815137e-01
9.746892296679154910e-02
8.506647376203724242e-02
6.390637175820157445e-02
3.646507717220659472e-02
6.767095066513739710e-03
-2.190412183682699521e-02
-4.699157626952721323e-02
-6.517940164839275408e-02
-7.466124067228241401e-02
-7.642480899109926895e-02
-7.022345690896580894e-02
-5.639082876070677930e-02
-3.738845168911142380e-02
-1.647505943786486959e-02
4.650915862955962155e-03
2.352504588257020579e-02
3.794085438389727116e-02
4.795076397503539312e-02
5.258695854276806969e-02
5.065817067276978669e-02
4.303523150533661301e-02
3.183552936984024306e-02
1.791275606524944664e-02
2.823923562082830685e-03
-1.134290420556460788e-02
-2.349514082915771240e-02
-3.257062984873237976e-02
-3.723926784679643109e-02
-3.739448895484320801e-02
-3.433733019152052091e-02
-2.819816417112008811e-02
-1.935413660296525507e-02
-9.260246599221422237e-03
7.796888141049507226e-04
9.969035939485726416e-03
1.722904087422927333e-02
2.193622558863594918e-02
2.449911305603746925e-02
2.462834469314478802e-02
2.198300954203480373e-02
1.722313039994638473e-02
1.138090700834681890e-02
4.889416027249016139e-03
-1.612525243779194817e-03
-7.389201596494809898e-03
-1.223276124526584407e-02
-1.569248199879846872e-02
-1.702945660445065457e-02
-1.623732403685274051e-02
-1.396755563125506860e-02
-1.039628165286077266e-02
-6.032462008764505335e-03
-1.644988004328884479e-03
2.332177489741349419e-03
5.527356083943502085e-03
7.435926190620278931e-03
7.873614378728799323e-03
7.109223901814676339e-03
5.209907763976451278e-03
2.545465371312172209e-03
-2.369715859554810677e-04
-2.571433344878082394e-03
-4.277271952586758630e-03
-5.288002538619496207e-03
-5.548950485361747731e-03
-5.320402943349344937e-03
-4.602215367372264332e-03
-3.448056948733735361e-03
-2.215174853564705337e-03
-1.235458237272113458e-03
-5.700983426352168593e-04
-1.951646626028313847e-04
-8.638672628191734759e-05
-5.362429308131133610e-05
-1.187924411549801107e-04
-3.374231909757385850e-04
-5.808344361135642231e-04
-7.446605651002524695e-04
-8.157959967748373842e-04
-8.026738095409102769e-04
-7.325424945568981272e-04
-6.868051761147464518e-04
-6.528566874538510589e-04
-5.941373731865873253e-04
-5.408319151839480199e-04
-5.117502223991321486e-04
-5.084176847470756044e-04
-5.337298114250765835e-04
-5.770054914014943748e-04
-6.134738294153452287e-04
-6.462229123670448772e-04
-6.849850400144630314e-04
-7.247212114156464935e-04
-7.663973059121031994e-04
-8.082963922697583570e-04
-8.445797059610793411e-04
-8.760241977600058405e-04
-9.067227384010889679e-04
-9.361209708578233091e-04
-9.644733371495517460e-04
-9.920342792956171607e-04
-1.019058239315473458e-03
-1.045799659228463518e-03
-1.072512981053708181e-03
