-3.163925136407106375e-01
-3.599435566831462596e-01
-3.575845578592096174e-01
-3.174487891028138220e-01
-2.476695223478716512e-01
-1.563800295282961050e-01
-5.171358257800018343e-02
5.819654656910433488e-02
1.605518764229216799e-01
2.495978839174179953e-01
3.181719505895246325e-01
3.576950963065037570e-01
3.622757101255920098e-01
3.323712660973943134e-01
2.693414554215791679e-01
1.783795749019843058e-01
6.696802065646290103e-02
-5.359771710057636973e-02
-1.724668583211809159e-01
-2.764476892548948239e-01
-3.547032576863755615e-01
-4.002633313119905445e-01
-4.073170377786640151e-01
-3.731214527596445896e-01
-2.995762107084184445e-01
-1.945225862856282406e-01
-6.593122649754923348e-02
7.287753414821596110e-02
2.077271041556860709e-01
3.247319043977077158e-01
4.121386368261530375e-01
4.591899371759011750e-01
4.595571378061635848e-01
4.145045299618153045e-01
3.264053420950419060e-01
2.027536501839897198e-01
5.477771757654203988e-02
-1.013776868021774025e-01
-2.509049476010620783e-01
-3.768051512101588951e-01
-4.656594106924610843e-01
-5.097215369501524318e-01
-5.026548369831371765e-01
-4.433893131986129665e-01
-3.363730237922867294e-01
-1.934705172596545841e-01
-2.668592910127853823e-02
1.462738017745979224e-01
3.075305116970550312e-01
4.399236561502197773e-01
5.294751086489541958e-01
5.650641550576747107e-01
5.410019507115422233e-01
4.617149618938782840e-01
3.330402985662435089e-01
1.673685137329652406e-01
-1.955219214737002886e-02
-2.069445093630593036e-01
-3.760252366745334696e-01
-5.071290106108372608e-01
-5.853915068458597215e-01
-6.040164953441344853e-01
-5.589253321866768376e-01
-4.538037339654577007e-01
-2.978086089104130529e-01
-1.089492961310882801e-01
9.550026526187749276e-02
2.931910766325211970e-01
4.627235083790199877e-01
5.858528816950598905e-01
6.488992825951682697e-01
6.442942446790418387e-01
5.703234648851360777e-01
4.363314611675097598e-01
2.534800964273380419e-01
4.211758657430819675e-02
-1.759639902568239656e-01
-3.769241106233289784e-01
-5.399984316200074907e-01
-6.464461521591715609e-01
-6.835975275805538098e-01
-6.498011636508657096e-01
-5.463300837095448337e-01
-3.839474231048342068e-01
-1.782404418871802454e-01
4.690267880010523527e-02
2.691932541180050986e-01
4.633918802796750391e-01
6.085057780830576135e-01
6.908811133132057858e-01
7.002256650155525008e-01
6.351317304359802574e-01
5.008505809685355192e-01
3.137824391202412855e-01
9.107985067341983765e-02
-1.422138436820312712e-01
-3.613750098537285016e-01
-5.426571998999998314e-01
-6.666841971985761894e-01
-7.193759965348318630e-01
-6.933638210071039198e-01
-5.947460159338204821e-01
-4.318806452642619531e-01
-2.224460523481859298e-01
1.254836670487868844e-02
2.461810719878294584e-01
4.543109921277257435e-01
6.131952159952271941e-01
7.049816236128414459e-01
7.225559298935007035e-01
6.623748086124625623e-01
5.313964756911861986e-01
3.422997327871519779e-01
1.181412053880068758e-01
-1.192295578758765240e-01
-3.432277123238096639e-01
-5.291597082084227299e-01
-6.574973861191549807e-01
-7.140916603689020370e-01
-6.935433300076452312e-01
-5.965700500503323678e-01
-4.363856962671543993e-01
-2.278528437575237930e-01
4.388464970591643421e-03
2.352752386024694609e-01
4.394156684338856866e-01
5.952758090526668600e-01
6.856342283257261805e-01
6.998055440987243081e-01
6.401264190091977557e-01
5.115297361426516254e-01
3.289831101769196131e-01
1.113910778145543734e-01
-1.152705876532514884e-01
-3.274750275671813871e-01
-5.009866572296002296e-01
-6.168732483117254084e-01
-6.660072909524703544e-01
-6.421084620026606959e-01
-5.487648995323518575e-01
-3.955288998320122262e-01
-2.022432040684082333e-01
1.188699288277339505e-02
2.220854032291974534e-01
4.050422834502198643e-01
5.414872811836264344e-01
6.167535280504961026e-01
6.240028704780999913e-01
5.619160525797670669e-01
4.404811167215696432e-01
2.713112868948652778e-01
7.519523315505294292e-02
-1.262688627819806841e-01
-3.103502513441387389e-01
-4.574745149707212244e-01
-5.511521630336343458e-01
-5.806873895188803258e-01
-5.471471356627927163e-01
-4.534605944773547614e-01
-3.112506926491767079e-01
-1.358147233579342084e-01
5.110285755198407109e-02
2.295428256150746638e-01
3.783498610391597961e-01
4.809918944243853911e-01
5.294699288979460849e-01
5.180786161550976487e-01
4.494553362206006319e-01
3.312732928983190828e-01
1.801729592179406314e-01
1.173489630745461199e-02
-1.538406105935633539e-01
-2.973531188891777033e-01
-4.034859926408864705e-01
-4.607836384630698001e-01
-4.641603009772948818e-01
-4.131018944422003569e-01
-3.168096445414467777e-01
-1.851499939685470331e-01
-3.561547997823166778e-02
1.139553117066167687e-01
2.460897621402144964e-01
3.461814991895324489e-01
4.028266722672944056e-01
4.093619472339686816e-01
3.692052223802577693e-01
2.865581316865211114e-01
1.723048859989961823e-01
3.992931641849950530e-02
-9.297670628284826488e-02
-2.113408162398586754e-01
-3.004354359475391867e-01
-3.496925823813953338e-01
-3.570381406978306860e-01
-3.211729365691722293e-01
-2.472784147536636334e-01
-1.442919643210885949e-01
-2.716951194088834676e-02
9.112644045055207087e-02
1.955258713583007957e-01
2.726333580472963813e-01
3.143347974339441020e-01
3.155804214048560929e-01
2.774118802978342568e-01
2.040802603802704951e-01
1.071005374706732738e-01
-2.887391000618855230e-03
-1.109785669600783509e-01
-2.030289026355336368e-01
-2.677657765992393912e-01
-2.969856753723122411e-01
-2.873178441434044439e-01
-2.390499265223705594e-01
-1.601017573985261677e-01
-5.844735646123710993e-02
5.182558388225433355e-02
1.565860529028675341e-01
2.422148134570019096e-01
2.978790134561561942e-01
3.157082906546027079e-01
2.920729999091751239e-01
2.316438747334330639e-01
1.396580623866587878e-01
2.796452685512496039e-02
-9.014239273480839643e-02
-1.989156798105764512e-01
-2.850806236898146828e-01
-3.360453888081578189e-01
-3.438801601874623692e-01
-3.093581040273539751e-01
-2.342808842848890238e-01
-1.269587714134515766e-01
1.105579164607517484e-03
1.327592603681948535e-01
2.531433863558685271e-01
3.459396955594846723e-01
3.983561590482407322e-01
4.044835934544208644e-01
3.612394941852228314e-01
2.726874973964901194e-01
1.470102046405770135e-01
4.965582186842176782e-04
-1.519492772674079228e-01
-2.911975138974163269e-01
-3.997334364080965541e-01
-4.639925554898218785e-01
-4.748111185975970594e-01
-4.297148190967990944e-01
-3.310645966716999622e-01
-1.911467323591726775e-01
-2.283971168704457266e-02
1.534454525487913834e-01
3.174753228242912506e-01
4.492330897423526537e-01
5.327797147055841620e-01
5.560858908085464236e-01
5.133691264068174220e-01
4.111582936401114718e-01
2.576834796316811449e-01
7.024640455149122609e-02
-1.313926655133734744e-01
-3.226650890805411453e-01
-4.822615281455950864e-01
-5.897616053257888069e-01
-6.308346417044436993e-01
-6.019232888188110753e-01
-5.029071944594695198e-01
-3.441146374986417955e-01
-1.409027532273016137e-01
8.168527020012450457e-02
3.010909028225772222e-01
4.913821332860472957e-01
6.298736752629661151e-01
7.008975578349672109e-01
6.942186015426103918e-01
6.097676200690240744e-01
4.537545550852335463e-01
2.450053697993879176e-01
3.185687510230739150e-03
-2.432758044188639834e-01
-4.670798750878555339e-01
-6.423486796545943012e-01
-7.486485568620486752e-01
-7.726708075919735963e-01
-7.086309586036898533e-01
-5.657210930021024931e-01
-3.559454999601024960e-01
-1.029100794756895310e-01
1.673246772222762857e-01
4.231081237725671240e-01
6.367230133171393192e-01
7.824482281252693738e-01
8.420958747312778936e-01
8.110572859028726267e-01
6.892769270231366985e-01
4.900139752660233050e-01
2.323228153836220944e-01
-5.303870084438722099e-02
-3.372194659929005356e-01
-5.872650259532250505e-01
-7.746801841304309377e-01
-8.792416209439333219e-01
-8.873514326921861928e-01
-7.981445734351595434e-01
-6.182416982513987413e-01
-3.697465097136922729e-01
-7.614960512546353755e-02
2.286387395629505548e-01
5.116747548862194961e-01
7.410685208670295676e-01
8.911373870892660420e-01
9.441320534592918534e-01
8.911877063275155386e-01
7.416455079413566409e-01
5.084186808670176916e-01
2.180515711143216073e-01
-9.967318714627526610e-02
-4.077875019541002954e-01
-6.734806905804600063e-01
-8.659839722439712784e-01
-9.625932911851451390e-01
-9.553535698657997788e-01
-8.420568039081175460e-01
-6.360357905226126096e-01
-3.573309775227251350e-01
-3.976451393485935792e-02
2.849498652298336765e-01
5.800722436888083866e-01
8.126527295308048071e-01
9.580059723674267946e-01
9.988924663846892038e-01
9.318987366635753666e-01
7.616939426638134059e-01
5.098539261316104021e-01
2.002493525759267978e-01
-1.311038800024498796e-01
-4.488430588164996626e-01
-7.177001604947321756e-01
-9.084652367555834385e-01
-1.000000000000000000e+00
-9.802995669169850546e-01
-8.558856356161541612e-01
-6.374068183832249934e-01
-3.500175213297133103e-01
-2.293594817481159343e-02
3.057661024417379636e-01
6.015300207070284344e-01
8.306294041998578681e-01
9.672750821263047527e-01
1.000000000000000000e+00
9.230612545394345503e-01
7.463486919368409467e-01
4.870147180053836511e-01
1.769486015054455574e-01
-1.529049982822090481e-01
-4.650768216995737614e-01
-7.252607839723301808e-01
-9.058624030062973898e-01
-9.866885936711762284e-01
-9.604423248657433243e-01
-8.279489101096967341e-01
-6.073924573324713805e-01
-3.197429919787247998e-01
7.459270255325556320e-04
3.196897481438740751e-01
6.017264409038258766e-01
8.168127281742263435e-01
9.416450138548002613e-01
9.614847819685647945e-01
8.789603650822366276e-01
7.010381942617938122e-01
4.491148994851295040e-01
1.492007354454323309e-01
-1.630496060171863215e-01
-4.550365602971593315e-01
-6.937700391262024979e-01
-8.531727443617511675e-01
-9.199313670739517335e-01
-8.855096162689525263e-01
-7.555334646297435786e-01
-5.430106118830304585e-01
-2.750325860844097248e-01
2.158623729620900988e-02
3.127442281463566065e-01
5.666514696604489920e-01
7.565716321764024421e-01
8.620333073560006998e-01
8.736335330876170424e-01
7.892445683811522006e-01
6.220918178529490916e-01
3.881953771440751488e-01
1.159255123485916084e-01
-1.654412693215037145e-01
-4.244701588613474241e-01
-6.338602586435747588e-01
-7.708658195334467944e-01
-8.201494771803699013e-01
-7.814109226007180942e-01
-6.578192031842583498e-01
-4.649570046442434990e-01
-2.230298490963339431e-01
3.869520339493104366e-02
2.927867343588912430e-01
5.100776635746506749e-01
6.670372840873941556e-01
7.503257210818585765e-01
7.504597319368297992e-01
6.694770892447914346e-01
5.159302381924393277e-01
3.106977763584335417e-01
7.444120077798954682e-02
-1.653110387464830078e-01
-3.821472635110115812e-01
-5.532129392267530754e-01
-6.605105835289042382e-01
-6.940711020418544042e-01
-6.500426470333974249e-01
-5.373582150465412433e-01
-3.670507715186909214e-01
-1.608983566482125038e-01
5.814495124474072796e-02
2.653532044446442750e-01
4.389733968674989217e-01
5.601141680011421098e-01
6.156790752899981012e-01
6.044303048030412739e-01
5.274139728884605915e-01
3.951658061205667316e-01
2.223669708246283072e-01
3.102714854827803848e-02
-1.585706677741408610e-01
-3.243386298962389613e-01
-4.483968199669661203e-01
-5.210069099073573184e-01
-5.343196009004864688e-01
-4.885955010186557868e-01
-3.894745305155576931e-01
-2.515955230383757346e-01
-8.914252467451067030e-02
7.826193600196118538e-02
2.316106600569016738e-01
3.548303956654912383e-01
4.351521358833390085e-01
4.654392368997648521e-01
4.428974084069108308e-01
3.737593390185767195e-01
2.651375483505264974e-01
1.313614184332057011e-01
-1.206498220104790242e-02
-1.486148651754820582e-01
-2.638329345046351859e-01
-3.448431781922157713e-01
-3.830286370555183728e-01
-3.786913082603163838e-01
-3.326303658768948734e-01
-2.513620687373395723e-01
-1.445511605247592479e-01
-2.643062605202384230e-02
9.008872141346957463e-02
1.908052425249153750e-01
2.645299365491913246e-01
3.062724207150637756e-01
3.118163028151510474e-01
2.818711807861471463e-01
2.207697901020997389e-01
1.385582912657170596e-01
4.402038581408396212e-02
-5.102225182406538995e-02
-1.348775507399473383e-01
-1.988378104484156417e-01
-2.363583114382987738e-01
-2.442246808333824459e-01
-2.220552497142744830e-01
-1.752964061610062796e-01
-1.090324129831140576e-01
-3.296233086967015335e-02
4.278448299256565335e-02
1.093849032905418461e-01
1.595629666144564585e-01
1.877257222600534625e-01
1.909859077915523340e-01
1.719015071169116560e-01
1.326627342656678810e-01
7.921938517180260320e-02
1.903377080624601980e-02
-3.944555440442076844e-02
-8.939962083230590384e-02
-1.240938025418538704e-01
-1.393805028124539547e-01
-1.366435851928332612e-01
-1.161435113308046940e-01
-8.057183504518317108e-02
-3.503576118863427347e-02
1.322824716644044329e-02
5.848595966868996854e-02
9.405471409694654561e-02
1.148103335267298686e-01
1.198365207119256315e-01
1.083775914479889746e-01
8.190432910879574813e-02
4.395504391186122461e-02
9.390451945181510496e-04
-4.238274632639316142e-02
-7.983752649586017824e-02
-1.055794705531308830e-01
-1.168026615123848311e-01
-1.119132586136237784e-01
-9.131832998572630977e-02
-5.727746265852395879e-02
-1.531587505618914324e-02
3.031070314515194042e-02
7.320770728857861620e-02
1.069329249737307475e-01
1.272138077799265243e-01
1.312565781396553000e-01
1.179434358545217165e-01
8.821676338652695293e-02
4.655455754451343076e-02
-3.354931985553810669e-03
-5.484299338352327524e-02
-1.008799445005124085e-01
-1.356563746047004804e-01
-1.548100495791453479e-01
-1.549307291556729638e-01
-1.350958736778156144e-01
-9.864296571925879054e-02
-4.833487123151603004e-02
1.004383021666854781e-02
6.949467162107048068e-02
1.226029382235189757e-01
1.633160947231249160e-01
1.853056994367752175e-01
1.851174122397993838e-01
1.645769247034825078e-01
1.248752223522406890e-01
6.943807819724590047e-02
4.186878117679926348e-03
-6.242185199775995841e-02
-1.234375126616384932e-01
-1.707218999460585751e-01
-1.980676066093119969e-01
-2.035195143209186375e-01
-1.856316531167017114e-01
-1.454797141347061729e-01
-8.697878992007757049e-02
-1.784467174187331917e-02
5.556654435354468902e-02
1.245710179193613154e-01
1.805424471797707486e-01
2.172927050090438517e-01
2.305423894567137921e-01
2.180883131255408891e-01
1.804354552737241768e-01
1.227338817212622057e-01
4.979642833934616597e-02
-2.950395429436725170e-02
-1.057352876324889612e-01
-1.704293287490961095e-01
-2.166835163702138800e-01
-2.383809092859990875e-01
-2.324774962072693185e-01
-2.016271912842767522e-01
-1.481939105108397436e-01
-7.760054997706389290e-02
2.434807695572471786e-03
8.204089346508225411e-02
1.529679197756208531e-01
2.062738228466032275e-01
2.357974229994341808e-01
2.406608441957309719e-01
2.195673216691387264e-01
1.739678513636948587e-01
1.086935861661877389e-01
3.220226725298536152e-02
-4.831969778189770803e-02
-1.234024216392667350e-01
-1.841825927050207978e-01
-2.247376627553906436e-01
-2.406556726645208144e-01
-2.300513400794801377e-01
-1.937921310279976383e-01
-1.371014895029653013e-01
-6.483534313392058657e-02
1.453294346696432093e-02
9.185884023828561062e-02
1.588012093019401938e-01
2.084818841492337427e-01
2.347076219416974752e-01
2.342814431243360751e-01
2.096843455688135460e-01
1.628996554251616047e-01
9.861211995648466733e-02
2.379629299453989155e-02
-5.259299014883067613e-02
-1.227272094734367380e-01
-1.778204351418867235e-01
-2.117090390137293943e-01
-2.230812936328069318e-01
-2.103398857372738018e-01
-1.743283182840081880e-01
-1.190318907535058424e-01
-5.193417851693349352e-02
2.075410353696516275e-02
9.066886107285121454e-02
1.496230594827718807e-01
1.920425581986358043e-01
2.136359379739101172e-01
2.117754562223528314e-01
1.865212678159047233e-01
1.422581457698119944e-01
8.280473503812535441e-02
1.539632705683469105e-02
-5.187938012505599605e-02
-1.118724696102864069e-01
-1.586215343844311620e-01
-1.865246258577053506e-01
-1.925421411665120264e-01
-1.784957921591544538e-01
-1.455859595092385828e-01
-9.716174734068006025e-02
-3.889386251210935619e-02
2.179142032344616453e-02
7.885039852606690047e-02
1.253133696413828435e-01
1.561467619550436225e-01
1.705968370098907005e-01
1.670424760965043554e-01
1.453583493927201875e-01
1.083503079433363325e-01
6.137804105881961014e-02
8.693234024844231911e-03
-4.343918905416588316e-02
-8.876519028245266618e-02
-1.232422626740100613e-01
-1.435906377363427300e-01
-1.474717616174828771e-01
-1.347157825194770231e-01
-1.084742763878110416e-01
-7.097780043532642136e-02
-2.643188727619483203e-02
1.974398159908630213e-02
6.257353567875800771e-02
9.792723381783119407e-02
1.213583314922481726e-01
1.304698825707455434e-01
1.266247319391438086e-01
1.100803757370298896e-01
8.221810277621921514e-02
4.653344386759528106e-02
7.631631157961615841e-03
-3.081579627127806198e-02
-6.393480010317198481e-02
-8.799055413985057417e-02
-1.023238238989081506e-01
-1.056277916914567516e-01
-9.704684372060035091e-02
-7.796965884803253033e-02
-5.174376643417510913e-02
-2.058682859061111703e-02
1.180214935348233851e-02
4.132881175254055073e-02
6.555992796388809829e-02
8.232465821303991405e-02
8.906207164264978715e-02
8.516951703773689708e-02
7.287721819860593087e-02
5.313647094185691699e-02
2.824291705642156813e-02
1.797076800364783011e-03
-2.328588361309047450e-02
-4.474913806958835671e-02
-5.970488253254857547e-02
-6.662878755438950140e-02
-6.648213686167969705e-02
-5.916495765795493078e-02
-4.517696054970465891e-02
-2.684773412225993638e-02
-7.118654613627928285e-03
1.240398693788224982e-02
2.936556261433431736e-02
4.176907562383180839e-02
4.975695210933017698e-02
5.254426680724910703e-02
4.921422042137879593e-02
4.069289349437354986e-02
2.898526337226381422e-02
1.500229788973084233e-02
3.704041541952030059e-04
-1.292538088484984637e-02
-2.394872856325602761e-02
-3.172030106726753118e-02
-3.502322147935432728e-02
-3.387084634256032345e-02
-2.961240753836813511e-02
-2.247811641022956497e-02
-1.299892016133930017e-02
-2.663741923117024513e-03
7.297708747408648833e-03
1.608380743154569359e-02
2.260401183965088379e-02
2.631351397357728494e-02
2.772807188593828798e-02
2.664712374608413370e-02
2.288430181795231277e-02
1.721656160698792348e-02
1.069938145630078274e-02
3.824288512818796448e-03
-2.685534066783290541e-03
-8.109467150517524203e-03
-1.234282994386826093e-02
-1.498567493403679673e-02
-1.543498059726367000e-02
-1.382992616326350621e-02
-1.087999463208089157e-02
-6.804002430966904491e-03
-2.081246037224593337e-03
2.559990003210499410e-03
6.715373514544431544e-03
9.997497642904029647e-03
1.181546100686858836e-02
1.199382163696549597e-02
1.089718787746440931e-02
8.611073933091351051e-03
5.541893865958602561e-03
2.361500791423276624e-03
-4.262869697112536826e-04
-2.590339772048033673e-03
-3.945732213702757285e-03
-4.387976356612366402e-03
-4.126252662290497142e-03
-3.178052252402085998e-03
-1.694818486191240758e-03
-1.084602896770370251e-04
1.159565724907274387e-03
2.028012531372525018e-03
2.536132653369715939e-03
2.698328310947406550e-03
2.735391893789795859e-03
2.624828226430508948e-03
2.310029358328247184e-03
1.960637552977706477e-03
1.720179794350240599e-03
1.606538443907901126e-03
1.604965307493211313e-03
1.682924786413630969e-03
1.735645505747340778e-03
1.778946101332223861e-03
1.859239103748633326e-03
1.934298540796186572e-03
1.975861827390401615e-03
1.981793713641044619e-03
1.949794504388480121e-03
1.894081681660164662e-03
1.848480464340385154e-03
1.808632022195721945e-03
1.760669183084928591e-03
1.711743201322279972e-03
1.661131977258145653e-03
1.610895004411583287e-03
1.568214330487593955e-03
1.531605258148216464e-03
1.495183246341236227e-03
1.460321551364218706e-03
1.426722157319204598e-03
1.394087048308456644e-03
1.362118208433793498e-03
1.330517621797699945e-03
1.298987272501550549e-03
