-3.241341000969188979e-02
5.329831862896239336e-02
1.056684674576446881e-01
1.295831789801829004e-01
1.299285957004043812e-01
1.115908601221369256e-01
7.945611474920832862e-02
3.841050208544616318e-02
-2.753199932123862048e-03
-4.291090977708766907e-02
-7.791369092463407142e-02
-1.005715263675773796e-01
-1.059701735272886580e-01
-9.539185542989903066e-02
-6.959180505232998026e-02
-3.415407275457571501e-02
4.462684196401944803e-03
3.950038812713052572e-02
6.665063002783311319e-02
8.096800400562442768e-02
7.882869776998768785e-02
6.153925834941520456e-02
3.076577857398787863e-02
-7.199641171582782384e-03
-4.510897366453070489e-02
-7.601230591319607655e-02
-9.596340910075751296e-02
-1.008904479227450413e-01
-8.839651557062477849e-02
-6.139600336000261560e-02
-2.216491623727223637e-02
2.251185816849243793e-02
6.456517415079932043e-02
9.682891283339212229e-02
1.149833295139000011e-01
1.144963543533454864e-01
9.340923709078507997e-02
5.568251978196703256e-02
4.217853275806149327e-03
-5.336987871629561564e-02
-1.078225557614624908e-01
-1.505493057560551851e-01
-1.759247881019729842e-01
-1.778337419212268067e-01
-1.535899935043437692e-01
-1.076079581026964105e-01
-4.321308196129813872e-02
3.127969132559660359e-02
1.051625575304815374e-01
1.671142384176835805e-01
2.092093422260954405e-01
2.224489301720629086e-01
2.019688379987480964e-01
1.517124296955956186e-01
7.494832075900692558e-02
-1.995268193396526613e-02
-1.210001247388624579e-01
-2.130147725086489752e-01
-2.848915810343426447e-01
-3.233500152722094123e-01
-3.196088482657777341e-01
-2.758068189395913583e-01
-1.943213155066213504e-01
-8.247957186120524753e-02
4.717118308026768680e-02
1.751407481744906569e-01
2.868131378436762358e-01
3.645136329631182281e-01
3.942159195815759798e-01
3.723903273660815749e-01
2.984687024741079497e-01
1.790712291759142261e-01
2.668318976865213799e-02
-1.360714708828486552e-01
-2.916262153797556378e-01
-4.176073682948323595e-01
-4.936086718549380636e-01
-5.083937837401617532e-01
-4.570194145387230789e-01
-3.437477507433973622e-01
-1.790988240300686041e-01
1.291410381009905350e-02
2.119485218395151804e-01
3.897859495970306121e-01
5.202581513836082028e-01
5.849227628995214978e-01
5.727073024251736477e-01
4.828465677304505377e-01
3.224034852220984959e-01
1.150524489959281471e-01
-1.178058408304776261e-01
-3.432688036201166915e-01
-5.300640624146868429e-01
-6.523274070220324017e-01
-6.922106959553850913e-01
-6.421945190379334534e-01
-5.041166765634850222e-01
-2.990063241608477140e-01
-4.724273582728755194e-02
2.154731760901023030e-01
4.541110759681472597e-01
6.358895251440694896e-01
7.361738469932845863e-01
7.391501018983945848e-01
6.398478358919057474e-01
4.544731545051206023e-01
2.003317808821769574e-01
-8.543120686767136096e-02
-3.653350013914994365e-01
-6.012278057417961286e-01
-7.626254089903272693e-01
-8.260294497670988001e-01
-7.795846556964339813e-01
-6.337842423405741776e-01
-4.012834257495881962e-01
-1.143601044266771005e-01
1.910983077315482337e-01
4.717261195544242280e-01
6.923032796261536781e-01
8.205425187304085100e-01
8.366900046863148255e-01
7.460624089942391457e-01
5.550989280963636308e-01
2.879771943603282036e-01
-2.359502751296926881e-02
-3.345344435273452932e-01
-6.070528905440260026e-01
-8.022762447124969221e-01
-8.917085474442235649e-01
-8.682824614337962821e-01
-7.307756755621781508e-01
-4.978282510645134495e-01
-1.960722285961992162e-01
1.296950336886890653e-01
4.416352029476775520e-01
6.969861444072376067e-01
8.591681391336480900e-01
9.085350492598052163e-01
8.356924171843800320e-01
6.517035729152038659e-01
3.759970299764527901e-01
5.010477180153860566e-02
-2.888116706931618261e-01
-5.934514916668297557e-01
-8.217578172912135548e-01
-9.443858008955517969e-01
-9.429029892779411393e-01
-8.185370468702264368e-01
-5.828189616141612461e-01
-2.724133105407761102e-01
7.819343057413763454e-02
4.191393632843882777e-01
7.044885525706021667e-01
8.963086848132209017e-01
9.677947831597442097e-01
9.100379709201971146e-01
7.260376248775484154e-01
4.459675885531817485e-01
9.999742785446463778e-02
-2.615010321459355636e-01
-5.905521305308438773e-01
-8.423290296601051441e-01
-9.828845196714917076e-01
-9.935968384956255228e-01
-8.689011259459127334e-01
-6.312476964653419564e-01
-3.050849206452940221e-01
6.087893111785458444e-02
4.186502101465312542e-01
7.186800008719143040e-01
9.215622842113855295e-01
1.000000000000000000e+00
9.403482801771967381e-01
7.564558421457243664e-01
4.657845729558187653e-01
1.126387196127247581e-01
-2.573729895202676587e-01
-5.924093628751376794e-01
-8.495123555928869585e-01
-9.925618848394571758e-01
-1.000000000000000000e+00
-8.798211864082470246e-01
-6.429433271740627731e-01
-3.240523657791785084e-01
3.704668438603175851e-02
3.879310398435129592e-01
6.842689341451941853e-01
8.842057995786571922e-01
9.597974182781197072e-01
9.108120294696204766e-01
7.403883684057503967e-01
4.740045247873923007e-01
1.447105239256565312e-01
-1.977789754362492269e-01
-5.122147091056624690e-01
-7.566351965883362229e-01
-8.972443998977107649e-01
-9.222097752470580501e-01
-8.274547776830138979e-01
-6.300664943224567605e-01
-3.540034119666179979e-01
-4.193680632998897373e-02
2.697304235861293087e-01
5.399564479877281276e-01
7.325192830767652818e-01
8.274098074972802142e-01
8.132604279698190108e-01
6.967455837050422485e-01
4.917783018907864179e-01
2.314790797811567824e-01
-5.474534643731054917e-02
-3.288391170134459252e-01
-5.552409000908332670e-01
-7.088278310522730941e-01
-7.719490101673504023e-01
-7.403479626854601037e-01
-6.177006621849355783e-01
-4.259754662303515405e-01
-1.855997689480654023e-01
7.112733459393782987e-02
3.117636769696847665e-01
5.083757113762452651e-01
6.388442535205054451e-01
6.880978135075235258e-01
6.496933233049484446e-01
5.350348042689689887e-01
3.551889029680752596e-01
1.345608894446270742e-01
-9.942536084315634071e-02
-3.183052449310137533e-01
-4.977948913373737572e-01
-6.149027324834448471e-01
-6.551113100993177785e-01
-6.209840047335821733e-01
-5.148345005207823899e-01
-3.484603832106243360e-01
-1.411591516757738640e-01
7.863038217440831978e-02
2.872467398888711720e-01
4.578194059991120834e-01
5.692339828291856918e-01
6.134908030143966240e-01
5.836598870095623948e-01
4.817179144636531962e-01
3.186998486385503870e-01
1.179664407893206146e-01
-1.003941660905248723e-01
-3.084008082193570033e-01
-4.790741113890413239e-01
-5.922282901146028733e-01
-6.338086880567588288e-01
-5.982283710096747420e-01
-4.877025190602769511e-01
-3.193409636850307320e-01
-1.093785059021293860e-01
1.138910812858811017e-01
3.217217345157343811e-01
4.878146828910163713e-01
5.917808314750108156e-01
6.193236220741968889e-01
5.649582120546698949e-01
4.394805490510331758e-01
2.540637327411165991e-01
3.431447605651083421e-02
-1.918576447989303047e-01
-3.944061821535915779e-01
-5.486643388610058514e-01
-6.323049250870274030e-01
-6.327310425928641680e-01
-5.561477741161698907e-01
-4.088415591099491264e-01
-2.098156084063893534e-01
1.659261348480733922e-02
2.383590536444251118e-01
4.289017167347668469e-01
5.610286298217561640e-01
6.162275717026250987e-01
5.938196713915211422e-01
4.943820587400451494e-01
3.306074339305160592e-01
1.221609933980238871e-01
-9.991153529365348618e-02
-3.104803041428546573e-01
-4.815394267223189750e-01
-5.893132822263902337e-01
-6.237283475141398581e-01
-5.797713286455719039e-01
-4.642271570655810420e-01
-2.902818818812509249e-01
-8.454594155464179028e-02
1.306927398499750925e-01
3.272129108891488336e-01
4.784810051480357096e-01
5.674924645466732365e-01
5.834212927559712103e-01
5.253683428605022687e-01
3.991644841350163730e-01
2.250324924758217993e-01
2.086506438616519965e-02
-1.861917227844425149e-01
-3.691177640126749315e-01
-5.063041216975033842e-01
-5.816411855276513165e-01
-5.856268281672709630e-01
-5.163767790817428427e-01
-3.865833447901526609e-01
-2.082610707181122844e-01
-6.208583607591910969e-03
1.934432971381350175e-01
3.665726912119511294e-01
4.934228034544276831e-01
5.571224633708236063e-01
5.488942320687921761e-01
4.755880724913530422e-01
3.433375165339358492e-01
1.679005472665719978e-01
-2.962823722550933514e-02
-2.228507623380302505e-01
-3.901292202366211104e-01
-5.087964771135700115e-01
-5.639179051528953046e-01
-5.558453183701860256e-01
-4.833868205674671792e-01
-3.532296925887931094e-01
-1.802779503251207283e-01
1.145602296856829128e-02
2.020719697675426030e-01
3.670450730169310116e-01
4.850336614695052173e-01
5.446620789099563265e-01
5.381938465028435203e-01
4.659160200668786000e-01
3.351584850133102478e-01
1.650026982581875856e-01
-2.808110852863865414e-02
-2.196514611921408511e-01
-3.852470541925515635e-01
-5.057827383530610899e-01
-5.672300042768265715e-01
-5.616807718815315376e-01
-4.883649327610182223e-01
-3.591717672255950733e-01
-1.853744578732378079e-01
1.078031125479461672e-02
2.051313550677467124e-01
3.742128135606876960e-01
4.987894817173770257e-01
5.611864541502311621e-01
5.521469242056908922e-01
4.783483251791909030e-01
3.454782591200324937e-01
1.679098304816211140e-01
-3.417883154763246001e-02
-2.344052774912326331e-01
-4.103094573765060371e-01
-5.372421882312052865e-01
-5.984695681779599319e-01
-5.917728360412106703e-01
-5.152204027732678604e-01
-3.758281496202149352e-01
-1.887801827004479405e-01
1.985659003312467696e-02
2.285644439402092498e-01
4.104415048959810797e-01
5.411797983203026075e-01
6.060985491403605430e-01
5.959535347211302181e-01
5.107859407851695899e-01
3.582948173649609380e-01
1.604198917508867783e-01
-6.321946832097569136e-02
-2.832353484456217041e-01
-4.707935319631754156e-01
-6.021815267705312724e-01
-6.603981906715954420e-01
-6.365062827542566914e-01
-5.302636567482604812e-01
-3.579948602487557086e-01
-1.358631916562282882e-01
1.057030614919494127e-01
3.354850418980330762e-01
5.229077073388743724e-01
6.440387698595357868e-01
6.802138583413936956e-01
6.231540105521640172e-01
4.840083490818505307e-01
2.750234043327208777e-01
2.626829841263278453e-02
-2.299143522697273401e-01
-4.577496745299680647e-01
-6.280591068454455250e-01
-7.149606498483065398e-01
-7.038112739315742772e-01
-6.014923507958011006e-01
-4.165501120614292230e-01
-1.745475372647173895e-01
9.370168834742753639e-02
3.472673378188153581e-01
5.536678587603145463e-01
6.818328488784062280e-01
7.112557883964960581e-01
6.443427065795448438e-01
4.857511710133679550e-01
2.574963872744009397e-01
-1.172450098027288945e-02
-2.795712694186893721e-01
-5.120407018075585626e-01
-6.746384075215337006e-01
-7.410612287123461428e-01
-7.057878615591717253e-01
-5.702916337316429329e-01
-3.556950133390167634e-01
-8.857620683246225646e-02
1.879074517175702841e-01
4.387733979781816007e-01
6.270518914167790836e-01
7.224892414432082521e-01
7.143013977255472380e-01
6.007072433031090952e-01
4.005315397090292162e-01
1.381580670327375859e-01
-1.434310365882024429e-01
-4.086352130214047085e-01
-6.178885248254946116e-01
-7.382584345887803767e-01
-7.551414708819227384e-01
-6.633800244127004975e-01
-4.786989906051094534e-01
-2.231533199157691438e-01
6.110003593061885674e-02
3.385462930605778187e-01
5.676987350077680183e-01
7.133873869971218973e-01
7.572687424688568925e-01
6.907236735446702358e-01
5.257477781465467181e-01
2.814509392669795051e-01
-1.815571147791628093e-03
-2.893994220053994759e-01
-5.385937065166152005e-01
-7.123894207469841922e-01
-7.885721518903593408e-01
-7.547224566937921209e-01
-6.181157679120881099e-01
-3.939426153493031935e-01
-1.194107601808040986e-01
1.728051990839385432e-01
4.397783920070363894e-01
6.432830437080903074e-01
7.572194719174432098e-01
7.650499873205680590e-01
6.682064156915910047e-01
4.767749873580195974e-01
2.231322364822367899e-01
-6.349605535740487916e-02
-3.413514702224380581e-01
-5.720129847083553765e-01
-7.259221717365553772e-01
-7.824659755568341701e-01
-7.364012538344728576e-01
-5.916662836040285089e-01
-3.740142414048935882e-01
-1.075621513133473428e-01
1.688494038311079137e-01
4.180692892243953462e-01
6.081654242136087518e-01
7.151052947394684889e-01
7.268249487096112293e-01
6.405978420645106475e-01
4.740233144920260600e-01
2.445072285891889408e-01
-1.418959599727487308e-02
-2.680866865779031327e-01
-4.845818386504373576e-01
-6.374833700741582287e-01
-7.079857651826458875e-01
-6.866397422956621588e-01
-5.831419577945196053e-01
-4.074302494618357029e-01
-1.846899610965567762e-01
5.685181500921387965e-02
2.855936786323909349e-01
4.748125023987721516e-01
5.994051204889199180e-01
6.435827208665056975e-01
6.108022811992024348e-01
5.037984552131622440e-01
3.359632953485149898e-01
1.274413088107582137e-01
-9.277809088678756755e-02
-3.001337033751081407e-01
-4.678052464405482169e-01
-5.750928862788704521e-01
-6.154463918808035228e-01
-5.837011256250844715e-01
-4.840626456176004844e-01
-3.283061886887878034e-01
-1.394059914548367862e-01
6.365920823243720328e-02
2.562464356893021655e-01
4.140062426150312724e-01
5.203264825745452793e-01
5.636270982627027415e-01
5.392875790365447841e-01
4.492805771015340177e-01
3.078231038288867794e-01
1.278753728435222392e-01
-6.818182695719010589e-02
-2.562870385770956716e-01
-4.147986757410224712e-01
-5.262373120537673366e-01
-5.749145351589354247e-01
-5.532983364371208967e-01
-4.693825662410570088e-01
-3.300844524064749930e-01
-1.515609384032471363e-01
4.507061446523574766e-02
2.348783576052417832e-01
3.967679253463252120e-01
5.082810555174830380e-01
5.547403013517808734e-01
5.358515425889540662e-01
4.513112513358208400e-01
3.093291810960574484e-01
1.260992664476878744e-01
-7.221281529239076402e-02
-2.648734890894696159e-01
-4.269798932104291733e-01
-5.369205279175819356e-01
-5.840013439278063379e-01
-5.609686049514301942e-01
-4.692727338104761836e-01
-3.182493044443026609e-01
-1.299672430241498589e-01
7.646903720612296951e-02
2.736448675403726494e-01
4.352576576828177668e-01
5.414561153434294116e-01
5.785586203356480883e-01
5.413094405018192834e-01
4.321133252648561296e-01
2.683002127953986182e-01
6.600385126072016995e-02
-1.467484371519890418e-01
-3.418292329519618811e-01
-4.940801497564409894e-01
-5.843517174822305815e-01
-6.002413246613363951e-01
-5.377772212560394394e-01
-4.085896106000175276e-01
-2.245030332740775014e-01
-1.206475857044730926e-02
2.008089278666709276e-01
3.856649768055624428e-01
5.195122997836645329e-01
5.830010313178719539e-01
5.661043016417945939e-01
4.764956970470266562e-01
3.218971002781891855e-01
1.236401868844452245e-01
-9.302920320271546029e-02
-2.975262599065399138e-01
-4.644964632637128554e-01
-5.690081228084344911e-01
-5.958023500496533176e-01
-5.486113524144542453e-01
-4.309269136873438155e-01
-2.578524435501732270e-01
-5.090731711706519835e-02
1.586779162526066322e-01
3.458472420749660881e-01
4.842765775301536291e-01
5.538813952114536310e-01
5.505291934148324184e-01
4.732546532301349362e-01
3.330959856134878549e-01
1.471788865384926481e-01
-5.543830029861551711e-02
-2.516343626264613276e-01
-4.150189365966616695e-01
-5.218385014624962182e-01
-5.606829513429394396e-01
-5.263010805604000364e-01
-4.248948154488544349e-01
-2.681800665935578643e-01
-8.122883986805984335e-02
1.150412121380748331e-01
2.936974025221361639e-01
4.295464386371561361e-01
5.067332690991770416e-01
5.154439671669919232e-01
4.557419254593204627e-01
3.339987549260681199e-01
1.706196646885160817e-01
-1.683138928556515701e-02
-2.021836379293521224e-01
-3.598679119625858291e-01
-4.704876712790673210e-01
-5.203102160654877739e-01
-5.032814367596942784e-01
-4.202960076799587830e-01
-2.864034531345260870e-01
-1.150636432074944038e-01
6.942355689296531018e-02
2.420796620492380313e-01
3.808917665990891877e-01
4.688960932035592943e-01
4.936636945328360948e-01
4.504827745769599545e-01
3.493062606620171984e-01
1.993486382651712407e-01
2.258003339516667651e-02
-1.571258138406849136e-01
-3.162664082815973554e-01
-4.356960815352921568e-01
-4.983141373426237530e-01
-4.949111878023535471e-01
-4.313734156811127596e-01
-3.128654503302971124e-01
-1.544525465442825318e-01
2.376714795488599208e-02
1.962851283394846380e-01
3.429214138453062777e-01
4.427345239504132390e-01
4.818653357339981458e-01
4.617116988134395417e-01
3.825195775399163889e-01
2.524684974215687383e-01
8.698275480242645408e-02
-8.991981064950327340e-02
-2.588243181814902094e-01
-3.966662268699356897e-01
-4.841467133161997394e-01
-5.129847877927238287e-01
-4.783094697190368727e-01
-3.836934829653135814e-01
-2.391990998882363995e-01
-6.612272242959804647e-02
1.178301066433560251e-01
2.883538159401268786e-01
4.220310061241396848e-01
5.025843878883282656e-01
5.192615648948195606e-01
4.688407688299933707e-01
3.550167984241787700e-01
1.944373053147785413e-01
2.276552859050928745e-03
-1.958375109251363488e-01
-3.739529165627305529e-01
-5.092758234352727786e-01
-5.845168168254398777e-01
-5.876630954922934524e-01
-5.151384203403142070e-01
-3.784422548355527161e-01
-1.890048879927889169e-01
2.897614291518246787e-02
2.486502305223963205e-01
4.407586996881858177e-01
5.814237941265312237e-01
6.479986501847359026e-01
6.282024227270177619e-01
5.291372436751764496e-01
3.580193313166957214e-01
1.339125834104319956e-01
-1.175941705514615965e-01
-3.609000177827123013e-01
-5.665743800823845877e-01
-7.037021368267026844e-01
-7.508726361649962211e-01
-7.049757970742914770e-01
-5.665882542592159954e-01
-3.515407299763645410e-01
-8.364187221213048584e-02
1.979655244673954595e-01
4.610947989754647924e-01
6.691075625500582102e-01
7.907012395665204973e-01
8.098625837031436792e-01
7.201775321564667376e-01
5.331087290221887542e-01
2.678255612065376656e-01
-3.640226355049469564e-02
-3.450479095515176509e-01
-6.146660561846851722e-01
-8.069864442674753446e-01
-8.965876165737838299e-01
-8.686972306950824230e-01
-7.273416572835365024e-01
-4.860355645047368389e-01
-1.820153495385216091e-01
1.505690428596493380e-01
4.642200796915085803e-01
7.158506025696633746e-01
8.721359891098194872e-01
9.107738712350790244e-01
8.278294175317171266e-01
6.301223921354186519e-01
3.504177726615549382e-01
1.995042132458380024e-02
-3.130242493810428961e-01
-6.034809337644819749e-01
-8.127510920342040368e-01
-9.128472349264648011e-01
-8.923999765261558803e-01
-7.513929462164741224e-01
-5.163402926948597038e-01
-2.134632995202773165e-01
1.115242233741771116e-01
4.147425464512730642e-01
6.554320346965956112e-01
8.025268546830413019e-01
8.386975055521570521e-01
7.579122092159025215e-01
5.797115895257753948e-01
3.240980188761282133e-01
3.178478474186996472e-02
-2.570734922153810054e-01
-5.030747762394692790e-01
-6.750646393730166395e-01
-7.522714737442209865e-01
-7.245245634756993791e-01
-6.048031401911400096e-01
-4.067971905394897059e-01
-1.650217015826563882e-01
8.574670224710523314e-02
3.105335023700683816e-01
4.811260433569362061e-01
5.773543863501136020e-01
5.879970139038142030e-01
5.207817885331686991e-01
3.836556993549928851e-01
2.024589490177433060e-01
4.592980925738787690e-03
-1.810035785901821237e-01
-3.310333945898119579e-01
-4.268906284206599455e-01
-4.577946156640336772e-01
-4.296145238279025502e-01
-3.461298589567941564e-01
-2.241753622531249546e-01
-8.343747089880548806e-02
5.491014330189614157e-02
1.732682828964866584e-01
2.558391997336311174e-01
2.933821966097613920e-01
2.894911600919976014e-01
2.454095957342159462e-01
1.718772155310799299e-01
8.249440004307695418e-02
-8.009481665214090995e-03
-8.828290429162655162e-02
-1.475767712803893739e-01
-1.788189146923345740e-01
-1.841316920371665056e-01
-1.637587926886242551e-01
-1.242601600066129963e-01
-7.452678027880388356e-02
-2.351806863476768594e-02
2.251802318786189083e-02
5.682354991076588036e-02
7.477466659487275180e-02
7.973091960362022057e-02
7.494441710936960988e-02
6.050114623259572610e-02
3.648709409377381974e-02
2.988247813378475115e-03
-3.990940548811516830e-02
-9.211987869023174902e-02
