-1.951101308982772231e-02
4.064922897737968110e-01
6.932193359886187345e-01
8.563229735156308031e-01
9.114560503158262161e-01
8.742714143501983948e-01
7.604219135797396500e-01
5.855603959654460677e-01
3.638941167222853323e-01
1.038238349848326081e-01
-1.732993554108339662e-01
-4.335912939938273425e-01
-6.483937206832723898e-01
-7.973527348643949519e-01
-8.626569643472941085e-01
-8.363974026306306708e-01
-7.185807646915559621e-01
-5.235090301985365624e-01
-2.679317928508916369e-01
1.883126625718922753e-02
3.065427941306357873e-01
5.639325283268892264e-01
7.642462772083451483e-01
8.844264902066305556e-01
9.097445451153460816e-01
8.412049489819557468e-01
6.830404686665874081e-01
4.516303812207265178e-01
1.695682615515530234e-01
-1.305364513009352745e-01
-4.186670960333516156e-01
-6.618028605322489044e-01
-8.336293866859257884e-01
-9.192314860643052699e-01
-9.072116760770254640e-01
-7.979739613942506971e-01
-6.010605968271525157e-01
-3.402030404055609303e-01
-3.929122293592779425e-02
2.681879044445150129e-01
5.494713115467084741e-01
7.745320617513746786e-01
9.193281874483338889e-01
9.673527018579515246e-01
9.110717317675867122e-01
7.607792287709937984e-01
5.292050994089834148e-01
2.408365721335485876e-01
-7.555887107756953380e-02
-3.845087636002382236e-01
-6.544515880951127240e-01
-8.547845116182943848e-01
-9.630439258338867603e-01
-9.715508824516306818e-01
-8.768697658871480449e-01
-6.889278991437819410e-01
-4.255236813706256838e-01
-1.177283145508418727e-01
2.051004255629216289e-01
5.074485246617288503e-01
7.565066148994969986e-01
9.267242265149167046e-01
9.993942063914400542e-01
9.669828097472870088e-01
8.305661335463638828e-01
6.076800358815594993e-01
3.181071644776032326e-01
-5.100660159226388934e-03
-3.278847165447517087e-01
-6.155755146143178091e-01
-8.384910944621065676e-01
-9.718693069641703985e-01
-1.000000000000000000e+00
-9.245121536013357622e-01
-7.506868309606707923e-01
-4.972147920095782991e-01
-1.891100452343079663e-01
1.381655165069175517e-01
4.519050674720768157e-01
7.168471890768828292e-01
9.048040571265558718e-01
1.000000000000000000e+00
9.905499786795239903e-01
8.774495613413317852e-01
6.710514819937931641e-01
3.965852243437029134e-01
7.950367958331017171e-02
-2.450407115530772728e-01
-5.427107533383872529e-01
-7.823118027011481956e-01
-9.387836092680496014e-01
-9.952356281392275017e-01
-9.438520960924176029e-01
-7.951012537143072878e-01
-5.619855761299397123e-01
-2.695341189379562019e-01
5.291978341908931682e-02
3.694626261416522617e-01
6.480100003209405823e-01
8.576358886563619777e-01
9.754538651505568758e-01
9.934661675297065120e-01
9.078228933431100600e-01
7.279898620022169364e-01
4.712831727025967865e-01
1.681217076564016644e-01
-1.526356492388265540e-01
-4.560500404907641414e-01
-7.096678772498674626e-01
-8.881443835032838408e-01
-9.725758856745444492e-01
-9.547883712311528992e-01
-8.349951094763632398e-01
-6.293233012306744811e-01
-3.561237318563167387e-01
-4.666599621937939091e-02
2.665159218811250508e-01
5.501855670187409952e-01
7.755793287261580904e-01
9.182258830978242692e-01
9.621640400515871772e-01
9.078046329581548335e-01
7.588719093496720802e-01
5.316056612710591267e-01
2.485941715800028540e-01
-5.751173001971188192e-02
-3.563610932902986361e-01
-6.146283860313626057e-01
-8.053471614277576407e-01
-9.128553232348359803e-01
-9.246757045476114989e-01
-8.397994735497602559e-01
-6.661916941871339759e-01
-4.255541858057396709e-01
-1.399673095491742458e-01
1.590615723271522342e-01
4.401735143511305015e-01
6.743253058648650544e-01
8.376850559721922274e-01
9.128572713744720346e-01
8.907864424946096982e-01
7.792271526475449406e-01
5.879577331797296580e-01
3.372025689340012455e-01
5.197235961759982814e-02
-2.359262880538680607e-01
-4.977172574787780412e-01
-7.045457386193030302e-01
-8.344854422346148493e-01
-8.783966053312857181e-01
-8.304597640821380633e-01
-6.961479140767500295e-01
-4.885466311127978356e-01
-2.327533458482217155e-01
4.736178396603185625e-02
3.216301419840454923e-01
5.608930504935834005e-01
7.411458512769482088e-01
8.439912633113033635e-01
8.590541637762203475e-01
7.835035928382241277e-01
6.290765052563593862e-01
4.093576774350173864e-01
1.491510758771474876e-01
-1.244244882838259070e-01
-3.822749572958740183e-01
-5.987381016900825692e-01
-7.503359904209916387e-01
-8.207928169359440806e-01
-8.074992645611787090e-01
-7.105136956233699674e-01
-5.404093319003662188e-01
-3.142018951683993588e-01
-5.847258840653846157e-02
2.020572802151163749e-01
4.387429936863096458e-01
6.270896377362458196e-01
7.510386644683140211e-01
7.972634492922576754e-01
7.611418090564052719e-01
6.460099059057193838e-01
4.671161971624606668e-01
2.404349968593197939e-01
-8.861230030507316613e-03
-2.546854119264438943e-01
-4.715660362943759898e-01
-6.378192150903784219e-01
-7.353333095735117286e-01
-7.531743329773530338e-01
-6.944348549899277412e-01
-5.638036187464028348e-01
-3.748389494891558593e-01
-1.463010139922557018e-01
9.599060345184051712e-02
3.281155496578798125e-01
5.240733113402475940e-01
6.633769408072136553e-01
7.353982335730773201e-01
7.318119228687933742e-01
6.530038957987691628e-01
5.066394615594109752e-01
3.111190478220342559e-01
8.415308622068473632e-02
-1.497642281956945709e-01
-3.658659010088629593e-01
-5.421826451054208018e-01
-6.610338858443616239e-01
-7.093253081855805942e-01
-6.809268217454356176e-01
-5.835055314943417004e-01
-4.256574993915115401e-01
-2.244101346784949103e-01
-5.358993744334350495e-04
2.212143407563957886e-01
4.187672990800970219e-01
5.701961680967078117e-01
6.593674346343976200e-01
6.809929204695557292e-01
6.318766082487503599e-01
5.173548271229788664e-01
3.491487160574289206e-01
1.480986285979153383e-01
-6.703155145029626727e-02
-2.729895637968898781e-01
-4.477156151117892557e-01
-5.746993808392607539e-01
-6.408591759317167069e-01
-6.394600992305027320e-01
-5.701405260194621905e-01
-4.430246725735662583e-01
-2.691683644000067988e-01
-6.817194322828123987e-02
1.387215689717562483e-01
3.295664020466546607e-01
4.852836351404001825e-01
5.883398861274107272e-01
6.273686198473003017e-01
6.028045616337951440e-01
5.161079751782966518e-01
3.761439067946537040e-01
1.970235671001643318e-01
-2.639483012648602411e-04
-1.961735604752925521e-01
-3.680849839510357269e-01
-4.977290737728263803e-01
-5.747363165641798943e-01
-5.904061897250962865e-01
-5.428399679001886247e-01
-4.367496549879728018e-01
-2.863241068164951164e-01
-1.051130964939313017e-01
8.673693985767494397e-02
2.683458892442469601e-01
4.207257191036164468e-01
5.283939090507594472e-01
5.788097768085402883e-01
5.656259832751837635e-01
4.947753334295603711e-01
3.725056790304344112e-01
2.121707260451679566e-01
3.081826950107302565e-02
-1.507633367400720292e-01
-3.141549163291980085e-01
-4.404878831048935073e-01
-5.159867747155888473e-01
-5.364376886484272244e-01
-4.989354256931598508e-01
-4.075984099960108242e-01
-2.723051248337979846e-01
-1.108097905020279939e-01
6.156170434310670458e-02
2.256127707377535430e-01
3.629579332481895904e-01
4.604445864109718567e-01
5.078398238686698818e-01
5.002868819162873404e-01
4.383236306282456418e-01
3.312127493714236426e-01
1.885004384666078003e-01
2.708239805060386196e-02
-1.350253657068832824e-01
-2.801891801881508659e-01
-3.934261478828391390e-01
-4.612634767688585935e-01
-4.757646892198800215e-01
-4.398453708694323172e-01
-3.564351072939546672e-01
-2.341739160339807446e-01
-8.601195582124809835e-02
7.002607114959635837e-02
2.177617957433093387e-01
3.391374852374491322e-01
4.206374639869658871e-01
4.570072800433468974e-01
4.436290389586980965e-01
3.816217014385179240e-01
2.777331860893907933e-01
1.462745188413698827e-01
-2.653430436632131517e-04
-1.448574175791448315e-01
-2.704852274486061470e-01
-3.638927520977631724e-01
-4.152117419207156379e-01
-4.187172137532358951e-01
-3.734330791669460137e-01
-2.871523037082674978e-01
-1.676407239567766494e-01
-2.995013469585705579e-02
1.095697235715460405e-01
2.350489796753667537e-01
3.331178527217686369e-01
3.915783652543032289e-01
4.032978510661426874e-01
3.710725192607924328e-01
2.975364690611630447e-01
1.905787946709087688e-01
6.220652725738329281e-02
-7.083840798428442387e-02
-1.943836374591225713e-01
-2.927960855140302465e-01
-3.545427752925975895e-01
-3.762841255289466336e-01
-3.546644900298397962e-01
-2.914394830607749398e-01
-1.936598273107893453e-01
-7.488316561108565583e-02
5.329268175406065566e-02
1.751900522989526809e-01
2.756673241999971768e-01
3.438227923195908975e-01
3.719586375213568274e-01
3.569886361841883016e-01
2.999872695626029095e-01
2.095769644163862910e-01
9.398992279799878169e-02
-3.225865190242527270e-02
-1.538852526467386905e-01
-2.567474348177242183e-01
-3.293367230194739204e-01
-3.619446314579912727e-01
-3.498632780731238956e-01
-2.977793162840786101e-01
-2.099275716126649538e-01
-9.597863356759961384e-02
3.126945494907196199e-02
1.558658142533995150e-01
2.640571640782969354e-01
3.412290632072745300e-01
3.776267991035298088e-01
3.722296878304154344e-01
3.241194908148423703e-01
2.377123184544771561e-01
1.222100294978429869e-01
-6.980484674997122774e-03
-1.367769047361074852e-01
-2.510125206593686320e-01
-3.352649674393058943e-01
-3.807286805497129833e-01
-3.814038729590689680e-01
-3.364484778875995730e-01
-2.496639561442934863e-01
-1.328754037661378229e-01
3.045710683145186337e-03
1.415199669492639423e-01
2.657600044579799814e-01
3.612237970485936422e-01
4.167651879073210885e-01
4.243341905115047830e-01
3.811699640594645722e-01
2.943356854306542481e-01
1.710301830814004997e-01
2.602218992538318787e-02
-1.240009219060248524e-01
-2.610622071545397604e-01
-3.699822171512036073e-01
-4.361631231714075962e-01
-4.505412642860793238e-01
-4.143242125485060434e-01
-3.294059860389977334e-01
-2.042973632612722357e-01
-5.218766007024333575e-02
1.073629302995089407e-01
2.577595829380188164e-01
3.802021787116565132e-01
4.596676018395364771e-01
4.892043974096895731e-01
4.636550716088925217e-01
3.844861316387877537e-01
2.590465029710118383e-01
1.033506921575007009e-01
-6.790150609522493941e-02
-2.341756463354515150e-01
-3.757038119467298598e-01
-4.763607990648003332e-01
-5.242116266432033100e-01
-5.129666244038849632e-01
-4.419309579736553362e-01
-3.205201135722224315e-01
-1.588974461305664443e-01
2.395878010169294470e-02
2.077529386599050731e-01
3.713144704024762266e-01
4.967377835489836801e-01
5.676913649062709233e-01
5.744387741541514547e-01
5.194660639999455487e-01
4.062203610169490275e-01
2.460508581053033605e-01
5.510369957198046897e-02
-1.435698658098613079e-01
-3.291504857578209098e-01
-4.784558347698106839e-01
-5.738875933691648390e-01
-6.072842958518622769e-01
-5.727228851555620226e-01
-4.726806716288761701e-01
-3.163697239304590347e-01
-1.234363004300362832e-01
8.791703051252142131e-02
2.931590344716141772e-01
4.686367354353309089e-01
5.947665004409115053e-01
6.569928203821489010e-01
6.474247297027055925e-01
5.647572409720844622e-01
4.199442468757879077e-01
2.252988183776873932e-01
4.029117434110496276e-03
-2.194480938585109397e-01
-4.199109248776432546e-01
-5.758301175552773543e-01
-6.680720538524586027e-01
-6.847360833337803321e-01
-6.274602998407630139e-01
-4.998538879916185618e-01
-3.153090584359522497e-01
-9.253932857338886819e-02
1.415064662120293359e-01
3.626238696817987162e-01
5.442400355855105953e-01
6.658070122427088844e-01
7.172472261819353712e-01
6.907507703573105839e-01
5.881517252130954443e-01
4.190060574278924310e-01
2.045017796038108848e-01
-3.510287876834106147e-02
-2.721254916774058508e-01
-4.799581437470769041e-01
-6.358614411763454655e-01
-7.224277142065671509e-01
-7.297841361823858009e-01
-6.551540800088181404e-01
-5.093303926371210988e-01
-3.048631299151286500e-01
-6.533633982997666401e-02
1.836668298441184177e-01
4.139638819001976167e-01
6.011603740436877175e-01
7.228923992015778843e-01
7.643653065920268386e-01
7.250288763030159345e-01
6.067312996517562063e-01
4.220292101212204106e-01
1.893411863447593824e-01
-6.348248666925215833e-02
-3.106835208948984794e-01
-5.230702841526294611e-01
-6.768547097624508790e-01
-7.579744851674304895e-01
-7.560709606814577377e-01
-6.711001779740604078e-01
-5.107058865799294356e-01
-2.954968310864944936e-01
-4.566896395883557336e-02
2.101710759928052674e-01
4.437549327769398921e-01
6.296242097214763689e-01
7.476420095901792351e-01
7.840813082676714174e-01
7.330181101407653443e-01
6.040300499413269186e-01
4.084007093629919982e-01
1.687037704279035211e-01
-8.949910275460337683e-02
-3.367053540253593935e-01
-5.470445455890010633e-01
-6.961090600076418333e-01
-7.667236211385288769e-01
-7.553371947973761547e-01
-6.613165783427246147e-01
-4.952502801785644282e-01
-2.741412457005676373e-01
-2.538931896374374553e-02
2.262621019101918041e-01
4.521745992836041506e-01
6.273094126019769234e-01
7.351921017315921070e-01
7.634230763366895989e-01
7.093523637617369371e-01
5.777714212569953212e-01
3.862086307696703802e-01
1.526095969294281041e-01
-9.588708822507108209e-02
-3.320687079787953966e-01
-5.303003260904329830e-01
-6.695590130422637287e-01
-7.340329025421401532e-01
-7.154555310337542551e-01
-6.209126073528137280e-01
-4.588297727635146650e-01
-2.470401184050192711e-01
-7.571570750651068771e-03
2.315643701326666193e-01
4.454817743156029852e-01
6.093614834825968885e-01
7.048977218004965906e-01
7.260321186960678741e-01
6.692103272348168819e-01
5.409927517187622659e-01
3.545104061365771386e-01
1.333268913974754444e-01
-1.010667421144363365e-01
-3.223619119173584124e-01
-5.057545957650315671e-01
-6.326394407047929436e-01
-6.895317320619372969e-01
-6.711005634794325880e-01
-5.783964383199944326e-01
-4.248901284262476263e-01
-2.248373124211440199e-01
-2.254318664860699428e-03
2.180712927472858720e-01
4.122308550818578610e-01
5.600430357565095996e-01
6.449455845761311590e-01
6.571439923703181751e-01
6.004156049697908504e-01
4.797379575460960499e-01
3.086338589769541674e-01
1.052995983078459652e-01
-1.056745518774934167e-01
-3.025367547360173770e-01
-4.624714705381999247e-01
-5.681493267172177397e-01
-6.128201024815205233e-01
-5.909162299608556879e-01
-5.050821705469183964e-01
-3.645704969305930687e-01
-1.878355919565249943e-01
8.124460316851989106e-03
2.008831096946335215e-01
3.687797662669376475e-01
4.947653979850110684e-01
5.658870802511002385e-01
5.755617272448410038e-01
5.226291167867482823e-01
4.162057570470807377e-01
2.660154734661135389e-01
9.002793964247990388e-02
-9.220852962514647366e-02
-2.607358425805330615e-01
-3.982764141070406216e-01
-4.890882301849702740e-01
-5.232085954331162636e-01
-5.020106704710339818e-01
-4.271567034711610811e-01
-3.068460974744842140e-01
-1.539562794892056496e-01
1.283104337664164873e-02
1.764474611273152416e-01
3.174931586073033163e-01
4.207608385601198098e-01
4.789839315003157072e-01
4.857515886332035571e-01
4.405385280545093263e-01
3.485473884864169758e-01
2.229052752818792005e-01
7.541417379198933624e-02
-7.705069129207164913e-02
-2.171835895104925473e-01
-3.306516190930178789e-01
-4.061091869773096885e-01
-4.353382817003391692e-01
-4.150137021440231111e-01
-3.512871976317119005e-01
-2.500982567725006378e-01
-1.237067740351214251e-01
1.330679493456288220e-02
1.454669218061948044e-01
2.593395122519643881e-01
3.416382983447259214e-01
3.834983902366460029e-01
3.848324356604435614e-01
3.453792305368152959e-01
2.695457026112773047e-01
1.662480123224092665e-01
4.935497932543486677e-02
-6.957398362804223524e-02
-1.766558839491744193e-01
-2.599719391529246026e-01
-3.136979685241221283e-01
-3.323550256703287076e-01
-3.140346708447550039e-01
-2.614404998360784216e-01
-1.828544369258806590e-01
-8.541076673768088767e-02
1.931125620403961740e-02
1.189812138511192607e-01
2.035372699262971707e-01
2.647723927355698503e-01
2.959154619010690990e-01
2.939643960263749189e-01
2.629085108461470810e-01
2.055924811779874517e-01
1.282696412354100701e-01
3.995958731773030514e-02
-4.908307985346616054e-02
-1.299368028166931754e-01
-1.925730228821611600e-01
-2.304282344384391834e-01
-2.435711803739593062e-01
-2.306817996042654917e-01
-1.925422797183675705e-01
-1.339943753892401945e-01
-6.337401238759565736e-02
1.264951641969114249e-02
8.496147168379164505e-02
1.451141327718048490e-01
1.886422363304169902e-01
2.114435658576672150e-01
2.104442669500561358e-01
1.861476117596443380e-01
1.437876622545590788e-01
8.700505597842100869e-02
2.278361118071381419e-02
-4.052888004079380213e-02
-9.650910410442103959e-02
-1.399464487422872327e-01
-1.656545922030825402e-01
-1.712155170282474437e-01
-1.591166086052165918e-01
-1.303801320878333891e-01
-8.796149455823421004e-02
-3.758931287019040557e-02
1.416314056361112073e-02
6.249579920838921332e-02
1.013693388172811627e-01
1.266859702356264439e-01
1.392514832148514792e-01
1.378645477702142852e-01
1.217274155806253866e-01
9.352610633096225534e-02
5.785874738400886841e-02
1.781187800852013225e-02
-2.148461407573687421e-02
-5.511287120597363476e-02
-8.115749777942560250e-02
-9.736181994994219657e-02
-1.011341669468194260e-01
-9.265245014552059288e-02
-7.522392608531613956e-02
-5.015337825913690484e-02
-1.997580366042706057e-02
1.108937354014472021e-02
3.993340249382093532e-02
6.410096366615714025e-02
8.011759050617062172e-02
8.652600017354350470e-02
8.512209094344713733e-02
7.576520924634988496e-02
5.874248057231978848e-02
3.683440160233386607e-02
1.329104309039275122e-02
-1.003263449793367901e-02
-3.031910627237188738e-02
-4.526773166042274976e-02
-5.491832868027424208e-02
-5.828434855544717408e-02
-5.415604859605349652e-02
-4.366422475407372161e-02
-2.942585405197484238e-02
-1.245770743983054540e-02
5.525130380479748027e-03
2.215865574093123236e-02
3.627356509636059378e-02
4.658413989002374578e-02
5.105452820568490147e-02
4.936871089713035232e-02
4.320526485628217728e-02
3.298193278115046922e-02
2.008676464789971305e-02
6.800503164104965137e-03
-5.397482909358708447e-03
-1.549498898725953921e-02
-2.238189720068151090e-02
-2.553302221398323635e-02
-2.549592050244697816e-02
-2.224535165195806741e-02
-1.607421884501880616e-02
-8.382006838608346833e-03
-9.180284900328627984e-04
5.794659599264839756e-03
1.131575070817625317e-02
1.516443020833135868e-02
1.790777046587410659e-02
1.922170235964637541e-02
1.853472566048663950e-02
1.630946929411569712e-02
1.321869680053300300e-02
9.514976357908766502e-03
5.704218106844960445e-03
2.312540487945602408e-03
-5.066483182657455231e-04
-2.487800347996005357e-03
-3.363728144629374306e-03
-3.241068044107064949e-03
-2.515460222069609841e-03
-1.233439809079750482e-03
4.894695395765147339e-04
2.303767509087784049e-03
3.976515329639829233e-03
5.374766651676798901e-03
6.422112774236099497e-03
7.140034106098980260e-03
7.686375546751555987e-03
7.994383934251336754e-03
7.890911240868714316e-03
7.443496166935625880e-03
6.808961135180480184e-03
6.035583020575607804e-03
5.214518492961950358e-03
4.418293015149732383e-03
3.606876955994708922e-03
2.869552854647627882e-03
2.386024443038259335e-03
2.212020401571646033e-03
2.344911322417653210e-03
2.761024239306353323e-03
3.333944057562154839e-03
3.935938231853119973e-03
4.454530320324945336e-03
4.845159213499927731e-03
5.089094209746125586e-03
5.162687597316306665e-03
5.104617263298028007e-03
4.919061011227299218e-03
4.632772406470753168e-03
4.331150708237307967e-03
4.099887990357098388e-03
3.953688077671602130e-03
3.883916019408628628e-03
3.887204342565064863e-03
3.917042479577581560e-03
3.976918284141373050e-03
4.077359754806941794e-03
4.183934306782655099e-03
4.269255740317889902e-03
4.328269852111210625e-03
4.360051267137787789e-03
4.369280473789594055e-03
4.373134208810913748e-03
4.370324629158872654e-03
4.363246290340239142e-03
4.354293747862891806e-03
4.345861557234043104e-03
4.340344273961349586e-03
4.340136453552467799e-03
