-6.576833314286025800e-01
-7.395390693131729254e-01
-7.231641750411428315e-01
-6.271974086543893323e-01
-4.702775301947881292e-01
-2.710432997042157011e-01
-4.813347722454874855e-02
1.798131772023365826e-01
3.797379768927100496e-01
5.379924429403637465e-01
6.400255998119843692e-01
6.725278690688900607e-01
6.296823903068680117e-01
5.185917915120132893e-01
3.489238085118879784e-01
1.405668763930110199e-01
-8.524036535175849583e-02
-3.026911401308693961e-01
-4.887326327050222075e-01
-6.215890758972557606e-01
-6.857367407140217974e-01
-6.771017561766283777e-01
-5.946233097171753634e-01
-4.474298866619446091e-01
-2.499912318936723388e-01
-2.620029598781015157e-02
2.016942459056152437e-01
4.076985950425970895e-01
5.687972403856709214e-01
6.685769682496016664e-01
6.953874393998851211e-01
6.467349891268547868e-01
5.262884628744153304e-01
3.496832766435182815e-01
1.334072044962402170e-01
-9.763244019542260954e-02
-3.184721994259798183e-01
-5.048592384690658852e-01
-6.368287824018799004e-01
-6.990998972649080656e-01
-6.833155395306796942e-01
-5.952329837866892071e-01
-4.425627891543594261e-01
-2.427114529907770102e-01
-1.649064097621466551e-02
2.096853583800746268e-01
4.121967000215163157e-01
5.678059799133785557e-01
6.590466030073061088e-01
6.791941530912144476e-01
6.247732923920648052e-01
5.025924555600016497e-01
3.251753647943491643e-01
1.150842070497295477e-01
-1.070338516726657696e-01
-3.162335583271509432e-01
-4.892170488435571007e-01
-6.083148957590704953e-01
-6.605046962077452122e-01
-6.411523332529998065e-01
-5.514683663822238513e-01
-4.040173532734403494e-01
-2.126555506053312561e-01
-6.060523259332484258e-05
2.106963930352234726e-01
3.965081696967618363e-01
5.378272334315494785e-01
6.189996955409546864e-01
6.305787566337157646e-01
5.756592668642490640e-01
4.590230585439076805e-01
2.940957518024613915e-01
9.806161304526206379e-02
-1.058401868422342851e-01
-2.964185809384370929e-01
-4.517463144383816465e-01
-5.549498740855796086e-01
-5.984504221901592036e-01
-5.769752606436406861e-01
-4.938407301476288591e-01
-3.578240932929628304e-01
-1.868543651762110125e-01
2.206744746019451142e-03
1.877679308177100381e-01
3.491732734866999088e-01
4.698591748702218851e-01
5.372640696996404674e-01
5.452179505984773300e-01
4.925737826069152003e-01
3.882829027406857758e-01
2.423057280944198588e-01
7.284812735829548913e-02
-1.010525831643335204e-01
-2.602928206526091692e-01
-3.884014812003272477e-01
-4.713910210174601101e-01
-5.002993457469424587e-01
-4.764650052219372434e-01
-4.022507922160832861e-01
-2.868577193971663108e-01
-1.430972494755733404e-01
1.101889949400325364e-02
1.594015150007932480e-01
2.849263329395963495e-01
3.742893875906287970e-01
4.218277263464340621e-01
4.225583829446792894e-01
3.774785468816235223e-01
2.923206894284420265e-01
1.795711448929768750e-01
5.059715183926938309e-02
-7.937029979001930524e-02
-1.954505806160125037e-01
-2.860789673596231264e-01
-3.423091989171215266e-01
-3.595839485091379961e-01
-3.368040884417503600e-01
-2.797106748306659174e-01
-1.941655260294283813e-01
-9.153357554763708048e-02
1.587995407211173493e-02
1.161172158304506485e-01
1.988838082057848844e-01
2.550645616072597655e-01
2.790393730325000377e-01
2.725840661503995399e-01
2.369783414705231017e-01
1.772441511371396494e-01
1.010250141034199078e-01
1.861453154847869662e-02
-6.094404032323508247e-02
-1.277434395390107946e-01
-1.746159348822716728e-01
-2.001616447322119852e-01
-2.023523611162469926e-01
-1.820626093292411207e-01
-1.431860143765147919e-01
-9.313570220377631603e-02
-3.751709305146422313e-02
1.643800940008266487e-02
6.153995177727744625e-02
9.404227250313090813e-02
1.112679176011344140e-01
1.126518539447010081e-01
9.943950658295674927e-02
7.627757952107860895e-02
4.634261615437273996e-02
1.481978764356450817e-02
-1.267251935217683645e-02
-3.289521619697033383e-02
-4.371471698833262476e-02
-4.432380658752632652e-02
-3.542728525159966058e-02
-2.075512863820705434e-02
-2.525548429474167023e-03
1.498563620783621708e-02
2.718357791253755984e-02
3.157167105409408592e-02
2.683360140419699391e-02
1.272772909772856842e-02
-9.377255256913241688e-03
-3.509711799397341458e-02
-6.156622536193723239e-02
-8.370096336414267757e-02
-9.633421135884490116e-02
-9.634314955534717395e-02
-8.218585694817026610e-02
-5.363265127792815612e-02
-1.253526005581007130e-02
3.564022520004206385e-02
8.661450117913838120e-02
1.331582746410098217e-01
1.679774029245886258e-01
1.853860492339294286e-01
1.817444322023671344e-01
1.549255186772691140e-01
1.056647684935212439e-01
3.930402503489505150e-02
-3.920165930218311168e-02
-1.205927186119997163e-01
-1.949853843168775080e-01
-2.526890228722564746e-01
-2.861969909908479437e-01
-2.882649551114103703e-01
-2.557888721653096553e-01
-1.929561438379088223e-01
-1.039219156540304168e-01
2.587463598593631176e-03
1.154945672267471135e-01
2.209726835617678020e-01
3.073175470967919320e-01
3.621083136528788771e-01
3.771106368447496582e-01
3.509428002967307503e-01
2.835070691225474171e-01
1.801137723453485329e-01
5.030156483412384638e-02
-9.015955553917998078e-02
-2.278110303052720553e-01
-3.463217205979469693e-01
-4.310964363464311333e-01
-4.721919781839065688e-01
-4.629490931794429942e-01
-4.022671200879126552e-01
-2.939767978594967079e-01
-1.502549194371813890e-01
1.647112317589005670e-02
1.872735340310487384e-01
3.433534986003405898e-01
4.665912543646186794e-01
5.426285401505543948e-01
5.604788035027508108e-01
5.151628073979672706e-01
4.131114356254990128e-01
2.621035726771445695e-01
7.736993249396029171e-02
-1.227895977786421788e-01
-3.149785257294552832e-01
-4.787391271025439599e-01
-5.936046918760672364e-01
-6.449740446595839671e-01
-6.283051432693709248e-01
-5.421408872034895188e-01
-3.943537648402173357e-01
-1.983608110972678862e-01
2.281180289224571389e-02
2.479083211742010295e-01
4.512631192290867954e-01
6.094924430839445684e-01
7.047077305663014268e-01
7.247465287165797410e-01
6.662446480554689021e-01
5.322657661738672275e-01
3.385145801912148311e-01
1.020812226724017169e-01
-1.501602668745026792e-01
-3.912449752845829076e-01
-5.941519480278737442e-01
-7.365994290728921090e-01
-8.011048694911540036e-01
-7.778725646870419119e-01
-6.718020940151316900e-01
-4.908176635132962540e-01
-2.541546608565267151e-01
1.479322072258137943e-02
2.849137289987517807e-01
5.282425195138931162e-01
7.163556708050085042e-01
8.275953665811188742e-01
8.519338167982213328e-01
7.837117147363350522e-01
6.296415633212837371e-01
4.036594305114307168e-01
1.325602149418056985e-01
-1.577412283783277136e-01
-4.345443005223976751e-01
-6.674921593929493691e-01
-8.312695346201505187e-01
-9.070263832820596450e-01
-8.863665981099738689e-01
-7.686839584436433448e-01
-5.685520705783992934e-01
-3.034948592820523317e-01
-3.759586508785162096e-03
2.994813606938180328e-01
5.725916947911406929e-01
7.866107662957766422e-01
9.169262665348125729e-01
9.474211958110265730e-01
8.780053752779994891e-01
7.128958765740798231e-01
4.700701437035297303e-01
1.730374992515022470e-01
-1.439584816955854496e-01
-4.486638927982574687e-01
-7.060569159248779592e-01
-8.879025091265022596e-01
-9.770274581348209475e-01
-9.615849057499629149e-01
-8.433796508512636514e-01
-6.326217061456623769e-01
-3.550036433155649984e-01
-3.677243170084354418e-02
2.862940373643687586e-01
5.797070226667004889e-01
8.117324412942705791e-01
9.571830966364096582e-01
1.000000000000000000e+00
9.330645140924975767e-01
7.675009307464855102e-01
5.178791908328310711e-01
2.125216832403493683e-01
-1.173055556806417155e-01
-4.345084293517210705e-01
-7.061688469631732801e-01
-9.020376354447683376e-01
-1.000000000000000000e+00
-9.931404736840890868e-01
-8.798460407637767045e-01
-6.734907026216985226e-01
-3.942754047919826421e-01
-7.555274798826527860e-02
2.512294767921936511e-01
5.498851292503479371e-01
7.882340276143748881e-01
9.426039689314820169e-01
9.956613806431211522e-01
9.429762055219359507e-01
7.884194498524081940e-01
5.519585574244272319e-01
2.557458786208057777e-01
-6.634274547983820547e-02
-3.804851985377096790e-01
-6.527934125903336327e-01
-8.547533587804672095e-01
-9.646847621010089524e-01
-9.695096745406056593e-01
-8.735298036249725673e-01
-6.848483671518701410e-01
-4.249230994873669509e-01
-1.198519732078889843e-01
1.954414034365938857e-01
4.887670904529899385e-01
7.275266865148077855e-01
8.860608350425653867e-01
9.513026159629727196e-01
9.150398599719504755e-01
7.826429890070913942e-01
5.669499766220416070e-01
2.946488020402691088e-01
-7.926494603630707125e-03
-3.072181066021067997e-01
-5.713514356842540609e-01
-7.731774524243352209e-01
-8.916462863189751342e-01
-9.156477404283863697e-01
-8.416499580084684240e-01
-6.814564991329307153e-01
-4.497950947857572990e-01
-1.741428644533762338e-01
1.164634110894280372e-01
3.904991637626564760e-01
6.200651036464228660e-01
7.806966664956318525e-01
8.551593238137165098e-01
8.403773653851451808e-01
7.369202542205646189e-01
5.575093549664682513e-01
3.204451385592845813e-01
5.391487899469171730e-02
-2.153394408768183332e-01
-4.573695263850993120e-01
-6.470920951389999010e-01
-7.683138234958867274e-01
-8.080457258694799805e-01
-7.635838791268141357e-01
-6.395618316348751220e-01
-4.528732054841725363e-01
-2.212745036438448221e-01
2.899262496103061082e-02
2.716190528683672945e-01
4.815494264091937371e-01
6.377433676380415140e-01
7.245260485586975108e-01
7.327433228241753138e-01
6.668503767065023791e-01
5.332022544486707538e-01
3.470685701446996063e-01
1.275559363328304663e-01
-1.004822489833563370e-01
-3.142301000441876102e-01
-4.906782098683883930e-01
-6.118179143680687604e-01
-6.693413289651777287e-01
-6.573593434084270548e-01
-5.787050028281626179e-01
-4.418683395232415601e-01
-2.644589007563795668e-01
-6.337960826320498953e-02
1.397107150375498374e-01
3.235124859685261089e-01
4.703113090696038334e-01
5.660352003439490520e-01
6.020079074655744211e-01
5.747404007579450802e-01
4.912884326781803424e-01
3.596806598028527979e-01
1.951735155622771334e-01
1.515562044130169816e-02
-1.614017482666538772e-01
-3.174750836142059551e-01
-4.371405061490166721e-01
-5.087820163373717453e-01
-5.295249678873027444e-01
-4.976735459617201984e-01
-4.176952280928006855e-01
-2.984682187080820448e-01
-1.547407564895653120e-01
-1.010364581272016338e-04
1.492251029467512868e-01
2.784520633893554642e-01
3.774813419438205475e-01
4.372484508970415629e-01
4.525391816525226041e-01
4.227524793278683024e-01
3.541443752357191777e-01
2.530050086794972675e-01
1.301401835290976194e-01
-1.886909630792632520e-03
-1.301863225969623894e-01
-2.431672820602022167e-01
-3.296032068027597850e-01
-3.816000579987358643e-01
-3.979988464822746819e-01
-3.775799262468375606e-01
-3.223645869667641772e-01
-2.381508485717293011e-01
-1.345062865755376480e-01
-2.055570303565357193e-02
9.213380762914002986e-02
1.930500315032073200e-01
2.749594061585092231e-01
3.307344062463191126e-01
3.542970969859513541e-01
3.437594445827123479e-01
3.032890666475529517e-01
2.362131096896489257e-01
1.483610312851493251e-01
4.824033338646316338e-02
-5.470707972551558385e-02
-1.518398090503273457e-01
-2.335677519042927974e-01
-2.926394134449937789e-01
-3.261885429603921249e-01
-3.310674698456835818e-01
-3.057852199979635976e-01
-2.528911369625218564e-01
-1.788617319882392920e-01
-8.911769256616519641e-02
8.646068280126151251e-03
1.055521539478718740e-01
1.936178467336291398e-01
2.651907927622343397e-01
3.119713729037074668e-01
3.292332467001719554e-01
3.173667322615554287e-01
2.764558365728178035e-01
2.085492819038030632e-01
1.192786686985896072e-01
1.741664792596742117e-02
-8.872858003768480106e-02
-1.882043458918362111e-01
-2.714538012479079665e-01
-3.317403006986725522e-01
-3.627200319189269884e-01
-3.589266603612460971e-01
-3.195563077940640762e-01
-2.499757016915026275e-01
-1.550282680790736611e-01
-4.295983395069080668e-02
7.558436452634320624e-02
1.886340864310214194e-01
2.856939187950495729e-01
3.555275591359146059e-01
3.903837489337200761e-01
3.882437322950642589e-01
3.477804608298364908e-01
2.713589130405820171e-01
1.656524738855997825e-01
4.228374732571738015e-02
-8.835201768257561206e-02
-2.126097668943202068e-01
-3.175694572643531499e-01
-3.932331487339972842e-01
-4.313307479904218145e-01
-4.261273406899150906e-01
-3.767188680302087089e-01
-2.893958666938386548e-01
-1.707623170401969537e-01
-3.231716348845548037e-02
1.124085201434477099e-01
2.480342507531652085e-01
3.611537292398903087e-01
4.383417075007807195e-01
4.705557304650358486e-01
4.562863826567433723e-01
3.951313763577934957e-01
2.919258724306776909e-01
1.559342658968743134e-01
2.335384013919750146e-03
-1.547570220005073383e-01
-2.979194448439972387e-01
-4.117512535539168406e-01
-4.851946220610672267e-01
-5.097412018792915056e-01
-4.816101080920365263e-01
-4.021997969721666788e-01
-2.810064484501363369e-01
-1.280693109395720786e-01
3.965064176557886455e-02
2.044276990388185222e-01
3.487731934708040438e-01
4.578905761829994425e-01
5.189223086636736149e-01
5.242019787465230785e-01
4.756050383257661718e-01
3.763431024333918629e-01
2.361394914097600939e-01
6.865601179916192010e-02
-1.068992854748965771e-01
-2.731525482808840888e-01
-4.109727860819772927e-01
-5.054697821349678488e-01
-5.490873931833570865e-01
-5.358042654444479247e-01
-4.661557002137766137e-01
-3.464149218253356199e-01
-1.909793797273096061e-01
-1.388514673865770543e-02
1.652644492062262938e-01
3.272215012072554607e-01
4.549353182479263236e-01
5.349344450477593327e-01
5.581525289802848899e-01
5.208906866278035785e-01
4.298092700603033389e-01
2.926211617913525576e-01
1.239909837945825100e-01
-5.890154040678807768e-02
-2.356398871130491735e-01
-3.882014349434904643e-01
-4.990691712458241724e-01
-5.558067305434859495e-01
-5.552785036446061806e-01
-4.961847511567254454e-01
-3.845979755822025448e-01
-2.314112629751252648e-01
-5.493208108966551872e-02
1.278164189179156196e-01
2.963475488050413276e-01
4.322490783818284665e-01
5.222640923938119961e-01
5.564880966384737615e-01
5.312739119042135805e-01
4.482854306478558648e-01
3.186203998137326909e-01
1.539623216822421092e-01
-2.660136583821526290e-02
-2.034784120722983314e-01
-3.577934794405667196e-01
-4.736671006774549886e-01
-5.381850196134485564e-01
-5.437861475341441153e-01
-4.934489274064848274e-01
-3.913790352340766887e-01
-2.486868387420843041e-01
-8.011600495356296925e-02
9.445595181913368776e-02
2.573248919693682524e-01
3.899745105927654443e-01
4.782073327546862984e-01
5.159782980103360117e-01
4.985438209412618171e-01
4.279195505599560079e-01
3.114154273550426844e-01
1.639540535729659965e-01
-4.321010881903619705e-04
-1.631861723071483805e-01
-3.063753186812402385e-01
-4.153665201292084941e-01
-4.788890065893928183e-01
-4.907673018053796410e-01
-4.493771802076280686e-01
-3.618185239602095260e-01
-2.359948845555213115e-01
-8.660096478376744233e-02
7.022332601803360497e-02
2.172804993490233816e-01
3.395654570476165368e-01
4.232838928218205510e-01
4.592783227017922520e-01
4.474088494946224515e-01
3.883433224330785638e-01
2.886608243705170995e-01
1.587948789391122606e-01
1.448140473201586786e-02
-1.297511330354169656e-01
-2.572307052347380107e-01
-3.543103177118211988e-01
-4.132945769514616563e-01
-4.278377776622976914e-01
-3.968126537379127461e-01
-3.236929777762945770e-01
-2.189031751254464364e-01
-9.230108970314587769e-02
4.162455014459487401e-02
1.679898112477840044e-01
2.736630086697344755e-01
3.479825993222407376e-01
3.827845323765393104e-01
3.740892200948497948e-01
3.262965343406540875e-01
2.439236068232362165e-01
1.366998473437457395e-01
1.658484947996186065e-02
-1.026434619506011447e-01
-2.088296314466777659e-01
-2.897726123637034412e-01
-3.368016760259539000e-01
-3.481960711474629822e-01
-3.226543255441871594e-01
-2.633374209565789714e-01
-1.771437097935939509e-01
-7.568585740859035127e-02
3.115912650044538879e-02
1.312806685485738978e-01
2.135569808210857623e-01
2.711459617232374608e-01
2.983309943193874769e-01
2.927115105527864358e-01
2.554260035590385503e-01
1.926921393705238739e-01
1.103078264617951554e-01
1.819044478715947655e-02
-7.303538849053692328e-02
-1.538980349705039163e-01
-2.164141492844828818e-01
-2.536127007322951377e-01
-2.617372126488664019e-01
-2.433090518197917884e-01
-2.001440702310550712e-01
-1.368824475215556502e-01
-6.070980768813605266e-02
1.923126484295556438e-02
9.482862544548331662e-02
1.569303574581526473e-01
1.990449942487182433e-01
2.197743898204655988e-01
2.170481071979859511e-01
1.909966251318355734e-01
1.450533269311005125e-01
8.601846849916006121e-02
1.939061478656811666e-02
-4.714543987061048380e-02
-1.058212239855855774e-01
-1.514572639205735705e-01
-1.798253469641750701e-01
-1.877300820675599224e-01
-1.746225824348073274e-01
-1.442398260858964720e-01
-9.937847721689241354e-02
-4.564217283339611075e-02
1.012749994154882316e-02
6.195388951726155113e-02
1.048361681904304010e-01
1.336571557791532694e-01
1.455452861123527342e-01
1.419029668067390837e-01
1.231194252440550585e-01
9.113881777752808055e-02
5.028936533240546680e-02
6.204464047919744374e-03
-3.691383767155542728e-02
-7.370972346484672144e-02
-1.001131965220500852e-01
-1.158624315251503001e-01
-1.195225046687929948e-01
-1.101648948836070341e-01
-8.954320449025465756e-02
-6.132610884929878825e-02
-2.795715742435678219e-02
6.449109838867705946e-03
3.752749095969676318e-02
6.291700773600705787e-02
8.043255106966196166e-02
8.781744803236479768e-02
8.480300716113986503e-02
7.378141844038976771e-02
5.560809008012923549e-02
3.208127912151126360e-02
6.540455257041610793e-03
-1.822232270548507227e-02
-4.005484629928757201e-02
-5.601682527789264565e-02
-6.462807854463015200e-02
-6.700145303642002226e-02
-6.281504358730050086e-02
-5.203621825735538220e-02
-3.657752084889576150e-02
-1.892625127285674225e-02
-5.344184409025176663e-04
1.637299808874259632e-02
2.983555451632180500e-02
3.959243259778166824e-02
4.471327411986858458e-02
4.401235921542312468e-02
3.806173228504494688e-02
2.876259820333637585e-02
1.678590580154604162e-02
3.349939362134346510e-03
-9.676897657924454776e-03
-2.121569539152379225e-02
-3.022991420346821112e-02
-3.512187387262433180e-02
-3.548083805442170391e-02
-3.241763623802929040e-02
-2.612014610845747598e-02
-1.741988834907404193e-02
-7.963763401360290928e-03
9.908108457377107214e-04
8.702094353364220325e-03
1.430765801330080578e-02
1.728011265360107629e-02
1.796820397235276978e-02
1.628640496754774070e-02
1.237213266106662601e-02
7.216187029740250836e-03
2.088508092955798645e-03
-2.640855377430639805e-03
-6.608198666241626995e-03
-9.379485548308919007e-03
-1.126937049705212246e-02
-1.205853425549896496e-02
-1.145003750952822141e-02
-9.837082812733100035e-03
-7.756066404034811512e-03
-5.368268092392436408e-03
-2.960092759488386349e-03
-8.858584440558647799e-04
7.672710548494166005e-04
1.852081765361335286e-03
2.282639666972174908e-03
2.215733734999725257e-03
1.953517004864568918e-03
1.502481287575685442e-03
8.241726898339241103e-04
6.342064637032684971e-05
-6.916231099157732487e-04
-1.379952035240661345e-03
-1.958766797399591475e-03
-2.468910238049182304e-03
-3.018318401325936762e-03
-3.546578066465744250e-03
-3.888457911787490673e-03
-4.013963173634449433e-03
-3.940569512301705934e-03
-3.687869460844983571e-03
-3.348675325218430920e-03
-2.980863269212985500e-03
-2.593663200003759606e-03
-2.230314071921313257e-03
-1.944843973724519337e-03
-1.771076173507579732e-03
-1.732883236660653914e-03
-1.824066689335213098e-03
-1.994347905426074874e-03
-2.181018706609250124e-03
-2.302371280217929694e-03
-2.351400660590807767e-03
-2.357552137726703911e-03
-2.325791221761686067e-03
-2.286539451822666713e-03
-2.237221420597790278e-03
-2.182838532420516842e-03
-2.128392191624639551e-03
-2.078883802543618486e-03
-2.039314769510913727e-03
-2.014686496860318421e-03
