-1.119083094414656809e-01
-2.050933544879744996e-01
-2.588348905495969632e-01
-2.785000577762983820e-01
-2.694559963180442885e-01
-2.370698463247997712e-01
-1.867087479465304733e-01
-1.237398413332029268e-01
-5.600886946598315763e-02
1.342119444596079347e-02
8.007277241745591745e-02
1.362030321616449768e-01
1.756269884744643406e-01
1.980385976224312561e-01
2.018984829345371601e-01
1.873868452782447847e-01
1.564788139537176548e-01
1.135841252354408137e-01
6.236831035776502219e-02
7.889853351603637321e-03
-4.457654211185135829e-02
-9.212138827696725318e-02
-1.314352914436388575e-01
-1.585047530290486506e-01
-1.716839663785412196e-01
-1.726160086501942192e-01
-1.610823542574760792e-01
-1.363794223259262584e-01
-1.008251707232784566e-01
-5.807891386035424208e-02
-1.084000073438518008e-02
3.788301801687565806e-02
8.501887455726131471e-02
1.285823401276222633e-01
1.650106025830160306e-01
1.886036923493252804e-01
1.969935679797278905e-01
1.905876410052105285e-01
1.683863726427499152e-01
1.289419203199144714e-01
7.415405910792038924e-02
8.454063278698908945e-03
-6.381984896796322193e-02
-1.357492601028629231e-01
-2.004195567093600694e-01
-2.512435159569376131e-01
-2.822327771138818386e-01
-2.860706790246562159e-01
-2.597998914306648421e-01
-2.064961292931229986e-01
-1.287370406243447674e-01
-3.193732121531067669e-02
7.517151453973869302e-02
1.807138082338881624e-01
2.745497857035616995e-01
3.444520428818029778e-01
3.811206130095232680e-01
3.800933005876625526e-01
3.387097346423286748e-01
2.584308091663933826e-01
1.454391807607764431e-01
1.242054983778873023e-02
-1.294583999555612985e-01
-2.645402585012548435e-01
-3.773322497325563019e-01
-4.545109588440573445e-01
-4.861032539070831993e-01
-4.655439878003683196e-01
-3.917836392609190810e-01
-2.727522140833226194e-01
-1.174255389210037137e-01
5.779331875704785126e-02
2.348347954821901062e-01
3.930772270473925634e-01
5.150376098496589616e-01
5.839634474472084058e-01
5.893304283309033220e-01
5.312337480385109778e-01
4.120485040177495062e-01
2.426765372994872383e-01
3.885085293640466730e-02
-1.755647162206454004e-01
-3.788607771665053470e-01
-5.461708269673919425e-01
-6.573256429808613799e-01
-7.000264166488501250e-01
-6.663787040829327601e-01
-5.580044696431002427e-01
-3.833070591282188300e-01
-1.628706049072093931e-01
8.292551873388465111e-02
3.256504234181520907e-01
5.380622805803776387e-01
6.954363368791796063e-01
7.789525025966232974e-01
7.772611278235672660e-01
6.867973611144928547e-01
5.188115919108575724e-01
2.872556577689948654e-01
1.895512718183423040e-02
-2.576310675116331161e-01
-5.103848282966054750e-01
-7.116338598601610332e-01
-8.365375189943914380e-01
-8.685766153229577125e-01
-8.063016868199750498e-01
-6.525769977442750225e-01
-4.239908948774875341e-01
-1.429525148705563797e-01
1.566793227740448380e-01
4.438695469131819227e-01
6.843734158522378763e-01
8.504181154612477922e-01
9.252774746619674140e-01
8.976611635529787581e-01
7.700569511243244847e-01
5.534291801814947842e-01
2.745395413595903555e-01
-3.960875497244265020e-02
-3.520145016485115574e-01
-6.278556201378080459e-01
-8.359419337509631509e-01
-9.522357661981308841e-01
-9.637723461037496220e-01
-8.663983790087512737e-01
-6.734506810756663020e-01
-4.019515621786733384e-01
-8.446206084250118540e-02
2.450862799674051740e-01
5.486837838961045044e-01
7.933290868685531905e-01
9.502248415491181266e-01
1.000000000000000000e+00
9.411324372564584539e-01
7.768788876731660409e-01
5.264331262516901422e-01
2.149810942675733916e-01
-1.198747298104413384e-01
-4.428638348698175076e-01
-7.156060222215969713e-01
-9.073708033274956453e-01
-1.000000000000000000e+00
-9.810733502077924051e-01
-8.537216853779735493e-01
-6.298605154776277804e-01
-3.385015437316960529e-01
-8.624539201061987015e-03
3.209025389145663265e-01
6.133810200008915636e-01
8.365100507935137042e-01
9.653104785893014128e-01
9.865391373693999100e-01
8.958651438940452572e-01
7.074556390503101699e-01
4.389398982712633401e-01
1.237391050562730577e-01
-2.036291981518580929e-01
-5.056028078255625502e-01
-7.496006206122516335e-01
-9.080578192299773033e-01
-9.623753381435133925e-01
-9.117989516546991524e-01
-7.600030767336001247e-01
-5.260939476257427971e-01
-2.347488862758042583e-01
7.796605897340014302e-02
3.788657391338758895e-01
6.327961470947871536e-01
8.116506478529581514e-01
9.001206236744956346e-01
8.873522540287341887e-01
7.768336905209309862e-01
5.801002823591925317e-01
3.237287243683137916e-01
3.386003557347816439e-02
-2.550584700590512455e-01
-5.106430846465642714e-01
-7.054596349528348131e-01
-8.183362201930588498e-01
-8.390858380939807404e-01
-7.649269197522295949e-01
-6.088444220573367982e-01
-3.862302879708410241e-01
-1.252097115891440682e-01
1.451429700787849608e-01
3.938933787186369440e-01
5.943287676054058721e-01
7.242280016591873260e-01
7.689139012171422038e-01
7.293966277939576415e-01
6.093686864012981541e-01
4.244605746063316865e-01
1.948668148611809592e-01
-5.070132306938934796e-02
-2.858429454402230396e-01
-4.829105444423187343e-01
-6.201501650791900744e-01
-6.869694952346734329e-01
-6.758541252115110032e-01
-5.903799295223634003e-01
-4.403683921810105373e-01
-2.471405639833995638e-01
-3.076904120773582552e-02
1.829808621770145916e-01
3.696198902992862134e-01
5.096736490616402548e-01
5.884136308091667544e-01
5.992918111539766723e-01
5.413414595558350140e-01
4.256516589249199622e-01
2.642087481655661652e-01
7.830098791878703501e-02
-1.102127405622184142e-01
-2.798838655897567529e-01
-4.125303256183285860e-01
-4.937204886025929884e-01
-5.146011493024553740e-01
-4.784253039310359945e-01
-3.893105457810792647e-01
-2.590280658585447648e-01
-1.028001087887384646e-01
5.906436605820020169e-02
2.088524897341994535e-01
3.287822952100880602e-01
4.055754102109099257e-01
4.353736521363320566e-01
4.149755243984298847e-01
3.481591751433803505e-01
2.433578748230251776e-01
1.158544384470221456e-01
-2.089835130126505014e-02
-1.503309888250866644e-01
-2.568731363232577003e-01
-3.299665839358379982e-01
-3.621463450387386596e-01
-3.516679899987303903e-01
-3.003225783256442405e-01
-2.173166418818935908e-01
-1.113815037484482406e-01
3.549412663120143918e-03
1.132811542377210046e-01
2.055463714164473821e-01
2.704033629097313263e-01
3.009079269671319778e-01
2.939022046742334471e-01
2.537807963442260117e-01
1.846193097427524243e-01
9.561230247899543677e-02
-2.252927797601556037e-03
-9.683839936796101444e-02
-1.776718802785962614e-01
-2.344388728655217857e-01
-2.605419402716883104e-01
-2.567876545219253126e-01
-2.234055284967975119e-01
-1.643096745195619102e-01
-8.667287538614942832e-02
-1.378803637231529322e-03
8.235320638267928928e-02
1.537262950009825602e-01
2.039396209591022302e-01
2.293488860339358837e-01
2.269641688097105980e-01
1.970251977468013838e-01
1.430704303078964568e-01
7.336867111264289143e-02
-5.266268172240406997e-03
-8.308254074317822369e-02
-1.500877256989308073e-01
-1.989352942327641260e-01
-2.242435287028458069e-01
-2.226196328725953411e-01
-1.936848935037362995e-01
-1.424871882486870023e-01
-7.346834373890431813e-02
4.612723940533136613e-03
8.200311143628646882e-02
1.498176360911283034e-01
2.007387795889583604e-01
2.278360032701491900e-01
2.274349981332890458e-01
2.020155479695704415e-01
1.534036087299026629e-01
8.623046125012412411e-02
8.005767008679942620e-03
-7.125117362098154494e-02
-1.433849586556575906e-01
-1.990594126909912553e-01
-2.315526817628683620e-01
-2.395493767418159781e-01
-2.211818758489280112e-01
-1.770222617661515452e-01
-1.114951909602035496e-01
-3.287421499854159546e-02
5.187087942524892803e-02
1.328299265384813577e-01
2.003021143259537951e-01
2.472145446056026596e-01
2.682082196009145658e-01
2.598088618158898022e-01
2.219064355185325077e-01
1.597731252909719846e-01
7.816686284929996731e-02
-1.447906295070455762e-02
-1.081463891344229822e-01
-1.924346757304493671e-01
-2.585921343628007074e-01
-2.976140497855737088e-01
-3.042167793469326975e-01
-2.796818752932312968e-01
-2.249979449993965153e-01
-1.442507550996705579e-01
-4.513506156134505787e-02
6.082851545075063093e-02
1.634791638111610101e-01
2.503502229963388004e-01
3.113122531949072958e-01
3.408462839244130738e-01
3.345358993372304912e-01
2.913069383181325911e-01
2.144363541909699578e-01
1.129570264435968419e-01
-4.766032341655401794e-03
-1.258964307427049567e-01
-2.369858797780464155e-01
-3.256965350562925909e-01
-3.822582985064983951e-01
-3.981311922977042173e-01
-3.695038272986993499e-01
-3.012914288292646292e-01
-1.985056657497070720e-01
-7.111958689933572941e-02
6.798332667104323157e-02
2.028489261379720077e-01
3.195511892141238430e-01
4.033650748076120784e-01
4.439208117876369819e-01
4.382080167363964218e-01
3.846390116222493383e-01
2.874001673585491190e-01
1.555532671857438043e-01
4.985928998801236744e-03
-1.504136060355939497e-01
-2.930662919910509423e-01
-4.065100432425864385e-01
-4.784986629656419188e-01
-5.000801156070937559e-01
-4.675249456873047382e-01
-3.822979894824330982e-01
-2.543314571726875695e-01
-9.430291417928449160e-02
7.968106957456844164e-02
2.488745558058116369e-01
3.942883746878296236e-01
5.000758432071963355e-01
5.525123902621662531e-01
5.438348601869771315e-01
4.771913318708713714e-01
3.570322786679016591e-01
1.951932510895693085e-01
7.503801355044137367e-03
-1.841401757497062031e-01
-3.598948693249152120e-01
-4.982494332219710165e-01
-5.830321818012531576e-01
-6.067550675813309091e-01
-5.644383443134226575e-01
-4.593858641213134364e-01
-3.009989893627388335e-01
-1.084958054544824524e-01
9.997011017394785704e-02
3.004742586728441633e-01
4.703161076598192381e-01
5.905438717512314639e-01
6.471482702222277616e-01
6.330054096478949788e-01
5.472410466367245707e-01
4.008360779601969348e-01
2.064435619713174130e-01
-1.291248722454763076e-02
-2.333476401485303775e-01
-4.298771088378824379e-01
-5.812318843225712239e-01
-6.690528065014089698e-01
-6.818701767260215707e-01
-6.211773349344815731e-01
-4.909809225486259088e-01
-3.054215201954182390e-01
-8.325988650879267983e-02
1.487340817368096868e-01
3.663886522188952721e-01
5.437450011295217323e-01
6.606564696115593271e-01
7.070402809176195014e-01
6.757413065710822231e-01
5.698151623670795196e-01
3.992497382993889232e-01
1.855136375208590316e-01
-5.067347396425525563e-02
-2.818181103375998475e-01
-4.819861832899682286e-01
-6.292528335505008785e-01
-7.070386041387242138e-01
-7.071512089981509819e-01
-6.279621533197153882e-01
-4.807964243878599664e-01
-2.789473928879775411e-01
-4.664572432232128030e-02
1.908373561823422104e-01
4.064646420596700338e-01
5.770173245916268012e-01
6.824614086196878482e-01
7.098943402924302593e-01
6.603259421737019963e-01
5.372782696137881064e-01
3.549467660540681635e-01
1.321313678671269809e-01
-1.041465055050920796e-01
-3.290038051817077980e-01
-5.156797479174819454e-01
-6.431965169538818028e-01
-7.007242685249245318e-01
-6.806842145286368106e-01
-5.859922585739401057e-01
-4.261195118734762977e-01
-2.221445446674926716e-01
5.801762847971625447e-03
2.311931645154829962e-01
4.286997706439212852e-01
5.771889098051805611e-01
6.605618134504580574e-01
6.706003797706043823e-01
6.053173579669135496e-01
4.753643822582604983e-01
2.929771715693012535e-01
8.092561008167797887e-02
-1.370931414371096002e-01
-3.365789330094379750e-01
-4.964208239996772409e-01
-5.987168064357463182e-01
-6.318593295033595458e-01
-5.969597425695223336e-01
-4.969977645203016436e-01
-3.442162191267749138e-01
-1.551363132162076885e-01
4.676092260751585350e-02
2.402927606853249021e-01
4.029415635352393554e-01
5.170823465819653908e-01
5.745121182880674748e-01
5.686587299593921507e-01
5.013091649226786295e-01
3.800876998086091252e-01
2.216943766826140472e-01
4.186218962810150934e-02
-1.384513524480411872e-01
-2.990586841842927113e-01
-4.236943749982922114e-01
-4.997253543594226688e-01
-5.206662192379483134e-01
-4.847063724987106248e-01
-3.993906848168001789e-01
-2.729863062390991413e-01
-1.212279198228106702e-01
3.886903237737193706e-02
1.898821308241938066e-01
3.165446424497428968e-01
4.051959807723335416e-01
4.468263601664745899e-01
4.420224529839711369e-01
3.915704053137367691e-01
3.017549940282402421e-01
1.826339806332020199e-01
4.889294443933689394e-02
-8.587811153011482013e-02
-2.063233539221840385e-01
-3.001945952410051133e-01
-3.615751046023931714e-01
-3.847390005990989348e-01
-3.681567421363566295e-01
-3.146928183316556327e-01
-2.329691075429519698e-01
-1.306144686698016422e-01
-1.902651846756597820e-02
8.957287361929022751e-02
1.852451757999096227e-01
2.595890325122054421e-01
3.055595881774657574e-01
3.193264103698241207e-01
3.036514027232810609e-01
2.604896394053608510e-01
1.945254011677470807e-01
1.131807025229543129e-01
2.502973825525822704e-02
-6.221628053363947863e-02
-1.399366557392153210e-01
-2.015102259584817812e-01
-2.448383415774062488e-01
-2.665243951088387409e-01
-2.638067638967671602e-01
-2.378283531527958239e-01
-1.934122909255856504e-01
-1.338753310847570210e-01
-6.346148993268874161e-02
1.177468887664678832e-02
8.631575493725218706e-02
1.544029198621861276e-01
2.087580015928087729e-01
2.446991088458470021e-01
2.611932535341900952e-01
2.561078550890689698e-01
2.269834909770789277e-01
1.755053277737963491e-01
1.070420790262687216e-01
2.625390214954781420e-02
-5.980556686823135237e-02
-1.433615685197814349e-01
-2.172643360645521993e-01
-2.745314996539932606e-01
-3.070597323694278513e-01
-3.106142763239568838e-01
-2.857747375205258455e-01
-2.327924545668729195e-01
-1.540220573625614708e-01
-5.595181457299092109e-02
5.110892091976104723e-02
1.582861261742054548e-01
2.537368906041506111e-01
3.270577161489565121e-01
3.710673179370933550e-01
3.796446764552217079e-01
3.487878096988581422e-01
2.795173074014560832e-01
1.790143497157761221e-01
5.457544924851864820e-02
-8.115961945529748256e-02
-2.142338976390310012e-01
-3.297437757339823916e-01
-4.152603736910205345e-01
-4.586605775268395302e-01
-4.529026613866238282e-01
-3.995289759838657195e-01
-3.011288753612124669e-01
-1.660326751732627004e-01
-6.714065022398463256e-03
1.584973875877877525e-01
3.130957419118467477e-01
4.379756453848411279e-01
5.181126696766193973e-01
5.451770705254175287e-01
5.135657911135564913e-01
4.244899417433767308e-01
2.849804770457220471e-01
1.113457382944664786e-01
-8.076260083529651634e-02
-2.694159357240577535e-01
-4.333478971106254907e-01
-5.536455339900157036e-01
-6.160376246001284528e-01
-6.116260887465051477e-01
-5.378834921655215595e-01
-4.040717685385630809e-01
-2.211433576382949573e-01
-1.009318361438360512e-02
2.065237771252044219e-01
4.036310827586886418e-01
5.597421698230717890e-01
6.552569564677186431e-01
6.774277917157907059e-01
6.258625610098746961e-01
5.030611790120638194e-01
3.219474377024691414e-01
1.004735254129132116e-01
-1.344205736903959503e-01
-3.584338384315051140e-01
-5.445865610471529727e-01
-6.711432030661026449e-01
-7.257241418389768217e-01
-6.998489597678116958e-01
-5.956346198713496909e-01
-4.222523954917660749e-01
-2.012967037862055664e-01
4.592629421092420117e-02
2.901650568109555017e-01
5.038175403843652145e-01
6.627713083723674181e-01
7.486519100218944622e-01
7.518236670094844420e-01
6.697658213744117628e-01
5.138675993042938206e-01
2.979220742674588696e-01
4.795586621831215979e-02
-2.088870951279092614e-01
-4.429405416626379655e-01
-6.286778218318269662e-01
-7.439028648422729706e-01
-7.742258580466141460e-01
-7.201620498116048097e-01
-5.852495637287553620e-01
-3.851164650551104351e-01
-1.403118271787798799e-01
1.192598610284036909e-01
3.659689386658160348e-01
5.700300600228391801e-01
7.081455304062356237e-01
7.680201636781289753e-01
7.412931413618895071e-01
6.316578525379996645e-01
4.498917385214575848e-01
2.199264880728413196e-01
-3.519366847883509397e-02
-2.852565058644549456e-01
-5.018262417759743466e-01
-6.611702706532170959e-01
-7.454234880335772750e-01
-7.461571549749532739e-01
-6.619104052783240100e-01
-5.057667743003984029e-01
-2.926719700481766884e-01
-4.941361426796508916e-02
1.966548941050274557e-01
4.173699650679796314e-01
5.888043732533312369e-01
6.915870955928755670e-01
7.135523468961468829e-01
6.573201523813976266e-01
5.279377188344951399e-01
3.415386289147972487e-01
1.184581127757085017e-01
-1.133188799578837003e-01
-3.288584105076113318e-01
-5.028176072075265512e-01
-6.157415473724887622e-01
-6.595827917979109056e-01
-6.287742689291930809e-01
-5.283293264922608312e-01
-3.693735346313699042e-01
-1.735768273212604518e-01
3.886254988300530400e-02
2.427330568470722483e-01
4.146070625485174244e-01
5.366494359602760333e-01
5.957836871510528987e-01
5.875965317946174604e-01
5.129842212670916446e-01
3.843090126459500766e-01
2.146267931789040961e-01
2.535490425662767500e-02
-1.617853130668852613e-01
-3.258091582374617046e-01
-4.492037701773059499e-01
-5.186638432311017066e-01
-5.265332421801592888e-01
-4.772843401903649196e-01
-3.761689255424601752e-01
-2.361537656045711309e-01
-7.320893548252715988e-02
9.240704054170745252e-02
2.427634896732013825e-01
3.602165339565526203e-01
4.318308710074161283e-01
4.542622443403214749e-01
4.252214708885990735e-01
3.495659233776624575e-01
2.365023737742468768e-01
1.020410702351848276e-01
-3.976845318743182922e-02
-1.723052456309027702e-01
-2.801518541891725445e-01
-3.533191229391545729e-01
-3.846005996143265770e-01
-3.723916008206373807e-01
-3.187864138284148829e-01
-2.333239018901307471e-01
-1.249221102657589455e-01
-7.277302845456801172e-03
1.054989941953374810e-01
2.013550476073415751e-01
2.705106507921366532e-01
3.058380469723223083e-01
3.039063131896937442e-01
2.689244135027688554e-01
2.047771389740205006e-01
1.205951587756532994e-01
2.716133285163779831e-02
-6.428795205215664943e-02
-1.440364540985991093e-01
-2.026164049694806346e-01
-2.337931345069155231e-01
-2.382581937547944007e-01
-2.160354191394082690e-01
-1.703375306723191596e-01
-1.074975682272736321e-01
-3.695944315640076194e-02
3.380063332652416541e-02
9.608693605450646658e-02
1.427282282056092644e-01
1.716138244232006116e-01
1.801583877342098905e-01
1.679376242657035778e-01
1.375521312811358587e-01
9.476899700774765734e-02
4.382747084943994231e-02
-8.790287555164200128e-03
-5.612143976326189332e-02
-9.383014246649856727e-02
-1.185982414018817988e-01
-1.281943753388479212e-01
-1.224146872387232854e-01
-1.045241345332873495e-01
-7.637026987219774909e-02
-4.169386082427295470e-02
-5.540724583670164627e-03
2.814041403044886813e-02
5.611709020246724577e-02
7.488787261765206260e-02
8.290100211083673010e-02
8.195331473246736387e-02
7.217550591971422236e-02
5.476784900334474848e-02
3.281654878574924439e-02
9.381385031564493104e-03
-1.335734717455794307e-02
-3.231402478239842058e-02
-4.542118037827802546e-02
-5.316046435465637821e-02
-5.482935171868086321e-02
-5.000213914977036378e-02
-4.013493682151092479e-02
-2.757173621973074695e-02
-1.339227396556208483e-02
7.647552963427894923e-04
1.304849169827249078e-02
2.294444715385712819e-02
2.950895400947017855e-02
3.157530834146826670e-02
2.951651025991042232e-02
2.495457873694939543e-02
1.819355087962626349e-02
9.927665312391420471e-03
1.634495439272631856e-03
-5.813639053442010152e-03
-1.174366755093891879e-02
-1.526901468707897447e-02
-1.621388775280374617e-02
-1.534413275037593838e-02
-1.271243974645830388e-02
-8.766956492164190706e-03
-4.571526123552938081e-03
-9.292271072467439552e-04
1.850279268471144434e-03
3.599977013546196147e-03
4.255028228698831683e-03
4.189787774117492702e-03
3.381481765376337378e-03
1.900955834310824599e-03
2.995547325335135014e-04
-8.664876763979645347e-04
-1.529294574252992867e-03
-1.798661832790759973e-03
-1.747014219339648733e-03
-1.658579779554414380e-03
-1.494739890380403224e-03
-1.295118253160976174e-03
-1.099338569238939023e-03
-9.470245399574306333e-04
-8.777998666598119115e-04
-9.312882506889996748e-04
