3.287171449698225167e-01
-1.333824455008869592e-02
-2.744231203632151450e-01
-4.607850552497235741e-01
-5.786716219897805047e-01
-6.343303933635526803e-01
-6.340089421512065115e-01
-5.839548411329134048e-01
-4.853245698342603109e-01
-3.391124483014181790e-01
-1.574805921482457238e-01
3.712893167046682485e-02
2.238432305637603204e-01
3.852083764212699268e-01
5.043906531071689070e-01
5.692308678367303809e-01
5.728138659430050961e-01
5.186206906693386909e-01
4.117798142372841586e-01
2.643910787438841226e-01
9.159929678401224074e-02
-8.688837762025503064e-02
-2.534055766175330460e-01
-3.902342613260834092e-01
-4.835340828237055799e-01
-5.273277021244731078e-01
-5.170227067717866332e-01
-4.545526699116765323e-01
-3.466488048667611954e-01
-2.069835719368378069e-01
-4.867548884812733512e-02
1.112669872673339722e-01
2.561399951631926353e-01
3.720369984689155807e-01
4.478648523957642347e-01
4.767178456442131562e-01
4.558121175622462662e-01
3.906120316352079680e-01
2.872473126365200358e-01
1.570767231123959551e-01
1.350363370600349278e-02
-1.282652405873078161e-01
-2.545731752305908646e-01
-3.521982182715025500e-01
-4.114717666829649234e-01
-4.298103379427631321e-01
-4.054430984544354910e-01
-3.413335681361110430e-01
-2.442163278848141772e-01
-1.257580857756332993e-01
3.032675781867499865e-03
1.285447155406607145e-01
2.381325795892170749e-01
3.225557394123961252e-01
3.739644300614024530e-01
3.873861457640930261e-01
3.617481662343693394e-01
3.023904351459523188e-01
2.145954372907317165e-01
1.077603472772552529e-01
-7.029649627388612210e-03
-1.183406769364837574e-01
-2.159628358158230954e-01
-2.899475756819374084e-01
-3.332828269765893969e-01
-3.446753545264417129e-01
-3.230521704084207135e-01
-2.705409303751928896e-01
-1.926743839728252139e-01
-9.856851848594472276e-02
3.490433687743932367e-03
1.030803954800780797e-01
1.906284798430997185e-01
2.595768162251166356e-01
3.035609607129035048e-01
3.176466987827786248e-01
3.006557215976048969e-01
2.565541847125216712e-01
1.889042197140384793e-01
1.037420416739853746e-01
9.211103238647488922e-03
-8.539380000548479899e-02
-1.716731917940457208e-01
-2.405535800773755950e-01
-2.854526820411656951e-01
-3.043286009508920920e-01
-2.950568889560805097e-01
-2.576725787523754807e-01
-1.956492733856899369e-01
-1.158712144541408362e-01
-2.475060274511209357e-02
6.867817765024764043e-02
1.552659855517470877e-01
2.274113236227000012e-01
2.783948824537743061e-01
3.018003809523959191e-01
2.947408405125382380e-01
2.601491098427601845e-01
2.005324716272367525e-01
1.208032242777896670e-01
2.853211251203857657e-02
-6.671039675913736922e-02
-1.562566652571538706e-01
-2.302234708540475960e-01
-2.811179600349558161e-01
-3.055366857372429079e-01
-3.004294680338165380e-01
-2.653223347674237287e-01
-2.034623712257450645e-01
-1.222279897281972616e-01
-2.799088718396525177e-02
6.996900481083234702e-02
1.615785755695868797e-01
2.379429774914010309e-01
2.915946520788901264e-01
3.157191108922370315e-01
3.070507631596623987e-01
2.684298972547842776e-01
2.026670467627504912e-01
1.153794826217691138e-01
1.483956508064543378e-02
-8.791562033229960438e-02
-1.829884420205167839e-01
-2.592579171715342357e-01
-3.084315341828546275e-01
-3.271005341460365701e-01
-3.124491370219073527e-01
-2.649854215113019995e-01
-1.890263472171145320e-01
-9.367932275755741500e-02
1.284661736941772325e-02
1.191571635312087540e-01
2.136196939191579158e-01
2.863720125952977646e-01
3.298539589764986069e-01
3.385131280405151433e-01
3.104210023325604251e-01
2.503219517457673238e-01
1.631051861692587313e-01
5.810432427427270063e-02
-5.358983288614149743e-02
-1.595831253545105799e-01
-2.491273673053254756e-01
-3.115381477853015335e-01
-3.395964485999345417e-01
-3.323643765444843634e-01
-2.896249472218455079e-01
-2.154750310589710338e-01
-1.174695492514976625e-01
-7.735578784676566677e-03
1.031280942085663899e-01
2.023541049946719905e-01
2.787813850441296371e-01
3.254398668997942057e-01
3.368436235106939680e-01
3.113839333984906865e-01
2.512885600638208317e-01
1.644799542997879005e-01
5.875030188892771399e-02
-5.356859364396049372e-02
-1.598932611728530739e-01
-2.485983783635994371e-01
-3.102259400628971653e-01
-3.373074348230115094e-01
-3.261952137730536050e-01
-2.805931864825755850e-01
-2.043737803715488521e-01
-1.057669814992838742e-01
4.726631777943968160e-03
1.139263971829154176e-01
2.102743362269356986e-01
2.818967586801623959e-01
3.204612018893848724e-01
3.240535414165259809e-01
2.914461503657264085e-01
2.260433050577388414e-01
1.347507380289096890e-01
2.950597611784466778e-02
-7.916583879902494569e-02
-1.783335778922040538e-01
-2.561730217625407535e-01
-3.046090051181087333e-01
-3.179959280073029193e-01
-2.949023097385341519e-01
-2.372555216254152999e-01
-1.532487915088189823e-01
-5.086566053072050231e-02
5.737483134596566003e-02
1.587433477167661255e-01
2.415629551196507574e-01
2.965372667303252108e-01
3.166064990995471895e-01
2.985474442164970377e-01
2.466211761396788216e-01
1.654158392766176267e-01
6.495994549547301489e-02
-4.313868417348420969e-02
-1.455499061361333890e-01
-2.308507386992035837e-01
-2.879836132268711602e-01
-3.096160048721655622e-01
-2.954618718012831380e-01
-2.460265406893168416e-01
-1.668908601077169207e-01
-6.680179845675404682e-02
4.068624580485336040e-02
1.440833720663563522e-01
2.303311852643006308e-01
2.885593754148259027e-01
3.131842105919764307e-01
3.003653180021375046e-01
2.511824462604925756e-01
1.703898273213175774e-01
6.892464414627563762e-02
-4.309252557878984202e-02
-1.515340583746370706e-01
-2.429940401896871771e-01
-3.066139602777717688e-01
-3.344714775617775304e-01
-3.229113389317659344e-01
-2.719667876840311527e-01
-1.886912717505562220e-01
-8.056190842561317123e-02
3.890705253007720188e-02
1.557445184331707200e-01
2.557484543352197548e-01
3.272074806525280266e-01
3.601915931958337147e-01
3.493055229586039534e-01
2.978631315626956155e-01
2.097854315353175902e-01
9.460660796216679991e-02
-3.548110917147462295e-02
-1.640667803667078539e-01
-2.767541363022238965e-01
-3.585620117419874298e-01
-3.988175499162721627e-01
-3.942388462740177291e-01
-3.431997828183452892e-01
-2.505847494619499738e-01
-1.253822020968718975e-01
1.648823508458496789e-02
1.607654163414671267e-01
2.899799304274537359e-01
3.882099393564117928e-01
4.438028825744013695e-01
4.491194276637038296e-01
4.027962871273829126e-01
3.078080432738570238e-01
1.759904369493345833e-01
1.954491577289596549e-02
-1.428802417217995835e-01
-2.928153928267576145e-01
-4.124649573163794436e-01
-4.877045695384557566e-01
-5.080983350412104915e-01
-4.688042686360489597e-01
-3.759748672985934181e-01
-2.371864248960250388e-01
-6.804778031905489577e-02
1.136084751055927988e-01
2.859880584372638257e-01
4.301493051121074718e-01
5.279433728929832093e-01
5.666464887773334791e-01
5.431907131201649808e-01
4.573866594033122457e-01
3.180917976216930398e-01
1.387834243491730124e-01
-5.856965704511318815e-02
-2.541394514486944312e-01
-4.249875704813073085e-01
-5.510224376344662334e-01
-6.183486938256126386e-01
-6.176007639775329405e-01
-5.480782070038627829e-01
-4.148066526672159471e-01
-2.338228047350768835e-01
-2.193836141117144756e-02
1.961836100051677079e-01
3.965836126498636371e-01
5.562964226880324770e-01
6.569931577285161861e-01
6.859664989309315342e-01
6.372821366723817604e-01
5.185120144706445444e-01
3.394942439969310666e-01
1.197283634081798276e-01
-1.185134897072634974e-01
-3.473737896218316301e-01
-5.423267272194969291e-01
-6.799912140351065393e-01
-7.434960248020012763e-01
-7.275431726001654331e-01
-6.308308340314354723e-01
-4.635401701618512282e-01
-2.413907467009758223e-01
9.222389195242763904e-03
2.635412516553221618e-01
4.925660610089976910e-01
6.703389750173638362e-01
7.773025809067448666e-01
8.001342622697793505e-01
7.361862519407535999e-01
5.894611239531821756e-01
3.777384985254068628e-01
1.204832455527260482e-01
-1.529085476949366695e-01
-4.133063202479710929e-01
-6.314945668042127869e-01
-7.834401434721460777e-01
-8.510102237398061709e-01
-8.240894874667659131e-01
-7.084542081073819109e-01
-5.133564421803278321e-01
-2.605072451905783293e-01
2.471944375174550679e-02
3.094081775479888829e-01
5.637762646215180862e-01
7.583489560113210182e-01
8.706507482591665514e-01
8.904300304086405493e-01
8.127149998706526546e-01
6.462072765741597724e-01
4.064119067298690435e-01
1.221121131413809291e-01
-1.790594415953866703e-01
-4.632568995878311169e-01
-6.993394133516381839e-01
-8.619638289565585421e-01
-9.323650887559566947e-01
-9.032011064396439082e-01
-7.749810155826005742e-01
-5.637668658954482215e-01
-2.885951090975327205e-01
1.894809669073338476e-02
3.268160285490653294e-01
6.009198110641953416e-01
8.120705230523774798e-01
9.364529962768777249e-01
9.587285437073225225e-01
8.798171306314035434e-01
7.051462128561165610e-01
4.542256328530456244e-01
1.515896024169485212e-01
-1.678964947908864191e-01
-4.714961984430867670e-01
-7.245439104442717992e-01
-8.992322239070547063e-01
-9.791069339414877337e-01
-9.533512034525538636e-01
-8.253226028699229833e-01
-6.063249953484731725e-01
-3.229475854246655064e-01
-2.348214370797463424e-03
3.193644034490836781e-01
6.078271348548478503e-01
8.318897621656680119e-01
9.670663821312532882e-01
9.989082605835821749e-01
9.215681478320905118e-01
7.467821478951528480e-01
4.900493692458678385e-01
1.809218097844913498e-01
-1.488272536177044358e-01
-4.623286356277221953e-01
-7.269062092265623498e-01
-9.132013077819665092e-01
-1.000000000000000000e+00
-9.813576464845933378e-01
-8.568156310987963264e-01
-6.411001991583094028e-01
-3.552566074357725867e-01
-3.307801710670266182e-02
2.932478033865257849e-01
5.871787671896540051e-01
8.170527112964007799e-01
9.601852586804804357e-01
1.000000000000000000e+00
9.333512404151282915e-01
7.654187018314795310e-01
5.174262151877788707e-01
2.127251545667534494e-01
-1.139243488828797224e-01
-4.282522507077827223e-01
-6.962849073844865622e-01
-8.896806724378657494e-01
-9.877673270797460159e-01
-9.784918636832906635e-01
-8.672188692261456611e-01
-6.633938717430928333e-01
-3.901508751478706127e-01
-7.481373074104513687e-02
2.467145580020355666e-01
5.414459630856962580e-01
7.766690244169092150e-01
9.268619733955130169e-01
9.793993499894233512e-01
9.270166310501217755e-01
7.767910779875790706e-01
5.430492042753720661e-01
2.541931096303093884e-01
-6.161340383243729679e-02
-3.691997303785562456e-01
-6.357015687117875125e-01
-8.333438012744386336e-01
-9.409205923425091322e-01
-9.482587517876677197e-01
-8.529885190878301326e-01
-6.687291261663079744e-01
-4.123995965833414656e-01
-1.141453655865760641e-01
1.948008872490114562e-01
4.806989695181256295e-01
7.139621634075812295e-01
8.694161237386928143e-01
9.296683631856670349e-01
8.924672530749186983e-01
7.600310331342432502e-01
5.481848359776526625e-01
2.781268373574696806e-01
-1.847251202985777940e-02
-3.115871975710179376e-01
-5.683611339820930919e-01
-7.616370714805846820e-01
-8.741291562541857463e-01
-8.929090653452179671e-01
-8.173548482439648710e-01
-6.545596716798174342e-01
-4.254202439590432094e-01
-1.518911172284073130e-01
1.350068667043491377e-01
4.050006306383227006e-01
6.295647115891791490e-01
7.852765046536493987e-01
8.561753727645964318e-01
8.338131485126683007e-01
7.253426897832746523e-01
5.407475553511562616e-01
3.010193063256558776e-01
3.054434839617936603e-02
-2.400393368358578750e-01
-4.829831017006176452e-01
-6.717130002797051525e-01
-7.859892711081296612e-01
-8.174876235981807238e-01
-7.618930244842763155e-01
-6.267192461157664596e-01
-4.254655031975792534e-01
-1.827690638245937915e-01
7.759151934969277242e-02
3.269192085715710849e-01
5.384906262896758111e-01
6.909592960693184960e-01
7.683844421601397912e-01
7.641193557969907513e-01
6.778060986174465619e-01
5.220461128180278187e-01
3.115155239504081575e-01
7.107480842192859249e-02
-1.737052824244141869e-01
-3.964714126655070059e-01
-5.743924554649232350e-01
-6.886729384864640480e-01
-7.268543742092372639e-01
-6.891839701137217888e-01
-5.787589586214137993e-01
-4.088319372300197596e-01
-1.969371323751128999e-01
3.187925094345134269e-02
2.543484281423979976e-01
4.456168044255137684e-01
5.855624146196738433e-01
6.628152592400984311e-01
6.687182626965713084e-01
6.038786910443889600e-01
4.749989505716125660e-01
2.989444393321125659e-01
9.272935040004637308e-02
-1.202524788153008783e-01
-3.172180549136879302e-01
-4.778161296502861921e-01
-5.855835156623881987e-01
-6.299364360180861322e-01
-6.059012097536699004e-01
-5.200992383495349758e-01
-3.806791344517415077e-01
-2.036988072130020422e-01
-7.638917345193285691e-03
1.854932166924097015e-01
3.559980626871697140e-01
4.853030724172453514e-01
5.597601293670051437e-01
5.752671480773587920e-01
5.298162103731911543e-01
4.293951008544023562e-01
2.845181236263538693e-01
1.131607722009730921e-01
-6.771729722340746882e-02
-2.379786207561778166e-01
-3.793206352621812938e-01
-4.783904275840730191e-01
-5.250232415435445166e-01
-5.153689667556016207e-01
-4.503212052552652001e-01
-3.397024920314968277e-01
-1.940407680707689764e-01
-3.067139720150613424e-02
1.325482957715982124e-01
2.783533868599954442e-01
3.919963017799128480e-01
4.615344254498683352e-01
4.795893178375618682e-01
4.481257469651354075e-01
3.701691236507780314e-01
2.548440674971161890e-01
1.144723665807447777e-01
-3.415471369122813350e-02
-1.759354871743881166e-01
-2.950332495090427498e-01
-3.790757732216123443e-01
-4.225383068313227630e-01
-4.207778840647153906e-01
-3.746823619153550888e-01
-2.895569182296777733e-01
-1.769711804261288046e-01
-4.780270498659655587e-02
8.333612543757529245e-02
2.020453947599962774e-01
2.964641092000612765e-01
3.572166480731064908e-01
3.786049132252156113e-01
3.585276159850387945e-01
3.019999166692592940e-01
2.144174906716707074e-01
1.061094597651841553e-01
-1.104863547334011820e-02
-1.240902766841500693e-01
-2.216051043504169149e-01
-2.927110364963116940e-01
-3.299339230368795173e-01
-3.326419614869897678e-01
-3.005205969240143382e-01
-2.373529109988152808e-01
-1.501095874385277584e-01
-4.981747869312147525e-02
5.350400234571695002e-02
1.479540321621308774e-01
2.233497416211653874e-01
2.737438902006550379e-01
2.941055248990673832e-01
2.826806418583360792e-01
2.411059864590605617e-01
1.760308994987056508e-01
9.354726810938207571e-02
3.365050370575994876e-03
-8.418324791200171298e-02
-1.601089431603910374e-01
-2.169840036996891763e-01
-2.486207893357517129e-01
-2.517747875365071719e-01
-2.290850228356547946e-01
-1.828322605035165305e-01
-1.184215634332925760e-01
-4.333617069329831484e-02
3.347886661651511275e-02
1.042702534249837498e-01
1.608004484730920502e-01
1.971984966141400175e-01
2.124062972806664007e-01
2.049240998189971741e-01
1.755784512038454093e-01
1.281744019953474645e-01
6.957024881083428980e-02
5.321818971717906521e-03
-5.723143148133402747e-02
-1.109772846240141275e-01
-1.514797412277879562e-01
-1.749168808766299321e-01
-1.788927426652321406e-01
-1.634382496229540571e-01
-1.320796106961822369e-01
-8.766911917229813778e-02
-3.545238453856469629e-02
1.831826106414746747e-02
6.795067999654214042e-02
1.086568525815376773e-01
1.356183243217712331e-01
1.461279564739275116e-01
1.415629563731457541e-01
1.223990816366540280e-01
9.052615965106936002e-02
4.990367865316791551e-02
5.742835993701067565e-03
-3.761151549843577691e-02
-7.469432970272638084e-02
-1.014153308056158220e-01
-1.169689207483758375e-01
-1.198965187270070176e-01
-1.095244015206444654e-01
-8.749713808593617692e-02
-5.750001746592858787e-02
-2.212394762999225772e-02
1.443918358932783086e-02
4.765474331443741995e-02
7.473802545514618423e-02
9.325803793446607592e-02
1.006289760974250491e-01
9.622358163636768325e-02
8.234973918851040686e-02
6.015718878474474174e-02
3.228387722191827791e-02
2.605430893557691974e-03
-2.564440856251781753e-02
-4.985182063868454083e-02
-6.687161005351172083e-02
-7.505197196381552249e-02
-7.537295391718978887e-02
-6.773853828931819532e-02
-5.275870994744458198e-02
-3.289298853256539257e-02
-1.123066905350067479e-02
1.039324967879040607e-02
2.927905529808838558e-02
4.320114705518518505e-02
5.223939530147503341e-02
5.553360089931946852e-02
5.207565750436793373e-02
4.274610474286544282e-02
2.964904101101839551e-02
1.383906072441964952e-02
-2.793493697820670363e-03
-1.801641638730600015e-02
-3.073829848803533160e-02
-3.980585892956622907e-02
-4.370994542335060462e-02
-4.234790010867872656e-02
-3.720709889636220069e-02
-2.856675606645087129e-02
-1.711716117441475227e-02
-4.639532001662560745e-03
7.357730159599062958e-03
1.789658011323358444e-02
2.558579485217316041e-02
2.967784313688492936e-02
3.075907815273382084e-02
2.863375130892320541e-02
2.320315291145269576e-02
1.550710874032312780e-02
6.919474898208433089e-03
-1.898804119569219573e-03
-9.939681869421845839e-03
-1.623400525479412604e-02
-2.067861798848114052e-02
-2.283017260790509706e-02
-2.210832584576016835e-02
-1.884807709707447820e-02
-1.403616221813297482e-02
-8.005758934121143255e-03
-1.339082253332124495e-03
5.044130921354916808e-03
1.061457098043283587e-02
1.485419721977709884e-02
1.688102415250058996e-02
1.646731528556810709e-02
1.423514567347949900e-02
1.034003455372167757e-02
5.395452307768389133e-03
3.505227254336773512e-04
-4.192106356974201198e-03
-7.839824137473083709e-03
-1.015649461157885902e-02
-1.091613947490011061e-02
-1.032629456592526473e-02
-8.435735549019329760e-03
-5.543090556412111347e-03
-2.330007057449789976e-03
4.532742094578434688e-04
2.612895461795439189e-03
4.069887723997522855e-03
4.718067204446452223e-03
4.886066348922080138e-03
4.516950058660151868e-03
3.499828319687203759e-03
2.138724028417193779e-03
7.467799072682357320e-04
-5.659438235733338374e-04
-1.625849810541923901e-03
-2.308325735602245743e-03
-2.700077329390260239e-03
-2.748021308532133666e-03
-2.417710422882302090e-03
-1.850626498026253230e-03
-1.218726682085669033e-03
-5.749129966676758130e-04
-8.752843721149261569e-06
3.768437498374854755e-04
5.804157379187824262e-04
5.815817857266480928e-04
4.125083508772497964e-04
1.699219005790730819e-04
-3.925150530192933473e-05
-2.037248222604981507e-04
-3.440988621247198509e-04
-4.347908623222318525e-04
-4.738117624012438966e-04
-4.562103237157888458e-04
-3.836831267789442279e-04
-2.997167302880576756e-04
-2.695227707717462451e-04
-2.873599887663891295e-04
-3.184711109746052315e-04
-3.521894636634437248e-04
-3.559656126156385270e-04
-3.349570192255901802e-04
-3.153653895531238760e-04
-2.945923658216331731e-04
-2.749255094456337645e-04
-2.585885372733409682e-04
-2.437075583734404916e-04
-2.352727253136510654e-04
-2.382913745904158276e-04
-2.511782586935851214e-04
-2.693026247765351044e-04
-2.885910207293118646e-04
-3.032112131661213184e-04
-3.125342712118062138e-04
-3.182240212992182293e-04
-3.198854517550975274e-04
-3.195043147359299951e-04
-3.169992697257262293e-04
-3.118190403337273153e-04
-3.058261696236019844e-04
-3.006124955040601066e-04
-2.963810861448257228e-04
-2.928437742519829357e-04
-2.896779325992637766e-04
-2.859903953261744292e-04
-2.820732985201468423e-04
-2.786338343760963454e-04
-2.754146260761647369e-04
-2.721451998080048895e-04
-2.689887587600248153e-04
-2.663218876486350695e-04
-2.645005276932232974e-04
-2.639156025440181352e-04
-2.644498361152880506e-04
-2.656171501767001786e-04
-2.671781777437987060e-04
-2.688684779916794554e-04
-2.705923298685908307e-04
-2.724035308375727382e-04
-2.742271066149548631e-04
-2.760488511683867330e-04
-2.778553945466111230e-04
-2.796578415946715523e-04
-2.815943799170383954e-04
-2.838686877475460335e-04
-2.864601245278208808e-04
-2.892210747965640039e-04
-2.920888755999495601e-04
-2.949937036555994041e-04
-2.980171552817711955e-04
-3.011614520690431007e-04
-3.044288156074381746e-04
-3.078214674869794720e-04
-3.113416292979120925e-04
-3.149915226303701132e-04
