-7.359460022998594031e-01
-3.614137247141719911e-01
-3.572394030906356210e-02
2.392249651862179416e-01
4.615346060424236896e-01
6.293065965303057396e-01
7.406425509206155944e-01
7.936440834841114178e-01
7.717831647561372854e-01
6.712912155819705795e-01
4.989084967742936083e-01
2.747441283286888858e-01
2.229070652842568556e-02
-2.326023993155680314e-01
-4.630533294990903936e-01
-6.432586619066149591e-01
-7.537855694918694782e-01
-7.866500832301343005e-01
-7.368918797542933774e-01
-6.100185759687490883e-01
-4.182710402438707398e-01
-1.846312474145239690e-01
6.894076508095769995e-02
3.146534516500498757e-01
5.261004874955883537e-01
6.817959801255533137e-01
7.654804545531948001e-01
7.691366621179511753e-01
6.913437411029450530e-01
5.432324188833377310e-01
3.377898232925153899e-01
9.823371763229205023e-02
-1.505120483541433352e-01
-3.817682013124187312e-01
-5.721347782663420700e-01
-7.005395077475637944e-01
-7.528155705586040414e-01
-7.278140875108602970e-01
-6.266689590198185611e-01
-4.602771998301403711e-01
-2.450676119775886397e-01
-5.998690245889504169e-03
2.331832281275243446e-01
4.452942656524176979e-01
6.079579872979392619e-01
7.070888707487283931e-01
7.314985823485151695e-01
6.788601608839375245e-01
5.540153839575903127e-01
3.732916716876519825e-01
1.532571692883244463e-01
-8.155725584796902350e-02
-3.061825106402594754e-01
-4.969761945796491442e-01
-6.344086011470624342e-01
-7.031309470213155111e-01
-6.947360777122202347e-01
-6.149022456410895288e-01
-4.707073087065860584e-01
-2.780644624377165419e-01
-5.687238579438680386e-02
1.676281977508977672e-01
3.726919018532577343e-01
5.353101308858057017e-01
6.379976138786673800e-01
6.735788872871111277e-01
6.374792532517308263e-01
5.342755012699873518e-01
3.747283318908665173e-01
1.792757228049444151e-01
-3.351473960199125024e-02
-2.402821690224788975e-01
-4.184378567013498085e-01
-5.502756926310591323e-01
-6.221503127688909895e-01
-6.272555704852859071e-01
-5.646396038310850241e-01
-4.438919122118747396e-01
-2.759017689266748397e-01
-8.046390821692661621e-02
1.213488967241638239e-01
3.076707460951482176e-01
4.594628379035887722e-01
5.596986050901022747e-01
5.972996752249857266e-01
5.727194418299408341e-01
4.876385140388064254e-01
3.514659608150336734e-01
1.782699179684184010e-01
-1.127114925335570561e-02
-1.978706786750938917e-01
-3.597487848010630929e-01
-4.796038477682409429e-01
-5.480416209471901112e-01
-5.572865862903715328e-01
-5.066335102237009558e-01
-4.014315876966768615e-01
-2.561319148082791264e-01
-8.448264501078850408e-02
9.384379978056300864e-02
2.590391249691608166e-01
3.937433198517021893e-01
4.840551774585351019e-01
5.200554104815564571e-01
4.972940437116293300e-01
4.221803414769762508e-01
3.017148091363888174e-01
1.503892756758002935e-01
-1.490846255085942484e-02
-1.750975656304690764e-01
-3.134759101148922866e-01
-4.139121190915364679e-01
-4.651892537358188751e-01
-4.656709783621374443e-01
-4.147619360207649430e-01
-3.185814411139475943e-01
-1.878916466174191946e-01
-3.994606637677844407e-02
1.102635082203600181e-01
2.451184709286604591e-01
3.492608106478649610e-01
4.136929863524130280e-01
4.312734262347930336e-01
4.005158189577089356e-01
3.248862088787711766e-01
2.155001797570965660e-01
8.289812525889206363e-02
-5.675148987266687151e-02
-1.871397186120544731e-01
-2.940651415100304922e-01
-3.661393751053797496e-01
-3.953008657418929372e-01
-3.780836301222991747e-01
-3.198924970158025793e-01
-2.261115439427539009e-01
-1.080557471928226265e-01
2.071306157931140923e-02
1.446802448171631283e-01
2.504100826495825327e-01
3.245938836572317410e-01
3.584806771938533476e-01
3.519968124093009187e-01
3.051604762015496242e-01
2.231963515960448952e-01
1.153575894175127292e-01
-3.856636020713621882e-03
-1.218590904468709324e-01
-2.238187550275970716e-01
-2.972722198375343794e-01
-3.356504232794423892e-01
-3.341547469623235012e-01
-2.928750495725228609e-01
-2.160997904969556016e-01
-1.149875587024371537e-01
5.404210457835567638e-04
1.161152601861297207e-01
2.173952764627418155e-01
2.927925537871483019e-01
3.336253410072120840e-01
3.345860867503007707e-01
2.945463825770173738e-01
2.201046098430872178e-01
1.178762680950378172e-01
1.201963973877839820e-03
-1.156255674695683133e-01
-2.185799148686542459e-01
-2.959819065072492039e-01
-3.372089511138314233e-01
-3.363048186089214742e-01
-2.963362155337105897e-01
-2.203576271007700038e-01
-1.164648050664808254e-01
3.775613029276092547e-03
1.244587285245704056e-01
2.322696759771742947e-01
3.128701698627713856e-01
3.559955414988875688e-01
3.591726189296764460e-01
3.202741486599638421e-01
2.424429159427472502e-01
1.336433323290682207e-01
8.191677165954924789e-03
-1.215957815630240857e-01
-2.399009504112828983e-01
-3.318740695367682347e-01
-3.869201144088396660e-01
-3.979552908630270558e-01
-3.630203006007123312e-01
-2.843928857353682504e-01
-1.723151579488543250e-01
-3.685585002985913849e-02
1.057542623364202683e-01
2.389103203861364655e-01
3.469689852312534128e-01
4.174363581530979861e-01
4.403767215379996713e-01
4.111906533623039817e-01
3.354080802171521825e-01
2.189809501865824792e-01
7.426696558893608469e-02
-8.345099160842361918e-02
-2.350626157081374679e-01
-3.640339719942019547e-01
-4.534321020513271128e-01
-4.915893503714084956e-01
-4.762161568993635852e-01
-4.065284447487887975e-01
-2.888493633761484158e-01
-1.345292254690225731e-01
3.744143970176549985e-02
2.101679809481284966e-01
3.631765003552716031e-01
4.781632163121101176e-01
5.425363986696685181e-01
5.477360575300656009e-01
4.920880107068614784e-01
3.794281356087434443e-01
2.236122266101563394e-01
3.853818394902686073e-02
-1.545977976113884766e-01
-3.343219758123139318e-01
-4.801730419338061662e-01
-5.757710622566637459e-01
-6.081815215058967716e-01
-5.711657947003269120e-01
-4.715537992212557317e-01
-3.172940696413935058e-01
-1.247652761335119598e-01
8.622403058710559343e-02
2.910094216402041578e-01
4.679617490549004000e-01
5.955208187138232301e-01
6.581800942247202357e-01
6.511264147149986581e-01
5.724094034269062714e-01
4.296069742202170971e-01
2.363506779130271074e-01
1.611860402315068441e-02
-2.100248224652320195e-01
-4.166411736600734717e-01
-5.802632196445189905e-01
-6.834507034970515038e-01
-7.137229092543450060e-01
-6.670161308848301385e-01
-5.459197589313301568e-01
-3.650717603136804934e-01
-1.403980168631300263e-01
1.025580724684047595e-01
3.378490673630245578e-01
5.393773362387053183e-01
6.853929873855189037e-01
7.581632662615223062e-01
7.474969033405598484e-01
6.576302913606433265e-01
4.951293433900940677e-01
2.767824812952328628e-01
2.402107269434838877e-02
-2.340657819651864591e-01
-4.709933256380128830e-01
-6.589032721958069105e-01
-7.764537664328139410e-01
-8.133617112906758040e-01
-7.630718684623236658e-01
-6.301115926679107249e-01
-4.263825493315746007e-01
-1.761891836254989574e-01
9.704465860171973546e-02
3.628511716502897944e-01
5.921862868108818123e-01
7.603253850367033273e-01
8.485574557531765372e-01
8.467230336062985252e-01
7.523861092467356571e-01
5.778963114945556701e-01
3.381213464935370894e-01
6.045743578342199775e-02
-2.260384557412026263e-01
-4.898243340947133762e-01
-7.034104804051569682e-01
-8.422289790486242600e-01
-8.897081948561244014e-01
-8.440207216555406511e-01
-7.071098400573712084e-01
-4.934552371733130771e-01
-2.237428140907437024e-01
7.061016648963835962e-02
3.602534798123062654e-01
6.120911783957079244e-01
7.988519637870334922e-01
9.032114238757193991e-01
9.119868466967742116e-01
8.236706941455458342e-01
6.454894306839729090e-01
3.990416903788720493e-01
1.068381172870300766e-01
-1.984132305540216024e-01
-4.844501469631771196e-01
-7.204919055633324243e-01
-8.814061856331875111e-01
-9.489840743560419289e-01
-9.137479406406369131e-01
-7.835785339241899683e-01
-5.692663019409481828e-01
-2.935948999702419071e-01
1.616451646021310751e-02
3.250521513661868145e-01
6.015274975028146454e-01
8.143095329934089133e-01
9.397570828410981569e-01
9.678502427579405154e-01
8.931900876322109717e-01
7.237879620595235597e-01
4.754384070850592447e-01
1.775928428589412800e-01
-1.414099793900591706e-01
-4.464274777494227076e-01
-7.044987689359706318e-01
-8.885923867928278153e-01
-9.785997612931689460e-01
-9.652083946228233735e-01
-8.474439891263234603e-01
-6.406551950992045441e-01
-3.630505867890156946e-01
-4.646167857540028923e-02
2.760164639220559213e-01
5.694638709920278874e-01
8.035803707046571542e-01
9.523688136297485674e-01
9.985360768098141548e-01
9.412621438930093287e-01
7.839170854164738689e-01
5.436785784176654257e-01
2.440423031587046765e-01
-8.038529688997586575e-02
-3.971810104809071484e-01
-6.706628234804263844e-01
-8.717541639321841895e-01
-9.825878411778276034e-01
-9.896096290078087998e-01
-8.921539996866728606e-01
-6.987555998845023097e-01
-4.331754267656001689e-01
-1.200477312111222217e-01
2.056698280228361764e-01
5.096667163456884975e-01
7.596383654082101700e-01
9.292563592624500934e-01
1.000000000000000000e+00
9.623752206483124905e-01
8.251201494074988929e-01
6.000613951218780606e-01
3.115295175516570314e-01
-1.171219711887927506e-02
-3.332755726344465153e-01
-6.203696142392053359e-01
-8.409631807918683810e-01
-9.708341103990071330e-01
-1.000000000000000000e+00
-9.232687646880580745e-01
-7.493819762396992656e-01
-4.948740664377707654e-01
-1.900888875734924044e-01
1.358285323051555693e-01
4.471472378594398833e-01
7.103983736399397397e-01
8.984205900195396666e-01
9.910124343477131337e-01
9.791202828738287955e-01
8.620186614443225981e-01
6.554406946760429342e-01
3.779177238269972872e-01
6.149446540959568885e-02
-2.606059109483767067e-01
-5.535996673861502959e-01
-7.873104154047697589e-01
-9.361134309104756079e-01
-9.830087563136442608e-01
-9.275366321310661855e-01
-7.732909669359704363e-01
-5.375151342973782942e-01
-2.436041341884148670e-01
7.426122819032587863e-02
3.841385803471704108e-01
6.511201642397401734e-01
8.468384212046482507e-01
9.542698225849355342e-01
9.604917618682315972e-01
8.652972906169944523e-01
6.773859840138423127e-01
4.202081924279179592e-01
1.178730995812169446e-01
-1.957032112322664164e-01
-4.873132593596077866e-01
-7.261187275369548333e-01
-8.870852835852287566e-01
-9.529643529377702649e-01
-9.151715311907462347e-01
-7.828667183442783450e-01
-5.678631275649277388e-01
-2.937025976804876759e-01
1.191445970430793366e-02
3.143913666298927545e-01
5.827273846577998295e-01
7.870206762885691987e-01
9.048951754259026981e-01
9.279746729370454972e-01
8.521310881377945901e-01
6.863589156059364260e-01
4.469156810171939220e-01
1.628020913302621331e-01
-1.384868586230628695e-01
-4.237433259572291888e-01
-6.619797821450014164e-01
-8.288116551213395855e-01
-9.063711274081491798e-01
-8.874262853587981947e-01
-7.724037773015326458e-01
-5.770760239042018735e-01
-3.193620110242122445e-01
-2.935359709611717882e-02
2.620193598221751685e-01
5.232998941620667921e-01
7.274900553396126401e-01
8.523193260027610574e-01
8.835438585520762889e-01
8.226901020242456397e-01
6.744864547575109004e-01
4.558128008492328131e-01
1.889590401853005197e-01
-9.466349595191436705e-02
-3.662283655203693034e-01
-5.950797949967957523e-01
-7.567904512681984386e-01
-8.382550573061839927e-01
-8.296481790752583407e-01
-7.326397395986745664e-01
-5.568219510640914915e-01
-3.246543240766768257e-01
-5.840298113872111063e-02
2.117181215259129612e-01
4.564856149683991227e-01
6.502107829155880925e-01
7.725149121041039457e-01
8.109320268579514046e-01
7.603604558258090229e-01
6.305135607791765295e-01
4.332226236624929783e-01
1.912311583306174345e-01
-7.004499278864428913e-02
-3.212603587337887756e-01
-5.364624762254525114e-01
-6.915540687828806155e-01
-7.693957820437808959e-01
-7.661966945881844016e-01
-6.810478539292593725e-01
-5.240198404485502115e-01
-3.111085585498871708e-01
-6.819272827336098075e-02
1.804398494852941237e-01
4.065930250887059838e-01
5.857167635440747588e-01
7.010451110575957046e-01
7.399737833776030005e-01
6.993831871216502627e-01
5.829984027886563336e-01
4.069466535660972717e-01
1.879123428898608061e-01
-4.871836036749710441e-02
-2.771934840571848024e-01
-4.729249183840338322e-01
-6.155109488462622291e-01
-6.890801760670957066e-01
-6.847742308567721370e-01
-6.082162104870048047e-01
-4.664924679892852311e-01
-2.759218640891458740e-01
-5.671936178740999424e-02
1.653608252510030407e-01
3.672873801222946710e-01
5.260140456148254540e-01
6.241623411528616217e-01
6.551969692405301693e-01
6.150399628656118001e-01
5.090628635855294348e-01
3.486433264969632795e-01
1.547361488102119154e-01
-5.373721618912663534e-02
-2.533884273629326556e-01
-4.219309142174442195e-01
-5.425508442093129879e-01
-6.026280367549865513e-01
-5.969335214271651591e-01
-5.258424720524481621e-01
-4.002364251574019871e-01
-2.318975459499847958e-01
-4.104005047684189389e-02
1.512635180129919821e-01
3.240259343191311814e-01
4.593093997972368392e-01
5.419295013733327337e-01
5.626230839861794397e-01
5.239671759360848835e-01
4.293550152357752392e-01
2.894944877985852205e-01
1.192349301081085944e-01
-6.090777028154792383e-02
-2.322071795171035680e-01
-3.744841647338712498e-01
-4.722872837962948100e-01
-5.188129958616174431e-01
-5.085967292546489382e-01
-4.431919341841603632e-01
-3.297305605096521042e-01
-1.836640322872444830e-01
-1.912976059570714593e-02
1.449802029248368207e-01
2.900697829664955485e-01
4.012113657470834926e-01
4.669552459053178950e-01
4.806714898430730631e-01
4.405741703690975175e-01
3.542230138959143737e-01
2.296412740877005199e-01
8.238383829715001383e-02
-7.065387599825545539e-02
-2.124666041683662687e-01
-3.283945888287168602e-01
-4.051633739862603445e-01
-4.342954357341085592e-01
-4.169007842812741949e-01
-3.544584097325158556e-01
-2.541481878417487517e-01
-1.271910289974353958e-01
1.015180164596318768e-02
1.436926607814754675e-01
2.576247400614923855e-01
3.395266142357391548e-01
3.840942590169695858e-01
3.862963664378771256e-01
3.459712324089265767e-01
2.679423413376398333e-01
1.634385437864009916e-01
4.247063417091045956e-02
-8.073744030142460115e-02
-1.918896812701776922e-01
-2.795462238749144568e-01
-3.347974110141300752e-01
-3.519771853267391615e-01
-3.292669041434345134e-01
-2.721614406783736673e-01
-1.859455461602258497e-01
-8.097687316809765168e-02
3.062978656070924899e-02
1.361681599554875888e-01
2.247321167254987540e-01
2.856029644981235016e-01
3.119845106942358282e-01
3.049305961363382167e-01
2.649858623118837020e-01
1.963569270328620053e-01
1.068762549794273209e-01
8.225925386591725896e-03
-8.949778845135869521e-02
-1.743500461587902395e-01
-2.366587737051250029e-01
-2.722172113556006190e-01
-2.772295363356523934e-01
-2.511076158330683983e-01
-1.971239665287057852e-01
-1.235665009996578245e-01
-3.723950247046037276e-02
5.176370816498288008e-02
1.326994897886655256e-01
1.972606020963649787e-01
2.390337455209343709e-01
2.530697494203482112e-01
2.377312438978911313e-01
1.974759529365555100e-01
1.359310885340492270e-01
6.072383508131018459e-02
-1.885264593268298761e-02
-9.376453051642108516e-02
-1.563856789230738675e-01
-1.989043056166116541e-01
-2.166333507171166461e-01
-2.110122515127915710e-01
-1.825201996913360381e-01
-1.339618782051711365e-01
-7.139905744342589511e-02
-3.586326298856135075e-03
6.274057559843670973e-02
1.194335735857745551e-01
1.599359247558058694e-01
1.825383830269176055e-01
1.848764151292867641e-01
1.662020036627691599e-01
1.291751107667602483e-01
7.965469438824923643e-02
2.203306867161058946e-02
-3.668224264909691890e-02
-8.902826080583203794e-02
-1.299839127794919502e-01
-1.556481165238695619e-01
-1.629129871966247256e-01
-1.512162145889506260e-01
-1.241414481003358938e-01
-8.395617748061179331e-02
-3.517416322992295008e-02
1.601513612630922623e-02
6.386038104812508109e-02
1.036487300196258232e-01
1.300529981641187494e-01
1.402642908517752751e-01
1.359941695530300088e-01
1.174187441812193367e-01
8.599975917645141799e-02
4.585900802009046373e-02
2.376236909747531101e-03
-4.035212026409129571e-02
-7.666770454816607128e-02
-1.022006913856484678e-01
-1.164112721449199750e-01
-1.179495266934905695e-01
-1.058265657321734166e-01
-8.182246012997795859e-02
-5.009421741989183996e-02
-1.330452879538779332e-02
2.404200529248989859e-02
5.705455380744961502e-02
8.310293209835317718e-02
9.978937275981381028e-02
1.041597050508953348e-01
9.579457535942625945e-02
7.773677766725661797e-02
5.131064138638419259e-02
1.961366125833241547e-02
-1.269001352046317255e-02
-4.207595153875642868e-02
-6.592248873149308963e-02
-8.094810098877858184e-02
-8.561225603114441807e-02
-8.144768332303442548e-02
-6.860719624944600081e-02
-4.811965825870023750e-02
-2.325352667268465456e-02
2.234331859222393746e-03
2.629520836149401575e-02
4.600309559832949091e-02
5.908055350245056125e-02
6.609958307223329221e-02
6.627519316350505285e-02
5.867988920696753929e-02
4.479399434742203923e-02
2.730801546325700713e-02
7.589046723833980934e-03
-1.197242857989033737e-02
-2.880906085772683145e-02
-4.195877258238722707e-02
-5.018510230739436917e-02
-5.185718425656782316e-02
-4.716474116069346856e-02
-3.810642357848381678e-02
-2.525998781682003980e-02
-9.842969246346533474e-03
5.860098007429259681e-03
2.018978222774303610e-02
3.193106986142302262e-02
3.934538903507855956e-02
4.172076221843545873e-02
4.004969999020602245e-02
3.431344594467700126e-02
2.477841296970550999e-02
1.302004697682868084e-02
7.934007301644285803e-04
-1.094749447915033258e-02
-2.077982182474902295e-02
-2.756254173107097749e-02
-3.142320885646743278e-02
-3.193111179926300114e-02
-2.858897731717557900e-02
-2.211948031676047588e-02
-1.394720330034082689e-02
-4.655706825254624093e-03
4.808547888696557138e-03
1.323436105830411158e-02
2.011357118053980209e-02
2.480284637708818352e-02
2.626255906820684771e-02
2.441924319133659260e-02
2.023588764511741189e-02
1.400428068779646651e-02
6.544071153488539849e-03
-9.004513752918219538e-04
-7.566980534481571041e-03
-1.287439916027111053e-02
-1.604904179202404357e-02
-1.678224695185770443e-02
-1.550721411492872459e-02
-1.232839800492258053e-02
-7.776746347476715115e-03
-2.864511591920471112e-03
1.478768920078366023e-03
4.923516627542534607e-03
7.265727372136820961e-03
8.336707911134944027e-03
8.503034668108977456e-03
7.713814033963428685e-03
5.924637590195347414e-03
3.645021890594124514e-03
1.463809092877133011e-03
-4.561971288871147223e-04
-1.931098060410363360e-03
-2.806079921708559688e-03
-3.305974353958851530e-03
-3.348159063357392107e-03
-2.832817997286518619e-03
-1.979305205006665069e-03
-1.014574589182859476e-03
-2.175067009047015887e-05
8.399910348628747414e-04
1.426184063115565337e-03
1.737464034934133039e-03
1.745811282022780020e-03
1.521383887415073133e-03
1.217261441141870293e-03
9.873254757830629558e-04
8.404620451456512598e-04
7.075069902189312643e-04
6.006885845928344736e-04
5.219725316591983244e-04
4.803964276460792604e-04
4.966469181491017792e-04
5.224692383976048404e-04
4.630354674830527983e-04
3.367625106929228451e-04
2.095686679537411834e-04
1.126187442062054345e-04
1.126386560272862880e-04
1.976671524006601288e-04
3.068266310015665965e-04
4.228524308000913834e-04
5.103472299909928012e-04
5.639313352443497962e-04
5.975762165213449606e-04
6.043629471788047880e-04
5.917162604187620190e-04
5.612683747553415259e-04
5.140511307908379734e-04
4.641889042737989968e-04
4.249578210262505706e-04
3.986940048863463204e-04
3.853385415346632925e-04
3.846607088802134200e-04
3.895979028580853765e-04
4.005311464818639422e-04
4.182396478593641831e-04
4.367285907174167647e-04
4.510961263028967494e-04
4.603006920982366523e-04
4.641082138039376304e-04
4.630753724415015427e-04
4.599568097796158384e-04
4.548990054080714884e-04
4.483458497599457360e-04
4.407412332678717348e-04
4.325290463649267281e-04
4.241531794835218250e-04
4.160575230567342686e-04
