4.099256241597717398e-01
4.599106346724199934e-01
4.466140427628291221e-01
3.824021194315896377e-01
2.796411356792929404e-01
1.506973625065299860e-01
7.937070913891730584e-03
-1.362734680980315360e-01
-2.585885265964930069e-01
-3.508236622366442958e-01
-4.040646400058884868e-01
-4.106093966733193046e-01
-3.668519216316726839e-01
-2.791792093815818054e-01
-1.550059135365375873e-01
-1.020286510901824428e-02
1.392476038435497276e-01
2.755244844383339942e-01
3.831539755490862564e-01
4.475691511964616787e-01
4.597916018714729436e-01
4.210729064303055935e-01
3.334840686174092017e-01
2.059331643053770033e-01
5.158024969377050795e-02
-1.101397395883537689e-01
-2.620692678451912450e-01
-3.848598835840238985e-01
-4.632802807845456394e-01
-4.898810276137484099e-01
-4.596806406655079558e-01
-3.748939963918438423e-01
-2.432388070057996954e-01
-8.160252551125679599e-02
9.446086709143486360e-02
2.638400349462144412e-01
4.063428089545844113e-01
5.054677100836817427e-01
5.491622156815050282e-01
5.312773562442658637e-01
4.514321062093451520e-01
3.201161666395451189e-01
1.487754755668284634e-01
-4.161786781071197261e-02
-2.293871845298924850e-01
-3.925737735162458941e-01
-5.128686101891264393e-01
-5.746534354914969445e-01
-5.688775157220109513e-01
-4.989824131917949268e-01
-3.699847249042663710e-01
-1.956640931927471350e-01
5.889159118499298629e-03
2.096855700295494618e-01
3.938616185422285643e-01
5.353976185085369544e-01
6.171876571338701378e-01
6.325555458669442910e-01
5.770323600455562474e-01
4.554886948372138811e-01
2.794337307206993248e-01
7.080399657919533851e-02
-1.500185350610313550e-01
-3.568569190252212087e-01
-5.254646960793488697e-01
-6.366569550611639317e-01
-6.767771047998218936e-01
-6.407397608553786483e-01
-5.299057141141403360e-01
-3.582820425779621454e-01
-1.412192948186805630e-01
9.566392738091034076e-02
3.262789076771279717e-01
5.240200379533317410e-01
6.668151481529993596e-01
7.366475265259821992e-01
7.232370944196340190e-01
6.312738360239678048e-01
4.676820168831399283e-01
2.500659023034832451e-01
4.917842624467816393e-04
-2.511806287118187875e-01
-4.781376465844916490e-01
-6.525882703001133489e-01
-7.537179782281765439e-01
-7.726945839877863431e-01
-7.044722570966165387e-01
-5.558273084065621372e-01
-3.406870110395876505e-01
-8.559290691682419627e-02
1.845199066431828516e-01
4.383080163426720244e-01
6.466687031192348556e-01
7.862978248254970381e-01
8.404807696046963095e-01
8.026145579569003985e-01
6.737817044301579461e-01
4.704461806205832985e-01
2.109658999652790357e-01
-7.384973815920148343e-02
-3.528268745681539809e-01
-5.943043782495096572e-01
-7.717746569185083283e-01
-8.639518721122306788e-01
-8.582226905773499004e-01
-7.587856736694866822e-01
-5.731725800740128385e-01
-3.219213908662895696e-01
-3.059404899792750321e-02
2.659710130768442315e-01
5.365942877774865227e-01
7.492312665098972424e-01
8.793887494559018414e-01
9.159417022972857758e-01
8.519675243575921542e-01
6.941652672476354979e-01
4.574213986261594922e-01
1.708435042955931404e-01
-1.375341900151979546e-01
-4.319900520491684048e-01
-6.794482281956122360e-01
-8.527374211257774395e-01
-9.317938948848885072e-01
-9.082032286101029417e-01
-7.818675774630070574e-01
-5.693259493671635196e-01
-2.897683253150965532e-01
2.395051362648725757e-02
3.381920761241885565e-01
6.174898560852299934e-01
8.316414792905950648e-01
9.556064583209034069e-01
9.736480954363575524e-01
8.879719562884256234e-01
7.046582096906439663e-01
4.441752442390569655e-01
1.326138049255820572e-01
-1.932713565114139165e-01
-4.995051050994503417e-01
-7.501244783527329929e-01
-9.169421363968834893e-01
-9.849170384977680159e-01
-9.441548420515517570e-01
-7.994004602589969144e-01
-5.640816682345120014e-01
-2.675505092732843870e-01
6.135471658027014108e-02
3.848299661949976525e-01
6.671564358453376808e-01
8.775862547874244690e-01
9.926185887282052978e-01
1.000000000000000000e+00
8.964449737018393982e-01
6.965955056690862346e-01
4.184084792527127394e-01
9.528059205204053583e-02
-2.380663445797541744e-01
-5.441334070745950102e-01
-7.903464028625641902e-01
-9.485899905838534041e-01
-1.000000000000000000e+00
-9.434865755559876943e-01
-7.824542126682236809e-01
-5.355713984982064524e-01
-2.278210148069911289e-01
1.038593801049298992e-01
4.252003297474995502e-01
6.989356749748558695e-01
8.950362329191383637e-01
9.959774141131405578e-01
9.888975810206186434e-01
8.752558154193892381e-01
6.657265852261764483e-01
3.871315028717197126e-01
6.647742546023827082e-02
-2.592169688998692267e-01
-5.544371896481998796e-01
-7.872568309020674393e-01
-9.324163724397929176e-01
-9.748041033733028105e-01
-9.081642125475580807e-01
-7.442848014407161816e-01
-4.981002326938389624e-01
-1.986513771874881540e-01
1.223967354755524095e-01
4.283957365919708327e-01
6.870456406648521863e-01
8.689470693329894857e-01
9.532755872835259048e-01
9.357435613201436908e-01
8.163315805116257984e-01
6.094976253585957515e-01
3.362792573622215286e-01
2.999395194378284835e-02
-2.780321195714071658e-01
-5.523283997279518909e-01
-7.626563251504100416e-01
-8.889339652872090269e-01
-9.166416269172851239e-01
-8.442811970510658570e-01
-6.785273671739002754e-01
-4.417349235200335178e-01
-1.568424476718672800e-01
1.430560774445286398e-01
4.252486191350643985e-01
6.591173372100680439e-01
8.197915318277408936e-01
8.898974538418222835e-01
8.605539195667153418e-01
7.406646443930973156e-01
5.415278332352420065e-01
2.869329629554040473e-01
4.143702201687915476e-03
-2.739167525967132200e-01
-5.180186616882677120e-01
-7.006595167301192806e-01
-8.015934186685789165e-01
-8.147088133924902387e-01
-7.376026375835789128e-01
-5.805967049233655697e-01
-3.604628912004683716e-01
-1.054705413300045524e-01
1.586387018953199224e-01
4.020311834397432005e-01
5.977082613059907512e-01
7.268175282069078147e-01
7.754802696930034323e-01
7.403508838493546573e-01
6.249329144080997267e-01
4.459631521416629329e-01
2.210075699347362477e-01
-2.300520162365760068e-02
-2.591150707978365775e-01
-4.617043914931262538e-01
-6.095297076931234237e-01
-6.868706769593488914e-01
-6.850115828616865077e-01
-6.100733242747874430e-01
-4.695228376044771057e-01
-2.801367094552630332e-01
-6.243536494144585891e-02
1.575257887205907537e-01
3.565324188740603972e-01
5.118050742860908997e-01
6.064171735627374993e-01
6.350051189137577712e-01
5.942650673502218872e-01
4.902837589663298079e-01
3.347713704315611327e-01
1.486183535541023559e-01
-4.931548534750485047e-02
-2.363831515657125459e-01
-3.913349436552642224e-01
-4.990309478355285933e-01
-5.485294695922147135e-01
-5.362487489632510318e-01
-4.637502298356470654e-01
-3.431345255521061066e-01
-1.865813397295512654e-01
-1.395570953185620855e-02
1.545402225360203996e-01
3.006570251921938386e-01
4.092550395707028610e-01
4.691127568777608836e-01
4.741213110107398432e-01
4.288400766881765858e-01
3.382182488516554120e-01
2.141147184324772024e-01
7.130556664077647433e-02
-7.222232035247744264e-02
-2.010970451415045046e-01
-3.002345411599045555e-01
-3.589644276450293381e-01
-3.760451351033553546e-01
-3.499160041404058008e-01
-2.846233521893070106e-01
-1.886618116463030237e-01
-7.596024833109948915e-02
4.144680297756009324e-02
1.490419485050571424e-01
2.339782403550405565e-01
2.891436687376400805e-01
3.091747671241269479e-01
2.934965881097697515e-01
2.450485166587554886e-01
1.729172471276532175e-01
8.487980491749946843e-02
-7.238262085379809641e-03
-9.142466739810961585e-02
-1.586830880850884640e-01
-2.020709354424320425e-01
-2.177263270716222054e-01
-2.048512926881767005e-01
-1.683744454936270118e-01
-1.123509443604460145e-01
-4.562698025491773723e-02
2.210394917350200217e-02
8.238915993448503450e-02
1.282967686059564016e-01
1.540004392908227437e-01
1.568122415654880086e-01
1.398349265797387275e-01
1.049735756373577633e-01
5.802937363483451350e-02
6.433541988458690852e-03
-4.199113426984268926e-02
-8.090271115083214060e-02
-1.038535974734129397e-01
-1.074583888833058332e-01
-9.390523219198954052e-02
-6.418140363048729924e-02
-2.248896482916662443e-02
2.482146540577412352e-02
6.982482151884861210e-02
1.066419365479225334e-01
1.286537805556153824e-01
1.314250514328725306e-01
1.159402058408094405e-01
8.303390520141928910e-02
3.624643631502277863e-02
-1.857727588078716963e-02
-7.270309432951049811e-02
-1.196267896481527648e-01
-1.514995222698808375e-01
-1.621604956882798376e-01
-1.505371985048028494e-01
-1.165185017526478850e-01
-6.285733066741094888e-02
4.979719802266524553e-03
7.727992215610135496e-02
1.464876599508726507e-01
2.027714760159271545e-01
2.371884121222818109e-01
2.448912399912133164e-01
2.233522073005382858e-01
1.732758503177234122e-01
9.858319350781741264e-02
8.875195034147242978e-03
-8.763138534603831520e-02
-1.787308456476229823e-01
-2.523596211326819549e-01
-2.990061550254509148e-01
-3.121076057886802424e-01
-2.879072583178423628e-01
-2.267493553206244572e-01
-1.360001890961646254e-01
-2.291526907005847491e-02
9.871203453959598306e-02
2.143985277070155071e-01
3.101808252587472392e-01
3.748035885037879211e-01
3.981325364732972716e-01
3.751431412601244908e-01
3.102005634957418767e-01
2.078314154326650343e-01
7.792701985365058093e-02
-6.608053347169173808e-02
-2.062077448884754860e-01
-3.273259433981271505e-01
-4.133560921645296204e-01
-4.531030390313613987e-01
-4.439303289339520120e-01
-3.840668714237832626e-01
-2.780251895047612942e-01
-1.357644083734182994e-01
2.533021304924854000e-02
1.899292490375530384e-01
3.386338261228554192e-01
4.534869638999357022e-01
5.212581692005728851e-01
5.330760754414125557e-01
4.864501465398942681e-01
3.840654572691466484e-01
2.382477861518659257e-01
6.172753979907730226e-02
-1.250856630681497217e-01
-3.014416798528558594e-01
-4.471027684862074469e-01
-5.456664685728747077e-01
-5.838590168324200302e-01
-5.549587927889542138e-01
-4.648033672895873769e-01
-3.203109651649269640e-01
-1.362327343148931336e-01
6.887167587588649553e-02
2.707116499303252599e-01
4.478919552445861374e-01
5.784355215260876815e-01
6.464454258581966428e-01
6.465747914916926131e-01
5.760780596556582811e-01
4.414430928311829927e-01
2.553011249696444107e-01
4.027072859398983518e-02
-1.830024166349796255e-01
-3.889851655339544578e-01
-5.539235185682428453e-01
-6.595967718258035628e-01
-6.933225098319784063e-01
-6.506397719774952293e-01
-5.335781445987799465e-01
-3.568102454527187772e-01
-1.361153708698460418e-01
1.026089121547379968e-01
3.331381492221920926e-01
5.296321781555364261e-01
6.706744904185881762e-01
7.391577579953849675e-01
7.254554494699927414e-01
6.343949301632609838e-01
4.730317948480338153e-01
2.586910194656339979e-01
1.317973255823745582e-02
-2.342998364096861019e-01
-4.578950906726380055e-01
-6.310509411957918591e-01
-7.338157975076067263e-01
-7.580763701615476080e-01
-6.986828692682349740e-01
-5.614807104078092248e-01
-3.595085894035607854e-01
-1.174007661315327189e-01
1.414917448078520934e-01
3.874542243693552823e-01
5.928497869324715897e-01
7.354868659764060013e-01
7.991161804373776434e-01
7.770427659638776685e-01
6.696191879503570199e-01
4.909473642454325049e-01
2.569637040531438377e-01
-5.125417071531690461e-03
-2.672233648308514065e-01
-5.001384234313956956e-01
-6.790214538674020917e-01
-7.829526249902225565e-01
-7.990021570274183915e-01
-7.295546785550204305e-01
-5.796062996413544610e-01
-3.655402594793294435e-01
-1.088661197120608382e-01
1.601762394219374830e-01
4.136853637585899968e-01
6.217760910589720247e-01
7.611819382343401053e-01
8.198921235663965135e-01
7.896277571205774226e-01
6.737242810529935344e-01
4.831011992452407533e-01
2.417410781426028166e-01
-2.713718429633060758e-02
-2.927840348482037003e-01
-5.257790782979641087e-01
-7.009850885451778257e-01
-7.991596722993337121e-01
-8.097720108941515171e-01
-7.298136347674990532e-01
-5.710457608624968096e-01
-3.475726077580060247e-01
-8.616181346985407608e-02
1.849417409109699317e-01
4.354440542251039048e-01
6.389846949093582751e-01
7.723062968722629318e-01
8.198334469688612902e-01
7.807030445426221821e-01
6.571623478135106833e-01
4.633486271101221465e-01
2.190807296083570055e-01
-4.605585116698918124e-02
-3.048087275608095670e-01
-5.270838178543933994e-01
-6.885950234004226678e-01
-7.754033083068206933e-01
-7.767463846649396153e-01
-6.927851980127405218e-01
-5.315696276650244689e-01
-3.140773313683296042e-01
-6.118238269838482957e-02
1.978722565771067199e-01
4.346465683921285628e-01
6.236414138110750738e-01
7.445751489171021920e-01
7.845552455115154533e-01
7.380001152310815549e-01
6.141141482055272327e-01
4.241079602747992450e-01
1.900515462219591889e-01
-6.325016869925581542e-02
-3.068077184650727096e-01
-5.151028293334058983e-01
-6.642625822186092321e-01
-7.373749195171814819e-01
-7.309351502828506097e-01
-6.442453009766400118e-01
-4.875557828563062968e-01
-2.769682856931007242e-01
-3.846157994695098559e-02
2.038497084928898584e-01
4.220806472799767395e-01
5.920250761554026742e-01
6.975243696599331411e-01
7.267231078829681223e-01
6.774400376601616980e-01
5.542139855520098468e-01
3.739897193740360226e-01
1.539538269909332957e-01
-8.033642579013977603e-02
-3.031239678254269432e-01
-4.902441973893246763e-01
-6.219440543535833532e-01
-6.833868871603080430e-01
-6.667918503652412454e-01
-5.789655822531012408e-01
-4.280339206974224098e-01
-2.316047631875933765e-01
-1.075847246406280711e-02
2.086914122597220977e-01
4.038427529862698151e-01
5.523708362547663508e-01
6.378335396988783490e-01
6.551236914338260942e-01
6.015742410776470095e-01
4.840741814925080266e-01
3.153078572956999892e-01
1.172787457368114072e-01
-9.043677610142175638e-02
-2.845111324189871782e-01
-4.432439434988592053e-01
-5.512748458437318755e-01
-5.971195539191157531e-01
-5.769366035358090006e-01
-4.926378082545997961e-01
-3.566268795007025982e-01
-1.818374924135954807e-01
1.088695710851461662e-02
2.001610767935175783e-01
3.654250245013741516e-01
4.894413223979598992e-01
5.583117555008842992e-01
5.640921884584386703e-01
5.110814287592659877e-01
4.042226844975198574e-01
2.555110334482963985e-01
8.079750788806916439e-02
-9.899242214502645965e-02
-2.651351852491763417e-01
-3.982063268881680385e-01
-4.836506444012709238e-01
-5.162268587779809126e-01
-4.919992271131031769e-01
-4.141456981109056246e-01
-2.912172709572512508e-01
-1.397025181947930683e-01
2.566848212807992802e-02
1.861399278511748356e-01
3.234392367481451203e-01
4.237531782126027213e-01
4.768672320413820387e-01
4.778755189542147619e-01
4.265200419020349631e-01
3.314676785444559126e-01
2.016269755701252109e-01
5.317830249915189711e-02
-9.672571207179103681e-02
-2.317666111147860253e-01
-3.380608602235326554e-01
-4.035660517875802045e-01
-4.210752681031787459e-01
-3.931651211003454049e-01
-3.224761828834206145e-01
-2.169410724637366172e-01
-8.831560628629864240e-02
4.725609272591291266e-02
1.757242704870214389e-01
2.818161094618061302e-01
3.541032344504493334e-01
3.888203315893108414e-01
3.819987626118721558e-01
3.344093551339197834e-01
2.517864812625991711e-01
1.457427541864222409e-01
2.639290581832609561e-02
-9.238827193477050503e-02
-1.967921423465069930e-01
-2.764499121547443483e-01
-3.234814724679431208e-01
-3.334616936825859357e-01
-3.056041643880685887e-01
-2.458351230867363846e-01
-1.596766559764579707e-01
-5.749300977379889765e-02
4.882992791470663896e-02
1.475825084492328187e-01
2.287474287842095055e-01
2.826496718952900000e-01
3.034959847770422048e-01
2.931822702026438687e-01
2.526875611083674311e-01
1.860735858065278858e-01
1.009334695135806204e-01
8.120760889003708627e-03
-8.293871120404561204e-02
-1.611288672759009222e-01
-2.178439632122034508e-01
-2.499938748571906011e-01
-2.542814427133058830e-01
-2.300802015080390950e-01
-1.806259156599998583e-01
-1.135887210272160663e-01
-3.504440563099819883e-02
4.597991369751963653e-02
1.197196241939220140e-01
1.789158829970054487e-01
2.179601768200121192e-01
2.322806235162804267e-01
2.204031542020383760e-01
1.864639481117273956e-01
1.335531154737883419e-01
6.820306877189219463e-02
-1.321566399699158900e-03
-6.723231665641660193e-02
-1.229840881615056336e-01
-1.616303342031005785e-01
-1.790639374222121605e-01
-1.766690475574200780e-01
-1.546467154064568028e-01
-1.150858410905821749e-01
-6.321370272082982300e-02
-6.390859471003040859e-03
4.994372438404570680e-02
9.883386384624559540e-02
1.346456060220126982e-01
1.562686373670099105e-01
1.616148878720022886e-01
1.495159002665273906e-01
1.220461631316018813e-01
8.392302795428019380e-02
3.838392469052243072e-02
-9.016551441684894641e-03
-5.220654380823996910e-02
-8.741446765181049017e-02
-1.114813590571474000e-01
-1.213518756592263381e-01
-1.164192110869363139e-01
-9.970822910237975290e-02
-7.253049263816702119e-02
-3.764423593551202707e-02
2.771436020223561059e-04
3.699133518396036102e-02
6.910188848786003035e-02
9.223513214637568680e-02
1.040922838437527975e-01
1.060490621807985701e-01
9.775134900300952445e-02
7.947737413424005304e-02
5.404345224247864010e-02
2.512478736015322234e-02
-4.827587507706287973e-03
-3.193553202768295574e-02
-5.293202894926307689e-02
-6.728736445344485340e-02
-7.368429961530331695e-02
-7.056979963516663013e-02
-5.879262757945058482e-02
-4.125425710419727832e-02
-1.929267891484187647e-02
4.741764966477379772e-03
2.766964991461229317e-02
4.763098967264167705e-02
6.283099975226114076e-02
7.050710639956148107e-02
6.995461919071699342e-02
6.315951770508676510e-02
5.051477706905749265e-02
3.346172828672466792e-02
1.489570990278243912e-02
-2.905878997290778365e-03
-1.849083881250745964e-02
-2.999160192054362017e-02
-3.625287419388356636e-02
-3.783180985631273696e-02
-3.451383167737942514e-02
-2.640474196404951623e-02
-1.524757764575246366e-02
-3.463154493029141356e-03
8.092541227915805990e-03
1.836023214759108235e-02
2.615707221576180075e-02
3.174691121252282144e-02
3.453390644660592201e-02
3.362931148671099990e-02
2.959175177503370335e-02
2.365305862893429811e-02
1.624590564567518491e-02
8.225003642981398855e-03
7.318850712989544149e-04
-5.667734206435515176e-03
-1.040705776116934711e-02
-1.279266733336825723e-02
-1.279812120020784594e-02
-1.113665127005591948e-02
-7.888935291742837919e-03
-3.299885849542993910e-03
1.829236890523056047e-03
6.819519560080422593e-03
1.127615737351317371e-02
1.471912194081692604e-02
1.689633189856420969e-02
1.806539622524216959e-02
1.809210115811055175e-02
1.681474682895367501e-02
1.458730313577483173e-02
1.192006767382958188e-02
9.004660085652815837e-03
6.066523989045835563e-03
3.390671653727306278e-03
1.039397950564291406e-03
-7.549459997424623481e-04
-1.537630020911562312e-03
-1.250796752221838837e-03
-1.904939196641919352e-04
1.565075628199297242e-03
3.734776341348222672e-03
5.944919316189567482e-03
8.015532557479332354e-03
9.756523528413163504e-03
1.091363336603934364e-02
1.137047777366761991e-02
1.118295914108258238e-02
1.038302646208766333e-02
9.174215820492603868e-03
7.877909575624508776e-03
6.819184896796892659e-03
6.069943766297880572e-03
5.599481896882529952e-03
5.415963483217378638e-03
5.372175444116722431e-03
5.480243320937328022e-03
5.764934117314712836e-03
6.081923167998493085e-03
6.299203354067861582e-03
6.401626884811273399e-03
6.409727351803784501e-03
6.348122099090414139e-03
6.304588614957751247e-03
6.266349356315759067e-03
6.193805708484045880e-03
6.124831654968243555e-03
6.086317042940381228e-03
6.079920375721137304e-03
6.106464336032235707e-03
6.153569990417828706e-03
6.191139790717725688e-03
6.223032441588394192e-03
6.261852744724238917e-03
6.301149010683904095e-03
6.341400905217620121e-03
6.380851945566812233e-03
6.413278031680569313e-03
6.440092017246268341e-03
6.466595659519569494e-03
6.491410087536397810e-03
6.514780433892974898e-03
6.536951831185522366e-03
6.558169412010705912e-03
6.578678308964747146e-03
6.598723654644089720e-03
