-1.058823822573684570e-01
3.133795803069627794e-02
1.294623795039924197e-01
1.924205590712091407e-01
2.241421736410367238e-01
2.285569001221647856e-01
2.095944154232829426e-01
1.711843964530821438e-01
1.155449950171711926e-01
4.443316286068665910e-02
-3.626002633339331371e-02
-1.142950134849732846e-01
-1.792485342343616006e-01
-2.246390579457275827e-01
-2.439527974653776798e-01
-2.334993254188229006e-01
-1.931103370188368418e-01
-1.283271587792524926e-01
-4.471840512825575598e-02
4.654607178676450907e-02
1.339198669763956850e-01
2.064811232884615766e-01
2.555179191021017537e-01
2.734316290632348156e-01
2.565343278623490875e-01
2.084963026805279895e-01
1.328997937844698107e-01
3.794529752040043391e-02
-6.564918319131651803e-02
-1.642830583282288703e-01
-2.467549680905295473e-01
-3.013421120401909015e-01
-3.203567220095437929e-01
-3.034559370561568103e-01
-2.504277257560253434e-01
-1.657698483463829753e-01
-5.808913214665245572e-02
5.867005524948853967e-02
1.726262691808344574e-01
2.693101422607675488e-01
3.361381062955142163e-01
3.654005694919684188e-01
3.521920388093919829e-01
2.967374688244321934e-01
2.033787879341786287e-01
8.378658654220494384e-02
-5.099066704191801414e-02
-1.846835106412128003e-01
-3.013580888484826970e-01
-3.870335073436873552e-01
-4.311604838003392226e-01
-4.270859361124197395e-01
-3.730087334439030622e-01
-2.759960967379643249e-01
-1.438985643231875944e-01
8.172343343944010741e-03
1.636045212421273209e-01
3.038238900124459185e-01
4.130973852480577246e-01
4.765808022197186578e-01
4.849872649104189914e-01
4.390863433932152837e-01
3.411189085765951035e-01
2.006878507514726628e-01
3.158606871770186508e-02
-1.456616001493961088e-01
-3.125992631036637048e-01
-4.483765336059226669e-01
-5.364144987009595855e-01
-5.676555813116461735e-01
-5.361618444875420053e-01
-4.439134704982069524e-01
-2.986592484533407976e-01
-1.180849381694665245e-01
8.089195402212179253e-02
2.750996097860685108e-01
4.423124931078492583e-01
5.632430464482214294e-01
6.234261930880558022e-01
6.146569710841576217e-01
5.350327807757264686e-01
3.944831515662750032e-01
2.047349780739096126e-01
-1.200220718530009556e-02
-2.323375882831989481e-01
-4.309651361101234368e-01
-5.861967726665953116e-01
-6.786600248075393971e-01
-6.959120614030214202e-01
-6.381360436531493541e-01
-5.083869971840920821e-01
-3.201726475081909662e-01
-9.196463790417686024e-02
1.489659144536741309e-01
3.777499143412952343e-01
5.668788871409102814e-01
6.945467189542551267e-01
7.484703295376846643e-01
7.199437346318260378e-01
6.108278717103610145e-01
4.303991867736005617e-01
2.003701141663518648e-01
-5.763025921274556040e-02
-3.138261089392488934e-01
-5.398819715708736977e-01
-7.104614837031215657e-01
-8.059892926615959130e-01
-8.150579028354720812e-01
-7.338525741087588150e-01
-5.733008104140502326e-01
-3.469731324635335623e-01
-8.043478135662551765e-02
1.986868345681549464e-01
4.586140903075095476e-01
6.716176982148269747e-01
8.124059444252997864e-01
8.636595982831083429e-01
8.225719296837963324e-01
6.903217152704148596e-01
4.810237276087496738e-01
2.147966153927174382e-01
-7.702390997290742281e-02
-3.649151506710922588e-01
-6.153656141635472920e-01
-8.003122626334466805e-01
-9.010166309270590812e-01
-9.043553709500407045e-01
-8.097186518399259736e-01
-6.245953892594764412e-01
-3.717291147992445310e-01
-7.476979751806278607e-02
2.324526468454044537e-01
5.168446398687587262e-01
7.468575376590227410e-01
8.971424912124543738e-01
9.499685796310857189e-01
8.966448179966752807e-01
7.469366357442341897e-01
5.137284816460774284e-01
2.230170319338773410e-01
-9.554568739887370210e-02
-4.053155115650027840e-01
-6.737612980744331903e-01
-8.700714700592593331e-01
-9.715090395812430168e-01
-9.701007086844222194e-01
-8.632118830857737901e-01
-6.631431567418459849e-01
-3.893435379330916213e-01
-7.495059948605575784e-02
2.491408338571674541e-01
5.467117055988144347e-01
7.848159774048157900e-01
9.385329626133505077e-01
9.901343231322283778e-01
9.348968925039153888e-01
7.763452322605122191e-01
5.345769192831058003e-01
2.320334671187451736e-01
-9.640722057259443201e-02
-4.159518866222449152e-01
-6.915199479505963476e-01
-8.937013729653566774e-01
-1.000000000000000000e+00
-9.970659303231154125e-01
-8.897228372680123787e-01
-6.866813344846457445e-01
-4.107267711852908842e-01
-8.950114036880496560e-02
2.399679659797318010e-01
5.436900709567296097e-01
7.872060244330105760e-01
9.437286511882898576e-01
1.000000000000000000e+00
9.479918119893693262e-01
7.943432570869750631e-01
5.536711522679163000e-01
2.555230844591920292e-01
-7.109784679828701215e-02
-3.894801712377788938e-01
-6.651616667182105314e-01
-8.691095092982330517e-01
-9.792330590534497059e-01
-9.847580380582418025e-01
-8.832724663188615821e-01
-6.893125190025741755e-01
-4.205866288574051648e-01
-1.089316199742388358e-01
2.126242417150994157e-01
5.087546071679587278e-01
7.486332915833684432e-01
9.059434555133853983e-01
9.628259391305273862e-01
9.178925635621788537e-01
7.740207257599056589e-01
5.481957028639137253e-01
2.632380293662182069e-01
-4.717589433732183313e-02
-3.514769485878718180e-01
-6.152374934354858382e-01
-8.103693710007564555e-01
-9.199649427195839557e-01
-9.312708621018105370e-01
-8.444058825777522870e-01
-6.678178232364500033e-01
-4.243223174380527096e-01
-1.372883574789223182e-01
1.606843249253715467e-01
4.378573054528038799e-01
6.651492101816118829e-01
8.189335618112179027e-01
8.836307854595859546e-01
8.515938170032086862e-01
7.316511313959952467e-01
5.350372802892346957e-01
2.841672332282736413e-01
4.905090002169876229e-03
-2.712304138936542097e-01
-5.159551150710415257e-01
-7.025482344965962023e-01
-8.111196182261992682e-01
-8.349052134604779685e-01
-7.706478343457239255e-01
-6.268873396035723466e-01
-4.183867950707892414e-01
-1.708056272079591098e-01
9.153267798154440804e-02
3.397877015926360489e-01
5.473825856232794607e-01
6.942468058678354925e-01
7.653885640233992760e-01
7.551297326695705081e-01
6.642409253582397533e-01
5.063272524879587344e-01
2.964038970265547857e-01
5.922160710492385682e-02
-1.797461946715948056e-01
-3.953698989276327458e-01
-5.660123061783571830e-01
-6.741121744570145458e-01
-7.084248241371098320e-01
-6.706564573917155325e-01
-5.644627611226169517e-01
-4.025365027695901876e-01
-2.019702717500256872e-01
1.359572121644636589e-02
2.225160067079490211e-01
4.018795337091389808e-01
5.333950414160750775e-01
6.079025744789370300e-01
6.178081436026270357e-01
5.635018346759523844e-01
4.513774265872179114e-01
2.966287834427911996e-01
1.140190274616217359e-01
-7.618976915006514528e-02
-2.538241023528265972e-01
-4.016107719737951331e-01
-5.054123794838130124e-01
-5.556739704467300589e-01
-5.478089031155286559e-01
-4.874094120440217726e-01
-3.805340541962295431e-01
-2.391942319568711728e-01
-7.823245972778880564e-02
8.492778297896141915e-02
2.345134020936869845e-01
3.549362623965732766e-01
4.346235523843151594e-01
4.700796652548473453e-01
4.583049336971185550e-01
4.014714409434783082e-01
3.062133174944934311e-01
1.847323268424450049e-01
4.835032423686569381e-02
-8.859920775037932739e-02
-2.122277221872689301e-01
-3.122154589619871023e-01
-3.797262470265254652e-01
-4.085022046833066689e-01
-3.963815240911970905e-01
-3.483655082639680600e-01
-2.690499786498775636e-01
-1.669723083218666027e-01
-5.292806938234717595e-02
6.184090743631975862e-02
1.671443195888229205e-01
2.525321075528719206e-01
3.104018855028674029e-01
3.389762645609286640e-01
3.360854492133893423e-01
3.020993628361585692e-01
2.412121045468209601e-01
1.609850841734759008e-01
6.796657985143106373e-02
-2.896533804736567408e-02
-1.209073459936175210e-01
-2.016114734955807286e-01
-2.644295345928524554e-01
-3.025471228540133062e-01
-3.129448797113419944e-01
-2.978393934924503661e-01
-2.583051070758729528e-01
-1.964404495618503610e-01
-1.176618024213847979e-01
-2.931148576005626616e-02
6.159633452613033633e-02
1.460174523042785388e-01
2.166724588182218358e-01
2.694895185861783116e-01
2.994695060788088448e-01
3.013027634818501443e-01
2.742781416853559140e-01
2.228743390730274498e-01
1.503516164095750618e-01
6.183333512590527548e-02
-3.472284679744730429e-02
-1.302767401965463367e-01
-2.167494714657670629e-01
-2.845113184339794765e-01
-3.266764022453352290e-01
-3.407056298963783147e-01
-3.240397147815569090e-01
-2.761050691653919031e-01
-2.006934678288014862e-01
-1.056252064359270992e-01
2.293003781557834131e-03
1.127812516341888394e-01
2.149687522467238487e-01
2.993375681331789107e-01
3.574596851197888725e-01
3.809424566580839056e-01
3.659712593054722518e-01
3.154992982338900021e-01
2.324121218295658320e-01
1.228240523637500470e-01
-3.627186495701928415e-03
-1.336231437414631129e-01
-2.550217714409158676e-01
-3.535008600378982679e-01
-4.182815617182794599e-01
-4.440160584059555937e-01
-4.262455250034195009e-01
-3.644833872110837536e-01
-2.634290141039098421e-01
-1.341928642038479058e-01
1.273181378637211481e-02
1.619959097687757588e-01
2.977856861927359322e-01
4.055163600832321080e-01
4.736586148036685540e-01
4.925354949980342845e-01
4.578322168153727834e-01
3.751732010743629164e-01
2.507068570451922440e-01
9.628596054799531956e-02
-7.300019090682408063e-02
-2.382592412245531088e-01
-3.828535643388525367e-01
-4.895391948986466124e-01
-5.458231174176341183e-01
-5.472403839310826523e-01
-4.914065195934442798e-01
-3.828384779732358911e-01
-2.314471846865904237e-01
-5.509422567993593756e-02
1.302117137153919746e-01
3.043016796525079837e-01
4.479184107531108960e-01
5.458622543628330881e-01
5.868890457003583805e-01
5.656445321539300686e-01
4.823991657825645873e-01
3.470387588462950923e-01
1.708215508444821396e-01
-2.655017352955790777e-02
-2.243912513888930427e-01
-4.009522961439748734e-01
-5.376410250713048455e-01
-6.178556302626094787e-01
-6.312340033005877649e-01
-5.788646583025156556e-01
-4.638146280076608230e-01
-2.975785986554527751e-01
-9.619619947923008230e-02
1.170675276058668057e-01
3.206116554498907867e-01
4.903300887372008532e-01
6.072662448505026234e-01
6.608006901927290233e-01
6.432184058553673811e-01
5.555173885008335422e-01
4.053085405052538892e-01
2.109535595393594587e-01
-9.584317857534663254e-03
-2.314615381058638954e-01
-4.304198172752892182e-01
-5.847152868828487948e-01
-6.773801237792966834e-01
-6.973937414132118651e-01
-6.404799244826411275e-01
-5.155170656289158604e-01
-3.332215607571312743e-01
-1.143902925453794683e-01
1.179424068271177628e-01
3.373580659947674754e-01
5.207541798834462998e-01
6.466730180856619103e-01
7.001830183114672312e-01
6.783987735527075014e-01
5.815033039402026649e-01
4.201367218060207964e-01
2.103852307669187294e-01
-2.223764944107242680e-02
-2.543946308070159645e-01
-4.593561325496394732e-01
-6.142120806284940837e-01
-7.038884628635043716e-01
-7.173717381583786246e-01
-6.532357684988522317e-01
-5.168522540569621126e-01
-3.256264505053766412e-01
-9.754955536436649144e-02
1.408788313573772211e-01
3.636014881901321605e-01
5.460501060396756312e-01
6.683610224735780925e-01
7.165324873516343285e-01
6.836592247320878446e-01
5.772232574929803128e-01
4.066094453740993764e-01
1.909968741124337122e-01
-4.719713197070396493e-02
-2.800684235120893817e-01
-4.829444646420611997e-01
-6.320763667328498370e-01
-7.102152258468996671e-01
-7.121660520684355289e-01
-6.359170535227663956e-01
-4.903313965376693284e-01
-2.900409177655104420e-01
-5.993694112568226373e-02
1.769581277565970279e-01
3.934920430634549771e-01
5.651045811028969634e-01
6.739023484144290865e-01
7.073887845550153042e-01
6.627230370771457491e-01
5.432761143368096679e-01
3.651059921755117621e-01
1.451617412860011225e-01
-9.068613979373596479e-02
-3.165030837930905561e-01
-5.070933053159286663e-01
-6.417756491749885273e-01
-7.047910638057524046e-01
-6.875967385604531135e-01
-5.965549721831304719e-01
-4.398669035706680441e-01
-2.358065666888812251e-01
-6.087965067802514341e-03
2.218927894690876368e-01
4.238396922073988105e-01
5.760923978386724986e-01
6.611236596074756555e-01
6.729540101424515974e-01
6.088513098527337242e-01
4.768699674675946909e-01
2.908291865484162741e-01
7.481514884673123866e-02
-1.494839730217176754e-01
-3.563620936302523967e-01
-5.221078681559048196e-01
-6.295369140023274745e-01
-6.664322844501495702e-01
-6.297475852416649644e-01
-5.224079165424033722e-01
-3.592253002828934560e-01
-1.559120011506356374e-01
6.306699582435837392e-02
2.733279264393260188e-01
4.513414898483694149e-01
5.777279648838982151e-01
6.380405897266541171e-01
6.245010629111873435e-01
5.430744504598585820e-01
4.011742846296391107e-01
2.151358673298027213e-01
4.702703922596640496e-03
-2.048317049126300304e-01
-3.910281622099324172e-01
-5.318731395206821588e-01
-6.112235026826640105e-01
-6.239289105067555852e-01
-5.673553080910768154e-01
-4.485349683379423746e-01
-2.798948918214723136e-01
-8.320044782369573344e-02
1.216970945254913783e-01
3.111085375566997602e-01
4.631780237922178411e-01
5.619640363303246566e-01
5.963940428348528666e-01
5.637435098574534731e-01
4.666025692681585735e-01
3.187079152495531087e-01
1.343586082216259303e-01
-6.432258302618831802e-02
-2.550314432319596980e-01
-4.163771728503141700e-01
-5.308243909958449969e-01
-5.849381387883745287e-01
-5.715219130640800671e-01
-4.963063912514945608e-01
-3.662070295961467048e-01
-1.967363615075421457e-01
-6.388146895266677561e-03
1.819660123099497984e-01
3.481602953647680021e-01
4.725528317837688341e-01
5.408247176846321391e-01
5.488750649602558429e-01
4.948141014586104891e-01
3.854677136542576932e-01
2.326664830431131037e-01
5.658867255504440585e-02
-1.249900724341994618e-01
-2.911790953898454326e-01
-4.228292397178875506e-01
-5.068542977341849998e-01
-5.338322786629452477e-01
-5.016374365776123945e-01
-4.132376553900048988e-01
-2.812146347316869521e-01
-1.183709352272822590e-01
5.558594592084609154e-02
2.209360239994806463e-01
3.593417016721363044e-01
4.558476124132166962e-01
4.995362674375569689e-01
4.848718569004260015e-01
4.172731349469562812e-01
3.029432590960412508e-01
1.552718470998344369e-01
-9.659707835389608199e-03
-1.721460998321164837e-01
-3.148622631758922763e-01
-4.207971196373150313e-01
-4.778277641667640907e-01
-4.832343359243248537e-01
-4.356086542488037949e-01
-3.406376763333236468e-01
-2.085163138862750065e-01
-5.639241636967129434e-02
1.003613063997494947e-01
2.434687659945893312e-01
3.564797712935670049e-01
4.284451348890989664e-01
4.514755590760566317e-01
4.237906663380575090e-01
3.480882124235828989e-01
2.354233021609131171e-01
9.662282058944904328e-02
-5.174024764071305516e-02
-1.927325096571379515e-01
-3.108860763077554434e-01
-3.936547887096905063e-01
-4.314290207404455346e-01
-4.194101486423468250e-01
-3.625255949014980494e-01
-2.660360134170934865e-01
-1.415912725148003037e-01
-3.204668460040638323e-03
1.327231756675226748e-01
2.518243667830273314e-01
3.398804742375649557e-01
3.868910246315135915e-01
3.910686522796422704e-01
3.514360823200739503e-01
2.727515045045474373e-01
1.638735118879268704e-01
3.935750298061346797e-02
-8.833331162835189598e-02
-2.043538131514419653e-01
-2.954055489661232548e-01
-3.534931988416566417e-01
-3.723652915025918997e-01
-3.504396467132419035e-01
-2.902503043787612036e-01
-2.007742732317143730e-01
-9.049188324303869546e-02
2.729668358343384504e-02
1.389676584676700077e-01
2.326235099832296704e-01
2.985798411233016036e-01
3.295245555627379641e-01
3.220454675143280543e-01
2.802908064078033501e-01
2.081098512756121011e-01
1.138160067328954916e-01
8.027086220425694307e-03
-9.680666446835850536e-02
-1.897711428064912109e-01
-2.596127870782113378e-01
-2.986696503686344650e-01
-3.061474289785552916e-01
-2.810033878048611156e-01
-2.258932599494726245e-01
-1.471191688413164833e-01
-5.522174419068015538e-02
4.071931347351620545e-02
1.293968432026615378e-01
2.006344411956773044e-01
2.484003901225162458e-01
2.678699560201920349e-01
2.571841729490664807e-01
2.177880675582348768e-01
1.561370790659335483e-01
7.787821829420238373e-02
-7.675610273943145323e-03
-9.038790588417799921e-02
-1.615688681440575758e-01
-2.141413675507288783e-01
-2.418012055465506016e-01
-2.414536893931540362e-01
-2.162045790246891475e-01
-1.684052974332163055e-01
-1.038064191494816324e-01
-3.027156091752014611e-02
4.345208603496653055e-02
1.098354108121462058e-01
1.606735338817235625e-01
1.904560422991417035e-01
1.990200551482952385e-01
1.854750273007124139e-01
1.510808504030460853e-01
1.003486060024039173e-01
4.083523758286489169e-02
-2.179882434502466992e-02
-8.021660931872209854e-02
-1.275924134437848023e-01
-1.606983678960358652e-01
-1.763571877551771694e-01
-1.726653192005197512e-01
-1.505885915459681534e-01
-1.143835029482804799e-01
-6.720122582768806030e-02
-1.471809103238963523e-02
3.647389256818800440e-02
8.116310995722919586e-02
1.151394414961777191e-01
1.343058083506687428e-01
1.368426323261389133e-01
1.250168568091949428e-01
9.983931121065592329e-02
6.392202036560989953e-02
2.190533086784274275e-02
-2.110234697812574112e-02
-6.091442830779603135e-02
-9.224633305286489282e-02
-1.116983402287848870e-01
-1.197572502797571437e-01
-1.156150905878838842e-01
-9.911118171809141231e-02
-7.269101226803365012e-02
-4.043701442167457749e-02
-5.167780028030755091e-03
2.866818537873228045e-02
5.687325745647320296e-02
7.790234921812033697e-02
8.991836351216342393e-02
9.074211176958968395e-02
8.059890541296965694e-02
6.248805980924587722e-02
3.786334809581792804e-02
9.716449943869553962e-03
-1.790462433410455745e-02
-4.241235680030663868e-02
-6.167818980039463383e-02
-7.298790974070923365e-02
-7.541553774684850442e-02
-7.070691445489574178e-02
-5.912107808338451509e-02
-4.170497220032476360e-02
-2.142429769325115974e-02
-1.305441618867808629e-03
1.702525723835757177e-02
3.137502070960995759e-02
4.021350375421750556e-02
4.432422467633112539e-02
4.318620628125335870e-02
3.627267262949707138e-02
2.509006387716161690e-02
1.189276590705268255e-02
-2.301444509825278928e-03
-1.582080938217111932e-02
-2.692608784779015885e-02
-3.525116402810646310e-02
-4.000380067865416667e-02
-4.023896389657133366e-02
-3.641038081533864990e-02
-3.003408270148533177e-02
-2.154028728852341867e-02
-1.175895060379250623e-02
-2.157795509437177017e-03
6.364381278904929218e-03
1.309567726694482737e-02
1.715092005246776630e-02
1.836629813218149110e-02
1.753145399599320697e-02
1.464623308031232085e-02
9.834539346932125170e-03
4.003219944891389659e-03
-1.967321936102273128e-03
-7.607588748824833935e-03
-1.231010232961626816e-02
-1.566687822789514239e-02
-1.788210140607338072e-02
-1.872715725820561783e-02
-1.790758769874889467e-02
-1.576696499689134168e-02
-1.291114179153773911e-02
-9.543959003567192845e-03
-5.939954249099765882e-03
-2.504476298822666536e-03
5.997584906838326901e-04
3.080088695990079728e-03
4.403306506272297582e-03
4.470824873810119726e-03
3.622617642633496615e-03
1.925882587424432302e-03
-3.144364426637125121e-04
-2.645157070322867732e-03
-4.823072571772391015e-03
-6.646374015475853270e-03
-7.879789517479363070e-03
-8.408853342414701615e-03
-8.300566701639922051e-03
-7.579536221321347966e-03
-6.435444131924095146e-03
-5.214048947584704052e-03
-4.283800562538297996e-03
-3.708138492033108413e-03
-3.431818097028749293e-03
-3.448245348112499720e-03
-3.571589548012621407e-03
-3.814418585479706358e-03
-4.219803772992247737e-03
-4.641186878445058284e-03
-4.957210902949427123e-03
-5.147926574718630910e-03
-5.211838377485178420e-03
-5.168725474424040733e-03
-5.105833682282234776e-03
-5.013593168637697772e-03
-4.866739611149917266e-03
-4.712153992604051211e-03
-4.581673374146499889e-03
-4.482587988105857235e-03
-4.420787864098385533e-03
-4.388230686216965104e-03
-4.358589949142843700e-03
-4.336218418730442004e-03
-4.318130981377787947e-03
-4.301342523483464575e-03
-4.282867931445277776e-03
-4.259722091661699572e-03
-4.228919890530868919e-03
