1.619030675278696485e-01
-3.363681784635077499e-01
-6.858682307209792439e-01
-9.019584007359936484e-01
-1.000000000000000000e+00
-9.953543400044474465e-01
-9.033827322407846916e-01
-7.394464882004680994e-01
-5.158234569850066453e-01
-2.378941089798050079e-01
6.889046184209490775e-02
3.690896026910968075e-01
6.314608919879025617e-01
8.288435524142085953e-01
9.392467277340670329e-01
9.510350531318250145e-01
8.604539926328178545e-01
6.792496377182155598e-01
4.232758872364887903e-01
1.216692477275616024e-01
-1.949746639198365328e-01
-4.920528322914412556e-01
-7.388806332721196135e-01
-9.085437168628960336e-01
-9.817627303540296113e-01
-9.533375917236783792e-01
-8.236770855793000834e-01
-6.076222008623146653e-01
-3.256705227319115492e-01
-1.008280954153994990e-02
3.077462740819369991e-01
5.926468225794492284e-01
8.145349867633286944e-01
9.516552695218565283e-01
9.880402232944962559e-01
9.204817290020401721e-01
7.539773650138850147e-01
5.088469381876239428e-01
2.078446798998376810e-01
-1.153923660173820087e-01
-4.276038253243039655e-01
-6.953557061338473400e-01
-8.905289092669880224e-01
-9.924065814945254305e-01
-9.885682655290354282e-01
-8.827441872111729815e-01
-6.835213835888894751e-01
-4.131978077334584887e-01
-9.819300101168859651e-02
2.262725089507156007e-01
5.274013801930110823e-01
7.722957873671876250e-01
9.346980395820145837e-01
1.000000000000000000e+00
9.595844358779792582e-01
8.190207178199988558e-01
5.910716937041313734e-01
3.026852859638551330e-01
-1.843525976243276521e-02
-3.370992742368139616e-01
-6.200915887118247927e-01
-8.378869768019354680e-01
-9.674079731661829884e-01
-9.958624881477822210e-01
-9.184514366063299962e-01
-7.466607815020374073e-01
-4.959060263287276005e-01
-1.947047636046803643e-01
1.264726094462971240e-01
4.327236811378043502e-01
6.928334992099491885e-01
8.791437349298918402e-01
9.714188324156731724e-01
9.631673927469326379e-01
8.534523281671813066e-01
6.555319017429759310e-01
3.884354776154901323e-01
8.299542947833460360e-02
-2.307533044379452836e-01
-5.186827877317279345e-01
-7.509032200998392304e-01
-9.050397761589247247e-01
-9.643069447570137287e-01
-9.238880011397005987e-01
-7.866675438425331235e-01
-5.701433160443687420e-01
-2.944521688427742534e-01
9.537442895160674894e-03
3.108740992549172688e-01
5.777422686072928304e-01
7.828887052342159425e-01
9.052124637377227945e-01
9.310592931910459669e-01
8.615646466804272041e-01
7.022768167882282864e-01
4.714418569199529951e-01
1.915849003051173227e-01
-1.060308452795517553e-01
-3.917755253110579705e-01
-6.348889137935835869e-01
-8.101628425244282727e-01
-9.021480323305963722e-01
-9.003776704829967725e-01
-8.066528160378710899e-01
-6.295360539923342547e-01
-3.905454101123229105e-01
-1.122712831570092940e-01
1.750505276044382885e-01
4.420727047745354188e-01
6.614538262571183491e-01
8.108747425397555553e-01
8.755355482690581059e-01
8.477140643169769341e-01
7.343922404945224525e-01
5.458300560515052524e-01
3.031344315750903462e-01
3.037714035274285962e-02
-2.427328041882720333e-01
-4.890403297117796866e-01
-6.828096563073631220e-01
-8.039742122731015073e-01
-8.431559518587875557e-01
-7.954839325151220608e-01
-6.676302279119945560e-01
-4.719558426055863176e-01
-2.315865286940126389e-01
3.067378352605243386e-02
2.871127079552473482e-01
5.115638997661358101e-01
6.820520897090720513e-01
7.813502871897075597e-01
8.006371077698377636e-01
7.372656145852025666e-01
6.007600483857640228e-01
4.034491519984588770e-01
1.672514777849594125e-01
-8.436078664839441466e-02
-3.250418247410100658e-01
-5.311332799716195208e-01
-6.815247878577277429e-01
-7.607050829971321315e-01
-7.639310809399749713e-01
-6.900265533134432028e-01
-5.477989954324209432e-01
-3.508258652381577303e-01
-1.212802589396909658e-01
1.188276303738906581e-01
3.439214280586910810e-01
5.314541404601855756e-01
6.642667079478141723e-01
7.287542776240023557e-01
7.192787614461735313e-01
6.362248192829440541e-01
4.906669239963539209e-01
2.956187024543346364e-01
7.251536482439591147e-02
-1.563076813074938398e-01
-3.675629718746828978e-01
-5.406910595823595234e-01
-6.582366405930765163e-01
-7.080558659579940795e-01
-6.882033187267193597e-01
-5.997495113706095005e-01
-4.525557418157544198e-01
-2.606692306537660153e-01
-4.520946484231280760e-02
1.733103664897679419e-01
3.718612313894704702e-01
5.308478032653336509e-01
6.366180303323565326e-01
6.781581022064162578e-01
6.518824014893080943e-01
5.599689313131279711e-01
4.138122546325946338e-01
2.262997410062026482e-01
1.738959237946535730e-02
-1.923334021356957191e-01
-3.818480445234170295e-01
-5.328086194601575620e-01
-6.299646250533592617e-01
-6.631557348285294085e-01
-6.318767789076743524e-01
-5.381556935641339523e-01
-3.917708414045726339e-01
-2.063537681652464206e-01
-1.777801722931848794e-03
2.025866872365180704e-01
3.851934153326355137e-01
5.279502573734462523e-01
6.184854900175500436e-01
6.471382224865449562e-01
6.111342238310846220e-01
5.132087554418660602e-01
3.650540659813710231e-01
1.795932279373266827e-01
-2.346930502710942168e-02
-2.239684013100196047e-01
-4.018191347760966536e-01
-5.397135707333582388e-01
-6.235680957424860615e-01
-6.443081788200966109e-01
-6.022989481981579907e-01
-5.004437780134904923e-01
-3.492459832120795582e-01
-1.628810405565906949e-01
3.853657133954424552e-02
2.359104216539231746e-01
4.084541371092649253e-01
5.389347820417094148e-01
6.162094169969982715e-01
6.316744911552962805e-01
5.837747336910177332e-01
4.764180314496839763e-01
3.220942487349429673e-01
1.343566622530163457e-01
-6.699266139946546961e-02
-2.619565357384537885e-01
-4.307818589539391674e-01
-5.567270495619757176e-01
-6.266010423007448704e-01
-6.323764236251565585e-01
-5.758467394251863825e-01
-4.612038695526868848e-01
-3.001790972299285265e-01
-1.078697090323230690e-01
9.503270377593553420e-02
2.889724939332947162e-01
4.531631595057334927e-01
5.707500157404077346e-01
6.315119363261612051e-01
6.282329579502210493e-01
5.613178460851087070e-01
4.364138740353364909e-01
2.679851360170566466e-01
7.111252883291463434e-02
-1.334093438139556387e-01
-3.249413493428273680e-01
-4.839025376192390704e-01
-5.942120322280335376e-01
-6.440756795407496238e-01
-6.271436906501394182e-01
-5.477567555702491653e-01
-4.124555446497737421e-01
-2.355479300630045625e-01
-3.417329035825811268e-02
1.698422510379504757e-01
3.564386937220833662e-01
5.055765032122392366e-01
6.015805431647207602e-01
6.364900216014515166e-01
6.055879735702720534e-01
5.125028721447377755e-01
3.658103857109333834e-01
1.827177275257285682e-01
-1.986568723242310153e-02
-2.204574675743204981e-01
-3.984093873993003188e-01
-5.357694185184223024e-01
-6.183159300315785867e-01
-6.376153180192288827e-01
-5.905812661942398956e-01
-4.844367313153086219e-01
-3.284491949962913271e-01
-1.395081429035168741e-01
6.368540799455635337e-02
2.592476506066911934e-01
4.276328938099782651e-01
5.507562957753526778e-01
6.153572571362491139e-01
6.171733467639008985e-01
5.548721524047646181e-01
4.355066980817003941e-01
2.704326198797588621e-01
7.866952346796862727e-02
-1.213424331061436767e-01
-3.078798880663647930e-01
-4.614648070758374798e-01
-5.671899598317726721e-01
-6.137831971016389776e-01
-5.969573047375424935e-01
-5.175608352371217080e-01
-3.860493860945521938e-01
-2.143365517068153148e-01
-2.183561339484452191e-02
1.715265500296636603e-01
3.453840740058164993e-01
4.821665801597203593e-01
5.674617839154272314e-01
5.918619800740181347e-01
5.557184079265387044e-01
4.617631721720854010e-01
3.206296378915405310e-01
1.463431143067295270e-01
-4.117992423235183885e-02
-2.233154130139421989e-01
-3.800928926415660936e-01
-4.952715936447399381e-01
-5.593022491317951594e-01
-5.649973459490285066e-01
-5.125429992115302369e-01
-4.070599026180040658e-01
-2.618646768061515528e-01
-9.064267128227310177e-02
8.762406560574476089e-02
2.543251780207640422e-01
3.923709047523880056e-01
4.877727654653274403e-01
5.309681499126794879e-01
5.170840745235427693e-01
4.509186812679244483e-01
3.386473119208022187e-01
1.927098700410581067e-01
2.787483481878250124e-02
-1.374882135899724300e-01
-2.867598702681043443e-01
-4.039032371872148808e-01
-4.767493342091249087e-01
-5.004989385680278513e-01
-4.723838619813436335e-01
-3.963381200034753471e-01
-2.801532704954147190e-01
-1.381520705954464301e-01
1.599904485165426493e-02
1.656271639515745075e-01
2.949063278202499472e-01
3.912732620671246497e-01
4.451860889436973778e-01
4.521382629698642575e-01
4.113552216888227697e-01
3.295052064310917128e-01
2.142976051963503270e-01
7.943529393173887065e-02
-6.065083607972543422e-02
-1.912342220478014942e-01
-2.993810774385649021e-01
-3.739483421081001291e-01
-4.073769588866877900e-01
-3.993546682673625448e-01
-3.507126472185861932e-01
-2.675158471597040011e-01
-1.586632439845605536e-01
-3.723340051363543957e-02
8.461395854812425732e-02
1.934034968939080112e-01
2.781330945778741626e-01
3.326460600589331573e-01
3.515189201436583755e-01
3.336403593527526024e-01
2.814979215750683661e-01
2.027395533710443232e-01
1.049081751606544266e-01
-9.047145275266066378e-04
-1.033884380072552789e-01
-1.924367438851567469e-01
-2.595594815274503420e-01
-2.983469811478666189e-01
-3.052474154404536399e-01
-2.827051552934199963e-01
-2.332616574345428573e-01
-1.625878430603070468e-01
-7.828949828460407545e-02
1.010653482868040243e-02
9.394326601388724995e-02
1.643234683588874478e-01
2.144859744774252341e-01
2.420551965454458276e-01
2.447667314238708425e-01
2.230883686167628444e-01
1.800535659167286084e-01
1.218589848822992927e-01
5.401050207613855569e-02
-1.624919554326409443e-02
-8.147854481543825855e-02
-1.360529142079448528e-01
-1.753039704986664171e-01
-1.957864885126736620e-01
-1.960590793661780573e-01
-1.785032996671886973e-01
-1.450981872842285192e-01
-9.987338681372137650e-02
-4.808425323164189358e-02
4.999425348673813829e-03
5.463409351593662144e-02
9.586823541008304694e-02
1.251888378056382756e-01
1.422355077808046264e-01
1.460125637585742986e-01
1.364266426488573991e-01
1.153440443057485165e-01
8.611701868191534714e-02
5.126810861493757976e-02
1.415910235038486675e-02
-2.180064515290980331e-02
-5.488141851841232821e-02
-8.271393964135098642e-02
-1.025808929323699381e-01
-1.134495465770869460e-01
-1.162529162420059548e-01
-1.108684481673491984e-01
-9.691674006784167794e-02
-7.575090070491574679e-02
-4.958430186621198832e-02
-2.028144438938639382e-02
9.615616839752316736e-03
3.794619361231976740e-02
6.381681863501631469e-02
8.528479984826575766e-02
9.950704249256125955e-02
1.054943900269846857e-01
1.038586605489775216e-01
9.435147742213234601e-02
7.632523116678369135e-02
5.089742763764548705e-02
2.045949285207449009e-02
-1.305637931835079701e-02
-4.701316149744938500e-02
-7.873140334428641030e-02
-1.060531419189956193e-01
-1.263285780381642187e-01
-1.358498878262566212e-01
-1.331104371262470387e-01
-1.190050155381298103e-01
-9.385263088511586194e-02
-5.845032450148290870e-02
-1.556649655050490466e-02
3.047015232100003246e-02
7.599521768861206006e-02
1.158597184191441087e-01
1.456250060922212874e-01
1.625827273779130167e-01
1.644103302158148594e-01
1.492820733422375312e-01
1.177912918381087692e-01
7.347404408187041547e-02
1.937900982609530587e-02
-3.918123204847190344e-02
-9.602812875196531373e-02
-1.451285664203041392e-01
-1.815450903761451906e-01
-2.002570437838347983e-01
-1.984924407758641429e-01
-1.772824199203869577e-01
-1.376329357159137290e-01
-8.245537569950378565e-02
-1.688416269551717974e-02
5.162468757060278968e-02
1.167099241201803306e-01
1.707577716700554582e-01
2.076940964234890163e-01
2.244727344704453564e-01
2.184705868386296324e-01
1.891356520623805881e-01
1.387523016123624053e-01
7.298864543052152598e-02
-2.797985316379980603e-03
-8.045074589467837711e-02
-1.516119214243192292e-01
-2.087017362724914449e-01
-2.456788349090591739e-01
-2.575747576991075372e-01
-2.421899499130885092e-01
-2.024025852141321247e-01
-1.411679554892184552e-01
-6.415214137803793015e-02
2.113595302235271589e-02
1.051465040506784909e-01
1.794663229809321248e-01
2.351583268625601075e-01
2.658412285365043815e-01
2.695261921536771244e-01
2.448599537527709202e-01
1.936639252499583463e-01
1.206520417752521279e-01
3.445854852321805772e-02
-5.709642879581622310e-02
-1.439173339134978136e-01
-2.163551570239971023e-01
-2.669010425336921788e-01
-2.900028141949507754e-01
-2.827220783060864218e-01
-2.449766014684021664e-01
-1.816537383802966366e-01
-9.800179800815100872e-02
-3.527636393630184664e-03
9.159969682779900424e-02
1.771436167548241514e-01
2.443504959882505378e-01
2.852878266761491588e-01
2.950350930714498165e-01
2.742586024060829075e-01
2.242247706164608445e-01
1.498814502946763660e-01
5.864747617923238288e-02
-3.874166009460311422e-02
-1.326294598816754045e-01
-2.121363820528198163e-01
-2.687052072302632544e-01
-2.979716081556365026e-01
-2.962179809711035228e-01
-2.632174310810426743e-01
-2.021038616588337611e-01
-1.205780783067567086e-01
-2.602307432685357913e-02
7.095242476004615106e-02
1.597686613470619132e-01
2.310998602068756735e-01
2.775135321236672503e-01
2.937549440596594064e-01
2.775602889255759376e-01
2.324433855362504353e-01
1.622649966034310776e-01
7.456132357186784354e-02
-2.156903448687397251e-02
-1.153019426489031440e-01
-1.971010386284184346e-01
-2.574888272302573444e-01
-2.897647209710670912e-01
-2.923973437105993334e-01
-2.645251759163286254e-01
-2.089689781780407207e-01
-1.313222908439217740e-01
-4.108233187584564572e-02
5.309226997139049331e-02
1.406130988765101897e-01
2.118689473032053794e-01
2.601342411458389403e-01
2.802794476312557848e-01
2.701918178344278054e-01
2.306297688382477062e-01
1.672162720127881030e-01
8.565319107156010858e-02
-4.466132386448218305e-03
-9.313207870513640074e-02
-1.709436999643773047e-01
-2.299877245850621144e-01
-2.636130861215413290e-01
-2.679935400521735733e-01
-2.448794133097548231e-01
-1.962692590772145973e-01
-1.273329001576540831e-01
-4.535700394187125450e-02
3.983763167058396171e-02
1.196292100005931225e-01
1.847960843871623293e-01
2.283903091719745593e-01
2.478601729440297330e-01
2.408497516891572321e-01
2.080324387542904496e-01
1.529903802197682960e-01
8.295314290074151664e-02
4.461745742967426764e-03
-7.362933178336128481e-02
-1.425840146755096294e-01
-1.955113759913593707e-01
-2.271139464763185511e-01
-2.342861299867811109e-01
-2.162421564878304059e-01
-1.765309132477613785e-01
-1.187265616410778657e-01
-4.948617616490202931e-02
2.355578600011254409e-02
9.240760094319089291e-02
1.501335365864748805e-01
1.900678759964620212e-01
2.079156102382175852e-01
2.039777387651235951e-01
1.784715294651164630e-01
1.340215528820192237e-01
7.542797035452397658e-02
9.937642737352314626e-03
-5.594914697093633649e-02
-1.145245933841303465e-01
-1.594508459377284026e-01
-1.874430598843499496e-01
-1.955932145553997970e-01
-1.830564433278780712e-01
-1.513678236651068154e-01
-1.052564287152727429e-01
-4.889576016982455364e-02
1.130037435478303820e-02
6.847695645331164371e-02
1.168117137230724190e-01
1.515811101702968511e-01
1.687700067454704911e-01
1.664708538966257478e-01
1.468395850941930370e-01
1.116937446004429013e-01
6.512172205558841576e-02
1.254038143452906873e-02
-3.999687345090185975e-02
-8.721663440789673150e-02
-1.234825420677247987e-01
-1.449281153506141173e-01
-1.511615443239366918e-01
-1.415203839270459119e-01
-1.169709279692849879e-01
-8.057714649801794859e-02
-3.750379887267407675e-02
8.186995433790533738e-03
5.124929814864720434e-02
8.679046208090790415e-02
1.121632201376436822e-01
1.249040828693936955e-01
1.235682431778453161e-01
1.086212069585064111e-01
8.287285502502284018e-02
4.856257848697120849e-02
9.696664158699075386e-03
-2.909259847802736498e-02
-6.382795953855346927e-02
-9.119754105963495672e-02
-1.079668147820265212e-01
-1.124895546814649316e-01
-1.060484673612698270e-01
-8.920577275713703624e-02
-6.357193004889949428e-02
-3.222891424627361001e-02
1.003594167845456298e-03
3.289276062106272214e-02
5.940376651818590759e-02
7.769589619590311358e-02
8.746800469252358212e-02
8.779085730745839200e-02
7.828582696357733184e-02
6.034671037792249670e-02
3.681217395314373420e-02
9.738711260222299160e-03
-1.763940821598208863e-02
-4.198160153570329456e-02
-6.134813612907119573e-02
-7.398198275674017221e-02
-7.805172666942661319e-02
-7.323917409746727447e-02
-6.137827011343544026e-02
-4.343436849390458487e-02
-2.150430564429506308e-02
1.419566159426732810e-03
2.288351882108630164e-02
4.090400672590965847e-02
5.310697610711900829e-02
5.827683079481604800e-02
5.722372384235607790e-02
4.996290925908075664e-02
3.707970400550442136e-02
2.053943656951418006e-02
2.747893176049842623e-03
-1.479392659946521249e-02
-2.987402253202520175e-02
-4.073780791873937712e-02
-4.747805466921972695e-02
-4.945925222815950040e-02
-4.598356486602539483e-02
-3.781893117667634030e-02
-2.666664935181284335e-02
-1.342645477028803214e-02
3.245871112622644716e-04
1.278418053278151945e-02
2.309745163867438222e-02
3.034437803650180676e-02
3.334399764965034763e-02
3.204979079146097476e-02
2.768027561724872854e-02
2.047764724257161717e-02
1.098387103597198156e-02
6.170676563117538649e-04
-9.419880811234015994e-03
-1.831557926732851893e-02
-2.491485333265641700e-02
-2.860277504696984163e-02
-2.983548087767651236e-02
-2.841822486443279505e-02
-2.417553614572054421e-02
-1.788433523762145150e-02
-1.064768720507891508e-02
-3.010822167039628461e-03
4.181733462709669169e-03
1.009543468063700544e-02
1.456704823576626673e-02
1.717004445197445328e-02
1.727650951178971717e-02
1.503866808630061058e-02
1.124783322611300207e-02
6.174851104296719129e-03
3.891643163305147368e-04
-5.258074055855654905e-03
-1.026849341932656312e-02
-1.419041341289983826e-02
-1.634156376336337591e-02
-1.651163037555047897e-02
-1.513169472426856288e-02
-1.229508868704110025e-02
-8.417466633282355559e-03
-4.257864151611556736e-03
-4.236803707853287193e-04
2.777838127462572970e-03
5.045487399584658306e-03
6.183380655668813120e-03
6.382584606567487384e-03
5.609798368358953624e-03
3.903294041261107239e-03
1.695668184410248358e-03
-4.708051699698900805e-04
-2.445263930572982858e-03
-4.090138781866481388e-03
-5.246803788440668193e-03
-6.075367918299212633e-03
-6.481042242401091613e-03
-6.321571627482702738e-03
-5.753851662235298647e-03
-4.983948750994393606e-03
-4.075442373266180418e-03
-3.147402652905584297e-03
-2.336928023752626871e-03
-1.676428364638993251e-03
-1.226228549102925669e-03
-1.018558284527015800e-03
-9.925382611715161119e-04
-1.035351806378148609e-03
-1.149909065251475404e-03
-1.367249699425809872e-03
-1.640140268258538647e-03
-1.930655125447877651e-03
-2.214602953842015332e-03
-2.466935461450048273e-03
-2.695391461294494029e-03
-2.941000276945993086e-03
-3.175788927026301778e-03
-3.329381235882555856e-03
-3.384790016757843745e-03
-3.342490563336020237e-03
-3.211454601165231182e-03
-3.035825510072198696e-03
-2.846819236275166531e-03
-2.661270861041731273e-03
-2.496628396079225709e-03
-2.368594372097243550e-03
-2.289621707328937106e-03
-2.262833874785208366e-03
-2.286612412008892647e-03
-2.345093715582224903e-03
-2.411664311827155238e-03
-2.453579852028098252e-03
-2.468121823045676955e-03
-2.466413671244671590e-03
-2.451261720217035034e-03
-2.439127771493798669e-03
-2.428101070957033869e-03
-2.409878817884680835e-03
-2.392738495067825433e-03
-2.383153899239709439e-03
-2.381377366453163447e-03
-2.387532724420382557e-03
-2.399258224858535904e-03
-2.410005732240039222e-03
-2.420373122715369085e-03
-2.432603362468976904e-03
-2.444856107213344565e-03
-2.456943016619583808e-03
-2.468217337533995526e-03
-2.476933280521342873e-03
-2.483129182870302820e-03
-2.487939512420767052e-03
-2.491495470826832204e-03
-2.493907973887043994e-03
-2.495287937399948142e-03
-2.495746277164312410e-03
-2.495393908978571496e-03
-2.494341748641271117e-03
