2.013313035676556062e-02
-2.110840408672126634e-01
-3.717685885047915528e-01
-4.690546606597086887e-01
-5.100764054357012078e-01
-5.019679709365065801e-01
-4.518635052658622753e-01
-3.668971565275079838e-01
-2.511697370849753641e-01
-1.092858130120635263e-01
4.954741489905911678e-02
2.060156252184062176e-01
3.426293329870060411e-01
4.478401142787145073e-01
5.089627198989117307e-01
5.157025280692049130e-01
4.643352857688241020e-01
3.619992557848896730e-01
2.162935279857820525e-01
4.159032456870770389e-02
-1.441945923317120570e-01
-3.192865631970946971e-01
-4.650935601756643889e-01
-5.621285815935797014e-01
-5.972647779085606956e-01
-5.681190602327483852e-01
-4.743379679681415384e-01
-3.240333739409310132e-01
-1.319615334281376562e-01
7.733117556236557277e-02
2.829857371447479508e-01
4.597099058455078602e-01
5.851896000562062383e-01
6.449867564060876024e-01
6.297302485839324504e-01
5.394001812122182216e-01
3.812657583426506402e-01
1.758257720982963068e-01
-5.700622153383394508e-02
-2.877559006525430840e-01
-4.883904387170731054e-01
-6.343234876338252892e-01
-7.072572333475819484e-01
-6.974924896396179630e-01
-6.032497735253670168e-01
-4.379775981711178101e-01
-2.166629053882630496e-01
3.214929202892680138e-02
2.792168822726086574e-01
4.938141444857988560e-01
6.506306790426170661e-01
7.287297149392326645e-01
7.164065609401000234e-01
6.202579973086994602e-01
4.485272691792419053e-01
2.221798073201248780e-01
-3.339545344317673692e-02
-2.845487236952211063e-01
-5.022048683746631603e-01
-6.577089914992220177e-01
-7.310439189820110428e-01
-7.182992252272140110e-01
-6.185645272267531469e-01
-4.447676305892980242e-01
-2.163443863836161940e-01
3.488887650951189023e-02
2.814600298312222026e-01
4.925195102494190902e-01
6.410484101331428430e-01
7.111117010015426398e-01
6.935971588415938971e-01
5.927351964300744402e-01
4.189585433151616911e-01
1.976823351040324361e-01
-4.738111632604291579e-02
-2.846899804037086312e-01
-4.847857871732054180e-01
-6.245417044180658905e-01
-6.872875731457055437e-01
-6.670910108181589138e-01
-5.651500776341509269e-01
-3.984192121149487953e-01
-1.841091134909064175e-01
4.908294739415208774e-02
2.725535603459956491e-01
4.591320315103679661e-01
5.870188069832267264e-01
6.408310832080552633e-01
6.129689438598187046e-01
5.119144452369632781e-01
3.474368854115035266e-01
1.425515114359066082e-01
-7.765207034525767327e-02
-2.850841039441599500e-01
-4.557673712197743976e-01
-5.679433250094524377e-01
-6.073960543416041524e-01
-5.752992727022763209e-01
-4.742080770027986558e-01
-3.176068096373371175e-01
-1.241147562662947568e-01
7.907725522597131018e-02
2.689769477346237725e-01
4.213495001083815694e-01
5.173169009104852112e-01
5.501619814106473161e-01
5.152321383347742145e-01
4.179053963479684164e-01
2.697084761724921620e-01
9.264255336428339760e-02
-9.413627919086053897e-02
-2.667212629649181599e-01
-4.030572453805737476e-01
-4.883023463958999777e-01
-5.124951835855531268e-01
-4.744328014503127466e-01
-3.781832784173924100e-01
-2.393424953579870174e-01
-7.249417119044210267e-02
1.000602626489248692e-01
2.564382424508639957e-01
3.782897241462053195e-01
4.514909183166719853e-01
4.681008366185566150e-01
4.258049221954045560e-01
3.333338160687238094e-01
1.995841120036847549e-01
4.308229971158561433e-02
-1.165458652297004516e-01
-2.596579435201742392e-01
-3.698420504831478883e-01
-4.328596767901696785e-01
-4.406410319250906316e-01
-3.974555351962498762e-01
-3.071951275500083289e-01
-1.811402405545814442e-01
-3.434394447070743261e-02
1.135662682557523340e-01
2.456522717266493849e-01
3.441141602128892085e-01
3.967540129147431038e-01
4.020629118889493814e-01
3.585319639629496180e-01
2.713279823270409175e-01
1.508333253449738454e-01
1.454763062371022819e-02
-1.230955924138124047e-01
-2.447480234742417382e-01
-3.347040088520880641e-01
-3.841742813257492672e-01
-3.873898049994976001e-01
-3.444754532970704108e-01
-2.600356595047004227e-01
-1.470365806172098111e-01
-1.676285400398280778e-02
1.142544297635625927e-01
2.293617985695972639e-01
3.155727061372670672e-01
3.631918295032969812e-01
3.662387883486017959e-01
3.235412412579525832e-01
2.428735302976303689e-01
1.314792335663557132e-01
4.064782033940561590e-03
-1.233753297916351244e-01
-2.358335035046723593e-01
-3.208637836303623869e-01
-3.669979475405936720e-01
-3.679669256449209502e-01
-3.275603520794988510e-01
-2.488977269657226543e-01
-1.401193782068800298e-01
-1.360581550299033715e-02
1.139436823576081004e-01
2.287690823349586289e-01
3.155897469077417750e-01
3.635488154510519987e-01
3.705095734709771271e-01
3.339191575949866930e-01
2.560136246185440445e-01
1.448997114705270484e-01
1.543035124192648766e-02
-1.198532318197158553e-01
-2.439994330238824949e-01
-3.409770635180032761e-01
-3.993574740001079038e-01
-4.112959621538556654e-01
-3.738462510378479653e-01
-2.892630046737044713e-01
-1.687876466986305557e-01
-2.319696445657049022e-02
1.291024765690036435e-01
2.691914433912434568e-01
3.791773421108406428e-01
4.451497163004116686e-01
4.561887399343793614e-01
4.079426435413830987e-01
3.079028797833596176e-01
1.641133229333819887e-01
-6.148058782586285353e-03
-1.829684755039399091e-01
-3.424921590493331669e-01
-4.649783361474524312e-01
-5.311062552718988083e-01
-5.292711198293960084e-01
-4.618535307797109191e-01
-3.328321950480728209e-01
-1.566212741692487587e-01
4.729115547644013873e-02
2.501502255754444182e-01
4.279365186432464441e-01
5.548291834220990815e-01
6.113189257141125044e-01
5.906725626951250252e-01
4.911868860111854307e-01
3.242679536434049936e-01
1.073044940524885416e-01
-1.287609708213252047e-01
-3.572121390112892314e-01
-5.463746800979329965e-01
-6.690216816169602954e-01
-7.083599318709086212e-01
-6.557377024251351827e-01
-5.171924160219756317e-01
-3.056248120821476455e-01
-5.132566041915742616e-02
2.176567856531215206e-01
4.640158710398945008e-01
6.544159508527886970e-01
7.630969816827015695e-01
7.732049987755562626e-01
6.826451906471240338e-01
4.979855141363718207e-01
2.461926314187343756e-01
-4.600861446625748030e-02
-3.380733182617492449e-01
-5.922342239465080427e-01
-7.743684929234384562e-01
-8.593921657253067448e-01
-8.354754858224622271e-01
-7.009584898892374794e-01
-4.764316840475699699e-01
-1.844032959920244297e-01
1.344892503018699781e-01
4.405413158222439840e-01
6.929175592937422135e-01
8.591725548222632902e-01
9.167155708435918982e-01
8.542592488627875902e-01
6.835021767660924841e-01
4.200148743829854592e-01
1.011006344095122245e-01
-2.345906130000373624e-01
-5.423545559968097063e-01
-7.844783700192521358e-01
-9.283484258831323777e-01
-9.530874055488067764e-01
-8.612861943889109639e-01
-6.599467077520728697e-01
-3.759385483174103593e-01
-4.175241714199717791e-02
2.964469520255654800e-01
5.987991195627468954e-01
8.255221673517958436e-01
9.471252356324550981e-01
9.540501096349121024e-01
8.419801861258822129e-01
6.263137098023723315e-01
3.306933688749194022e-01
-3.645645255216822811e-03
-3.396851326634233725e-01
-6.346413447303249633e-01
-8.512357215739453364e-01
-9.650619174911886367e-01
-9.609223599261271787e-01
-8.419195916730763951e-01
-6.194224073300476086e-01
-3.252114053025425555e-01
9.570435231917029384e-03
3.419410646232103890e-01
6.317778261285265096e-01
8.449738439467904261e-01
9.557993933828967670e-01
9.526037962363398393e-01
8.333768100916032484e-01
6.168397236004214967e-01
3.240525822527158262e-01
-7.110410820503565432e-03
-3.383023386729206994e-01
-6.295329436191423600e-01
-8.472850375689596758e-01
-9.647570840520571789e-01
-9.659359461006798986e-01
-8.568646012403748902e-01
-6.467285635430346513e-01
-3.609573685481566319e-01
-3.048867947747191387e-02
3.028598448877204419e-01
6.018067192507221552e-01
8.287901559992574274e-01
9.559911639953670992e-01
9.731601948791652745e-01
8.750700642290083486e-01
6.737721034240382600e-01
3.900181952833214893e-01
6.141469695681789354e-02
-2.775512319950430573e-01
-5.853559458055931364e-01
-8.246054288286041034e-01
-9.679378118253784136e-01
-9.970579373978984972e-01
-9.095758393247268536e-01
-7.123150930951702708e-01
-4.327554292742767927e-01
-9.915598316673179813e-02
2.461271063011951643e-01
5.622985163348737103e-01
8.112630092777699531e-01
9.632298459853567696e-01
1.000000000000000000e+00
9.141326184481879391e-01
7.200614913826257624e-01
4.358660827046285657e-01
9.965354303121864987e-02
-2.492209626684942503e-01
-5.672764577819295884e-01
-8.175411230617521952e-01
-9.684975485217035551e-01
-1.000000000000000000e+00
-9.146419105331006216e-01
-7.192890147679555923e-01
-4.395828958085332694e-01
-1.070988329518546278e-01
2.334977022806004054e-01
5.430869517998386797e-01
7.822009897533033218e-01
9.214484813420025233e-01
9.505378893711622368e-01
8.637865489961613630e-01
6.742443835009992448e-01
4.034558806224297633e-01
9.010281209672621472e-02
-2.310465897384573752e-01
-5.193366840615010194e-01
-7.389384050849092667e-01
-8.661052910558677542e-01
-8.855451975785412211e-01
-7.991074057838029043e-01
-6.162496285978086297e-01
-3.656506609794418772e-01
-7.501757276014420217e-02
2.172338600418994847e-01
4.751720500239811074e-01
6.691198390695884957e-01
7.766763895214006119e-01
7.884926147663102736e-01
7.032207132654486603e-01
5.380038661681958434e-01
3.108642380303359154e-01
5.361663879492239992e-02
-2.020219870898175563e-01
-4.252028779175462958e-01
-5.905256737478681295e-01
-6.800600311495728079e-01
-6.837152301963856926e-01
-6.086079703117790451e-01
-4.630571942101635585e-01
-2.684050647471487583e-01
-4.873695964043700535e-02
1.675492627321235606e-01
3.557732696567539321e-01
4.930405536685729118e-01
5.635067073071178267e-01
5.663597330540059982e-01
5.015393874542388719e-01
3.791030916803637130e-01
2.143389843473408884e-01
3.079529834321936832e-02
-1.509818151073998305e-01
-3.082992509387442182e-01
-4.222976378626920324e-01
-4.840571836990381627e-01
-4.869578620904017052e-01
-4.326235675367758882e-01
-3.281353724973425923e-01
-1.903017394650531324e-01
-3.383474924602736245e-02
1.212948509403670716e-01
2.554493428219701823e-01
3.539433426555262940e-01
4.059061364209568534e-01
4.060279318450190633e-01
3.541015499521624754e-01
2.601154213122838232e-01
1.336063925758310678e-01
-7.483131296459610837e-03
-1.445354946124631779e-01
-2.606630416777561132e-01
-3.422062858532175511e-01
-3.783979791094257417e-01
-3.640214948346285340e-01
-3.046292670544950010e-01
-2.056663709225309278e-01
-8.040310888023505242e-02
5.506423967228135652e-02
1.816220657948603989e-01
2.838070249585513682e-01
3.464130443239759050e-01
3.601782844472241063e-01
3.276419668807466490e-01
2.507400782594026989e-01
1.383176806115682389e-01
4.055568616968985296e-03
-1.319371062524746785e-01
-2.533249397742678433e-01
-3.420649832503722676e-01
-3.844145738964910297e-01
-3.764421362257313053e-01
-3.168528528094092245e-01
-2.126762531057969641e-01
-7.555692064877050917e-02
7.378875277248631015e-02
2.182721749189575622e-01
3.372266934480954159e-01
4.124597253990127665e-01
4.336110139177162814e-01
3.955653522765616437e-01
3.023389571075949522e-01
1.628292684368131127e-01
-2.619701632399551450e-03
-1.759791496809360867e-01
-3.328697133186511170e-01
-4.511022575124365996e-01
-5.143593529978816026e-01
-5.122387898323554900e-01
-4.434962784887540588e-01
-3.131193588040959153e-01
-1.396360788682222687e-01
5.929799833287274780e-02
2.564269922778286137e-01
4.258722281323317205e-01
5.448028979597969723e-01
5.965811011601951375e-01
5.728058319698678957e-01
4.726127971486773216e-01
3.101986038004096446e-01
1.006796606171629360e-01
-1.278260106021066322e-01
-3.471132576663661373e-01
-5.281544330713223712e-01
-6.477904363347288808e-01
-6.882789491729338627e-01
-6.408070613439278418e-01
-5.139152119116437989e-01
-3.181622667236468915e-01
-7.822053844846854620e-02
1.782999074809927809e-01
4.172285803195827647e-01
6.097025908305986341e-01
7.284913103651298183e-01
7.558550572811102430e-01
6.918767074057610156e-01
5.398818256243576030e-01
3.180551569536029799e-01
5.052445673186367614e-02
-2.263048179252308278e-01
-4.809958146231494425e-01
-6.798785038293341243e-01
-7.961940761443777603e-01
-8.176276588869424433e-01
-7.384032785411905886e-01
-5.687748080732336620e-01
-3.261248492545542055e-01
-4.430270986230722130e-02
2.460609566616398514e-01
5.073761264914262714e-01
7.061201010346829232e-01
8.184918652032970865e-01
8.292089449066228912e-01
7.381918932998048355e-01
5.534057873736537569e-01
3.020251494033803219e-01
1.065513387791283684e-02
-2.821582973060976496e-01
-5.401470962383919661e-01
-7.317452515602547169e-01
-8.333240023161740950e-01
-8.334449803606548413e-01
-7.298568347250116162e-01
-5.405097289211537870e-01
-2.848259398311586699e-01
1.398311765538728935e-03
2.828107834565460887e-01
5.243571185273916413e-01
6.975130548762413785e-01
7.823428005543622277e-01
7.679750186818377067e-01
6.625771444960151246e-01
4.767985450313472207e-01
2.377078340012104274e-01
-2.522119872902961468e-02
-2.771521934586438363e-01
-4.887744780248499676e-01
-6.342083956667157185e-01
-6.961214099632169194e-01
-6.757755619694494342e-01
-5.753962253861739651e-01
-4.102555871376587504e-01
-2.009108117779987435e-01
2.301456578267058184e-02
2.356788769691977592e-01
4.104465232695362342e-01
5.266266131232055780e-01
5.770966554505330137e-01
5.570995819965036677e-01
4.732211528159679936e-01
3.371868766417633889e-01
1.707546532968586828e-01
-7.501030103505890168e-03
-1.756833377918513017e-01
-3.132551221947306175e-01
-4.079337501700189828e-01
-4.511085483052845735e-01
-4.421980365244924105e-01
-3.844967469887645706e-01
-2.901914610909457348e-01
-1.698708835760952551e-01
-3.911739565658123308e-02
8.594452637942118223e-02
1.933470775241312722e-01
2.731647334135987037e-01
3.186835882310845580e-01
3.269009578184101095e-01
3.027408389349806050e-01
2.493120688391257112e-01
1.729406114565592567e-01
8.293499014459682073e-02
-1.137549722864583668e-02
-1.014331274381741199e-01
-1.774597989016589716e-01
-2.326400542013724593e-01
-2.663437250205648033e-01
-2.755632572591262264e-01
-2.569803486927488834e-01
-2.125906274971853804e-01
-1.489004127170153735e-01
-7.113736420945881989e-02
1.254565919715178168e-02
9.348166653687517424e-02
1.648853991626293425e-01
2.196197475203571781e-01
2.490951008030852787e-01
2.496254370663595346e-01
2.240160159634172476e-01
1.735627914710156094e-01
1.014852284910159330e-01
1.562274797307061647e-02
-7.248023923647328726e-02
-1.541564816781645364e-01
-2.183957181539526449e-01
-2.565917499000417434e-01
-2.662462018655130658e-01
-2.449706886539475548e-01
-1.932956557106649820e-01
-1.166768830243469779e-01
-2.624742793694168075e-02
6.923074349458735455e-02
1.569583729184220733e-01
2.244972637002182747e-01
2.634432896114076161e-01
2.685513912852650620e-01
2.384319519835262913e-01
1.756941673644973889e-01
9.030871129265660713e-02
-9.252595915340111610e-03
-1.088689278001579996e-01
-1.944316052905247227e-01
-2.546693364137245785e-01
-2.816133737212656030e-01
-2.709648932239037133e-01
-2.228849586939138927e-01
-1.456931648264062629e-01
-4.680342373969548220e-02
5.918481401700326217e-02
1.573271456991041095e-01
2.342426367822771915e-01
2.798072332548735552e-01
2.869598698624959976e-01
2.534692585161359979e-01
1.856680385215527807e-01
8.947998307396076711e-02
-2.103104042910863836e-02
-1.308101471666871518e-01
-2.247716804502890575e-01
-2.908942203534025106e-01
-3.187886334415943601e-01
-3.034620766236661993e-01
-2.497429317122297210e-01
-1.619171481371088905e-01
-5.157440079771313801e-02
6.722754328350211139e-02
1.777965364895279787e-01
2.664734997894528945e-01
3.194801541168095227e-01
3.286149547902503798e-01
2.964612085935058872e-01
2.251238551594225701e-01
1.227948699369370011e-01
1.694452303933724480e-03
-1.205443723275578805e-01
-2.297870502722740849e-01
-3.106590011356183956e-01
-3.514329241057781994e-01
-3.494785290356866581e-01
-3.038231011391407943e-01
-2.198791298871050071e-01
-1.071642061278010871e-01
1.771949598604116716e-02
1.414545958823520966e-01
2.480430825143278284e-01
3.227259589477986523e-01
3.574251288987633224e-01
3.476754626186646657e-01
2.950144783491996936e-01
2.048734710663158154e-01
9.082913398972558561e-02
-3.554054029750319810e-02
-1.579915333314211301e-01
-2.605800794379488083e-01
-3.317587125061295383e-01
-3.634046006564668474e-01
-3.520002924768651509e-01
-2.983457761844882095e-01
-2.115928908254787189e-01
-9.991506586674159252e-02
2.221888272946093146e-02
1.394687505954868012e-01
2.383498086700361895e-01
3.081117564398727637e-01
3.397726156844762535e-01
3.291659527982198075e-01
2.814434113428034845e-01
2.008342366497217757e-01
9.768483116517812093e-02
-1.518682770917767488e-02
-1.242054762190155648e-01
-2.178637496925581729e-01
-2.842730551218533019e-01
-3.158569002727716901e-01
-3.137083520095076405e-01
-2.778186535986895134e-01
-2.117315980725684721e-01
-1.235425783451684634e-01
-2.559870392898633273e-02
7.255344481395886724e-02
1.593314954617142121e-01
2.248209576328177306e-01
2.652944450893379713e-01
2.766500565410150436e-01
2.571132396477777693e-01
2.094378499783582370e-01
1.409894100893447355e-01
5.749308862226820693e-02
-3.148429941466301951e-02
-1.152484857235981375e-01
-1.855433901622598469e-01
-2.357036032293865491e-01
-2.593590779304418836e-01
-2.538731347932878801e-01
-2.232238605357635963e-01
-1.697296553040380518e-01
-9.816769235717404118e-02
-1.662388468953923670e-02
6.549292195414002649e-02
1.401418375519414283e-01
1.973488985225648751e-01
2.306918735771170681e-01
2.402517703864104348e-01
2.244726931629301703e-01
1.833870521178826429e-01
1.217047619818811821e-01
4.796268507620449206e-02
-3.130131234114508221e-02
-1.064538123512226431e-01
-1.683192084587402659e-01
-2.116841123461287166e-01
-2.320904941216148654e-01
-2.262401700948561967e-01
-1.948237119221133407e-01
-1.437215849334678719e-01
-7.710724820343795027e-02
-3.067609039295815521e-03
6.875311207352474696e-02
1.303900143191254468e-01
1.756034226804998877e-01
1.980241445980028825e-01
1.949104184377692395e-01
1.698648765042989339e-01
1.249148022457202689e-01
6.566357092346652990e-02
2.638363107645425032e-04
-6.290683584286416163e-02
-1.173641443113185856e-01
-1.557663626649528066e-01
-1.736207839298875566e-01
-1.723939552397796282e-01
-1.520564927958345525e-01
-1.148486585377394009e-01
-6.636506279197396108e-02
-1.411117329887590088e-02
3.684251463774157465e-02
7.976917080643053382e-02
1.091490691634160459e-01
1.246123676450874296e-01
1.248551658188741253e-01
1.097839323357900909e-01
8.236326376848568387e-02
4.771312843633479517e-02
8.982735465529856356e-03
-2.849907156349595905e-02
-5.932181767603494915e-02
-8.156990534864005937e-02
-9.342914991413797665e-02
-9.351175853808579852e-02
-8.289932807646527291e-02
-6.543071107933662311e-02
-4.253731863521859058e-02
-1.678092175996936941e-02
7.760186747759245662e-03
2.870293014998370751e-02
4.424364189229001987e-02
5.241868582436959301e-02
5.322811441021335632e-02
4.917820827729979527e-02
4.038856942883506385e-02
2.730381831051742481e-02
1.245308126087785183e-02
-1.998159314906100548e-03
-1.491044225507021093e-02
-2.491692638834619444e-02
-3.134224914410443930e-02
-3.509538961117963929e-02
-3.574899561141331450e-02
-3.276894515340444958e-02
-2.721189299161819175e-02
-2.051157539427561627e-02
-1.318225516996474056e-02
-5.893190941405501704e-03
5.837026469164285913e-04
6.178509734285242416e-03
1.033170371902425444e-02
1.209274049963715569e-02
1.150714992423096383e-02
9.358319893022937208e-03
5.813777148214294144e-03
1.405055571991331576e-03
-3.051765020426477903e-03
-7.150903472197600586e-03
-1.048472455101534528e-02
-1.251473191512197936e-02
-1.305835174950120692e-02
-1.224227750099760037e-02
-1.064433381141649537e-02
-8.393715554103398091e-03
-5.619617602403592649e-03
-2.451234829662363168e-03
9.822378907751172505e-04
4.551605685563453463e-03
