-4.262244821430590802e-01
-4.097338418703702079e-01
-3.544106913376938728e-01
-2.691232147137426756e-01
-1.627395961672288838e-01
-4.412801986686520905e-02
7.784333001863630308e-02
1.943062693205639402e-01
2.875505216258769092e-01
3.518944238590220319e-01
3.809186769320960231e-01
3.704076197990475716e-01
3.206975863037642149e-01
2.387962139133248396e-01
1.311848366001702182e-01
9.676022068893175287e-03
-1.130618186248165680e-01
-2.241474353395702668e-01
-3.124596018819352228e-01
-3.678477866851910250e-01
-3.839448798947617814e-01
-3.613420063969996487e-01
-3.013260679364599959e-01
-2.096580496010763683e-01
-9.521310597246046559e-02
2.901899405294816603e-02
1.508782175027179040e-01
2.563667814209806828e-01
3.343451833929158568e-01
3.784699687569084148e-01
3.834775925709235089e-01
3.483791362311492446e-01
2.763409785789201489e-01
1.764632253040492316e-01
5.759755228310869946e-02
-6.722880942907338842e-02
-1.846751415254993534e-01
-2.824741315253279650e-01
-3.506290885338948504e-01
-3.811234562101876167e-01
-3.699177052993992687e-01
-3.208161949919481337e-01
-2.380573527276014234e-01
-1.305191314207212461e-01
-9.371332743421834088e-03
1.115996015629807658e-01
2.201599335891546438e-01
3.038912501354151807e-01
3.536464754720676229e-01
3.663571532351324045e-01
3.400980976163072711e-01
2.777870229120964485e-01
1.859753459016881827e-01
7.647110926945077658e-02
-4.035188889483820596e-02
-1.515727873268005732e-01
-2.448232154401274174e-01
-3.109919741621944844e-01
-3.431268219539899134e-01
-3.380867012857666776e-01
-2.961688986729721362e-01
-2.235291314871769019e-01
-1.267162392252829672e-01
-1.719617914223137145e-02
9.295719811737002125e-02
1.917918756991190410e-01
2.691231931250013254e-01
3.160528788029490777e-01
3.272503039796172963e-01
3.043942342350980379e-01
2.494249909545116495e-01
1.683513978983195436e-01
6.979935488618593808e-02
-3.426658111616986968e-02
-1.330253730090789066e-01
-2.146384624695510945e-01
-2.701770929051668935e-01
-2.959973035512736272e-01
-2.890410418492805888e-01
-2.502586108919425678e-01
-1.840428884533303888e-01
-9.970378484513242601e-02
-5.518433523837074084e-03
8.742084070409084084e-02
1.682111707266649159e-01
2.284064706144937063e-01
2.616951649135699220e-01
2.647327695481975773e-01
2.370585371884419423e-01
1.837170765919629023e-01
1.098175207045237745e-01
2.512535368613000308e-02
-6.005974564617844180e-02
-1.359822195705168157e-01
-1.944596798873983179e-01
-2.284778998752244883e-01
-2.340515922810983973e-01
-2.132700382372639814e-01
-1.681722912233961642e-01
-1.043433443148619189e-01
-2.945993864662432848e-02
4.637342352723750061e-02
1.146785143778878968e-01
1.665922596668061306e-01
1.959324329769764894e-01
2.018982184754354314e-01
1.834495245978429168e-01
1.427725647516302487e-01
8.493038807689723413e-02
1.856769018497583801e-02
-4.915398581474172968e-02
-1.093830427522536342e-01
-1.540842864561678960e-01
-1.785385745998664397e-01
-1.797068886477282135e-01
-1.576852463367949264e-01
-1.148419834094046577e-01
-5.794660125584638610e-02
7.067243185655103233e-03
7.138429908900456589e-02
1.263271887875363486e-01
1.650565511744366276e-01
1.826216179536424011e-01
1.765275944503736927e-01
1.467995386376179656e-01
9.818737293026424950e-02
3.522833573761463555e-02
-3.351188518321857046e-02
-9.909305129403611634e-02
-1.528972121541004592e-01
-1.880799282844052289e-01
-1.989745017952017081e-01
-1.829783236111338640e-01
-1.432193965450047068e-01
-8.283072660523183028e-02
-8.929928226254379986e-03
6.985358636449046088e-02
1.429488996342302976e-01
2.014994781808747693e-01
2.364433371385770144e-01
2.420590528478305803e-01
2.186461044823597710e-01
1.670120266112009588e-01
9.209563079119287288e-02
1.588109594838904570e-03
-9.258961533353515794e-02
-1.802998993271582862e-01
-2.498108793415387829e-01
-2.914790439948986567e-01
-3.002371307350792939e-01
-2.732559163445681394e-01
-2.123525067125895394e-01
-1.226420419534168804e-01
-1.533032629179842399e-02
9.926707327206130138e-02
2.070921079562531020e-01
2.948305270270759060e-01
3.515090571597463409e-01
3.693750248159046734e-01
3.447633068739941464e-01
2.780157303173393935e-01
1.769761303473034175e-01
5.019075806855588517e-02
-8.718609026962009789e-02
-2.196728526832885109e-01
-3.314423993641849586e-01
-4.094668030994459418e-01
-4.427936194231566480e-01
-4.253393823507259919e-01
-3.599916837134543579e-01
-2.511458407307071150e-01
-1.099128887168667745e-01
4.964540682951823491e-02
2.082716961006152445e-01
3.490220238612640191e-01
4.541451847591222446e-01
5.105044718674300874e-01
5.126662211018746529e-01
4.575330887500290711e-01
3.496452319959939548e-01
1.985175370174008247e-01
2.197660044899607534e-02
-1.630376164285753937e-01
-3.349119287893550512e-01
-4.738527915698486082e-01
-5.637285169316356148e-01
-5.930651475689547869e-01
-5.575416865901341446e-01
-4.582161015019265982e-01
-3.065731388113231981e-01
-1.157210915023364484e-01
9.253657922442881656e-02
2.960797860697725881e-01
4.716586380424983016e-01
5.997741302112760131e-01
6.643826099084213510e-01
6.559079680930710587e-01
5.767532397920616116e-01
4.321571111083011285e-01
2.371928310930437878e-01
1.067644826663083357e-02
-2.212252238120319126e-01
-4.344471572116231917e-01
-6.036108278396236093e-01
-7.090673653291625911e-01
-7.403431519720640175e-01
-6.911207244165292751e-01
-5.657727569866634054e-01
-3.749761560328283005e-01
-1.411113861751971399e-01
1.136316052174677349e-01
3.603677218394549797e-01
5.720870523572214594e-01
7.252051206365857094e-01
8.019080439491634849e-01
7.930417000357115054e-01
6.965219390915549091e-01
5.240783511883582158e-01
2.904740348773520164e-01
2.260635015481393673e-02
-2.516681803148103080e-01
-5.016522591342325033e-01
-7.006975762467455571e-01
-8.257041449499855634e-01
-8.610789937835805485e-01
-8.050402557614059207e-01
-6.603131102106318817e-01
-4.426213151175473204e-01
-1.728226935971254319e-01
1.177909026117820446e-01
3.997567127198482506e-01
6.407004182124442782e-01
8.141690641165626463e-01
9.031490461015581062e-01
8.955904782001156139e-01
7.919993626440544610e-01
6.007743155936935420e-01
3.447601756329123912e-01
4.796435032743495697e-02
-2.561496494592411244e-01
-5.354057265064238180e-01
-7.592289644049318165e-01
-9.030666980489775453e-01
-9.507816621353488706e-01
-8.945938440923097978e-01
-7.437889721553706535e-01
-5.113419151124840578e-01
-2.229054715027999345e-01
9.272877214042019034e-02
3.997319990146390722e-01
6.661073608801175716e-01
8.618436053036477862e-01
9.645450773753612150e-01
9.657303217998871592e-01
8.625718257502255071e-01
6.669628322902176887e-01
3.973318770066744943e-01
8.543470027715827086e-02
-2.381411218522628825e-01
-5.374942460642317954e-01
-7.800881732586691930e-01
-9.403301809948267920e-01
-1.000000000000000000e+00
-9.535970797519776054e-01
-8.034865399474020453e-01
-5.686078348873953026e-01
-2.706815277541519960e-01
5.611737171238950772e-02
3.776204953199917558e-01
6.588215970220521189e-01
8.700720993012891480e-01
9.885633222865719549e-01
1.000000000000000000e+00
9.069306345379724021e-01
7.166694699288813641e-01
4.509661878755748532e-01
1.362048092110670350e-01
-1.914542281523929912e-01
-4.986123955757364445e-01
-7.512232273750646394e-01
-9.220749340117800896e-01
-9.960935144281344300e-01
-9.636146193380800140e-01
-8.293697592904758498e-01
-6.057930658570700455e-01
-3.199984011227319236e-01
3.889951483355691408e-04
3.195665832532461614e-01
6.038129543790231590e-01
8.232849302916369627e-01
9.545703414873918380e-01
9.849374426492891743e-01
9.096223995926555617e-01
7.402348646349388162e-01
4.921240098037800159e-01
1.939104168300336273e-01
-1.239007164386853876e-01
-4.263626218945970603e-01
-6.824028545532451195e-01
-8.644266861539141589e-01
-9.524568604803486105e-01
-9.411618056185555581e-01
-8.301018734751360872e-01
-6.328129562355779836e-01
-3.686309855567360128e-01
-6.846308084617513945e-02
2.376951741197459445e-01
5.158518987870730488e-01
7.367378186212778512e-01
8.793880955866490989e-01
9.281498869636504168e-01
8.793953356983861269e-01
7.371421961483521912e-01
5.201593184683135362e-01
2.490260719863088834e-01
-4.528175743723394930e-02
-3.319402331656070571e-01
-5.806866372176340274e-01
-7.660045703881460666e-01
-8.690513942582429596e-01
-8.783474412506195872e-01
-7.975147203591935741e-01
-6.337497124697378803e-01
-4.060857369121499971e-01
-1.375436430111559583e-01
1.413118142129741184e-01
4.024091065238926124e-01
6.177046035084476916e-01
7.648590979752341035e-01
8.323546141805822085e-01
8.125365068851297945e-01
7.092937513476766931e-01
5.329540662310752186e-01
3.053632197984044172e-01
4.849228409436512344e-02
-2.095011710885354983e-01
-4.417516942706037897e-01
-6.249636791931684199e-01
-7.406390488444045683e-01
-7.783054453529424377e-01
-7.337336288772122739e-01
-6.156235537273093694e-01
-4.350756188040567629e-01
-2.127566711050636883e-01
2.860090913081791975e-02
2.629484444519489816e-01
4.669020047033081156e-01
6.191889008928539440e-01
7.040968675791050568e-01
7.169039877225056312e-01
6.559195714904286767e-01
5.290895678994640416e-01
3.492136631132340963e-01
1.375433444474394307e-01
-8.527487448821935434e-02
-2.951606353140631134e-01
-4.706287391800136888e-01
-5.958136856244897750e-01
-6.582061394413076805e-01
-6.527979299619497411e-01
-5.801789145051170493e-01
-4.510881509610236151e-01
-2.775310067575571527e-01
-7.926275210183120201e-02
1.231222498695148104e-01
3.089846664318458558e-01
4.602590773088355292e-01
5.618693052214764894e-01
6.036664178962107830e-01
5.853993544028739393e-01
5.087252765331711224e-01
3.826288345307682359e-01
2.199370434367715621e-01
3.918735748534540875e-02
-1.421019952125650576e-01
-3.046423661496125979e-01
-4.324253632500629774e-01
-5.157301724708800439e-01
-5.462724471869889742e-01
-5.218509790207318533e-01
-4.453465068233254387e-01
-3.270163166914883401e-01
-1.775824136868893177e-01
-1.313651229608736593e-02
1.496668092086990143e-01
2.949596829599099301e-01
4.090466171114868210e-01
4.807368170249466388e-01
5.030369085891743808e-01
4.772721288504726544e-01
4.057378207460382580e-01
2.958378032495911913e-01
1.582867280946287369e-01
7.913545895283036202e-03
-1.411418267708165475e-01
-2.732759634712383923e-01
-3.757553447741522890e-01
-4.411221257671558149e-01
-4.629738763510529154e-01
-4.392935154332942016e-01
-3.725300616749130933e-01
-2.712683546450267436e-01
-1.442404179242819939e-01
-4.846611362755437469e-03
1.328099778865583502e-01
2.556168782385428440e-01
3.522409058674091931e-01
4.130274088494816365e-01
4.319707197776729846e-01
4.099903134446536423e-01
3.487695140874766953e-01
2.541461960477930937e-01
1.352036916774579378e-01
4.745158573400853896e-03
-1.252711915742205084e-01
-2.412638720086514033e-01
-3.321264614826370254e-01
-3.913389060754883797e-01
-4.128433006096491331e-01
-3.940922219067453103e-01
-3.368683501000599989e-01
-2.481198286593673252e-01
-1.350454065312716168e-01
-9.174594840903105286e-03
1.170702890912311833e-01
2.315023548336188064e-01
3.234855634705342542e-01
3.832404820798822609e-01
4.045276233688501755e-01
3.875657650569162005e-01
3.332116274983274451e-01
2.461445814692895251e-01
1.343522172980382567e-01
9.723146591427811458e-03
-1.162770690798030637e-01
-2.299587433603695885e-01
-3.200801177755898674e-01
-3.794253538632951228e-01
-4.015943586781181018e-01
-3.834922261750177697e-01
-3.264015021029541552e-01
-2.372946192622225059e-01
-1.233470132100009664e-01
3.364774033937090181e-03
1.298873320429281275e-01
2.435878155778201659e-01
3.335349236912894533e-01
3.897704648228130786e-01
4.060437636752198820e-01
3.827854507911279125e-01
3.212677783773598694e-01
2.271122101962035345e-01
1.092346312968812683e-01
-1.934865374252614512e-02
-1.465447614751258509e-01
-2.582668588411108912e-01
-3.431700083950556257e-01
-3.945968785179607696e-01
-4.066167643022848832e-01
-3.772822823950282567e-01
-3.091226948482911352e-01
-2.103364692993596741e-01
-8.922727026053312027e-02
4.128003364107812878e-02
1.677537956446191192e-01
2.773005812725375385e-01
3.590529620954494572e-01
4.037883190524922394e-01
4.062481672886861794e-01
3.685470569101374494e-01
2.934416492438522983e-01
1.881197293989571584e-01
6.271958131622756838e-02
-6.888825012943500248e-02
-1.938732822647577514e-01
-2.981060692574940552e-01
-3.706359171888725657e-01
-4.058899403754758772e-01
-3.994709951842526641e-01
-3.515956589295781143e-01
-2.666542875591518813e-01
-1.549724677219858071e-01
-2.647781976080265665e-02
1.050084959265877860e-01
2.255550156855954391e-01
3.227731991408093748e-01
3.867710284270224896e-01
4.101835596505345460e-01
3.896893109929291388e-01
3.298386161519912818e-01
2.357386790086570816e-01
1.174297705753701848e-01
-1.294188176088173492e-02
-1.409630408847976080e-01
-2.538486657733853846e-01
-3.389012204436508968e-01
-3.868956778446517308e-01
-3.950249756893031705e-01
-3.617372987734636114e-01
-2.905524193454239734e-01
-1.886952619584820745e-01
-6.872392289053375070e-02
5.808474168206845256e-02
1.778569076877449806e-01
2.776390170568401317e-01
3.479837343920155757e-01
3.814936334834446718e-01
3.747870191292230757e-01
3.282401818280087369e-01
2.483257281133570693e-01
1.420356232380466377e-01
2.151906447168427938e-02
-1.003598099698942425e-01
-2.106973487984052928e-01
-2.983751991881297139e-01
-3.535260897016737625e-01
-3.700100862341885177e-01
-3.488436509570680411e-01
-2.915674174371531979e-01
-2.041198225966928126e-01
-9.536180492853729707e-02
2.204679980928769822e-02
1.363639681099393375e-01
2.343805210484783963e-01
3.057688653972896464e-01
3.452491694718442528e-01
3.483402945863232070e-01
3.147146161669152065e-01
2.478882071104242524e-01
1.568018727571249826e-01
4.984614890920102681e-02
-6.104447698687276436e-02
-1.637255915555281272e-01
-2.476304643537321493e-01
-3.042908005987459141e-01
-3.274298118504537225e-01
-3.142111407975636261e-01
-2.685608765056898273e-01
-1.946119714122521716e-01
-1.008178539021901132e-01
2.626347431942344102e-03
1.040921947563111516e-01
1.933257687851135387e-01
2.601381159418447719e-01
2.973269676299117314e-01
3.034488119593374833e-01
2.775878072325386192e-01
2.226902825214132076e-01
1.448064404351820933e-01
5.401173816858273469e-02
-4.094471449669123686e-02
-1.293948745159347880e-01
-2.016484087582288698e-01
-2.515483882654649950e-01
-2.740081466561982149e-01
-2.669265383749422904e-01
-2.312935604882502272e-01
-1.725976313802186635e-01
-9.615424146456730270e-02
-1.093742360403637814e-02
7.350449399854630528e-02
1.483636366726088784e-01
2.061903220083998178e-01
2.404472834609350240e-01
2.474932284943054395e-01
2.294095346968814120e-01
1.878933591082465604e-01
1.271987950633597375e-01
5.388187681497602632e-02
-2.332519937442656399e-02
-9.661022463856239195e-02
-1.572707990231627662e-01
-1.989201736155159495e-01
-2.195173917392273522e-01
-2.168586108319446870e-01
-1.911275058239407798e-01
-1.454265654460894508e-01
-8.622855291003139744e-02
-1.896646989800820915e-02
4.883991929542230714e-02
1.094084220253066508e-01
1.569034512488791666e-01
1.868037094142966925e-01
1.958661363704663483e-01
1.831761276894270374e-01
1.520386545269445389e-01
1.053013294454276938e-01
4.860742830284237037e-02
-1.128177369707861200e-02
-6.783365220541626162e-02
-1.154680493033266586e-01
-1.485330679835917822e-01
-1.635518546530995154e-01
-1.613756541364104180e-01
-1.422564823760629205e-01
-1.080522256267260062e-01
-6.293130355471854287e-02
-1.300768160152365738e-02
3.686329215490635747e-02
8.074638465310135516e-02
1.138040623514200433e-01
1.344561643251489524e-01
1.406767614544652822e-01
1.315953051517180228e-01
1.087291273321266960e-01
7.580782632159777101e-02
3.564480555357474323e-02
-7.049251869918116142e-03
-4.705004216321873045e-02
-8.055335083466386159e-02
-1.045123034691436414e-01
-1.162057554306533680e-01
-1.146636633357477342e-01
-1.019288449780382244e-01
-7.909702590280442980e-02
-4.851128388300840477e-02
-1.394730665144594539e-02
2.067754361319473766e-02
5.203043150325048494e-02
7.602795591296818145e-02
9.024467155444226840e-02
9.530140182165736107e-02
9.068906970066326068e-02
7.640963757701468850e-02
5.449728437315237706e-02
2.817161239686027940e-02
-2.260299183931557820e-04
-2.713512321088673573e-02
-4.933604261265855939e-02
-6.566186368641757642e-02
-7.466082972030729792e-02
-7.468863565913674840e-02
-6.597562568367998370e-02
-5.086392203816514357e-02
-3.057663521450038058e-02
-7.565322375901017971e-03
1.495495096679078095e-02
3.487642949789826474e-02
5.044202187698787476e-02
5.948673154580053080e-02
6.122753914363254779e-02
5.697013724445065819e-02
4.695954564866355874e-02
3.207227904009091191e-02
1.465158689413259552e-02
-2.854157810454172051e-03
-1.902153342782297862e-02
-3.184219619891204278e-02
-3.992240423312376496e-02
-4.382971665826784768e-02
-4.311324610162226012e-02
-3.732697094625292422e-02
-2.764507336420696237e-02
-1.590374359336010901e-02
-3.027322603768700660e-03
9.439074133652081144e-03
1.990754065892574864e-02
2.791830346018864262e-02
3.272904347294502969e-02
3.345298026922050028e-02
3.039809104105306581e-02
2.488958257081308467e-02
1.728119759813373513e-02
8.238453349632024469e-03
-9.239778826604094775e-04
-9.314285056941762342e-03
-1.624115445711649119e-02
-2.078727543622616025e-02
-2.266739991323452053e-02
-2.250730282125845694e-02
-2.024185868039407588e-02
-1.586081303141639864e-02
-1.013438628748342119e-02
-3.938679552235369030e-03
2.249360164160441045e-03
7.744461749360942449e-03
1.199744932935620234e-02
1.504866565918927535e-02
1.659796622204368077e-02
1.620569233573632140e-02
1.409082890534274490e-02
1.089022841404818642e-02
6.837812232158846371e-03
2.355823335853601819e-03
-1.960602068905914486e-03
-5.797541275350592826e-03
-8.796371268836034041e-03
-1.035033212958824667e-02
-1.029463903472671582e-02
-9.002885782033342998e-03
-6.573150322724874428e-03
-3.421065040475124164e-03
-1.718802588329682024e-04
2.761480588824971605e-03
5.129530870011222987e-03
6.679532816258548777e-03
7.274839120295251149e-03
7.057900136618222575e-03
6.055019664692906645e-03
4.462020897830321076e-03
2.719016599114665311e-03
1.285627710219117148e-03
2.566911297847696005e-04
-3.921782317093391868e-04
-6.484548865989259170e-04
-7.354884328644173408e-04
-6.274684711692346539e-04
-2.722308551568186630e-04
1.439652099934907170e-04
4.650528839365009048e-04
6.662111959760963487e-04
7.536771495437744051e-04
7.470979076023009924e-04
7.393361817749077858e-04
7.125595596928491204e-04
6.275008003686632918e-04
5.377209269172844586e-04
4.911074475524301874e-04
4.871745490830914349e-04
5.121386870123867396e-04
5.484332599001717767e-04
5.567768175138709807e-04
5.442803485222746929e-04
5.359614134485823911e-04
5.270116401372426651e-04
5.184127010715577910e-04
5.115701326730004439e-04
5.041956941633785050e-04
5.018100329623464972e-04
5.114146865212720883e-04
5.312389073723888799e-04
5.561723064249068926e-04
5.830082133810865486e-04
6.062096740804268080e-04
6.253962646942667902e-04
6.428660528119412021e-04
6.582288188741181045e-04
6.729169816803715065e-04
6.866752873366799292e-04
6.984480717806551553e-04
7.093122687347186428e-04
7.202589318739960333e-04
7.311456879106614792e-04
7.415254231273316066e-04
7.509067315398798570e-04
7.583582332464366971e-04
7.639379909598620344e-04
7.681074084147088143e-04
7.706683415280579652e-04
7.715126131955241107e-04
7.705864841514031838e-04
7.672768273314645171e-04
7.614830843785114212e-04
7.537728361981521630e-04
7.444768274118551687e-04
7.343205364398475155e-04
7.240006518938191249e-04
7.137567912363085298e-04
7.041173993158622579e-04
6.960490250378370547e-04
6.900686092721208809e-04
6.861962890827300043e-04
6.835968450911167338e-04
6.821579883895534380e-04
6.817674300705345303e-04
6.823128812261103349e-04
6.836820529485532205e-04
6.857626563303576006e-04
