4.699748181275718029e-01
2.883739320417162411e-01
1.140297486485570833e-01
-4.834406948224923006e-02
-1.940338597810465915e-01
-3.183259596781781164e-01
-4.165067066039876975e-01
-4.838624379888217808e-01
-5.043541400569203637e-01
-4.743212402613864453e-01
-3.940941000964487406e-01
-2.718199544207848817e-01
-1.187299772362764294e-01
4.948540356179864652e-02
2.161936681209266631e-01
3.617823996744702342e-01
4.707878310430084756e-01
5.338413554665371041e-01
5.427564841642864568e-01
4.947588852679425386e-01
3.933789048363212082e-01
2.503572431373275453e-01
7.742373220795339961e-02
-1.069141382359046766e-01
-2.833764365336521873e-01
-4.333471227478036258e-01
-5.413776359040756159e-01
-5.942260739268433456e-01
-5.846088852491385657e-01
-5.162293236223587378e-01
-3.937566783540790150e-01
-2.284359858936093612e-01
-3.588721617345902448e-02
1.625887458553367804e-01
3.475281158990575214e-01
4.975335825092934705e-01
5.962341411706020278e-01
6.356092231255887626e-01
6.096648423953145990e-01
5.196336231265019645e-01
3.732342167581763626e-01
1.874938129623149319e-01
-2.127189183933220207e-02
-2.306943102552336811e-01
-4.184961711884084279e-01
-5.649449662469442357e-01
-6.545939569198442332e-01
-6.764140091627393048e-01
-6.259585592694735245e-01
-5.113647391687866639e-01
-3.419420130257938562e-01
-1.352566966832459139e-01
8.793787040259615218e-02
3.031605128002399230e-01
4.888108693868926657e-01
6.237298045210328823e-01
6.927028770263712332e-01
6.911356205315581924e-01
6.170534946973449397e-01
4.773877605656451362e-01
2.852525460328383389e-01
6.306583898159279222e-02
-1.685833767941616879e-01
-3.845849705214305914e-01
-5.618381039709341440e-01
-6.829445872725947719e-01
-7.344910865421312440e-01
-7.104616438125970213e-01
-6.116629691078907527e-01
-4.500973403956968211e-01
-2.393314350727906437e-01
-2.484228106444219542e-03
2.361332415465391410e-01
4.512841176523849640e-01
6.211872360710235519e-01
7.265234633650059504e-01
7.548984318998523957e-01
7.067773630290932196e-01
5.848683057688717213e-01
4.011853889186094424e-01
1.731500788832016635e-01
-7.370933343577812380e-02
-3.152465325713489364e-01
-5.241227109901507308e-01
-6.782935858315288780e-01
-7.643576479554439196e-01
-7.718330737019269971e-01
-6.992060955598587979e-01
-5.525442679119980660e-01
-3.495778398701351319e-01
-1.082556743221397832e-01
1.453620937595794249e-01
3.848512407671711433e-01
5.851607651046608627e-01
7.257171438676448538e-01
7.903429623753137623e-01
7.703799130545114782e-01
6.719264908825326454e-01
5.029515885300208655e-01
2.810323628364848059e-01
2.809105999548200394e-02
-2.279319898778872089e-01
-4.616677343979933568e-01
-6.472047693279749936e-01
-7.646659793910340897e-01
-8.049313668524397114e-01
-7.622406663049133835e-01
-6.410439861184835664e-01
-4.528493159079705066e-01
-2.202695223171549088e-01
3.549126926608869859e-02
2.873567789694324581e-01
5.089058287521455171e-01
6.779635501693652699e-01
7.770548122891727250e-01
7.956365759504722135e-01
7.304001145756346958e-01
5.913742761137816828e-01
3.904751746132222312e-01
1.492682670075826667e-01
-1.080289356315644600e-01
-3.537945838748938199e-01
-5.635305219670185828e-01
-7.140924130659664915e-01
-7.890247339506690771e-01
-7.843259183129648315e-01
-6.988172046655094505e-01
-5.412917576212443738e-01
-3.267511179120500264e-01
-7.982148226280283421e-02
1.760215883199844900e-01
4.127849396441101160e-01
6.056665959977085567e-01
7.366200909283169285e-01
7.916008776599559038e-01
7.648328059228597375e-01
6.578770300267613447e-01
4.846231955572082306e-01
2.601463158019330368e-01
9.413980988675074713e-03
-2.414922638695383705e-01
-4.666003462827957859e-01
-6.435320151805068445e-01
-7.532020941764513422e-01
-7.834647929212006368e-01
-7.353750256947300112e-01
-6.122823543271539437e-01
-4.270204830934525297e-01
-1.977665837630019352e-01
4.956722990144468710e-02
2.909341472004751683e-01
4.997300616660078632e-01
6.545101478281778462e-01
7.430334802984623899e-01
7.552237028124919593e-01
6.897235470589688777e-01
5.526716334822887600e-01
3.609192259271825076e-01
1.315547357309845289e-01
-1.106299205164433808e-01
-3.406130556809757737e-01
-5.351347066302629685e-01
-6.748753351498609776e-01
-7.450037790722157105e-01
-7.374896910283283979e-01
-6.576045995464132599e-01
-5.120308144066921807e-01
-3.155215565886725360e-01
-8.725240541103285175e-02
1.478373030822357492e-01
3.668582359825967032e-01
5.459828481401862721e-01
6.668239345475124313e-01
7.207502387618325290e-01
7.014178082834738870e-01
6.109106343881969270e-01
4.579212482575230059e-01
2.608596092879358341e-01
3.749510506919895292e-02
-1.886291321234692120e-01
-3.940554923561980782e-01
-5.584383732559395908e-01
-6.655533257493133625e-01
-7.039995662848586022e-01
-6.688226110910591160e-01
-5.677464924979291894e-01
-4.095855561787269394e-01
-2.110449014451321048e-01
7.869292694898666340e-03
2.237667243852394794e-01
4.156749567816580004e-01
5.629569775971146051e-01
6.503598581371010656e-01
6.727128581674444163e-01
6.269467154544487997e-01
5.179984417358600712e-01
3.567372506051451619e-01
1.623792759265023644e-01
-4.738026731545852410e-02
-2.505611306519941461e-01
-4.262717897404071365e-01
-5.584838358762447275e-01
-6.341233680670890216e-01
-6.455642498205842461e-01
-5.913271126729119365e-01
-4.801357433226307592e-01
-3.215447962307231844e-01
-1.323252901356536393e-01
6.847192779279054342e-02
2.601281735716531873e-01
4.242475944936114907e-01
5.432970279164104355e-01
6.050838214337772580e-01
6.074285223634119379e-01
5.493352062570306948e-01
4.364411069789218001e-01
2.796978520318724737e-01
9.690812568996820531e-02
-9.498195281823351710e-02
-2.753355472620329092e-01
-4.259330078804050013e-01
-5.339899948878473745e-01
-5.886963261825614024e-01
-5.841588580605225900e-01
-5.205262579617553342e-01
-4.070446109443158766e-01
-2.532914289099577054e-01
-7.594065452544584982e-02
1.066712254236512614e-01
2.763152216960091945e-01
4.169895259057112558e-01
5.138902508994651619e-01
5.572072416183453392e-01
5.465608128053511816e-01
4.824124100897462242e-01
3.710098659478757721e-01
2.234491406753442710e-01
5.651298681274474767e-02
-1.143587869611614183e-01
-2.709480769887425700e-01
-3.979312331575419748e-01
-4.860064425642469654e-01
-5.263723147930843282e-01
-5.146010233461577599e-01
-4.521585179860855286e-01
-3.477464229388647077e-01
-2.100336545507767161e-01
-5.343134941522453829e-02
1.061599731685083370e-01
2.531701800167585059e-01
3.739677507890633024e-01
4.556984273106550187e-01
4.901219406702095327e-01
4.777356814455280265e-01
4.192295443592686244e-01
3.197368117962950951e-01
1.888597608075974765e-01
4.092664595733719324e-02
-1.105013334205318110e-01
-2.490667464052069846e-01
-3.612578078575003904e-01
-4.389841827098835969e-01
-4.745569187553702051e-01
-4.635671031745686177e-01
-4.071417113616747629e-01
-3.133877505642739258e-01
-1.898610349305109857e-01
-4.928238510146831786e-02
9.392649041519018915e-02
2.261000968186839266e-01
3.353096413234397666e-01
4.101000612950742585e-01
4.431541602107937905e-01
4.348330460593672342e-01
3.854848764653324711e-01
2.991976603651675948e-01
1.844560296096124929e-01
5.393721980791577053e-02
-8.087235721661023558e-02
-2.059006005471115675e-01
-3.092599866332104153e-01
-3.839758636530585800e-01
-4.228105188875234122e-01
-4.207777331499007456e-01
-3.782213512160812474e-01
-3.017033587641685388e-01
-1.971319774104229872e-01
-7.414871662002531227e-02
5.536431889009918450e-02
1.790653555170220734e-01
2.860246647325372926e-01
3.648791648727294223e-01
4.079821740484312897e-01
4.143921085985928787e-01
3.828648509242618125e-01
3.150233529704777879e-01
2.170118769198916553e-01
9.917209570746288172e-02
-2.880527720376091505e-02
-1.540540778198961069e-01
-2.646581671751894183e-01
-3.518699715818445206e-01
-4.075100463689601549e-01
-4.242370261015633304e-01
-3.998072020282875672e-01
-3.393948917469480353e-01
-2.474046489145153016e-01
-1.315815247102777308e-01
-2.866699344729606302e-03
1.261136493063383934e-01
2.440090585234993004e-01
3.382364957881101031e-01
3.995517915692012867e-01
4.245111308377642612e-01
4.098820591719429807e-01
3.555466261020159280e-01
2.663661539603892070e-01
1.522258666542799510e-01
2.179862430597068190e-02
-1.125860329764413192e-01
-2.379265177551201926e-01
-3.431698564058068834e-01
-4.184276030449622930e-01
-4.541946453931382521e-01
-4.459616182444957611e-01
-3.969515444913312985e-01
-3.102073031981219531e-01
-1.920180427558862979e-01
-5.269798889807275621e-02
9.362099561775494294e-02
2.338862813919131423e-01
3.526375491169169152e-01
4.378563317706440916e-01
4.832401646860102762e-01
4.830800501375360767e-01
4.350791938514280144e-01
3.427019650699716369e-01
2.160154510212775048e-01
6.461267866690345585e-02
-9.619559173103309213e-02
-2.500025434289881998e-01
-3.816601445862241038e-01
-4.785180193055775799e-01
-5.290786180410198547e-01
-5.269234345256088581e-01
-4.744687336608552908e-01
-3.747399545898308926e-01
-2.357175849413544189e-01
-6.999598425545539016e-02
1.047605603682242315e-01
2.725036735653725284e-01
4.146239087579639548e-01
5.165260373499342972e-01
5.702517436003819995e-01
5.686365527128429687e-01
5.095301310809214890e-01
3.973359683670354414e-01
2.441485343920299922e-01
6.211851178195115786e-02
-1.301182249769758936e-01
-3.131810568843439446e-01
-4.684242182903198826e-01
-5.803021383166493408e-01
-6.353028915083880346e-01
-6.259405432478555298e-01
-5.554871324334541560e-01
-4.283990766019113439e-01
-2.556835825900721781e-01
-5.301583111598717757e-02
1.579717365129083007e-01
3.572194999690114781e-01
5.222344726797656378e-01
6.354794646147450266e-01
6.873212253242306780e-01
6.703831242065303453e-01
5.844756768492769261e-01
4.363559145352955415e-01
2.425643433173465535e-01
1.947941085965232411e-02
-2.096044662833561611e-01
-4.210652500999957359e-01
-5.928087800084609338e-01
-7.070157020807408266e-01
-7.495200129068355643e-01
-7.133364382765308154e-01
-6.050432886812087130e-01
-4.328291038879962249e-01
-2.134944344512533787e-01
3.190951139367936840e-02
2.766843811282351240e-01
4.967508845976531529e-01
6.673108089855996905e-01
7.695956890360344804e-01
7.950864137782551744e-01
7.386735081268596126e-01
6.050322157579381965e-01
4.060052319880864680e-01
1.644876901294305416e-01
-9.797436256543090582e-02
-3.537060857200693409e-01
-5.758421319004771721e-01
-7.415161083394758990e-01
-8.329244124669885618e-01
-8.392413485699899978e-01
-7.573480771695740854e-01
-5.980727820145417262e-01
-3.744855268607883980e-01
-1.099793628716921878e-01
1.693145755915501649e-01
4.332012153174058522e-01
6.550525216209341917e-01
8.096778656946912456e-01
8.793103550605385621e-01
8.595002287076425329e-01
7.494568502692822154e-01
5.598039523920426142e-01
3.079191890670669451e-01
2.223875624535764928e-02
-2.700903519429052047e-01
-5.367941786345102884e-01
-7.494349351102852497e-01
-8.869286257334890733e-01
-9.334721289389398269e-01
-8.833448896020824614e-01
-7.392422927514820108e-01
-5.185309007397922443e-01
-2.403446319368806039e-01
6.446774848786152035e-02
3.643026690451902638e-01
6.273183918610369947e-01
8.264729195209457036e-01
9.395416654733643735e-01
9.527921046592215948e-01
8.684760662128150344e-01
6.924494367396343275e-01
4.430562302607108371e-01
1.444176407473498625e-01
-1.696899893694474581e-01
-4.681284665823410851e-01
-7.175908536687549688e-01
-8.915076022308645598e-01
-9.748757041080806651e-01
-9.567726003882085495e-01
-8.386682934455913507e-01
-6.308989231560258037e-01
-3.581095646551932798e-01
-4.534453292879214725e-02
2.731139551466013060e-01
5.639025046024142007e-01
7.964139977275015436e-01
9.461353940716152877e-01
9.965694544674699173e-01
9.401244908072508011e-01
7.871010219708631794e-01
5.506526843431842622e-01
2.558599159437784376e-01
-6.808737510170526086e-02
-3.851562911983988924e-01
-6.631731823585145236e-01
-8.712178633452791754e-01
-9.863007488159903913e-01
-1.000000000000000000e+00
-9.086150696400612237e-01
-7.221909620680113662e-01
-4.584036423398206717e-01
-1.483120123789116729e-01
1.784906500106457905e-01
4.863476926335619233e-01
7.421722653657769619e-01
9.197882908070105223e-01
1.000000000000000000e+00
9.749732303406875022e-01
8.452515856236078040e-01
6.277941991141409162e-01
3.420795822396662800e-01
2.074255986273421115e-02
-3.025676064444091651e-01
-5.932111950904501718e-01
-8.213625622637872326e-01
-9.621529957348393669e-01
-9.994467006772020934e-01
-9.339329183550219016e-01
-7.702140144503245578e-01
-5.264102462041164721e-01
-2.266873280679883029e-01
9.438544923746183812e-02
4.046953030737632240e-01
6.696516048897662721e-01
8.613143260299391812e-01
9.634545745671274641e-01
9.638773799864055469e-01
8.631219163477983347e-01
6.705911911218369603e-01
4.102729898818586740e-01
1.065862194796871609e-01
-2.067082267807972551e-01
-4.965878166245617509e-01
-7.327405018645847257e-01
-8.906458740101229621e-01
-9.536960714858205845e-01
-9.138341839210297746e-01
-7.805265694896176276e-01
-5.658105592246129856e-01
-2.932830719073485914e-01
9.451191419973303809e-03
3.083538735626574212e-01
5.729606416826238391e-01
7.740205620691287258e-01
8.896880344683422148e-01
9.121571593147610457e-01
8.376824529568658306e-01
6.752704152903186152e-01
4.410304610886586207e-01
1.633756173854201688e-01
-1.308288466485229007e-01
-4.092965526202587689e-01
-6.419915246841616518e-01
-8.056671260708410109e-01
-8.831522703709823174e-01
-8.675378265432818203e-01
-7.593832652072030065e-01
-5.739732712824270333e-01
-3.284022412840426064e-01
-5.130122181221308253e-02
2.277454302919676987e-01
4.789619431826976914e-01
6.767661068394066337e-01
8.000555090475021114e-01
8.353031903309544592e-01
7.840248557183304712e-01
6.504407233679843081e-01
4.498960935645472947e-01
2.030419469916342479e-01
-6.103655593144430291e-02
-3.156626694167401492e-01
-5.324030731493634150e-01
-6.885446487445716635e-01
-7.720341352202222396e-01
-7.734083276621043224e-01
-6.934390653829319850e-01
-5.403897607511929380e-01
-3.342010565727596694e-01
-9.454740507604297850e-02
1.516227660041158387e-01
3.778839849858686151e-01
5.609936988575985328e-01
6.822973997112558031e-01
7.296974669519267209e-01
6.977526756146219533e-01
5.945769642356784068e-01
4.298015165674806681e-01
2.222382353898573193e-01
-6.314381991928352811e-03
-2.302878943903795550e-01
-4.269559607884915176e-01
-5.746305695751521281e-01
-6.575863538966435495e-01
-6.718059024180248473e-01
-6.153259540278916973e-01
-4.951537047237106748e-01
-3.239324857972560867e-01
-1.229629192774909230e-01
8.794246600289112870e-02
2.851474348702276451e-01
4.473619075619188479e-01
5.596987968516007328e-01
6.106441876667332291e-01
5.957878545251242830e-01
5.166634862323360444e-01
3.852813533295402770e-01
2.139674711368064752e-01
2.303982391706793642e-02
-1.663833111051005176e-01
-3.344297685458640368e-01
-4.642450447513866152e-01
-5.420411930894171171e-01
-5.596076731885841760e-01
-5.201045761347126151e-01
-4.273744401254194747e-01
-2.919251815200799571e-01
-1.283641956172439924e-01
4.367226294905113271e-02
2.067890961786498227e-01
3.426589138313973493e-01
4.372289175510770676e-01
4.850108330975486659e-01
4.809530674345354750e-01
4.260375242259715201e-01
3.267790687551652695e-01
1.968062062570876680e-01
4.851499337009412827e-02
-1.013885402576145678e-01
-2.362621562245449391e-01
-3.428589804609550873e-01
-4.107910759364044040e-01
-4.336741271958006738e-01
-4.094100695757042496e-01
-3.441521877283010289e-01
-2.440666556535744380e-01
-1.208575864268263134e-01
1.176301915606070558e-02
1.392383316310854546e-01
2.488453913871406797e-01
3.281772568045786542e-01
3.689682048508435841e-01
3.712748473306046737e-01
3.349102655450852950e-01
2.638570260500416875e-01
1.661324476848198284e-01
5.420607952730915891e-02
-6.083606706012678611e-02
-1.656157578659104290e-01
-2.488244217294753868e-01
-3.044787826577846079e-01
-3.271694780330954844e-01
-3.147760194724255056e-01
-2.693411451150481417e-01
-1.984250619499123847e-01
-1.084882101631792217e-01
-9.997758929384370497e-03
8.555237925556369305e-02
1.685407651207884161e-01
2.310685094617506152e-01
2.661046510906195373e-01
2.701265702673392166e-01
2.464146946777396874e-01
1.973132228789709064e-01
1.285586078877720695e-01
4.848297498755083090e-02
-3.346779862400128813e-02
-1.091602385742790338e-01
-1.695467380724208217e-01
-2.084155616960615687e-01
-2.252888519464862904e-01
-2.186192143404630528e-01
-1.888766205058659553e-01
-1.402672424549170627e-01
-8.022493137587904943e-02
-1.427641833173654007e-02
5.000371003067693998e-02
1.052432704301220490e-01
1.475460377294588454e-01
1.730623220613611846e-01
1.787567837092649548e-01
1.647219179680126100e-01
1.349272426004113345e-01
9.197651165219888902e-02
4.073181826609029166e-02
-1.241096274948061406e-02
-6.190100545996501946e-02
-1.031641900943948142e-01
-1.311304650522147064e-01
-1.431224999115975338e-01
-1.408714373449385659e-01
-1.245657184123435401e-01
-9.560508775207021692e-02
-5.798381031590349455e-02
-1.664138605981702046e-02
2.462626447701277144e-02
6.051059233853495201e-02
8.698156095229747642e-02
1.036625427178055059e-01
1.090880979255044458e-01
1.018755832184179422e-01
8.346632045059965144e-02
5.760070767784464252e-02
2.641969009586131456e-02
-6.504237943807389399e-03
-3.700493430783846627e-02
-6.290827649671082433e-02
-8.199016780386125802e-02
-9.103905672845014063e-02
-8.932249433222694268e-02
-7.935982553213449808e-02
-6.184703265335345090e-02
-3.873652181236131309e-02
-1.368381628600356947e-02
1.045335568638350310e-02
3.169024926958363686e-02
4.741569414482249556e-02
5.614578576499851259e-02
5.873128541758720900e-02
5.483784940533165120e-02
4.446749947537709247e-02
2.981024709427027020e-02
1.390427705520647095e-02
-2.074448163784547994e-03
-1.657731914963478381e-02
-2.794960422365233566e-02
-3.635889135377812220e-02
-4.095539158666927637e-02
-4.051940350047700257e-02
-3.570114988478145790e-02
-2.814518148358768901e-02
-1.838793170634478447e-02
-7.468764422076779042e-03
3.080185124142653663e-03
1.241721966970121827e-02
1.973382840171211683e-02
2.399246160067769473e-02
2.503177903573972074e-02
2.372289817004458179e-02
2.009723995870005275e-02
1.435792280719927483e-02
7.521998853708300459e-03
5.527526036659402564e-04
-6.002690459064208284e-03
-1.143085231432339199e-02
-1.526743130844721019e-02
-1.773980445998579736e-02
-1.859996734001201357e-02
-1.753588745510348268e-02
-1.495236541253408546e-02
-1.155616890488531112e-02
-7.595730484469043198e-03
-3.401880602028506395e-03
5.510307346272558249e-04
4.078304403099419773e-03
6.836883523150705244e-03
8.189221902139776077e-03
8.018640931929610360e-03
6.734899419848616731e-03
4.432053960794934966e-03
1.496524192224457650e-03
-1.517617905956947233e-03
-4.313253819771656339e-03
-6.635611659106088744e-03
-8.172929066571077428e-03
-8.773788301285834201e-03
-8.525124080028478879e-03
-7.464376564815689008e-03
-5.846645280662587929e-03
-4.113007620246023066e-03
-2.720776966553706266e-03
-1.759523332662604744e-03
-1.171390594911003724e-03
-9.567192198300933370e-04
-8.985348891277222805e-04
-1.016338142277306567e-03
-1.360761369529450704e-03
-1.745559031971710695e-03
-2.007353533491684772e-03
-2.126935223583426016e-03
-2.125093505152331197e-03
-2.035661587186932131e-03
-1.972458299964507944e-03
-1.918620912570001558e-03
-1.823416536328337223e-03
-1.734349620788777635e-03
-1.684314602533709682e-03
-1.675582526249441706e-03
-1.710255553480699575e-03
-1.772711561850992545e-03
-1.824726428769629649e-03
-1.870910258624070011e-03
-1.926425826253130857e-03
-1.982703433626720191e-03
-2.040255069809870925e-03
-2.096444100196381832e-03
-2.142650608439322646e-03
-2.180217980683130108e-03
-2.215752305537055378e-03
-2.248214098335310496e-03
-2.278000883153885603e-03
-2.305510184068992885e-03
-2.331139525156844527e-03
-2.355286430493541694e-03
-2.378348424155296570e-03
