7.771510031905215499e-02
3.108548047957082616e-02
-1.147762936234864029e-02
-4.906883478015333644e-02
-8.078274134729035438e-02
-1.057139546372070082e-01
-1.229570802233506122e-01
-1.316067236791688133e-01
-1.272465393772422848e-01
-1.102183314244447043e-01
-8.118291050662418407e-02
-4.199276749430347344e-02
4.051164089041048300e-03
5.261656629228039783e-02
9.918697049354574524e-02
1.373803963203776846e-01
1.628250660552998941e-01
1.741200666866744573e-01
1.690117423945591835e-01
1.456659177325863030e-01
1.056908687692055260e-01
5.369925868084379772e-02
-6.809242247746150056e-03
-6.991923672056921113e-02
-1.287126416489694503e-01
-1.768582119242605444e-01
-2.092663100329769099e-01
-2.203770914325854369e-01
-2.077139671806300658e-01
-1.739429904032028240e-01
-1.209454003642337350e-01
-5.228550254668107300e-02
2.562508880661962252e-02
1.039641504787771620e-01
1.752462055922840989e-01
2.303290912283160186e-01
2.624425016804325939e-01
2.691111711858762412e-01
2.482120799171652070e-01
1.999297344626431716e-01
1.281636949695839078e-01
4.110265407329571907e-02
-5.417324813590307375e-02
-1.473644176998539779e-01
-2.278673752672711883e-01
-2.867829312506731121e-01
-3.174133759176223091e-01
-3.143555663012830292e-01
-2.760686011230280013e-01
-2.076698514776796900e-01
-1.141595962040994339e-01
-4.877580874276143952e-03
1.088663530265374657e-01
2.143879508935679912e-01
3.008421732053745412e-01
3.570758384068568603e-01
3.758060805283602868e-01
3.563482180716783798e-01
2.987688615944008586e-01
2.075447174529907457e-01
9.118788761590779224e-02
-3.663686716215452943e-02
-1.640400516811492126e-01
-2.764479916982585106e-01
-3.610773456701137363e-01
-4.095411168686199366e-01
-4.153801147296998231e-01
-3.763273018786220669e-01
-2.948564572034723108e-01
-1.802376817157915756e-01
-4.192298756381485081e-02
1.048730218023514738e-01
2.444401589476392633e-01
3.614381935835029314e-01
4.432515823084628437e-01
4.790628767710993774e-01
4.631206312654470025e-01
3.989835375017718455e-01
2.910413790330375061e-01
1.493872237692841498e-01
-1.239484056914919030e-02
-1.759181313320072881e-01
-3.246283579427182708e-01
-4.405833151393463432e-01
-5.103633811773329310e-01
-5.280000739857089176e-01
-4.894770574546550845e-01
-3.973868689105174434e-01
-2.597158240502177584e-01
-9.257704197207661245e-02
8.886314994886057583e-02
2.644938272331525120e-01
4.148853443797886342e-01
5.235557148000860028e-01
5.781679102439372109e-01
5.715103903403964125e-01
5.019722664093924092e-01
3.783169501768710585e-01
2.106765899105820239e-01
1.767577859010716068e-02
-1.805272471157356451e-01
-3.619620971481174454e-01
-5.076329417362908103e-01
-6.000987197042191301e-01
-6.278110680828690171e-01
-5.898058218743356118e-01
-4.875366250345870567e-01
-3.310832267331198508e-01
-1.353719454075594797e-01
7.682954990401036355e-02
2.845901173607732204e-01
4.640028743985018522e-01
5.952720386813787901e-01
6.658850278863130967e-01
6.664371109611209043e-01
5.957973336440425260e-01
4.594802242137261405e-01
2.736750224598416548e-01
5.508830179740531463e-02
-1.717954594845546579e-01
-3.827723575349455398e-01
-5.547774397671307867e-01
-6.691363402748639055e-01
-7.121224611498677692e-01
-6.768830911776414494e-01
-5.700308242735379061e-01
-4.002035192499564520e-01
-1.851235446463105339e-01
5.393516100993589468e-02
2.897594706226345185e-01
4.980216998701334497e-01
6.545338764831740708e-01
7.413186371965352350e-01
7.513129345849463014e-01
6.810160717609325953e-01
5.374515877063976710e-01
3.338598848092482196e-01
9.426768929394691021e-02
-1.585275702352562099e-01
-3.964605788040428402e-01
-5.933977655252511418e-01
-7.283143239445666328e-01
-7.859365441045043088e-01
-7.598595973019539596e-01
-6.504871343337398359e-01
-4.715315976975468226e-01
-2.387744884384980226e-01
2.106697455585448964e-02
2.805661085398474253e-01
5.113096402991557099e-01
6.890142257138209825e-01
7.934061829473542105e-01
8.116163416133361785e-01
7.448102265729454885e-01
5.974894167210345053e-01
3.855769074034522959e-01
1.299275670446433661e-01
-1.397917114095709179e-01
-3.962399880878003655e-01
-6.100748324787570454e-01
-7.579361381220428573e-01
-8.267092685826971099e-01
-8.070259897028830842e-01
-7.008079629896322160e-01
-5.175264971249725621e-01
-2.793509583461971646e-01
-8.660555727007301918e-03
2.641150940554881643e-01
5.097677101034543412e-01
7.019971571270775534e-01
8.200344933800218783e-01
8.510761340213148785e-01
7.898833498867636749e-01
6.463426000001946115e-01
4.329586445903479408e-01
1.734413195130739549e-01
-1.057996799407669997e-01
-3.735107617951393122e-01
-6.020039120455766835e-01
-7.655506005381855772e-01
-8.456444970107503956e-01
-8.371495941940813035e-01
-7.388590707140358926e-01
-5.617733362027648170e-01
-3.230086788035542167e-01
-5.075462518553119917e-02
2.281594640844000210e-01
4.824657965555205763e-01
6.845839461465710318e-01
8.143682569484991252e-01
8.571224832851433995e-01
8.088148344979710913e-01
6.728120849506433743e-01
4.666643515008555010e-01
2.094542218610639939e-01
-6.921103541918560698e-02
-3.396568973356841603e-01
-5.727539982532678930e-01
-7.441063195808812480e-01
-8.351241863534449861e-01
-8.348317495450591208e-01
-7.474721649409094004e-01
-5.803501732674090086e-01
-3.521938370466318746e-01
-8.608917959329220881e-02
1.871925107134533306e-01
4.398042542067204241e-01
6.435726068460112526e-01
7.765623106852166391e-01
8.283703215302014033e-01
7.921342860384248397e-01
6.725423281222859817e-01
4.812719172432586845e-01
2.418711041728152100e-01
-2.257845973009542373e-02
-2.824684038765227223e-01
-5.098411869121510787e-01
-6.812254133673115719e-01
-7.785470976988150271e-01
-7.927049044877630957e-01
-7.212805200629568425e-01
-5.750873257322278720e-01
-3.673426799194589032e-01
-1.222973014489590060e-01
1.343346139461967237e-01
3.746362672457761445e-01
5.740222713632487928e-01
7.107545965412753741e-01
7.698683260601251188e-01
7.494947147200059501e-01
6.505924734558996558e-01
4.847020726358215459e-01
2.684891208865050061e-01
2.734109156539932250e-02
-2.144730385130901862e-01
-4.296288533375353103e-01
-5.955733215633585154e-01
-6.980076449862659960e-01
-7.257077162395803027e-01
-6.768177595806244007e-01
-5.562147931346113072e-01
-3.801829956495508256e-01
-1.653916228039528091e-01
6.393977772798709047e-02
2.834433250916255087e-01
4.702080496414131616e-01
6.052638908782388416e-01
6.743617990699484199e-01
6.696311760576367789e-01
5.965486603865683968e-01
4.620862738961415417e-01
2.816969490460288217e-01
7.423906611255515209e-02
-1.366879164088020682e-01
-3.297596390015546941e-01
-4.839239246196218591e-01
-5.830672754670209734e-01
-6.207190045660844202e-01
-5.927925235349251754e-01
-5.037253665832289728e-01
-3.632547643913628388e-01
-1.895944968179340551e-01
6.203415411996093809e-04
1.868563849972073587e-01
3.492211540824876614e-01
4.723699226191828693e-01
5.443119534595513009e-01
5.591208610205427032e-01
5.157096338482143327e-01
4.219436946743495565e-01
2.866528722126508999e-01
1.257869842180696640e-01
-4.344011052834872988e-02
-2.033539939463321344e-01
-3.383250513688507155e-01
-4.343197350663132728e-01
-4.818629369612188462e-01
-4.806850504956229342e-01
-4.311165860563389574e-01
-3.391047803448196118e-01
-2.145187221922056908e-01
-7.219402258016682783e-02
7.382434434493490016e-02
2.073298361137516643e-01
3.150216192942303373e-01
3.893693250144658613e-01
4.233864001866656235e-01
4.143269852239654938e-01
3.640657654163899082e-01
2.807999290247809032e-01
1.722390469260173251e-01
5.077748483955124570e-02
-7.037136055597426054e-02
-1.797882773619740027e-01
-2.676327599232355414e-01
-3.255698868234745413e-01
-3.486335314516711970e-01
-3.388869413608769365e-01
-2.979334294154314389e-01
-2.302300598513851160e-01
-1.433497926310762782e-01
-4.731700342904077150e-02
4.903147750284198025e-02
1.358964111760463389e-01
2.055992058787792232e-01
2.553726109871197192e-01
2.812580963133852752e-01
2.808688095179348032e-01
2.555917627039414608e-01
2.103187368536649782e-01
1.488326723172692656e-01
7.674933655405946631e-02
1.198753379160866217e-03
-7.169766401417598800e-02
-1.364092873415857499e-01
-1.869317251837904204e-01
-2.193798151493010495e-01
-2.341285310814573695e-01
-2.302348183971675288e-01
-2.065639518704058819e-01
-1.653273775589961803e-01
-1.111698379007911575e-01
-4.811344541238915529e-02
1.825960063262654920e-02
8.255214016376388741e-02
1.412965732348174797e-01
1.899668356917272316e-01
2.229547485999274770e-01
2.377023109627676156e-01
2.349112350969628782e-01
2.139820766135109853e-01
1.742124024072804200e-01
1.184967760041135687e-01
5.214460302216883392e-02
-2.051145197798054376e-02
-9.353842239699183825e-02
-1.609761209269615634e-01
-2.180264791229732380e-01
-2.592093180850828515e-01
-2.776674207621200319e-01
-2.705735915959155413e-01
-2.395097731056265999e-01
-1.854326140348111496e-01
-1.106965599099007935e-01
-2.107075330782637312e-02
7.470736551929535452e-02
1.687692714143604888e-01
2.506090994979066622e-01
3.114265015034067829e-01
3.454999215669980472e-01
3.479755198590854803e-01
3.155036030891911203e-01
2.492879595686512406e-01
1.561601199991531352e-01
4.259676066997841737e-02
-8.040385029162133712e-02
-2.004000039567537250e-01
-3.046821362602437633e-01
-3.826636854617424532e-01
-4.239221139151975182e-01
-4.223202546891946518e-01
-3.787526601777362334e-01
-2.949485094284235442e-01
-1.771811407463178556e-01
-3.582553179157033085e-02
1.136568594039089053e-01
2.574504101676591272e-01
3.791042620722400169e-01
4.651639287908313491e-01
5.073731278342297202e-01
4.992282738891702376e-01
4.390895826758423048e-01
3.309159190405459583e-01
1.862002310280719275e-01
1.670025246407891295e-02
-1.595435800307404284e-01
-3.242017002109224277e-01
-4.593830391476151354e-01
-5.505043886564959799e-01
-5.855002030304377048e-01
-5.581358056308924898e-01
-4.727028611553901749e-01
-3.349952969316963847e-01
-1.578201291214740287e-01
4.225803853050447145e-02
2.430468279429012224e-01
4.244506797347440408e-01
5.650339084218676255e-01
6.486214802271825786e-01
6.674885811130890634e-01
6.168361086550968597e-01
5.001705937797875645e-01
3.271866628083417439e-01
1.174086462522969665e-01
-1.102878481670601651e-01
-3.310805860501515596e-01
-5.211771136928621262e-01
-6.598547840945525600e-01
-7.314384217141280953e-01
-7.266521800932302932e-01
-6.430108410746546710e-01
-4.907539475324924627e-01
-2.822777752344992619e-01
-4.022596522493382398e-02
2.108479917070089638e-01
4.433342643195483657e-01
6.331329878185885107e-01
7.580948199246257957e-01
8.030244549911513818e-01
7.650514396716934229e-01
6.450211867192134907e-01
4.549080091379540391e-01
2.124462422609108003e-01
-5.455822654660047455e-02
-3.200778423532849581e-01
-5.541643425130475809e-01
-7.313474542639346598e-01
-8.340285859718332695e-01
-8.492058683432843758e-01
-7.743170641883158067e-01
-6.146345702260305188e-01
-3.888561679340883925e-01
-1.171360736291108262e-01
1.703262898341968423e-01
4.435382206573317276e-01
6.728261628552376639e-01
8.336828848170836359e-01
9.075478155988512263e-01
8.840738962098344533e-01
7.688087190187671283e-01
5.706652066499837694e-01
3.105307631619611541e-01
1.369580940480341624e-02
-2.863864398573172654e-01
-5.591726093612161552e-01
-7.736503645747413449e-01
-9.059349751007340634e-01
-9.443661016139812681e-01
-8.822279910472524689e-01
-7.259846887166345741e-01
-4.896782724198187609e-01
-2.011269902351031647e-01
1.123194721380120775e-01
4.159449881375811842e-01
6.771317019523257486e-01
8.680579468141713662e-01
9.676703248932965185e-01
9.653676310336600785e-01
8.587908284837655337e-01
6.617412400068214406e-01
3.913769411891123706e-01
7.874515863685260797e-02
-2.437507062981519868e-01
-5.408561515807805975e-01
-7.817432171259717233e-01
-9.395676881500736322e-01
-9.959606743429757492e-01
-9.484063920120706648e-01
-7.991447257038667429e-01
-5.647460480971051577e-01
-2.679407099527106872e-01
5.689421630145341524e-02
3.771975206343427534e-01
6.568072840610819085e-01
8.659087822766902143e-01
9.851414064096266632e-01
1.000000000000000000e+00
9.092317459975516325e-01
7.205316418430427472e-01
4.572047365999092339e-01
1.438794788521886581e-01
-1.841698420336256303e-01
-4.924342509881058927e-01
-7.478555804106171712e-01
-9.233643062491072584e-01
-1.000000000000000000e+00
-9.676754880856770491e-01
-8.343468107851238491e-01
-6.115667942666664914e-01
-3.240194523586364950e-01
-4.832484946147852511e-04
3.224136355032898305e-01
6.115427183452677440e-01
8.347673831246236187e-01
9.675894602437644654e-01
9.994944471196507418e-01
9.251529733774646047e-01
7.536469290224496742e-01
5.014243395935051861e-01
1.987941424963941550e-01
-1.248856595823504279e-01
-4.338909698862669639e-01
-6.950305135537456769e-01
-8.813544088516651609e-01
-9.728235749966166468e-01
-9.609682354194124532e-01
-8.453312658562985860e-01
-6.417982956967844821e-01
-3.691091243777152586e-01
-5.907033229619251813e-02
2.556721411616149631e-01
5.409908484680814311e-01
7.673658051414096182e-01
9.104198312970661622e-01
9.539939537828192595e-01
8.980627064906259172e-01
7.467341231115471878e-01
5.176475685777555125e-01
2.338752069985374771e-01
-7.139446948984895513e-02
-3.672033878023102105e-01
-6.204615777180048086e-01
-8.043091788967600131e-01
-9.029913255129046190e-01
-9.049303474090230059e-01
-8.111720457903479620e-01
-6.307398746836574421e-01
-3.865504655284501823e-01
-1.020478550095739179e-01
1.906454855212553756e-01
4.604359871171967988e-01
6.790623397704944608e-01
8.237447359858871554e-01
8.799114652864439279e-01
8.406744229970939397e-01
7.151010497846987946e-01
5.148583025918511691e-01
2.628126422348551205e-01
-1.506949631697329650e-02
-2.875273893090345423e-01
-5.266093246776906156e-01
-7.061857949171616022e-01
-8.069118835481575713e-01
-8.224958077675545987e-01
-7.503209158801829037e-01
-5.996331984292762041e-01
-3.857192295219263878e-01
-1.346671675431704296e-01
1.287205476078245869e-01
3.752751339311031220e-01
5.785153180957132157e-01
7.186645435278418148e-01
7.810159746271345682e-01
7.604928322179547173e-01
6.586311333177530258e-01
4.900139632308999627e-01
2.706586258267764666e-01
2.636689951868009807e-02
-2.165967198610437849e-01
-4.323722510592662438e-01
-5.989162694707259593e-01
-6.988193648716748418e-01
-7.212328181069450617e-01
-6.687017687119075626e-01
-5.460518250884953684e-01
-3.677588033331816719e-01
-1.524968435180593662e-01
7.431869245976785443e-02
2.895894885437604316e-01
4.694522516690771141e-01
5.950755489753269956e-01
6.573544456100695044e-01
6.493960629656503336e-01
5.733306050440512003e-01
4.373863000002820023e-01
2.594308254371853195e-01
5.679539922248877382e-02
-1.476240617488752127e-01
-3.316894159032552913e-01
-4.767978299449818769e-01
-5.682619583815756714e-01
-5.976832011504920050e-01
-5.619766572000453042e-01
-4.687583682022816722e-01
-3.268880064489603221e-01
-1.531764416328345035e-01
3.371653904447891037e-02
2.132220238228310638e-01
3.671372447569052344e-01
4.787276681889558461e-01
5.362863231502874584e-01
5.381151835831801122e-01
4.838370850894246900e-01
3.802007272429588358e-01
2.382912519413797892e-01
7.559595703033172853e-02
-9.152741279813481068e-02
-2.441142280963571887e-01
-3.659958469570153694e-01
-4.470469337168969659e-01
-4.790228067730954997e-01
-4.594660615644992063e-01
-3.908537226156495459e-01
-2.836590068151016997e-01
-1.481678141688381745e-01
-3.884369500846140966e-04
1.431894813113281373e-01
2.677215064760936070e-01
3.608155714623313415e-01
4.127934206440440068e-01
4.183118889568668841e-01
3.810048314962242166e-01
3.047228978186578008e-01
1.983083948121344697e-01
7.353065363376276586e-02
-5.476598070505878102e-02
-1.735647502978596712e-01
-2.695157253308511081e-01
-3.327019968922150239e-01
-3.602550336188844460e-01
-3.494068650680264287e-01
-3.018470936157147122e-01
-2.233840571855978396e-01
-1.248158694828064297e-01
-1.561774066535870364e-02
9.189981442649131083e-02
1.857224996155102392e-01
2.572327618455303444e-01
2.996491493941109141e-01
3.093279623639453302e-01
2.858432404657658132e-01
2.343862905531668428e-01
1.598392888646726906e-01
7.112300603139765087e-02
-2.158212052413843729e-02
-1.084082803363694003e-01
-1.808217365943748378e-01
-2.306549216709468109e-01
-2.529084806982827560e-01
-2.489500793025359870e-01
-2.193652619242641988e-01
-1.672112701114567557e-01
-9.852868948895898704e-02
-2.200380218078834549e-02
5.471125771813523109e-02
1.224864578794442327e-01
1.741702911508775653e-01
2.070165983362075579e-01
2.179278904535886241e-01
2.057743992390757004e-01
1.726287092701672687e-01
1.240582883949885584e-01
6.440065957643437144e-02
4.440175993125627940e-04
-6.019266755585617190e-02
-1.116867334642019927e-01
-1.493598745699449282e-01
-1.688822038564204986e-01
-1.684084958251952369e-01
-1.506848427099906074e-01
-1.174347296019014886e-01
-7.269529940501184839e-02
-2.225323105868615148e-02
2.813592096862205238e-02
7.356878914033693206e-02
1.083805236245218850e-01
1.290053399038779691e-01
1.360183844860358704e-01
1.288525213026530114e-01
1.079901628976440708e-01
7.660082310792604154e-02
3.961090572752845596e-02
3.472185143431616439e-04
-3.648459518495339449e-02
-6.659603498615718209e-02
-8.874874481626160438e-02
-1.010038942918006777e-01
-1.014806623380218875e-01
-9.079834216214699438e-02
-7.191630138289928365e-02
-4.638227110578185819e-02
-1.700590237499433055e-02
1.234607371981510937e-02
3.892254215925317062e-02
6.044699210504633768e-02
7.411123019988341554e-02
7.885396651656972900e-02
7.634024687307472412e-02
6.667560699776076127e-02
5.048981314471090442e-02
3.030428208330415707e-02
8.798087901627837937e-03
-1.223670917358543608e-02
-3.014177524780836670e-02
-4.301298183349244741e-02
-5.107071057032575023e-02
-5.353795241842984609e-02
-4.955077784826356080e-02
-4.014914540276681709e-02
-2.749942902688973234e-02
-1.257665257122486668e-02
3.032748525178874388e-03
1.735781936177716034e-02
2.950519190320965990e-02
3.836161550336236736e-02
4.221913001457866521e-02
4.089341618701958225e-02
3.585306966962287234e-02
2.743902158982769457e-02
1.673112522665021196e-02
5.600461231216824487e-03
-4.723419750863544486e-03
-1.336746911234520940e-02
-1.930168884764760229e-02
-2.204941447897512674e-02
-2.209749230658397678e-02
-1.940825577576876793e-02
-1.420952861196256301e-02
-7.668242247423240343e-03
-1.227984445086760523e-03
4.637773445764548086e-03
9.439869955726321038e-03
1.269278963545406036e-02
1.481915488142226955e-02
1.556204562972429706e-02
1.454245575016677172e-02
1.222150900888152592e-02
9.236776168803695342e-03
5.826326262631464914e-03
2.436602647685193190e-03
-4.516126131466347005e-04
-2.712721768535653055e-03
-4.142422432516279507e-03
-4.592482584298673842e-03
-4.238369828653665294e-03
-3.478251586219505143e-03
-2.357652399428311618e-03
-9.327584587327519827e-04
5.248872086633937784e-04
1.855613844103487509e-03
2.956817504786046769e-03
3.781452011935027002e-03
4.389445892572840791e-03
4.938555201438932230e-03
5.359902713301556432e-03
5.443367540572063845e-03
5.192031502195604276e-03
4.695134458631677887e-03
3.996012736875664828e-03
3.218601022680678270e-03
2.442288725738483990e-03
1.646674601726960674e-03
9.146840597977767828e-04
3.948328583394111746e-04
1.526258375059708072e-04
2.154740500095453370e-04
5.613079132762432977e-04
1.067899096915292390e-03
1.610311762920924039e-03
2.056455463607331779e-03
2.373024399113132787e-03
2.571622068449741505e-03
2.639599689800320448e-03
2.626927758048847039e-03
2.532204772173640706e-03
2.356388202627401895e-03
2.166260886874438185e-03
2.026390624526364093e-03
1.944985590599523917e-03
1.911826933048921262e-03
1.918603183147737923e-03
1.933665870146317189e-03
1.959220033134645433e-03
1.990361922877381673e-03
2.022187790139851060e-03
2.049793885686934658e-03
2.068276460283735574e-03
2.072731764695134871e-03
