6.901980054270673293e-01
5.831480724967379459e-01
4.354242091218787358e-01
2.596437229039618710e-01
6.842392144445885727e-02
-1.256178876551580226e-01
-3.098643967934168186e-01
-4.716982983688480235e-01
-5.831515817033876559e-01
-6.335012928908623220e-01
-6.160652697032842351e-01
-5.320305554722184471e-01
-3.877918593257878577e-01
-2.003248556311572059e-01
1.321144201586665901e-02
2.287854527126553794e-01
4.231554441215656936e-01
5.747301580891566175e-01
6.664822728012591568e-01
6.871222276047987965e-01
6.318543373144245301e-01
5.086364442512030237e-01
3.276574392549134185e-01
1.083253244558735062e-01
-1.273855889928708907e-01
-3.525943714454320421e-01
-5.436210259322316052e-01
-6.779903156831572630e-01
-7.395281865654781406e-01
-7.233032077677542526e-01
-6.282083720799230830e-01
-4.639839079149841172e-01
-2.458666362195719435e-01
6.460799398186889420e-04
2.514566558653548167e-01
4.781981471933347549e-01
6.555893336505151936e-01
7.645591586768922809e-01
7.917785287009668771e-01
7.338541656957364712e-01
5.941889412068144249e-01
3.896504059831424893e-01
1.388138088367567580e-01
-1.295682632160780612e-01
-3.869177775088408211e-01
-6.046869221427735308e-01
-7.592294823466948506e-01
-8.326758024490699128e-01
-8.147784950864472853e-01
-7.101376658496736383e-01
-5.268990168510567784e-01
-2.851233670945967358e-01
-8.854399782595057111e-03
2.698761372170863648e-01
5.221819319802789572e-01
7.190804077509174164e-01
8.382475165701017694e-01
8.690216814777576015e-01
8.053521934285892137e-01
6.540039041305665268e-01
4.287606298996198273e-01
1.563877011905203673e-01
-1.367448117280832820e-01
-4.174392964073251333e-01
-6.550542629286824070e-01
-8.237570598997928650e-01
-9.042579123167290289e-01
-8.880586438849479292e-01
-7.742616245662636842e-01
-5.772639122093177200e-01
-3.146265008991522283e-01
-1.660081099890475809e-02
2.857565926456400174e-01
5.587078385047263840e-01
7.731672346552964648e-01
9.046873352587860850e-01
9.370868177839721813e-01
8.699082782020188809e-01
7.073167293967212998e-01
4.675148321559843279e-01
1.738900204790800874e-01
-1.394590102662708331e-01
-4.403676998135844789e-01
-6.941708441464646828e-01
-8.728334386234499753e-01
-9.591100457833873216e-01
-9.413817044887154983e-01
-8.219578228037396350e-01
-6.111793529638399614e-01
-3.348320584741535377e-01
-1.941110424973424564e-02
2.992354354727952970e-01
5.868736113881580785e-01
8.120202982159332450e-01
9.498116693574416569e-01
9.850899126571996955e-01
9.114068734917446513e-01
7.401394171393840260e-01
4.864484972336455826e-01
1.796582873013168324e-01
-1.485655853022287420e-01
-4.610206544394542805e-01
-7.247952516140547807e-01
-9.102004984606384408e-01
-9.957684369140841207e-01
-9.753817799395142485e-01
-8.485567174280068681e-01
-6.303168528706234452e-01
-3.420284390720368384e-01
-1.814236497983878760e-02
3.087423347007953733e-01
6.017392297485257835e-01
8.288209525029046620e-01
9.670434901324849175e-01
1.000000000000000000e+00
9.251652037400222017e-01
7.483534982350810161e-01
4.919540386592280434e-01
1.804057127789284731e-01
-1.503356595652468597e-01
-4.651139023866653899e-01
-7.293041364969188312e-01
-9.143412932323469189e-01
-1.000000000000000000e+00
-9.749721242033893009e-01
-8.462065677166670241e-01
-6.248567764484208586e-01
-3.363110064871335236e-01
-9.802169754382639155e-03
3.169564243306735030e-01
6.097883548286768818e-01
8.356357013759094787e-01
9.691744270681612594e-01
9.991880217552109311e-01
9.202541927842080582e-01
7.423926850727446958e-01
4.827372979719699586e-01
1.728915473025791627e-01
-1.564010640140562902e-01
-4.680315967011365874e-01
-7.279989909045347929e-01
-9.088237210979550618e-01
-9.903416211664323177e-01
-9.650981566982516080e-01
-8.337267081751102982e-01
-6.139885966568255915e-01
-3.266009755507637280e-01
-5.517852307279413893e-03
3.150807684470533498e-01
5.997129161972711842e-01
8.181085973935813271e-01
9.464844107938452655e-01
9.695862845138683017e-01
8.892134849765807036e-01
7.117860284013051153e-01
4.583201878519544969e-01
1.545857367410852223e-01
-1.636212180200382615e-01
-4.633010112733100261e-01
-7.105628166589725847e-01
-8.783803900813469401e-01
-9.520577112648337392e-01
-9.220132739666544452e-01
-7.930060844089649175e-01
-5.774253830623574668e-01
-3.022338070115548891e-01
5.422018382944315817e-03
3.103155156926182823e-01
5.794482044559208234e-01
7.841940056928973224e-01
9.023425539276170859e-01
9.227008295585639175e-01
8.417646945022636551e-01
6.718516106597656190e-01
4.286786080366919993e-01
1.413254348115764447e-01
-1.598614775109179487e-01
-4.412594079759960541e-01
-6.732967480113498659e-01
-8.304445278219525495e-01
-8.949486248060304350e-01
-8.641787807967604707e-01
-7.397573976268940754e-01
-5.368837648663240536e-01
-2.760237157645659689e-01
1.178220963643639152e-02
2.968424167703151983e-01
5.464875515574159071e-01
7.338221726420524060e-01
8.416178151685351772e-01
8.572748985796418975e-01
7.805918723677598425e-01
6.187731928585598062e-01
3.930769587898346185e-01
1.255297550818676999e-01
-1.530841876199565688e-01
-4.128179729318742774e-01
-6.257595423034445492e-01
-7.692861834580682068e-01
-8.283979062499287060e-01
-7.955524143531611525e-01
-6.790096615539089608e-01
-4.897713141657353830e-01
-2.503043110637729329e-01
1.420651977932219090e-02
2.734074134749580054e-01
5.002269266582095586e-01
6.696601309760012999e-01
7.630900737642891674e-01
7.743406383349882294e-01
7.012346829508127044e-01
5.536396213922585297e-01
3.469031743449393357e-01
1.068832890114763678e-01
-1.422862903604927842e-01
-3.727655340171421861e-01
-5.594086418712994613e-01
-6.839101324583769514e-01
-7.328249722743294114e-01
-7.026926476191086568e-01
-5.961752061476229825e-01
-4.281769169951392673e-01
-2.150038826145900250e-01
1.823833702345067920e-02
2.464612109341453028e-01
4.450074239973422774e-01
5.931318057210497319e-01
6.752664957025080739e-01
6.821473699996352114e-01
6.176235563395351402e-01
4.877110690523298597e-01
3.077541333686095726e-01
9.650209286228217387e-02
-1.213585899479215913e-01
-3.232718799383876851e-01
-4.866747573101182223e-01
-5.940900979402432558e-01
-6.376414696322397768e-01
-6.122573416747021380e-01
-5.221801724151389212e-01
-3.768940861403592413e-01
-1.951954452983638566e-01
4.910747595949560562e-03
2.008880524624543362e-01
3.713539480242142865e-01
4.990380122274202801e-01
5.707712174022494533e-01
5.802752447982459927e-01
5.262932223814038579e-01
4.178381004980107338e-01
2.652976169869385448e-01
8.734680910046033198e-02
-9.651590938059972924e-02
-2.663152477932015927e-01
-4.046412604520289724e-01
-4.966895948357790136e-01
-5.326114218521424970e-01
-5.126324668829483899e-01
-4.385669965214892274e-01
-3.195869275353465655e-01
-1.684632578392893931e-01
-3.577830349030142187e-03
1.581779722958114309e-01
2.984621203492741071e-01
4.025791038316459680e-01
4.628758108458128628e-01
4.729513444272548384e-01
4.327878372749389690e-01
3.471666713955889882e-01
2.280754008507874797e-01
8.710774848629032618e-02
-5.954449455205157449e-02
-1.958520274346481349e-01
-3.080615548803012915e-01
-3.850183235229487355e-01
-4.194386757987644820e-01
-4.080152950017611468e-01
-3.555223862561051051e-01
-2.671595993104970423e-01
-1.533389542656616866e-01
-2.641537188922982171e-02
9.944319611913976509e-02
2.115766441168327461e-01
2.977590051326004517e-01
3.492452553920613045e-01
3.642299386516236748e-01
3.413498533280889813e-01
2.837164472722317754e-01
1.978606726165144103e-01
9.482539217467134129e-02
-1.527033473566730137e-02
-1.201359713883884961e-01
-2.086486755072179955e-01
-2.734981012368249420e-01
-3.086005399741340582e-01
-3.110384441340880990e-01
-2.811725076678531776e-01
-2.245825792727931258e-01
-1.466231288053747583e-01
-5.676088573953486094e-02
3.476650989486085308e-02
1.188358952710826255e-01
1.875565721201832847e-01
2.339142391130388798e-01
2.536456682226539971e-01
2.482174641500101142e-01
2.186162411672047945e-01
1.681734177036720013e-01
1.028071962455254784e-01
3.059874704767095999e-02
-4.144115994139896397e-02
-1.053089049490739670e-01
-1.549026490485601038e-01
-1.883452155982289211e-01
-2.027507304635924879e-01
-1.967713529450506593e-01
-1.720977800859302409e-01
-1.330495277319142522e-01
-8.298493086762714910e-02
-2.722191371395699111e-02
2.810963623329687522e-02
7.832879789650282198e-02
1.194065190348085892e-01
1.474292682288280698e-01
1.603361190973031647e-01
1.595591218269689637e-01
1.454026830121197822e-01
1.188623985599139843e-01
8.300736522294971387e-02
4.153731865896959086e-02
-2.199912338621157204e-03
-4.366997879415690509e-02
-7.947256535786551002e-02
-1.087534648531566228e-01
-1.292589803022271555e-01
-1.378546714879290702e-01
-1.341351482807601192e-01
-1.202765175461713021e-01
-9.720414661088283559e-02
-6.632007670986472814e-02
-3.046469967091924858e-02
7.643287596871495282e-03
4.521253818591475238e-02
7.843804057718539724e-02
1.047962056055919966e-01
1.236456898296904861e-01
1.331677503241499583e-01
1.306544701694813959e-01
1.162570085297498501e-01
9.263610927382859295e-02
6.098855014224580096e-02
2.266280328172842751e-02
-1.942531666151403602e-02
-6.212000614831814094e-02
-1.020157925421492084e-01
-1.339876072663549467e-01
-1.547330058709606160e-01
-1.632151853255201512e-01
-1.578110590586689899e-01
-1.367349051456572262e-01
-1.010966101990262711e-01
-5.475387716014401551e-02
-7.562604503799086331e-04
5.575815883192558609e-02
1.089958604211893611e-01
1.538486172901998295e-01
1.858461675438334293e-01
1.999514359309080280e-01
1.938342742371765848e-01
1.691431196837283046e-01
1.269940180474269376e-01
6.990700388126835918e-02
3.085273958719714216e-03
-6.597585912027326138e-02
-1.311600436326830765e-01
-1.848412603253077879e-01
-2.209265702535494480e-01
-2.365857396844670557e-01
-2.291513728484819712e-01
-1.975836204891175951e-01
-1.441725465222939429e-01
-7.470168553403744305e-02
5.559803284633790810e-03
8.820837831994721157e-02
1.643325088061293737e-01
2.257578969940339242e-01
2.659513663265671291e-01
2.788778568553180737e-01
2.617856521056314278e-01
2.177934697124543906e-01
1.498653350579348675e-01
6.364352476217471910e-02
-3.270093363845139045e-02
-1.283296250189744914e-01
-2.137296469071893190e-01
-2.782479864404433512e-01
-3.142334184490856996e-01
-3.190335597518950683e-01
-2.906665650315497507e-01
-2.306041657208447448e-01
-1.440635275941731797e-01
-4.110082560946703989e-02
6.931018761617968593e-02
1.751197015704339943e-01
2.644340835946843438e-01
3.275510752897865530e-01
3.573494407031676534e-01
3.493818441869784852e-01
3.029349757248926966e-01
2.238980776178651766e-01
1.185341204347203359e-01
-1.712374340427591513e-03
-1.241437148452224637e-01
-2.353053623490710677e-01
-3.236922101011200370e-01
-3.784126053973957404e-01
-3.925275236805439993e-01
-3.661407871427102556e-01
-3.003459010296984921e-01
-2.011873489002680149e-01
-7.820633756287953542e-02
5.421639561284696818e-02
1.832192645502441763e-01
2.939310511116766111e-01
3.741037081474121173e-01
4.165153676292021601e-01
4.154815634065653907e-01
3.700800917472919505e-01
2.839590978794965803e-01
1.673985035888814199e-01
3.061432866670976694e-02
-1.112623608175985490e-01
-2.430113249362271244e-01
-3.503954269401950983e-01
-4.219293436051988477e-01
-4.487515675729736309e-01
-4.265864935193262042e-01
-3.600625272866908588e-01
-2.545514113085501906e-01
-1.206824619126827258e-01
2.822880637092239908e-02
1.751505628131524439e-01
3.049988576118785044e-01
4.024056886024869328e-01
4.561188901255142092e-01
4.622378040334080840e-01
4.186375354434566098e-01
3.293982838977309591e-01
2.029276111213706990e-01
5.440480937770209025e-02
-1.022084937961335038e-01
-2.495260215637997714e-01
-3.710947459042638341e-01
-4.540392009841752730e-01
-4.890941175531735574e-01
-4.722089060366175817e-01
-4.037801409517378648e-01
-2.925920367614923689e-01
-1.482919204920454259e-01
1.252681524043564032e-02
1.725948403122692376e-01
3.145236382652145668e-01
4.235278597393561384e-01
4.869935869917398907e-01
4.971631800474300977e-01
4.554791772435511366e-01
3.648501308693554712e-01
2.348012146541114120e-01
7.834931588971283389e-02
-8.615107383672027108e-02
-2.420698231069190465e-01
-3.714149194715138380e-01
-4.601131712586333800e-01
-5.010063171223113621e-01
-4.885729726765773995e-01
-4.237712887300825182e-01
-3.126597500506140825e-01
-1.689876101076626114e-01
-6.144016391513851261e-03
1.575580573488859493e-01
3.043245863410255492e-01
4.185952595763180462e-01
4.881726329819289223e-01
5.054371466086060583e-01
4.675064606725483074e-01
3.807584864768251975e-01
2.527258136373760067e-01
9.768210587437464731e-02
-6.826448547796004629e-02
-2.265459073215900787e-01
-3.608492411276825740e-01
-4.557661912267226834e-01
-5.005120267807130485e-01
-4.930015701431494923e-01
-4.328771221057875485e-01
-3.266519604426486589e-01
-1.848817130869369052e-01
-2.456065074228486189e-02
1.384759653893314901e-01
2.856832207307458127e-01
4.009568876268305715e-01
4.733757949210442018e-01
4.947712117437177426e-01
4.630898237783878102e-01
3.809855801525794394e-01
2.593541454710890370e-01
1.093664892503403152e-01
-5.195697673488952617e-02
-2.072184204525966411e-01
-3.397297007043522665e-01
-4.356864619741844802e-01
-4.840514515346875379e-01
-4.787155780190687215e-01
-4.235464260125176850e-01
-3.233548554293211863e-01
-1.892572355343762336e-01
-3.519896098801644779e-02
1.210066950390593643e-01
2.633719648890735510e-01
3.756861586408921649e-01
4.456904016884399855e-01
4.684882141316630833e-01
4.409731833959074088e-01
3.665348573598168347e-01
2.529306250158473990e-01
1.147825164334579373e-01
-3.472542711686787964e-02
-1.791243682595975439e-01
-3.025315531529481072e-01
-3.926236566412634188e-01
-4.399941805237979064e-01
-4.401546694089890632e-01
-3.927429650597510369e-01
-3.048877402961631677e-01
-1.845469924788872840e-01
-4.589709390973362169e-02
9.605697479380803649e-02
2.259217408726525989e-01
3.303775687060634958e-01
3.976329290392721649e-01
4.201387014443680457e-01
3.986891867341544327e-01
3.348982646875366953e-01
2.357815967107717015e-01
1.115868040136331896e-01
-2.289505483953202525e-02
-1.539678092129579401e-01
-2.663495389208225816e-01
-3.479998466382923095e-01
-3.927122378848793005e-01
-3.953899584027862346e-01
-3.559651792657313463e-01
-2.786220507258033718e-01
-1.738681340803676090e-01
-5.154927489001981389e-02
7.453090619933688821e-02
1.904464326077586200e-01
2.842192041658677670e-01
3.463303545500000524e-01
3.701417443992396361e-01
3.528040436841337613e-01
2.989760968197621160e-01
2.136357614192143650e-01
1.068623181283028245e-01
-9.558355279980390584e-03
-1.225116131506477357e-01
-2.204842412904822746e-01
-2.923729228573253014e-01
-3.304306118185293961e-01
-3.334837511271986354e-01
-3.009502587851252686e-01
-2.366317232901207213e-01
-1.476441590281307725e-01
-4.549103439646617897e-02
5.976806756138319798e-02
1.561955201861651155e-01
2.332631434175476137e-01
2.846281466753521894e-01
3.049702164868166587e-01
2.924225255286487801e-01
2.485749742019005559e-01
1.800313456977402637e-01
9.312586429202762695e-02
-1.944345091275501147e-03
-9.449787272217868850e-02
-1.749007513749770704e-01
-2.351375881771440302e-01
-2.685694808261642752e-01
-2.716495112874653950e-01
-2.470035733101693110e-01
-1.969830017333749073e-01
-1.270298195460862756e-01
-4.483396563759545206e-02
3.988277429057851542e-02
1.185027357244556878e-01
1.817197487074042606e-01
2.228119242317561088e-01
2.400541132374824915e-01
2.315813888860012160e-01
1.982506577382381341e-01
1.439981722976175771e-01
7.633104165728266111e-02
1.622256291495149938e-03
-7.165640106198800652e-02
-1.351449341859087827e-01
-1.830061649744429975e-01
-2.106304348437455509e-01
-2.150772031347045754e-01
-1.960044961082092474e-01
-1.574225878487307551e-01
-1.028243228776701823e-01
-3.888469349073431225e-02
2.674841334080646504e-02
8.711651613198889699e-02
1.363178482549933790e-01
1.686718014493224782e-01
1.808666996158025952e-01
1.742465414273342006e-01
1.495138571930398896e-01
1.092203207474147231e-01
5.825084046351225453e-02
3.318498801474500937e-03
-5.014689675920802614e-02
-9.573184388451272397e-02
-1.285461310356851294e-01
-1.474666618648843297e-01
-1.506070201084487303e-01
-1.373178971566929585e-01
-1.096230448256564349e-01
-7.187168546796984803e-02
-2.739880429894336888e-02
1.854028336272794952e-02
6.037239475089606344e-02
9.429253958767547239e-02
1.172037214349170853e-01
1.265096327506876062e-01
1.215208952765394201e-01
1.046626846728826443e-01
7.738836142260296924e-02
4.261921102347487889e-02
4.660463159625871654e-03
-3.228888089174741793e-02
-6.471105280218258926e-02
-8.846424730717150631e-02
-1.011700552509087192e-01
-1.037127365869660034e-01
-9.581404284095862423e-02
-7.788796608045811531e-02
-5.241745817677800900e-02
-2.296696262214270590e-02
7.808162327735512775e-03
3.601962233889954845e-02
5.837478348177160825e-02
7.400440083810067016e-02
8.155434316391585448e-02
7.962881386133768835e-02
6.882331191023127737e-02
5.171773987876093770e-02
2.971427790601866015e-02
5.301280062202096133e-03
-1.829933889477686204e-02
-3.900868784234012843e-02
-5.501147300702591281e-02
-6.384342849722157709e-02
-6.468104912703298570e-02
-5.913562196817123695e-02
-4.755766254939175486e-02
-3.114978544440405450e-02
-1.253985237220667237e-02
5.923587890756198959e-03
2.270783527565600757e-02
3.568580109579833071e-02
4.345868000325592284e-02
4.650017237551673510e-02
4.446120483854154593e-02
3.719058552474430179e-02
2.616058607176907636e-02
1.359641935030508897e-02
4.554253229194227259e-04
-1.184692835603373684e-02
-2.180083221649653513e-02
-2.925862698854209132e-02
-3.349228732930542574e-02
-3.353259497945448864e-02
-2.980828915943301016e-02
-2.367442786641194008e-02
-1.555431665451367795e-02
-6.282826873717395344e-03
2.792098267963449842e-03
1.084582693493874039e-02
1.719430604902383308e-02
2.096616659341865585e-02
2.197590649573988308e-02
2.094581687210039789e-02
1.788376451341533446e-02
1.291558617953825205e-02
6.903781330330316379e-03
7.113244073082558572e-04
-5.181990454840912363e-03
-1.012791011544778019e-02
-1.367582239073172889e-02
-1.598820771304898525e-02
-1.682832507344367290e-02
-1.588107902184876519e-02
-1.347041127509995828e-02
-1.022391888417717443e-02
-6.373641697106191550e-03
-2.264411946356070793e-03
1.626496543556399388e-03
5.088743147948049383e-03
7.802390222220845217e-03
9.196545231911379403e-03
9.156744436204400373e-03
8.057195184469234661e-03
5.987824788572515544e-03
3.310980367774662980e-03
5.580351811904638026e-04
-1.965096442494651541e-03
-4.023662022003327010e-03
-5.336515065517910550e-03
-5.768003135340760146e-03
-5.425905756918036893e-03
-4.347914009580233774e-03
-2.768438451086652208e-03
-1.107445052234368177e-03
2.118071604806370800e-04
1.098246701254801394e-03
1.579270802369414639e-03
1.645835387151350915e-03
1.505432407805207262e-03
1.148678942697323180e-03
5.551265947614236751e-04
-7.753706535151838608e-05
-5.801325669011481168e-04
-9.216701819583228428e-04
-1.105560431940655342e-03
-1.152255671190594022e-03
-1.169967926295090166e-03
-1.144784665438880467e-03
-1.043002456217467788e-03
-9.295474640876877359e-04
-8.546219272140831436e-04
-8.247817511406463353e-04
-8.372930286206781147e-04
-8.771031130464512771e-04
-9.020957278731422946e-04
-9.189378204524922822e-04
-9.467183396740797008e-04
-9.710449224232808874e-04
-9.836839335887193059e-04
-9.838874221220761385e-04
-9.696238947004554021e-04
-9.462341451208500231e-04
-9.257845719531365702e-04
-9.068061513386460604e-04
-8.847497755921640561e-04
-8.619755937508966070e-04
-8.378154272402627001e-04
-8.131935022317460238e-04
-7.911995816906047807e-04
-7.715853255618743134e-04
-7.524485303344041753e-04
-7.338627064449321225e-04
-7.156856269677769333e-04
-6.977750649770353419e-04
-6.799887935468040823e-04
-6.621845857512909106e-04
-6.442202146647035832e-04
