2.422530154506226108e-01
3.487426591052855684e-02
-1.288092368849899083e-01
-2.512833378159365916e-01
-3.350338817623156329e-01
-3.825467136041310612e-01
-3.963076782213867943e-01
-3.788026204940888597e-01
-3.273628132699778481e-01
-2.422390836208784259e-01
-1.290155847466737393e-01
-3.196134362491331871e-03
1.207280395888608027e-01
2.316884032945820682e-01
3.175298138238999979e-01
3.675984049992238045e-01
3.759554386759125233e-01
3.450873786584913727e-01
2.773478481858973055e-01
1.792876172265256418e-01
6.121859913288396626e-02
-6.253646080258346007e-02
-1.797291078092071448e-01
-2.765416770169187854e-01
-3.425739763176742780e-01
-3.742986270258352732e-01
-3.677933366456125341e-01
-3.228399935432431089e-01
-2.443263579470031921e-01
-1.426443624048860936e-01
-2.671797127613917411e-02
9.065125723933387114e-02
1.962446678110179032e-01
2.795501393853454530e-01
3.323703897518901496e-01
3.486863647401123867e-01
3.264687136312010018e-01
2.709338218642056706e-01
1.867192913235604657e-01
8.258263844539492915e-02
-3.024988767185421423e-02
-1.394277095972631386e-01
-2.342413607088915661e-01
-3.033130676955207994e-01
-3.391202897242521219e-01
-3.414937892264077179e-01
-3.096728347067713161e-01
-2.460080152339177983e-01
-1.571494851816190863e-01
-5.401740498264795409e-02
5.394470871266943135e-02
1.545612032301497685e-01
2.369259817084883313e-01
2.945387865371782432e-01
3.216645620061693300e-01
3.145961590420029985e-01
2.740089419315370201e-01
2.065006468714523091e-01
1.175575128509565026e-01
1.691183479752900176e-02
-8.410957256428674977e-02
-1.754081257416836293e-01
-2.484517811278265098e-01
-2.946987282776692973e-01
-3.092715082922108394e-01
-2.942306066163914435e-01
-2.506370611046985220e-01
-1.818378605529732406e-01
-9.510582907506570649e-02
-6.920280733950789909e-04
9.287489713997243435e-02
1.750954923215521930e-01
2.376361039892906923e-01
2.773287563547770507e-01
2.900294692045897182e-01
2.730694378199489680e-01
2.284063596768550752e-01
1.623283316043859781e-01
7.978646036788705764e-02
-1.129522982994857205e-02
-1.013980434513286344e-01
-1.820136141832778831e-01
-2.459574100661008345e-01
-2.855605619143711804e-01
-2.966426597627762618e-01
-2.813243674532979188e-01
-2.403835794045833252e-01
-1.759534620138485383e-01
-9.409899769062668451e-02
-3.598118372831415890e-03
8.778624072366292275e-02
1.698652965667519776e-01
2.343784290851822494e-01
2.772072169198247504e-01
2.937695815096934560e-01
2.800927512520283713e-01
2.369542079904860543e-01
1.704427426719916649e-01
8.527166703472821574e-02
-1.059711157241560731e-02
-1.071473830820779405e-01
-1.948588972904449212e-01
-2.656876186628446268e-01
-3.108638774080306755e-01
-3.251736338462158926e-01
-3.095227741699070334e-01
-2.641671105292977551e-01
-1.915222996534921007e-01
-9.833744756470896853e-02
4.980572106616065753e-03
1.097278940530173053e-01
2.045302893114000486e-01
2.795012916261527813e-01
3.288403689960044396e-01
3.468085291031151041e-01
3.290381531734103415e-01
2.762760438382292350e-01
1.951077902709910106e-01
9.135911571683519306e-02
-2.520932453193147627e-02
-1.428057880637388921e-01
-2.490731391317961840e-01
-3.335495871567559778e-01
-3.851553070451186889e-01
-3.971797688487259670e-01
-3.704247016098146661e-01
-3.055975851227589191e-01
-2.069536036074378638e-01
-8.336112199611867002e-02
5.143432843139605914e-02
1.851388528736073180e-01
3.022157242003982169e-01
3.895467915807608872e-01
4.389830760742465809e-01
4.439434801522588181e-01
4.014427508257165655e-01
3.140679901969198884e-01
1.917717342963562999e-01
4.412480567648269236e-02
-1.128319213438786495e-01
-2.620843720449024250e-01
-3.876095039759428484e-01
-4.762348570408336812e-01
-5.160613626845578228e-01
-5.008361061474821962e-01
-4.343867428567392830e-01
-3.210596859687443461e-01
-1.710005083018085736e-01
1.257698894174819060e-03
1.759257996493757137e-01
3.356018551185366849e-01
4.610091061750818398e-01
5.378040883097912062e-01
5.599245109626305172e-01
5.225550000626832947e-01
4.273705378414243139e-01
2.826362686737617924e-01
1.052576884219718067e-01
-8.904831479622643542e-02
-2.787057093826185161e-01
-4.426501146956290933e-01
-5.628928865444454699e-01
-6.257642179753690748e-01
-6.226472290375891783e-01
-5.512869037650105497e-01
-4.208975322399529650e-01
-2.418801607921892138e-01
-3.322963859617478199e-02
1.836409960329290492e-01
3.843508359638512228e-01
5.478351449152971675e-01
6.538512574631554219e-01
6.889404380694736929e-01
6.516794767840623503e-01
5.429233709479461822e-01
3.727447744532337293e-01
1.571093126028524356e-01
-7.891558807550869137e-02
-3.121933959465379438e-01
-5.155237165387940301e-01
-6.658981878344696348e-01
-7.481193497484073252e-01
-7.512727064077191486e-01
-6.736084243433175800e-01
-5.208354043220435603e-01
-3.113180431570202744e-01
-6.373817680209947767e-02
1.941228498596021534e-01
4.343594602426024132e-01
6.302388661549338522e-01
7.602417947772679430e-01
8.077522537957153581e-01
7.645231147174695874e-01
6.387455510604038711e-01
4.405864434982893485e-01
1.911066847421711845e-01
-8.440598802723620064e-02
-3.541213601885675466e-01
-5.898760983486903697e-01
-7.637747139996982071e-01
-8.553333852204292320e-01
-8.571694381695973419e-01
-7.660391607045524687e-01
-5.911962374059989145e-01
-3.493106382513285757e-01
-6.973443568494774869e-02
2.207207055560194142e-01
4.896048861348276660e-01
7.067973870958927929e-01
8.491434561171522510e-01
8.999759340301203281e-01
8.534701564977464905e-01
7.119022401754988572e-01
4.928495531167822463e-01
2.159247064657914272e-01
-8.706364904738628230e-02
-3.838302924581334929e-01
-6.413855125394862799e-01
-8.320257492790235077e-01
-9.332456640696861205e-01
-9.316331437907354740e-01
-8.313613624067566210e-01
-6.399048950368111388e-01
-3.778681859899533091e-01
-7.129228302632417691e-02
2.441561674091139444e-01
5.358569071608201284e-01
7.696719033556220779e-01
9.192046637469619697e-01
9.713507647333416983e-01
9.178012779478630367e-01
7.641546131271352849e-01
5.245781782740297494e-01
2.283688634361515923e-01
-9.610811767325044830e-02
-4.121509390767096326e-01
-6.850105400855999171e-01
-8.852710403229554492e-01
-9.906942547452277648e-01
-9.899242748262393476e-01
-8.804850848051893886e-01
-6.773204453817252002e-01
-3.984018179939029514e-01
-7.666589964178294192e-02
2.535437627375793923e-01
5.555277009780910102e-01
7.974533029014334584e-01
9.517254589862684799e-01
1.000000000000000000e+00
9.415231980915450549e-01
7.797683543208253631e-01
5.329180300595515174e-01
2.256929638493483381e-01
-1.054091811152049196e-01
-4.265207366526381216e-01
-7.005098615977769505e-01
-8.974866165241957017e-01
-1.000000000000000000e+00
-9.949837646073179664e-01
-8.832396935850457265e-01
-6.750424541845412296e-01
-3.966150161836408117e-01
-7.446141278835771704e-02
2.545787816459765818e-01
5.549009475738602148e-01
7.942302072535223356e-01
9.468499908894261186e-01
9.964657989319014586e-01
9.359139682403974092e-01
7.765460175063583215e-01
5.326125335149780593e-01
2.318712370554738555e-01
-9.450331280300616754e-02
-4.094897253372138390e-01
-6.802950869477455420e-01
-8.763287580216913009e-01
-9.755592188623551930e-01
-9.721050808077285055e-01
-8.643147700098522401e-01
-6.647828775685795666e-01
-3.933820168087479585e-01
-8.289655267524465021e-02
2.357628252431653859e-01
5.266118022299561829e-01
7.578558316019943231e-01
9.067963507114562560e-01
9.568326736287633416e-01
9.035901053245980474e-01
7.511977330758852212e-01
5.200843903777139232e-01
2.319917159396429618e-01
-7.944335596522766885e-02
-3.805119237378244978e-01
-6.388448058938138718e-01
-8.274489310642504369e-01
-9.259879638188569517e-01
-9.227939454286548937e-01
-8.238324290152331253e-01
-6.378728019169073171e-01
-3.860074544916298755e-01
-9.430038526132533683e-02
2.031037827481614322e-01
4.756962242490097026e-01
6.929665594340319590e-01
8.315209730759238749e-01
8.815722486183836804e-01
8.365609334422043908e-01
7.023282145327083281e-01
4.925624963737074147e-01
2.335858114106157402e-01
-4.944431730897991262e-02
-3.246999143170147262e-01
-5.621299347321566664e-01
-7.375026793983352480e-01
-8.324330677225387776e-01
-8.383727575715204106e-01
-7.539728545915793667e-01
-5.920060323920384171e-01
-3.672795026076782765e-01
-1.062493735433230890e-01
1.631705692080271941e-01
4.117536679968198943e-01
6.140133547028414629e-01
7.476723692742364147e-01
7.979945664847452047e-01
7.649869035271852358e-01
6.509199111384709191e-01
4.687515260595478406e-01
2.370723788229025519e-01
-1.679703422946587921e-02
-2.671151169045907769e-01
-4.851873857617318153e-01
-6.479542892475164129e-01
-7.421868055866296388e-01
-7.572983513339777151e-01
-6.924138475979133567e-01
-5.541804056676014056e-01
-3.611494669638861676e-01
-1.315534510268915325e-01
1.086968771740988160e-01
3.335800551186427487e-01
5.195833793515804988e-01
6.476198011844778168e-01
7.037861992452281168e-01
6.812195650929315782e-01
5.874153222934936913e-01
4.310487018061774922e-01
2.300200765329172281e-01
5.712916912187004925e-03
-2.163797918258472119e-01
-4.135662000418559581e-01
-5.636521493068941124e-01
-6.503676332966583651e-01
-6.688305833188499250e-01
-6.163469673850263675e-01
-4.993425494688487065e-01
-3.302887994479353218e-01
-1.307358019571205343e-01
7.999288785550739966e-02
2.784663647262115571e-01
4.429331607054429742e-01
5.579428019265439964e-01
6.114876580322523569e-01
5.987055606584132939e-01
5.208178882669740606e-01
3.892719512795057568e-01
2.161286251094403088e-01
2.171047384739610564e-02
-1.727079895881018512e-01
-3.462919120498356707e-01
-4.812659850359581881e-01
-5.624189620333495121e-01
-5.806489100063410014e-01
-5.388758968292870488e-01
-4.406253269208639800e-01
-2.964791908237800477e-01
-1.215007168301753815e-01
6.352600235470617918e-02
2.396157048229017317e-01
3.860170862211307341e-01
4.868850471354515541e-01
5.351805994440343994e-01
5.250920785613988340e-01
4.577132051307963856e-01
3.401748002596811649e-01
1.882277408668315832e-01
1.627560038516917551e-02
-1.560656453997338877e-01
-3.093008571709924270e-01
-4.274662507705128123e-01
-4.982613289240809262e-01
-5.139544275597967005e-01
-4.721722538917801915e-01
-3.807585528829223742e-01
-2.479973468635637834e-01
-9.006616702930747564e-02
7.508470820887236385e-02
2.287871860710966043e-01
3.549687059489810004e-01
4.386816601091267920e-01
4.702814231599372619e-01
4.504337785202001676e-01
3.804305082035612795e-01
2.680234766092379761e-01
1.255665569709136786e-01
-2.857930981106704404e-02
-1.784991713131597324e-01
-3.061932594573141264e-01
-3.971741574009225451e-01
-4.445740618911058206e-01
-4.425427673766604286e-01
-3.910407578775745296e-01
-2.956171797170943361e-01
-1.696053544258591117e-01
-2.514150846399143546e-02
1.203893127334507707e-01
2.497863642339983592e-01
3.489091839202616008e-01
4.069234600918643086e-01
4.172854738345375125e-01
3.781972653262628548e-01
2.967576151001978246e-01
1.802762995209099550e-01
4.306215747794239768e-02
-9.895341591653838975e-02
-2.289534151874165202e-01
-3.326852399978952324e-01
-3.966912428079671926e-01
-4.127582451163465116e-01
-3.828642036092834156e-01
-3.091120672130596159e-01
-1.994326736990483795e-01
-6.585313887066601701e-02
7.425876949683329897e-02
2.057405539464616240e-01
3.115532085605732249e-01
3.786528893423690700e-01
4.018260360396110897e-01
3.772318040330531197e-01
3.071032907034072501e-01
1.987326215729614542e-01
6.709514336263211476e-02
-7.480394495034570213e-02
-2.096057907634166773e-01
-3.205043493718170433e-01
-3.947948684502131655e-01
-4.235499299094800385e-01
-4.029752055465581906e-01
-3.339921960333587236e-01
-2.264981749965404578e-01
-9.031014862262387588e-02
5.755700451051115607e-02
1.994139129064091964e-01
3.182818354245047221e-01
4.004260221730349123e-01
4.342483643173835617e-01
4.139202051172539143e-01
3.447751328174326613e-01
2.324510396379699806e-01
8.987453312953541662e-02
-6.695156033287330555e-02
-2.182140332404176597e-01
-3.469763217632951813e-01
-4.360368541154638899e-01
-4.736416464124832970e-01
-4.579904484152461652e-01
-3.885497821937071716e-01
-2.722559196189684450e-01
-1.212480230962222905e-01
4.456115855009623594e-02
2.082561529912190235e-01
3.498049074230338285e-01
4.515045385886899965e-01
5.023750240048412419e-01
4.950814518563755318e-01
4.295088261161528198e-01
3.110884745900988069e-01
1.551684092274068227e-01
-2.345943491374180567e-02
-2.030203045879650503e-01
-3.622796504866506728e-01
-4.824672889246507390e-01
-5.492027693676221345e-01
-5.534930033605927058e-01
-4.925065392781755591e-01
-3.749838152165734240e-01
-2.107870516281293849e-01
-1.925045618955389948e-02
1.784520392601678385e-01
3.586210611944837812e-01
5.010739929409409044e-01
5.869743125541764250e-01
6.043593897144692306e-01
5.539909233642787978e-01
4.384524725265974698e-01
2.696655070354501138e-01
6.462236513216335076e-02
-1.513722125495756687e-01
-3.555773664232368958e-01
-5.225119984731918521e-01
-6.319411246034041252e-01
-6.731274324186022895e-01
-6.389790730197845159e-01
-5.321958062503016063e-01
-3.623083007383233189e-01
-1.508140080859809995e-01
8.194871824565064244e-02
3.084217250778911179e-01
5.022874368631775610e-01
6.412881289828520348e-01
7.088909671438019533e-01
6.964350950820941133e-01
6.024751420230840537e-01
4.394333374392749292e-01
2.215016569157008952e-01
-2.495190849628292629e-02
-2.725573318893274033e-01
-4.926644909350333945e-01
-6.609890300449654532e-01
-7.565936379831412761e-01
-7.665426089210856109e-01
-6.930498153533001249e-01
-5.410248321299717666e-01
-3.270135810668663989e-01
-7.284778987794759963e-02
1.904753329978661203e-01
4.351649395240211327e-01
6.314825419401952633e-01
7.566129575390714290e-01
7.997502391085047346e-01
7.533864541436099405e-01
6.219090788479595400e-01
4.177039882160129558e-01
1.663611163188063458e-01
-1.076364954340919278e-01
-3.720666785340005500e-01
-5.967877000394479214e-01
-7.568315846841616734e-01
-8.336442913434880531e-01
-8.188016862765861159e-01
-7.115848356919736162e-01
-5.264430861001423434e-01
-2.799666040145217805e-01
-1.496122941108235516e-03
2.786600654266919719e-01
5.285850756843359921e-01
7.211173336504832498e-01
8.332813021702225598e-01
8.507788116790861999e-01
7.760321026265599720e-01
6.143727380230947777e-01
3.838241779626727634e-01
1.078236985887357502e-01
-1.805834180630926378e-01
-4.510730641838951449e-01
-6.713454329974255508e-01
-8.164059484071251038e-01
-8.737570406178511995e-01
-8.349785155591751273e-01
-7.045690143560262575e-01
-4.950740841706543494e-01
-2.332458042611579296e-01
5.526197945966804248e-02
3.369658283439473934e-01
5.801888777924575358e-01
7.585056655295463468e-01
8.520074839514197862e-01
8.508602600517041203e-01
7.532349779949827351e-01
5.733653613690332662e-01
3.277419504767651315e-01
4.633661811579092848e-02
-2.398662052703265379e-01
-4.985939321528147783e-01
-7.021729143421937547e-01
-8.272409833853231476e-01
-8.588143816427555866e-01
-7.984218314737711042e-01
-6.506277474228586710e-01
-4.327187586463570046e-01
-1.674830005143601586e-01
1.127122612290609727e-01
3.785521572927381673e-01
5.989530738965780365e-01
7.495667694201237907e-01
8.183798318164596797e-01
7.965255085436211413e-01
6.872254762317731025e-01
5.016727935243303627e-01
2.642579982642627723e-01
-1.586638118259542374e-03
-2.648882626071973334e-01
-4.962058207271702326e-01
-6.710140106484927536e-01
-7.705027423334875891e-01
-7.852473921487024278e-01
-7.129222189944139920e-01
-5.654250683353245766e-01
-3.565540958081803158e-01
-1.119140387389419011e-01
1.415205309763079011e-01
3.752357445367184852e-01
5.645368760020812449e-01
6.879070970213227998e-01
7.312639218554670695e-01
6.954227373555632585e-01
5.832208133807665895e-01
4.081029304333634311e-01
1.886737493160655088e-01
-4.812410727707105984e-02
-2.774236019113754947e-01
-4.721319910429443434e-01
-6.109127631148838500e-01
-6.829488239098846503e-01
-6.799116865639147633e-01
-6.033194883943850950e-01
-4.615697305023929164e-01
-2.743858006553860918e-01
-6.027209147323864258e-02
1.558193563806875570e-01
3.494821539332875204e-01
5.004986645791225097e-01
5.931887191218208066e-01
6.186414957762569333e-01
5.739622202017797825e-01
4.683030063870712301e-01
3.118149838574382215e-01
1.245211768467788804e-01
-7.207434058101525043e-02
-2.558903455710626051e-01
-4.077558877630692580e-01
-5.106409909440899897e-01
-5.533637401748170426e-01
-5.366645892041437271e-01
-4.621584159510858658e-01
-3.391477138395825319e-01
-1.815654436024647378e-01
-9.703424207853639238e-03
1.584233673726507252e-01
3.029574420271656798e-01
4.082583834817259394e-01
4.674078268347388043e-01
4.740545708822609949e-01
4.283427061185223206e-01
3.361397731862627580e-01
2.111284060248734828e-01
6.568146907993299699e-02
-8.286299058544066565e-02
-2.172898189008960479e-01
-3.240014876979022684e-01
-3.923629968374829913e-01
-4.161411293608209272e-01
-3.933893227326291653e-01
-3.305184407639393251e-01
-2.337400247212852999e-01
-1.152856288403272256e-01
1.086413993976331760e-02
1.304965409360729911e-01
2.313229715764855143e-01
3.016619419745543151e-01
3.341570085881349073e-01
3.303011423092128140e-01
2.907644936005102654e-01
2.201555287792060778e-01
1.269390085495640808e-01
2.343735362848842207e-02
-7.960871903738697686e-02
-1.696847139619700462e-01
-2.369113328040508559e-01
-2.775617171779197756e-01
-2.877688397566011691e-01
-2.668359662232642204e-01
-2.181223027731341579e-01
-1.498816751830159832e-01
-6.861991396269662147e-02
1.605613335326583346e-02
9.375454570301577917e-02
1.569446544895152229e-01
1.997744707718100976e-01
2.176445709458976197e-01
2.090797868832472428e-01
1.783769295474932903e-01
1.286056111198705665e-01
6.644199680092910398e-02
2.514186092479331336e-04
-6.253249745339117815e-02
-1.156862863607283076e-01
-1.527598532591839531e-01
-1.700588774428066774e-01
-1.692037982614269520e-01
-1.504139383939586683e-01
-1.159095518842898631e-01
-7.085735411185822841e-02
-2.189260431869133328e-02
2.625325905572450935e-02
6.746470322448971935e-02
9.703976719166140796e-02
1.149824353507906682e-01
1.197464521787188207e-01
1.102811820548976751e-01
8.872694769592648356e-02
5.936903047601993499e-02
2.484436389616528906e-02
-1.037097737440795253e-02
-4.155596868516309161e-02
-6.665922003261404161e-02
-8.360312287741022974e-02
-9.011632060785079723e-02
-8.629468377001914270e-02
-7.510728061472471406e-02
-5.742993325381096081e-02
-3.503296729308513768e-02
-1.146427614880429768e-02
1.060980488093687946e-02
2.931435720263997347e-02
4.219549545829748283e-02
4.828576975466347676e-02
4.913417506149531100e-02
4.448356173844691952e-02
3.433576510934099879e-02
2.081940973062357259e-02
6.337877979099904024e-03
-7.970690402230751204e-03
-2.050862212531046058e-02
-2.990920655019557728e-02
-3.636083559386060760e-02
-3.921592692617692499e-02
-3.772219279562760708e-02
-3.270291053594021058e-02
-2.579269798743477615e-02
-1.748487671367904284e-02
-8.532303750872660686e-03
-1.383356637957300350e-04
7.174432405210318109e-03
1.272272338913449374e-02
1.542495057621207089e-02
1.518899550952523825e-02
1.293600930198857135e-02
8.824219043694236930e-03
3.470521593427644547e-03
-2.033873630232996277e-03
-7.044881128277724613e-03
-1.110444288023437753e-02
-1.368294235691425165e-02
-1.457601640649486274e-02
-1.409613810339604978e-02
-1.228934110931123591e-02
-9.526389779753507980e-03
-6.591670202549693158e-03
-4.243192027714393078e-03
-2.648308379889607878e-03
-1.759539498992435114e-03
-1.576571402086446305e-03
-1.719520927205286931e-03
-2.217119495738772983e-03
-3.129811768260881699e-03
-4.112124172595099658e-03
-4.859384967503488362e-03
-5.327997090873282104e-03
-5.545636122997188444e-03
-5.563536658132250956e-03
-5.556885827340707351e-03
-5.503408502018247717e-03
-5.427144806302908187e-03
-5.352134864333502051e-03
-5.302418800248620556e-03
-5.302036738186521880e-03
-5.375028802286019314e-03
