2.110203388314240147e-01
-3.003065346471816000e-01
-6.619123394310044706e-01
-8.889567413586668687e-01
-9.965994062687912880e-01
-1.000000000000000000e+00
-9.143181883909150542e-01
-7.547136372801644955e-01
-5.325858609635378826e-01
-2.546325016758930193e-01
5.642178480670012597e-02
3.634863915674706458e-01
6.339584859120588334e-01
8.425946610877461662e-01
9.664813330231289967e-01
9.919864957456585586e-01
9.143543651297196817e-01
7.454851811381058013e-01
5.000390092265840636e-01
2.054888309571394345e-01
-1.079337095757624265e-01
-4.061886173805029365e-01
-6.592686357652787210e-01
-8.393695960475628937e-01
-9.266911151716809014e-01
-9.165845896579531971e-01
-8.081206180190338983e-01
-6.130287432991086138e-01
-3.504665492495682155e-01
-5.137199155928884320e-02
2.554410328731899771e-01
5.362561511876742237e-01
7.614674116530690817e-01
9.103558519529308946e-01
9.665940058291391246e-01
9.244986723459871492e-01
7.872822728048016749e-01
5.726550557095544391e-01
2.997823626453666179e-01
-8.568005451802251926e-04
-2.978988686909611605e-01
-5.600504750249588604e-01
-7.606731034726027518e-01
-8.777244312354681721e-01
-8.976922166312314433e-01
-8.236691091729598790e-01
-6.613222193508543345e-01
-4.277551575613969259e-01
-1.459688114884585275e-01
1.521495134777934854e-01
4.369635243152369952e-01
6.765362947605360056e-01
8.455847802123765966e-01
9.305221203326938806e-01
9.212287863675063804e-01
8.189178668326158039e-01
6.332953225073050252e-01
3.874829810141300346e-01
1.041384681991806005e-01
-1.857997391310677315e-01
-4.515934260697448410e-01
-6.658536819610698654e-01
-8.066830960730217992e-01
-8.588276777654626493e-01
-8.153538713994662457e-01
-6.859889993268855068e-01
-4.822103739466677697e-01
-2.264858606769385441e-01
5.482035007106955682e-02
3.306007846578331577e-01
5.731581215928454043e-01
7.557925213919742813e-01
8.589079719491128362e-01
8.763129530239897047e-01
8.049437854020509153e-01
6.529632277782571048e-01
4.357607588352891970e-01
1.798719390769638604e-01
-9.038251360327831385e-02
-3.456894275700752583e-01
-5.589055234908840708e-01
-7.099886864780908802e-01
-7.832625199101723723e-01
-7.718495191652733345e-01
-6.764177559122825922e-01
-5.104185242388523669e-01
-2.887039497166646873e-01
-3.654227820923572345e-02
2.194543086500166940e-01
4.522910413985083977e-01
6.386163584699395823e-01
7.580354163276328272e-01
7.974806833770806680e-01
7.582155356404740587e-01
6.431813229401777132e-01
4.647305080477905914e-01
2.408774339974784073e-01
-2.470882940250995752e-03
-2.410867433903488566e-01
-4.479140922784604628e-01
-6.013596617319254545e-01
-6.895781677011816324e-01
-7.028384247156284070e-01
-6.401169316780522811e-01
-5.078876732040524811e-01
-3.237099126318571107e-01
-1.044812913048620562e-01
1.256832173569271127e-01
3.421480818521862588e-01
5.228697518780485165e-01
6.498971720711690381e-01
7.095366879464481968e-01
6.949383262074462220e-01
6.130474582689351415e-01
4.714436268764530258e-01
2.859342533056321578e-01
7.618368602445468873e-02
-1.342880761285781821e-01
-3.244956943652245185e-01
-4.734273493701005586e-01
-5.655546396174444546e-01
-5.959685426136034359e-01
-5.612478843145490837e-01
-4.657661120594827064e-01
-3.200572814845557001e-01
-1.430674482085930732e-01
4.854473083833688030e-02
2.340649644601120460e-01
3.935868286228334512e-01
5.127495437852249704e-01
5.799164268056289373e-01
5.888475683828993112e-01
5.390210167628464166e-01
4.392125074721118239e-01
2.984461705621321848e-01
1.328989634840527234e-01
-3.950330979550509269e-02
-2.007900802959962094e-01
-3.353034184968924913e-01
-4.283905567412452653e-01
-4.706117596569083794e-01
-4.629582461044731145e-01
-4.062461753747697024e-01
-3.064871173514897018e-01
-1.744763422196197178e-01
-2.615081595009027815e-02
1.239286359174880392e-01
2.586208128919837979e-01
3.640868134889210239e-01
4.334230854687586287e-01
4.599371273513443992e-01
4.410713074089700481e-01
3.797406363156416997e-01
2.856470994521251860e-01
1.672023059054035254e-01
3.782081596698794179e-02
-8.792185631287408043e-02
-1.979728353155515430e-01
-2.822691394355716366e-01
-3.320067388301302103e-01
-3.425999886421309260e-01
-3.176752963178246514e-01
-2.598527084065560544e-01
-1.754914167920865742e-01
-7.437484762043089503e-02
3.195798758171419784e-02
1.334923570954213989e-01
2.188635430205501109e-01
2.799583836525012526e-01
3.154856852966707592e-01
3.225521898091263662e-01
3.004647492204550741e-01
2.531175969436045836e-01
1.879182751417194375e-01
1.104797343790608899e-01
2.921151340231742388e-02
-4.714011264177431215e-02
-1.132660921007515586e-01
-1.638839185006685240e-01
-1.938766887945881923e-01
-2.015896000173276192e-01
-1.902305109738336997e-01
-1.609485034458438824e-01
-1.161429876181455656e-01
-6.107862370818661901e-02
-1.065463429488766600e-03
5.912647124683845234e-02
1.131342026067212458e-01
1.567562431700038061e-01
1.899359642956068850e-01
2.101105720635962903e-01
2.135792360875585771e-01
2.007669049948919149e-01
1.752645124596763360e-01
1.388362677080570151e-01
9.410100556599565458e-02
4.503448475527549455e-02
-5.330327896245989905e-03
-5.333809555408408620e-02
-9.415388415614245332e-02
-1.251618886177034984e-01
-1.463783248670109671e-01
-1.558217259271295063e-01
-1.500310022307165259e-01
-1.294208756679979810e-01
-9.753615963980966086e-02
-5.593450870605110037e-02
-6.042695883762938536e-03
4.885971030518643232e-02
1.054429104343017620e-01
1.594760996962620858e-01
2.039024431739635546e-01
2.342415559618264975e-01
2.490012436431170428e-01
2.457113316721348806e-01
2.208121136901932680e-01
1.750389383050729997e-01
1.134903359536885148e-01
4.000685088481059637e-02
-3.881897555834523672e-02
-1.150592982757975280e-01
-1.813613545722432274e-01
-2.311918908845844722e-01
-2.565295208753880507e-01
-2.533587644122884397e-01
-2.234365372459520271e-01
-1.675842866993336733e-01
-8.841077291113663694e-02
6.999453366011820776e-03
1.078277609570874596e-01
2.055747954429874014e-01
2.890137559966032832e-01
3.485268819455575873e-01
3.789664219327180117e-01
3.756373425652936859e-01
3.357328844745717245e-01
2.616452298339364546e-01
1.613261464918356314e-01
4.197422620916935188e-02
-8.420522355072979082e-02
-2.037486167242485990e-01
-3.036932411518903363e-01
-3.734979373528841684e-01
-4.026240423950572245e-01
-3.857497752175365058e-01
-3.266944597760936819e-01
-2.289788055480342921e-01
-1.002437131480949928e-01
4.743889800438716442e-02
1.972358653065464651e-01
3.343339560598881377e-01
4.414181387252553712e-01
5.056492054753787269e-01
5.217034936209608009e-01
4.854657340577399616e-01
3.981275533863743998e-01
2.670261088865022447e-01
1.075037597080852336e-01
-6.671608158161024260e-02
-2.364706090330024324e-01
-3.825125199403529574e-01
-4.885570825583968047e-01
-5.425141081019417832e-01
-5.360744520388409651e-01
-4.671376334881597314e-01
-3.447391293182993088e-01
-1.784176201863894029e-01
1.400576461727975897e-02
2.122694631931154596e-01
3.941780639282412846e-01
5.407339690088164286e-01
6.335694919307146566e-01
6.607902807223842157e-01
6.219083053039669018e-01
5.181583166139851482e-01
3.590288551542160089e-01
1.598893408446822040e-01
-5.555261124454191624e-02
-2.662895224259211879e-01
-4.478106595118104272e-01
-5.795301591089108140e-01
-6.488956176233870998e-01
-6.464109546739279510e-01
-5.705917893031785537e-01
-4.273717226937636671e-01
-2.339689445614364649e-01
-7.549376401832175176e-03
2.262944364939869502e-01
4.419978196569327444e-01
6.156737519591948260e-01
7.282206562035431485e-01
7.652914505706009951e-01
7.202325534830118503e-01
6.012553958170603341e-01
4.179753281422009525e-01
1.894567527064927592e-01
-6.115370925687357850e-02
-3.047966691202326217e-01
-5.159562391879778387e-01
-6.690853094911626275e-01
-7.458866477306292930e-01
-7.410288039631984791e-01
-6.522327631307380802e-01
-4.881663296484689551e-01
-2.645482581286420221e-01
-8.505682318263763086e-03
2.551420715065644274e-01
4.962568953799109117e-01
6.872752447078906979e-01
8.077629501642169529e-01
8.434027025096706431e-01
7.897615718173491839e-01
6.500525663978478086e-01
4.420832457130896564e-01
1.846493444238448411e-01
-9.222450702044693305e-02
-3.581115477667157210e-01
-5.833161004362779067e-01
-7.433680808259477413e-01
-8.188741362429202697e-01
-7.991750286000858239e-01
-6.907612373406490924e-01
-5.024093237368462139e-01
-2.546763156880078594e-01
2.690896336155135238e-02
3.088750320097581881e-01
5.616444313208850403e-01
7.552905622616017389e-01
8.675097511310927434e-01
8.898253013333032868e-01
8.172474508480167543e-01
6.574923582438252367e-01
4.262934400209603680e-01
1.525479820934150244e-01
-1.369874477749498665e-01
-4.090871460991317710e-01
-6.328722883554884771e-01
-7.843229389457421208e-01
-8.460834781314177100e-01
-8.118269803291864317e-01
-6.831901566453455477e-01
-4.774690496050364441e-01
-2.136364829023368328e-01
7.702664376516210609e-02
3.626442132305012223e-01
6.109277627689495560e-01
7.948440052224885477e-01
8.925181166728961557e-01
8.911309709933126211e-01
7.957970987515325945e-01
6.142440706086691460e-01
3.668398557176226760e-01
7.918247285384594214e-02
-2.141316660025132101e-01
-4.819340365639269708e-01
-6.920908846439608464e-01
-8.202971968770772504e-01
-8.562357252186336698e-01
-7.936612100624165222e-01
-6.398019941342210082e-01
-4.099234580112262050e-01
-1.334519173147106219e-01
1.621578400017731347e-01
4.424802188944387815e-01
6.753558565704826933e-01
8.354404635595700235e-01
9.044309897326341385e-01
8.752102288689438403e-01
7.488426825655167818e-01
5.431145958020684450e-01
2.774347983229032977e-01
-1.557827972340963818e-02
-3.029345531280317472e-01
-5.518255713196693613e-01
-7.348890123108062777e-01
-8.305883294702958164e-01
-8.264301110809643136e-01
-7.281124267510903358e-01
-5.440259380712166859e-01
-2.955851928026942410e-01
-9.282489357515855133e-03
2.795152483318041892e-01
5.396782333846545932e-01
7.398868052301028619e-01
8.567744942557273813e-01
8.818510023359276140e-01
8.100083071646260180e-01
6.497440351641818879e-01
4.175252901581074649e-01
1.433333723844527618e-01
-1.450109245581855388e-01
-4.131984876191813205e-01
-6.298722520035374695e-01
-7.714270328846792868e-01
-8.212786938653168223e-01
-7.750432507427147399e-01
-6.360303132227885792e-01
-4.236269466918374249e-01
-1.583468111836388026e-01
1.273493228497026841e-01
4.010703049194179748e-01
6.312837426463677737e-01
7.921669886280537920e-01
8.645124144023941248e-01
8.381967499454110460e-01
7.216251663063462107e-01
5.252210486385697763e-01
2.718782374337465058e-01
-1.120453438035962090e-02
-2.893356295287040636e-01
-5.319758013707969191e-01
-7.094299052371352277e-01
-8.003408897911572506e-01
-7.987753332470086676e-01
-7.024662567022552651e-01
-5.229081292276800408e-01
-2.787235757922793544e-01
-1.484302003875725973e-03
2.802090218040962366e-01
5.328846121368775446e-01
7.264621057213833666e-01
8.399315805790170675e-01
8.593842999499647917e-01
7.835564303466986402e-01
6.186918890801542670e-01
3.871705771982636435e-01
1.117790933148845589e-01
-1.739145144598408521e-01
-4.370863204783241862e-01
-6.473303504862923941e-01
-7.805741974255224758e-01
-8.208319323538387779e-01
-7.610218235730163983e-01
-6.120664421475534578e-01
-3.873259202916508048e-01
-1.145703764165070249e-01
1.758587403920646164e-01
4.490785069998923795e-01
6.748633785760018711e-01
8.255781903828016688e-01
8.823511774744776659e-01
8.430253155594147341e-01
7.091639370743412218e-01
4.965522097817511860e-01
2.275294228693378606e-01
-6.350063643914272138e-02
-3.457332365192151702e-01
-5.849914782245335676e-01
-7.529958654540650498e-01
-8.333747549104060237e-01
-8.148695967883718971e-01
-6.997173535754994678e-01
-4.986286105264027269e-01
-2.379659327919170231e-01
5.639796796223550679e-02
3.487599963553085214e-01
6.053372695232339673e-01
7.969087493388165022e-01
9.011520503923713399e-01
9.064621505377625788e-01
8.098130497483937429e-01
6.251650701169713109e-01
3.691010224520598904e-01
7.301123154727040543e-02
-2.303601975798070800e-01
-5.055545879544993682e-01
-7.221607940806917814e-01
-8.537568583971739677e-01
-8.834418515823178053e-01
-8.126029928032496574e-01
-6.459270869512603319e-01
-4.024194688109942186e-01
-1.071511250186496511e-01
2.036522237893922949e-01
4.966919684970889648e-01
7.360251406351585590e-01
8.937823844737831092e-01
9.557039087781449282e-01
9.121649031202594404e-01
7.680207568737313917e-01
5.370181525772295128e-01
2.489527546969061422e-01
-6.763777578854035522e-02
-3.753027039896118522e-01
-6.387748846293646032e-01
-8.285661062289761958e-01
-9.226675874365999341e-01
-9.105768478728618609e-01
-7.908101007040602148e-01
-5.801415964764339295e-01
-2.978482823898060960e-01
2.153236520208268168e-02
3.426041753790705080e-01
6.285311482139193107e-01
8.480224720364171187e-01
9.751275254750400023e-01
9.936232820619128603e-01
9.063605201475857243e-01
7.198880856267710904e-01
4.556855110362598715e-01
1.412048941059198537e-01
-1.851050520077321959e-01
-4.886538213342610515e-01
-7.333181241038795317e-01
-8.911667354445726996e-01
-9.489824123733445749e-01
-8.978188046615231954e-01
-7.435907008579546451e-01
-5.013594601676469864e-01
-2.019825473912421065e-01
1.249044773572425271e-01
4.410123914793049327e-01
7.105963301097870666e-01
9.042442158154135878e-01
1.000000000000000000e+00
9.882013642352605043e-01
8.679770469039178593e-01
6.562805128028164070e-01
3.726094503102654887e-01
5.098171345422053413e-02
-2.735576935253476449e-01
-5.642322193281754661e-01
-7.896910223913481408e-01
-9.237587309072249342e-01
-9.499265304516349984e-01
-8.708027888260096994e-01
-6.924020337941797498e-01
-4.351915923415080600e-01
-1.256206176380441075e-01
1.991269075452146708e-01
5.049048575489354374e-01
7.555873674654527417e-01
9.230095074893858165e-01
9.930410490554095748e-01
9.561102917114534527e-01
8.170753152595013891e-01
5.896169197668865714e-01
3.031025833111051782e-01
-1.429554213934158824e-02
-3.258790139284383214e-01
-5.967677994743145753e-01
-7.978722909084828840e-01
-9.071347687166813056e-01
-9.134649370253923317e-01
-8.144307653218989529e-01
-6.250403937541837429e-01
-3.627449850836644840e-01
-5.960330803407154487e-02
2.510420003632267694e-01
5.344031387717784742e-01
7.604772228955569702e-01
9.036971562272810843e-01
9.473986614616378699e-01
8.925171348311022879e-01
7.431673977713824097e-01
5.169640239538157989e-01
2.376343917912344672e-01
-6.072525965760988687e-02
-3.470714444039861846e-01
-5.880937177843970076e-01
-7.574727075813707522e-01
-8.417369845801235817e-01
-8.305465034464482033e-01
-7.260713083771496157e-01
-5.391287528054147238e-01
-2.945119268684182057e-01
-1.621049045133415856e-02
2.633622052898298982e-01
5.130764772362894632e-01
7.065498670637719858e-01
8.232047529432913180e-01
8.516864067503799873e-01
7.882389981468445050e-01
6.442597929337310347e-01
4.330910296177146179e-01
1.802958968067107648e-01
-8.651806864720301693e-02
-3.373739792126027037e-01
-5.460612283607351181e-01
-6.889895242246888429e-01
-7.502377800829265198e-01
-7.290038007911767703e-01
-6.265499090150357109e-01
-4.550866235327729603e-01
-2.327184619452226100e-01
1.325719715859441372e-02
2.574926079451351768e-01
4.714979177622993234e-01
6.320579156395884635e-01
7.259894869039693610e-01
7.428977866194863555e-01
6.821349619322398805e-01
5.503586399873507951e-01
3.662028780125543559e-01
1.475620838387683431e-01
-8.014327025701339924e-02
-2.914830844551824507e-01
-4.642220346607336401e-01
-5.805359142302339848e-01
-6.281915141755113341e-01
-6.016448506494276316e-01
-5.089303769476722916e-01
-3.589180965958563840e-01
-1.700221389032345876e-01
3.658930911278046594e-02
2.372973702439791222e-01
4.113267542106060493e-01
5.388997450117223309e-01
6.061815540259649637e-01
6.111986209545134940e-01
5.531697684155476580e-01
4.394908722801325052e-01
2.830643997285506863e-01
1.044154472125595756e-01
-7.845813244033250644e-02
-2.445367572041066140e-01
-3.755350493888289787e-01
-4.608959162295327427e-01
-4.918485814773043696e-01
-4.661264696941086472e-01
-3.872835486506394087e-01
-2.675355709858467934e-01
-1.183952767380238580e-01
4.227143483203477103e-02
1.960789015422335080e-01
3.270741309516231876e-01
4.221238061878520575e-01
4.712496100541565536e-01
4.695604810056730472e-01
4.222132157242657335e-01
3.338764529457738384e-01
2.148395610109443687e-01
7.860268551266913484e-02
-5.889889932027037034e-02
-1.835810953974615911e-01
-2.807781465405185806e-01
-3.402968326451570880e-01
-3.606890211684493641e-01
-3.399487992572685080e-01
-2.804665905946356341e-01
-1.894648395514834105e-01
-7.954161606712650823e-02
3.852934131581542410e-02
1.509576865652093591e-01
2.449660897277174954e-01
3.128024056540086306e-01
3.480229925451092665e-01
3.471572123757560302e-01
3.109617732225793407e-01
2.464865038447439094e-01
1.597060038478288480e-01
6.177080577870031064e-02
-3.508719084233635765e-02
-1.209487381833692643e-01
-1.875467836010513700e-01
-2.275289715642149213e-01
-2.371232773552681694e-01
-2.193693824691403949e-01
-1.760997096834262532e-01
-1.122970747215188414e-01
-3.609969707282301155e-02
4.276295942079944012e-02
1.164048815065772402e-01
1.756844677507087837e-01
2.145218851245920266e-01
2.334080043398116810e-01
2.305512861459020346e-01
2.055484657196786635e-01
1.623011687890179022e-01
1.075632743111853973e-01
4.639285284025840284e-02
-1.359657912863510010e-02
-6.514887939006608342e-02
-1.046890675464803300e-01
-1.287644919338643001e-01
-1.345391458484711533e-01
-1.222776867932480194e-01
-9.620782089636092937e-02
-5.856882525098638936e-02
-1.356682549809107297e-02
3.272953241972387239e-02
7.552218769724161618e-02
1.109661939119754859e-01
1.344969937155311435e-01
1.440429405390692974e-01
1.417852020967627080e-01
1.278297722212207166e-01
1.033319651320425692e-01
7.214629360518154400e-02
3.845771354281257715e-02
5.191343796079106454e-03
-2.328588298025535686e-02
-4.378122845069032376e-02
-5.647185719982117380e-02
-6.017684088416086485e-02
-5.372856433920825125e-02
-3.871961752419295077e-02
-1.851431690525884299e-02
5.277172315732103769e-03
3.002785166875643341e-02
5.256934731780327219e-02
7.149637699944766389e-02
8.506667397196809866e-02
9.070056586529418041e-02
8.821556450208611899e-02
7.999553687245897216e-02
6.659276839957795069e-02
4.970350725655436896e-02
3.228713121243820261e-02
1.626192126038716879e-02
2.962435750274439172e-03
-6.100965777525280131e-03
-1.029291886823113789e-02
-1.046532553432555357e-02
-6.566717443525216247e-03
1.057244692417746990e-03
1.060328680232869303e-02
1.991766968555719330e-02
2.831394256827057809e-02
3.516001681848424099e-02
3.983412778973915991e-02
4.303059804087849827e-02
4.436190699095443613e-02
4.321404975134335302e-02
4.024771420394390731e-02
3.636909742582017380e-02
3.189019112075874851e-02
2.739123877795646145e-02
2.349602067229761282e-02
2.033303088521165591e-02
1.820169819801042976e-02
1.737280216308501046e-02
1.763920149402786741e-02
1.848464911289271484e-02
1.985442556298999683e-02
2.163995743355862089e-02
2.346189267528431266e-02
2.510628020041894004e-02
2.644181561043779105e-02
2.741964543427521939e-02
2.812518048941381466e-02
2.877238685531824380e-02
2.929194461383732850e-02
2.948690215966287553e-02
2.941248790993600259e-02
2.918767969237578974e-02
2.884305484175753165e-02
2.845185700803787299e-02
2.804287735001786963e-02
2.753612106449954133e-02
2.700109136526895881e-02
2.657371579670142481e-02
2.629597794538840461e-02
2.620966756597753466e-02
2.630549594514786094e-02
2.649656238444819678e-02
2.670933581166079485e-02
2.685499367810240123e-02
2.691880181140393624e-02
2.692998067438479026e-02
2.688824385307619913e-02
2.680412323622705095e-02
2.670181139746152787e-02
2.659014138396686988e-02
2.647794624293053900e-02
2.637405902154066339e-02
2.628731276698448305e-02
2.622654052644968203e-02
