-2.614042288796354363e-01
2.528170960536046952e-01
6.220221356535209356e-01
8.602569356747808982e-01
9.815675418720515299e-01
1.000000000000000000e+00
9.296003558132945876e-01
7.844146550666053486e-01
5.737472985368441414e-01
3.017811160851440189e-01
-6.844025662484654049e-03
-3.161240399743883156e-01
-5.936715760846510426e-01
-8.106430158588058266e-01
-9.429079559687136847e-01
-9.759449974174787545e-01
-9.036262891918530604e-01
-7.365908937857952310e-01
-4.894910864755560587e-01
-1.902710854266443929e-01
1.308936880652107337e-01
4.381594378396298506e-01
6.996881290067278325e-01
8.866762092718327715e-01
9.779210745626891743e-01
9.663887848495205102e-01
8.507710401269867884e-01
6.445922740976222087e-01
3.675631227334157369e-01
5.213899195175808465e-02
-2.705716303246241683e-01
-5.649320032911600009e-01
-7.994016342230031436e-01
-9.501754627010513543e-01
-1.000000000000000000e+00
-9.445988738457320455e-01
-7.876466197740478181e-01
-5.487226456309179934e-01
-2.500878252442296779e-01
7.437644426118428242e-02
3.910452089500617845e-01
6.656007518507185416e-01
8.690972304420927497e-01
9.796910521446204889e-01
9.839240272375482377e-01
8.850693328045027286e-01
6.910759771307359856e-01
4.239891250461833572e-01
1.101426501552416060e-01
-2.148315810531432613e-01
-5.178045658496099879e-01
-7.652399971421139924e-01
-9.304112678660730884e-01
-9.985468305488341967e-01
-9.606769763786937588e-01
-8.222764089967249390e-01
-5.961236560812610552e-01
-3.095627315432235571e-01
9.663238126385698123e-03
3.260411026092724374e-01
6.061422720239921791e-01
8.205484714132327273e-01
9.463315451809202195e-01
9.712604601543934901e-01
8.910186630962559917e-01
7.175250127043693027e-01
4.665157819332752531e-01
1.673463689665688481e-01
-1.491169501166081934e-01
-4.481682901421357723e-01
-6.990036996163901950e-01
-8.746927898355069120e-01
-9.558622366957152394e-01
-9.376337158760834622e-01
-8.202055062368673877e-01
-6.179254094172095257e-01
-3.507259054034329582e-01
-4.993945569943647467e-02
2.542423801378610460e-01
5.280333045390996904e-01
7.427072910875900380e-01
8.781812795521528603e-01
9.193057589751745251e-01
8.632579147764172234e-01
7.148912288821203109e-01
4.934583348306162964e-01
2.200771234636706986e-01
-7.418167980012813079e-02
-3.586538696149010885e-01
-6.031058757419254235e-01
-7.821977666367386783e-01
-8.775744593726513276e-01
-8.782944731496862278e-01
-7.887186056103506759e-01
-6.168425698659998346e-01
-3.825986858776317945e-01
-1.095731094639985637e-01
1.712759883653747206e-01
4.313773439608736826e-01
6.424747702670590144e-01
7.822411461065867933e-01
8.393545926578307448e-01
8.069960360494956575e-01
6.904909444495972437e-01
5.013055142129254627e-01
2.627742514222650705e-01
-1.850395527948522911e-03
-2.633994783094397718e-01
-4.943282754502261733e-01
-6.712066386601569512e-01
-7.758122760492086600e-01
-7.988262817191517096e-01
-7.372525984181622638e-01
-6.010881519622714997e-01
-4.030627693320061322e-01
-1.667224224124966847e-01
8.318673667763087920e-02
3.197213160841778645e-01
5.189264643707534042e-01
6.599945353531126990e-01
7.280617680152099425e-01
7.200133529586243419e-01
6.360776863769044276e-01
4.869428328974627629e-01
2.878234216043125127e-01
6.229994367238989028e-02
-1.669908725019156881e-01
-3.747389042046783691e-01
-5.396164027780867567e-01
-6.474214851265400750e-01
-6.867881879303241455e-01
-6.550916952827726680e-01
-5.557076194425871751e-01
-4.023258287607371919e-01
-2.096376088391666004e-01
4.985796016827581667e-04
2.061471310266205226e-01
3.860618328295901680e-01
5.222485313669567031e-01
6.012057705206272917e-01
6.147226676728527739e-01
5.656351278214863942e-01
4.587012337433400422e-01
3.064012040849795060e-01
1.243329277933704624e-01
-6.687274387355379712e-02
-2.480797045624965058e-01
-3.998579638961837768e-01
-5.067503606531815752e-01
-5.609436439981934086e-01
-5.568985009803142372e-01
-4.964968986574157528e-01
-3.862215268822773995e-01
-2.403150446820636610e-01
-7.276674805693383874e-02
9.825080693076615468e-02
2.548792819094201079e-01
3.817855343959319914e-01
4.666465260066052778e-01
5.016082521758309376e-01
4.831444926302799203e-01
4.166959343961980089e-01
3.087336177722412867e-01
1.717672172302440181e-01
2.015856550170758155e-02
-1.298003341244030606e-01
-2.634376622140245372e-01
-3.669859010990853543e-01
-4.301913569865211118e-01
-4.498774956410189763e-01
-4.242503623026213644e-01
-3.570918475492143029e-01
-2.557685367049655767e-01
-1.329234364475685437e-01
-3.050916907207934514e-04
1.280164613108327742e-01
2.390002350158455524e-01
3.232026107880323629e-01
3.726576090738318303e-01
3.831762394274955685e-01
3.542301020397800038e-01
2.912296298839081032e-01
2.000239500318674590e-01
9.083880100446095618e-02
-2.496355964683993900e-02
-1.356586802799676361e-01
-2.307900399912505840e-01
-3.006594281043692973e-01
-3.385440753647772638e-01
-3.436988829014765434e-01
-3.157598270205682622e-01
-2.578512385582496513e-01
-1.760226736053251972e-01
-7.979826949118273838e-02
2.172969649777067858e-02
1.176165768612933427e-01
1.984550597171599318e-01
2.582178437867550524e-01
2.913275958755081607e-01
2.945332866209418032e-01
2.679406339513954460e-01
2.163182116160624613e-01
1.442009282812859450e-01
5.944048742871865798e-02
-2.899997500733431099e-02
-1.125072914859993611e-01
-1.834898688022471580e-01
-2.347305704175983720e-01
-2.614350229454811547e-01
-2.635339400729399539e-01
-2.409075399216741298e-01
-1.957531580428125695e-01
-1.329140346361543656e-01
-5.978578702574832704e-02
1.698971337850685437e-02
8.926707484577156571e-02
1.500755029900731063e-01
1.953912549713603397e-01
2.209605775988519039e-01
2.238399890596853847e-01
2.041239571240887063e-01
1.654633358760251305e-01
1.110447618069527742e-01
4.622171656865536882e-02
-2.239914202983672720e-02
-8.811440210825449704e-02
-1.450206201934675088e-01
-1.869873794293028801e-01
-2.099839438538017022e-01
-2.139188553354672839e-01
-1.983039652759204241e-01
-1.641281492649621088e-01
-1.148626159315899731e-01
-5.617004210706821876e-02
6.835243049680084226e-03
6.741068509620462557e-02
1.195263640809693939e-01
1.593400735340322338e-01
1.831308710146197782e-01
1.878239077621370878e-01
1.730103136845642098e-01
1.418309904239292152e-01
9.679452108469877025e-02
4.246763322596769363e-02
-1.529384013398105147e-02
-7.066234996488718334e-02
-1.185857918520740739e-01
-1.536659290350698148e-01
-1.724160466016085858e-01
-1.749116649800087631e-01
-1.608068571953099601e-01
-1.310711434143533305e-01
-8.901833408127213243e-02
-3.997412233675201598e-02
1.175034568237176558e-02
6.051882158763377539e-02
1.012671572180963153e-01
1.312765203937391600e-01
1.476907062652859093e-01
1.483369488803418790e-01
1.334216074222400739e-01
1.058496756453164434e-01
6.785712206054972384e-02
2.341006696181868740e-02
-2.253662055476557402e-02
-6.530500901211200304e-02
-1.009540806125514001e-01
-1.252603095074199535e-01
-1.357980035213981473e-01
-1.335503663338838409e-01
-1.187327471107080257e-01
-9.252312173050092348e-02
-5.802229744521880672e-02
-1.962725922656305411e-02
1.904495585159504678e-02
5.330604947545092287e-02
7.942225131008462391e-02
9.622723113130793315e-02
1.022149618700098905e-01
9.655335540379250681e-02
8.035083070763660018e-02
5.658160401583267607e-02
2.728435540436557893e-02
-4.039004349179031728e-03
-3.339867075523261786e-02
-5.812461252864786765e-02
-7.603831349945222584e-02
-8.488667992439391519e-02
-8.397462073067352151e-02
-7.512660302327278661e-02
-5.922866054800202118e-02
-3.862024733086477646e-02
-1.657430853823482764e-02
4.270594943231564855e-03
2.184406079560807790e-02
3.384634114705198371e-02
3.919384950714621674e-02
3.890049013175556070e-02
3.310161333187955357e-02
2.296490171438847483e-02
1.085518952920017099e-02
-7.544816393069142535e-04
-1.054836247377344272e-02
-1.693811407795764445e-02
-1.888741733135379519e-02
-1.727813939513900277e-02
-1.222593649076164635e-02
-4.622957412297457047e-03
3.644453391507429529e-03
1.062764444981278977e-02
1.525159502530426536e-02
1.593368321668942045e-02
1.167052244788591153e-02
3.177528601161938582e-03
-9.046338762329186878e-03
-2.358187549032086938e-02
-3.821697919721911418e-02
-5.032658499354514259e-02
-5.829088166319251751e-02
-5.983842143755868648e-02
-5.345525541831153138e-02
-3.983374907555115030e-02
-1.962153658830523284e-02
5.734627913924539300e-03
3.355984269263734276e-02
5.996786304620993491e-02
8.215722382344115005e-02
9.630530677825044350e-02
9.943477064289218958e-02
9.093387232930494335e-02
7.059394395172713388e-02
3.922888824062509272e-02
-5.691253011468333511e-04
-4.400113517701020882e-02
-8.723597073738320606e-02
-1.246989285399101588e-01
-1.511396925965624582e-01
-1.630373872255186374e-01
-1.580825723356361623e-01
-1.352711044780039451e-01
-9.575139550037237157e-02
-4.375289435295393048e-02
1.681553681238900921e-02
7.915345595772005360e-02
1.360331000809307245e-01
1.806062866979865067e-01
2.075014471995235699e-01
2.117033637064376084e-01
1.910681434344729812e-01
1.484653516038905163e-01
8.666250931255681245e-02
1.104577806646322991e-02
-7.100332075669302245e-02
-1.497755682743909800e-01
-2.169023672866838837e-01
-2.631693144812282670e-01
-2.822576915496858296e-01
-2.724826183248155731e-01
-2.329233642932986292e-01
-1.661279765289231936e-01
-7.785181635263815902e-02
2.168428184248027968e-02
1.233837962432511315e-01
2.155394611832521790e-01
2.872128933761743941e-01
3.299664418257752807e-01
3.379968491839764333e-01
3.088586310101699706e-01
2.436086374629338192e-01
1.494264755543071033e-01
3.399078930346588479e-02
-8.966812760263009885e-02
-2.081672831564026493e-01
-3.081234076734238325e-01
-3.784688926949144605e-01
-4.097435808888734154e-01
-3.966990220834475389e-01
-3.416477288353901853e-01
-2.481584415612239081e-01
-1.252912267674177738e-01
1.508594637454141463e-02
1.566333714442320613e-01
2.848244173782805699e-01
3.840935617561789250e-01
4.427010764453840341e-01
4.552072918109548727e-01
4.180310475447306384e-01
3.337381545055766452e-01
2.094941250867530247e-01
5.961775287793691369e-02
-1.020510861972208083e-01
-2.571770372788582115e-01
-3.885276619953145216e-01
-4.813445155817197563e-01
-5.246178412783317757e-01
-5.126880820799132321e-01
-4.446483324221538469e-01
-3.283772259055356413e-01
-1.734068043901697553e-01
3.025451760553465874e-03
1.827283281220435374e-01
3.456126079413617269e-01
4.743145082768285281e-01
5.532392387930729072e-01
5.721637737749849517e-01
5.304509160581127869e-01
4.299702144465176179e-01
2.808387479163643174e-01
9.705730660057754200e-02
-1.003085826412688508e-01
-2.913591224504505917e-01
-4.536901731182094721e-01
-5.691609521022424900e-01
-6.262090477111064146e-01
-6.166834234785000257e-01
-5.407860837650477759e-01
-4.044621236529593045e-01
-2.238362803734058604e-01
-1.551852685702292955e-02
1.971002251487334878e-01
3.912627251086759905e-01
5.454125606390543002e-01
6.423861883894197433e-01
6.703595463578604363e-01
6.238574517556507715e-01
5.101423636956006202e-01
3.387529324691773702e-01
1.283842160251462694e-01
-9.979608564039199603e-02
-3.197571845390804191e-01
-5.084421672229608724e-01
-6.440661843848836110e-01
-7.106642536944646205e-01
-7.026953843067698102e-01
-6.186147277846453241e-01
-4.676192777995070715e-01
-2.640155938089855381e-01
-3.198496884648116545e-02
2.058133861250157626e-01
4.228273996288733905e-01
5.950451365365623246e-01
7.041503585215438399e-01
7.372028969764714557e-01
6.908369065155799404e-01
5.678219402284945261e-01
3.831861692208811121e-01
1.538467368563571913e-01
-9.399092228072991606e-02
-3.342625021833783849e-01
-5.404526526445950774e-01
-6.903723203758956872e-01
-7.670558060428991354e-01
-7.604489068520282613e-01
-6.740207798032901154e-01
-5.145125647684892778e-01
-2.996005303201532133e-01
-5.053618728176001440e-02
2.040900077950524860e-01
4.379878853716976383e-01
6.244808212295500649e-01
7.427938597575456381e-01
7.822962938699502544e-01
7.367809007346974859e-01
6.116424321705233869e-01
4.183830086685793592e-01
1.803127278051990245e-01
-7.945641998619878965e-02
-3.316468991477548034e-01
-5.489640453917914442e-01
-7.080997242659758939e-01
-7.913804379669118205e-01
-7.902916314902597161e-01
-7.030163245448453058e-01
-5.413456819366297967e-01
-3.198853411826209081e-01
-6.465545457476484792e-02
1.975261011656228582e-01
4.375868935804680948e-01
6.302364770957045170e-01
7.540842912521885655e-01
7.946126170844967085e-01
7.505139330095609296e-01
6.244661500455459535e-01
4.311580868651936349e-01
1.897990971294718499e-01
-7.122038614835601855e-02
-3.252259819618361636e-01
-5.433931535261277146e-01
-7.021586990183359411e-01
-7.869100067606072946e-01
-7.871853459679077902e-01
-7.037942693670187211e-01
-5.443038333507228543e-01
-3.287719386743888084e-01
-7.799299451156704865e-02
1.794535499000198264e-01
4.161075948558772275e-01
6.065212966644348835e-01
7.302571170158640435e-01
7.744343210850177517e-01
7.329782252195469194e-01
6.140054861346011528e-01
4.284087579441082649e-01
1.975850986808886933e-01
-5.470809515102792453e-02
-2.997313295814881817e-01
-5.118828563879445070e-01
-6.675851798752633348e-01
-7.494271915411742091e-01
-7.517949002576190809e-01
-6.730680574946745764e-01
-5.231487695452571307e-01
-3.169829483833507267e-01
-7.956734344108551404e-02
1.652764037406546649e-01
3.900882587642018340e-01
5.703628240653868531e-01
6.879559897101459320e-01
7.298667044361681899e-01
6.929576793776077714e-01
5.800656478968033714e-01
4.064640403626769150e-01
1.888520137435922841e-01
-4.723732106837430500e-02
-2.764412302001756361e-01
-4.739227797914327134e-01
-6.189102613874666314e-01
-6.961896886602223500e-01
-6.967737828264950473e-01
-6.245608995753180182e-01
-4.861274860962274680e-01
-2.978504208665300190e-01
-7.928311357108386304e-02
1.439236656932341152e-01
3.486267706069723360e-01
5.121090826248242411e-01
6.167411624449261609e-01
6.546409061907110249e-01
6.209863737629550684e-01
5.208075641844924775e-01
3.643590948096309123e-01
1.713931569051569959e-01
-3.888564093858126736e-02
-2.426805898378632254e-01
-4.178404439878868892e-01
-5.464027930410937373e-01
-6.147916778210145150e-01
-6.172566355830759743e-01
-5.531109724179054110e-01
-4.322453483362432847e-01
-2.662403520153228120e-01
-7.496999140434723596e-02
1.210376109133481926e-01
3.002722732656870619e-01
4.441113873739355178e-01
5.371191645693085270e-01
5.690739283128978254e-01
5.403739577719512965e-01
4.535012659530406331e-01
3.191361118364079985e-01
1.513365299238973449e-01
-2.981806867198033562e-02
-2.055526648739027795e-01
-3.558648933212298360e-01
-4.646878171979745842e-01
-5.231617209668268931e-01
-5.247840951132122234e-01
-4.706429695693218340e-01
-3.665225390779389691e-01
-2.265301885293057316e-01
-6.450405929511704439e-02
1.009797523131994446e-01
2.518372283101930620e-01
3.724038774552167474e-01
4.502457916384055014e-01
4.778745734905225362e-01
4.521675466106633845e-01
3.790411698736757540e-01
2.655862949781992999e-01
1.258578573687090252e-01
-2.478584483860868382e-02
-1.694575300900000858e-01
-2.932307262568122352e-01
-3.826368505365702610e-01
-4.281596082490500832e-01
-4.282621415935158327e-01
-3.828256165235375263e-01
-2.979430224234944635e-01
-1.829859159380430311e-01
-5.258592427413633086e-02
7.988322095501776410e-02
1.993263126854236678e-01
2.929330521344191141e-01
3.530054647863858364e-01
3.732651117255934015e-01
3.524993201652661945e-01
2.933353758024312974e-01
2.046103513557846476e-01
9.507045228995436581e-02
-2.230640085579793652e-02
-1.344629429837899126e-01
-2.296820164105178863e-01
-2.983059749933956173e-01
-3.334063179204944660e-01
-3.313850964522305764e-01
-2.955793807826663233e-01
-2.296352599815896234e-01
-1.414367654263769536e-01
-4.071523575593305466e-02
6.077839827883635415e-02
1.525864785675727919e-01
2.243362255547758366e-01
2.684873665855838087e-01
2.832050461104673733e-01
2.670558539252527730e-01
2.223893172627777748e-01
1.544402846187142853e-01
7.239526319104672147e-02
-1.554101435090338157e-02
-9.929501303026344594e-02
-1.695150013910123876e-01
-2.199478030188591893e-01
-2.456986339758667759e-01
-2.446473644594653329e-01
-2.172875679073955624e-01
-1.686230004556396045e-01
-1.033922886145530740e-01
-2.982925761397192677e-02
4.332147472628977702e-02
1.083776055398613103e-01
1.588772039037467110e-01
1.894464056114477657e-01
1.970788196067805309e-01
1.835833386977294701e-01
1.504579003640666990e-01
1.016338133548138067e-01
4.292833832908593550e-02
-1.827683037420801959e-02
-7.570633269025195400e-02
-1.225673551970275499e-01
-1.540039158379272743e-01
-1.692514592396988649e-01
-1.668328124680367175e-01
-1.470206695014936171e-01
-1.125962880789821430e-01
-6.868368574621752654e-02
-1.951315146929788469e-02
2.905100007304106668e-02
7.129181298239561926e-02
1.035856029308039883e-01
1.229722548993250619e-01
1.276559004063027025e-01
1.176171777000656338e-01
9.563417199796897528e-02
6.377958229349167674e-02
2.591168218225159414e-02
-1.322786764048089481e-02
-4.947612106458010306e-02
-7.934408399589343297e-02
-9.929591891196376530e-02
-1.074399799716891923e-01
-1.049596694744350245e-01
-9.213137461138831696e-02
-7.024335914464341357e-02
-4.220317486997793299e-02
-1.164472599191246349e-02
1.846775167499026260e-02
4.427249654822706937e-02
6.295126857156518874e-02
7.427176226092724320e-02
7.726699736005970820e-02
7.125373009768343202e-02
5.736790265328983729e-02
3.821096905632681562e-02
1.546229812134369830e-02
-8.112708443512972600e-03
-2.951611427672384824e-02
-4.718743420820992185e-02
-5.961112708653260039e-02
-6.489970482472529056e-02
-6.269891771763236310e-02
-5.474711334356441306e-02
-4.168851535577322576e-02
-2.513098999202290074e-02
-7.690517603607061048e-03
8.708014286304299745e-03
2.264470778381477700e-02
3.225351971188850086e-02
3.661927545874976708e-02
3.655507436442406721e-02
3.198580212258717026e-02
2.320030426492003528e-02
1.186478151234915401e-02
9.276222378451493000e-06
-1.143048647833988518e-02
-2.117839119457143315e-02
-2.812862825497852715e-02
-3.257411905682061626e-02
-3.402588632034453386e-02
-3.188809775182155359e-02
-2.688232332982876116e-02
-2.030594226227266930e-02
-1.264286070005415930e-02
-4.748426969633956496e-03
2.290355568982604950e-03
8.041485538540893430e-03
1.200209942366892157e-02
1.359965404350749196e-02
1.296751356285197332e-02
1.090173034552321951e-02
7.526083103669867214e-03
3.102855794438363901e-03
-1.611814032197012025e-03
-6.064489424077779134e-03
-9.887778677747705025e-03
-1.263221265013070305e-02
-1.414784146848724333e-02
-1.476405407941328018e-02
-1.439365101359901811e-02
-1.294868304273266713e-02
-1.079517866111179281e-02
-8.366385804904452606e-03
-5.848322081416612583e-03
-3.471324533828479275e-03
-1.453474183930603125e-03
2.194792893723818139e-04
1.382835612132371494e-03
1.754884232447739834e-03
1.377523149477921649e-03
5.112633939676758388e-04
-7.779192368989606976e-04
-2.319559818124483641e-03
-3.867118976674244202e-03
-5.311867305580530996e-03
-6.515708322843205558e-03
-7.275637227143749719e-03
-7.528497053538529826e-03
-7.359893117327098722e-03
-6.791166806113135834e-03
-5.956252885771617933e-03
-5.074035631224549370e-03
-4.334025787504303118e-03
-3.798076867046584759e-03
-3.485794324466051641e-03
-3.415126609045859851e-03
-3.501082131874944103e-03
-3.744106580088724101e-03
-4.126931502960062836e-03
-4.528519372362871387e-03
-4.832608883796885024e-03
-5.020081111535068530e-03
-5.101180695710305635e-03
-5.085174589152252622e-03
-5.041237350241201121e-03
-4.963158998535943667e-03
-4.832350791373118959e-03
-4.693576349273920201e-03
-4.580536309316429744e-03
-4.499731273022500311e-03
-4.453829227031302906e-03
-4.435957257375000573e-03
-4.422610027329687554e-03
-4.416676621186166329e-03
-4.415164390592862809e-03
-4.415080687198758014e-03
-4.413432862652943989e-03
-4.407228268603735621e-03
-4.393474256700447000e-03
