-2.548784451672700957e-01
-5.326178298995636329e-01
-6.891311556196754173e-01
-7.415813639593358264e-01
-7.071313965502752374e-01
-6.029441950242235837e-01
-4.461827010129115756e-01
-2.540098561480723660e-01
-5.069508014547718933e-02
1.538635559988315027e-01
3.407048478408467584e-01
4.868745129235818592e-01
5.760820134267519155e-01
6.011700412974099184e-01
5.588532280648355055e-01
4.560042747539447827e-01
3.031664638242261844e-01
1.199441264734739665e-01
-7.497743879589968685e-02
-2.592714916411776871e-01
-4.122796123882759289e-01
-5.182093016621793780e-01
-5.656858571430402050e-01
-5.510568582901393953e-01
-4.754584692955563519e-01
-3.504079602132386118e-01
-1.883372416379078818e-01
-9.244610335524705569e-03
1.667867813306609381e-01
3.202625238243124173e-01
4.348622998436590947e-01
4.983610207330952946e-01
5.035848533867910426e-01
4.541059969274638952e-01
3.549212189717090293e-01
2.184147852825299996e-01
5.963937128776319874e-02
-1.018329340656441984e-01
-2.487492211147254162e-01
-3.643328467428196271e-01
-4.359561820650562636e-01
-4.594178317934506373e-01
-4.320273010588735474e-01
-3.583244132455771780e-01
-2.468560053375928875e-01
-1.129092307324141009e-01
2.954703331856856074e-02
1.638045363823121825e-01
2.744329004456593779e-01
3.504087779141000780e-01
3.838748537390768156e-01
3.729871415436558646e-01
3.193426130344125813e-01
2.321039443679362435e-01
1.205238294484647366e-01
-1.010996079705117623e-03
-1.181242881379911402e-01
-2.177045810002902204e-01
-2.890362269745615498e-01
-3.248611830390173427e-01
-3.214721487153520130e-01
-2.826558241673707839e-01
-2.126749635440947639e-01
-1.213961848317897108e-01
-1.999410810332558075e-02
7.875793552103882433e-02
1.637840875070697422e-01
2.247986708814635470e-01
2.548494280983510940e-01
2.539999574378830616e-01
2.225750234536061356e-01
1.654712825741406768e-01
9.004723215916921042e-02
7.423053772456666977e-03
-7.283851466747703896e-02
-1.402939239015613682e-01
-1.865559867792525583e-01
-2.083099418595993901e-01
-2.032257096545138086e-01
-1.730969934362258655e-01
-1.221884774622887804e-01
-5.929735460945817493e-02
8.233992555942926117e-03
7.106405134287130387e-02
1.203822468880835217e-01
1.505634154832877769e-01
1.579705935247437409e-01
1.424281454764546595e-01
1.058705023851296279e-01
5.505976613075813653e-02
-4.120937148793135663e-03
-6.279041952228492374e-02
-1.123275773681281509e-01
-1.460782381025316212e-01
-1.593556058178648982e-01
-1.501832948479318031e-01
-1.189858420216736157e-01
-7.119266865942364131e-02
-1.176041623217283227e-02
5.043808727205956188e-02
1.065073839528800637e-01
1.484422046170725817e-01
1.702388302959618738e-01
1.678293120281750817e-01
1.400129163397128007e-01
9.091116453393799368e-02
2.474169506028145449e-02
-4.910999887096934025e-02
-1.208894247709800807e-01
-1.806985570717654088e-01
-2.205856719866493565e-01
-2.335910691161593444e-01
-2.162050904544470242e-01
-1.713629266127385531e-01
-1.022916472329468141e-01
-1.665956584361016901e-02
7.593627344276532298e-02
1.628502536074734053e-01
2.336815900596331819e-01
2.778312391969577355e-01
2.883414228842839933e-01
2.647438877432444215e-01
2.073011298147902082e-01
1.212752102541252430e-01
1.519601023144923069e-02
-9.730840657014649953e-02
-2.044289960092600111e-01
-2.922583879318968458e-01
-3.489469887096398049e-01
-3.671753145723439804e-01
-3.428231254791174187e-01
-2.774578064330707194e-01
-1.761949656776141682e-01
-5.135673798278883595e-02
8.513337677559462691e-02
2.165734197250717141e-01
3.272364929354136809e-01
4.034686030087617503e-01
4.352383749106105704e-01
4.174607955464513243e-01
3.495751044506423266e-01
2.394545021763978543e-01
9.626091414977966387e-02
-6.320058125980265729e-02
-2.215596919486272354e-01
-3.599944584377935408e-01
-4.626731639110943650e-01
-5.158130338271892379e-01
-5.111078235933017577e-01
-4.502099924909526152e-01
-3.368272922373773959e-01
-1.827145854660662261e-01
-2.964467595960695867e-03
1.809400474926776692e-01
3.494084489791315917e-01
4.813652120107276833e-01
5.607436606205857821e-01
5.793797594598004697e-01
5.323780527265571383e-01
4.237592878338707347e-01
2.629415363711096187e-01
6.927210197617728049e-02
-1.385280320314340452e-01
-3.361486337611203634e-01
-5.010501720547980709e-01
-6.140980851277714203e-01
-6.612958377119595443e-01
-6.363037711050394396e-01
-5.388481933998824358e-01
-3.806940549885803327e-01
-1.756965964346204334e-01
5.205807349464963707e-02
2.781208953569225262e-01
4.764799381339057671e-01
6.251375932677811775e-01
7.059413246148955601e-01
7.075863806476561102e-01
6.316321284685739723e-01
4.831288359536565213e-01
2.783447821443472137e-01
3.752360985760505585e-02
-2.107648711320769808e-01
-4.404817922397747942e-01
-6.243404098934490776e-01
-7.410208900913402008e-01
-7.791414517487921243e-01
-7.316591378087020647e-01
-6.032707818718350268e-01
-4.053154393797522292e-01
-1.616152170232021401e-01
1.041286807877517262e-01
3.611245236561273497e-01
5.808762507436142641e-01
7.386817998021781850e-01
8.159664037179046314e-01
8.040025920410893701e-01
7.012444628876279840e-01
5.206239338897213909e-01
2.781438563150118171e-01
2.097011872259191279e-03
-2.784874785506737949e-01
-5.316417471118861648e-01
-7.298544938999214082e-01
-8.498923783956302547e-01
-8.764089688663632138e-01
-8.089648054764906338e-01
-6.516289309772238525e-01
-4.220752037027228898e-01
-1.427534124587580555e-01
1.535306825424636035e-01
4.359772769675507309e-01
6.715129653325067061e-01
8.335675768665646856e-01
9.060639557627256924e-01
8.785244415193145251e-01
7.541811001910063705e-01
5.438191372548075719e-01
2.731994982868457544e-01
-3.141221191732179729e-02
-3.349163280993360248e-01
-6.042229343369890371e-01
-8.093941265496396031e-01
-9.271758985858021829e-01
-9.446651915353578843e-01
-8.571995105015841609e-01
-6.768396631056550206e-01
-4.195542617181255984e-01
-1.158467432185444901e-01
2.024093289372621562e-01
4.990236104901371039e-01
7.422501046402756320e-01
9.043365667467890834e-01
9.658466299032177904e-01
9.229655461310473097e-01
7.773460129994724799e-01
5.460642401431148318e-01
2.518604763742384733e-01
-7.023864312999938964e-02
-3.870648057571723921e-01
-6.620359411861818089e-01
-8.648223298958033212e-01
-9.753577667949615559e-01
-9.794761871667204689e-01
-8.774668302026314981e-01
-6.779700808733541972e-01
-4.059191610445683773e-01
-8.766033217760738072e-02
2.399403202848204852e-01
5.416289211299791795e-01
7.840028461465877729e-01
9.402352898408568027e-01
9.932947438896164716e-01
9.349940420900759719e-01
7.756473633385623234e-01
5.295774717630674644e-01
2.251717853463806041e-01
-1.063438277084185479e-01
-4.266685951215849482e-01
-7.017717061630823761e-01
-9.005333887101674151e-01
-1.000000000000000000e+00
-9.925086877266285912e-01
-8.763096761222116671e-01
-6.656686235266715546e-01
-3.811959713657464555e-01
-5.717887932644094562e-02
2.736475970657663570e-01
5.738753997665786422e-01
8.103088164781873104e-01
9.580902740443539845e-01
1.000000000000000000e+00
9.331211664223815205e-01
7.623554026542143092e-01
5.097414910922217768e-01
1.996330015884442144e-01
-1.318909732470860963e-01
-4.494506019529140861e-01
-7.178074339167186402e-01
-9.078232979013645121e-01
-9.986064026214880318e-01
-9.782109057892067749e-01
-8.532222601891525926e-01
-6.346235745237454040e-01
-3.482539743268968646e-01
-2.355591946721991015e-02
3.016905742774111943e-01
5.932233272613924857e-01
8.181113219644966517e-01
9.510349306681185055e-01
9.806714334257615739e-01
9.017585350521122312e-01
7.248487060888337830e-01
4.673503267909924208e-01
1.610922888057526592e-01
-1.632359177252825644e-01
-4.689198913235139710e-01
-7.224856359511860893e-01
-8.972848245529108091e-01
-9.736685601863258599e-01
-9.450401648017415779e-01
-8.127027306520574479e-01
-5.945666896857495498e-01
-3.114604571359943508e-01
3.186771250139441847e-03
3.159511588360406353e-01
5.920762172930977840e-01
8.020093734548741082e-01
9.229387012412177960e-01
9.404277304207877552e-01
8.569545700466849603e-01
6.794108011595809682e-01
4.289621275199455575e-01
1.310887906954314452e-01
-1.792532036588698752e-01
-4.696280550809620591e-01
-7.070731175095668064e-01
-8.654553156730981911e-01
-9.307418316135556147e-01
-8.943225482615084765e-01
-7.619079543272516686e-01
-5.462609402727562902e-01
-2.744534421273335800e-01
2.646472838387081694e-02
3.220896951216820625e-01
5.803009154859362084e-01
7.735783494233852142e-01
8.808012282708908014e-01
8.917511780335380944e-01
8.037365666628735195e-01
6.298879924019311627e-01
3.865488254867368578e-01
1.031072439036693211e-01
-1.901998185144557763e-01
-4.606006462279967906e-01
-6.795284656445268467e-01
-8.231272124815137703e-01
-8.750341790221609628e-01
-8.337449940023693440e-01
-7.020983236932660798e-01
-4.963510965567081712e-01
-2.375621737226315533e-01
4.321677736782691959e-02
3.168752142386186410e-01
5.522942872337748277e-01
7.240194793138632345e-01
8.165858523202720320e-01
8.189178014158242647e-01
7.322792580629984283e-01
5.650024335436119038e-01
3.387733490353399546e-01
7.591542726020139575e-02
-1.931889759859742872e-01
-4.394938503909007199e-01
-6.365648041272666813e-01
-7.632617374578927194e-01
-8.069262609997284175e-01
-7.618177204216500797e-01
-6.367663747234079130e-01
-4.434953800935785839e-01
-2.049899847415472820e-01
5.371319950360975426e-02
3.031494191789627646e-01
5.171504474658688011e-01
6.720692626643873790e-01
7.506694367022195280e-01
7.482461570309251186e-01
6.639141797292882341e-01
5.085384001020312184e-01
2.979605982498507721e-01
5.788067054550483093e-02
-1.872240129391256058e-01
-4.095558337428423235e-01
-5.849180387369076195e-01
-6.962677264632128882e-01
-7.312345415597660825e-01
-6.876551542460312971e-01
-5.694344766002185088e-01
-3.927087334144175879e-01
-1.746818422175957508e-01
5.929624376584752277e-02
2.840531309321323583e-01
4.752121451577646649e-01
6.125849182137321769e-01
6.814675495860920140e-01
6.735425951698659208e-01
5.939770436984861401e-01
4.502220021607143963e-01
2.593842373485768515e-01
4.149689859282368332e-02
-1.781090561381251103e-01
-3.765551864902345613e-01
-5.317563385402483966e-01
-6.267995387225735460e-01
-6.546889039178482861e-01
-6.117406000558294199e-01
-5.042070073699791433e-01
-3.433373453822715637e-01
-1.497030655873090588e-01
5.744282624770136181e-02
2.549947799359446599e-01
4.213711422957546748e-01
5.398334610649928589e-01
5.978155961407352059e-01
5.905191524893276256e-01
5.182967781781404604e-01
3.918371458387344131e-01
2.232745532890723084e-01
3.267272980953594974e-02
-1.594463765655452780e-01
-3.320955422992850625e-01
-4.672757074222930740e-01
-5.503934970097527080e-01
-5.721303859213880960e-01
-5.339442239265630441e-01
-4.391727777597875804e-01
-2.990609158308094040e-01
-1.281713213102539939e-01
5.324974989163044903e-02
2.264517782512525113e-01
3.717321881393735872e-01
4.734806807293392428e-01
5.236323621021947705e-01
5.164162922443136239e-01
4.536195794652431168e-01
3.417814180245430933e-01
1.956642649614941387e-01
2.956307417773862412e-02
-1.376648068535504255e-01
-2.877335129185579765e-01
-4.051071675312951648e-01
-4.776280590789692138e-01
-4.982847463458579540e-01
-4.645332232386909510e-01
-3.828915148534447477e-01
-2.610539256557935506e-01
-1.138679985153610019e-01
4.257928293885449023e-02
1.909032720728149890e-01
3.158120613435371205e-01
4.035828870085986786e-01
4.446965915474996311e-01
4.379778728976491120e-01
3.837128294454550392e-01
2.885796597153678089e-01
1.627232473649704581e-01
2.174596745489409955e-02
-1.200228545922024104e-01
-2.463987946256743777e-01
-3.438625122494997077e-01
-4.043723078049928921e-01
-4.213420593403028880e-01
-3.935754394153840874e-01
-3.241367767431239111e-01
-2.227673509614604974e-01
-9.917356687427880679e-02
3.229894566514390775e-02
1.572372185920691834e-01
2.625488094986478949e-01
3.374803159184285306e-01
3.741845185470904500e-01
3.686085584647804669e-01
3.245147947961299906e-01
2.461268484246583732e-01
1.423525902011981703e-01
2.426810884796259948e-02
-9.445741372932414670e-02
-2.016361082479242173e-01
-2.851000419612917947e-01
-3.359146996441584321e-01
-3.514267216734741073e-01
-3.297767385095674575e-01
-2.736826111300256770e-01
-1.892340661882671027e-01
-8.736602555198669240e-02
2.200907439881460981e-02
1.266072619909144326e-01
2.148370603579774496e-01
2.782958781614979227e-01
3.105762314729598739e-01
3.086939481924080297e-01
2.728094995942687007e-01
2.087284861839286965e-01
1.223733567016893620e-01
2.422031055072904060e-02
-7.462434218756086590e-02
-1.636941563197179539e-01
-2.340420926244273225e-01
-2.778944853137866877e-01
-2.905701077010950373e-01
-2.735959567517787239e-01
-2.285838424504923472e-01
-1.605021685780073648e-01
-7.683196402388126067e-02
1.212456574531395326e-02
9.733182532397277598e-02
1.688845666620384378e-01
2.192592588922614993e-01
2.456777202867799215e-01
2.452340741079743758e-01
2.179577816679239000e-01
1.671488338664028905e-01
9.991003935827258431e-02
2.251124220760458705e-02
-5.622301244883509685e-02
-1.273499819936836364e-01
-1.838174230011393462e-01
-2.200886616808924723e-01
-2.324743187023809998e-01
-2.197497001256747406e-01
-1.853001660089463876e-01
-1.322536221232804010e-01
-6.660951003741422127e-02
4.291369653657506333e-03
7.260698671199916632e-02
1.315250286557536619e-01
1.741283338688770499e-01
1.959103869889120553e-01
1.970678571266530898e-01
1.773893822624059702e-01
1.387313143011978944e-01
8.543361427616913417e-02
2.432792177343601203e-02
-3.865124213448301038e-02
-9.611418516094183406e-02
-1.417324030452651318e-01
-1.721820587176887685e-01
-1.844452379208484372e-01
-1.771230287684788518e-01
-1.512837664080876054e-01
-1.111370065794218265e-01
-6.019187759000443894e-02
-4.428919593385871600e-03
4.952531075162314167e-02
9.619734182566630487e-02
1.311005419019135587e-01
1.500826539566020301e-01
1.511170728410646813e-01
1.361648063393809949e-01
1.065443652296653720e-01
6.544049360902937096e-02
1.773230142294934808e-02
-3.091240303805875556e-02
-7.568411676714192904e-02
-1.110277285790950419e-01
-1.331970161760708260e-01
-1.420121890142598264e-01
-1.364987385638744000e-01
-1.168193536627150086e-01
-8.555048535246301267e-02
-4.722770888944327616e-02
-5.275203489953361746e-03
3.540973215688669740e-02
7.008461990302561340e-02
9.612668917431244076e-02
1.110824199093611853e-01
1.130379339159777174e-01
1.020805445873975703e-01
8.084821409323872388e-02
5.109266535738310466e-02
1.603990576449532135e-02
-2.005434127209460016e-02
-5.338524631272767440e-02
-8.080915585925108058e-02
-9.882930605002304691e-02
-1.056217793487458367e-01
-1.023617339659611547e-01
-8.921986593204156435e-02
-6.713394073438638809e-02
-3.884380652885988106e-02
-7.929314591993752437e-03
2.278938558700871475e-02
4.942613068251922037e-02
6.898369516516522637e-02
8.092057708321931386e-02
8.411355501229800247e-02
7.760013057651438118e-02
6.235670867860187983e-02
4.107689977717332575e-02
1.547969099635149171e-02
-1.155512018996107670e-02
-3.670543635756795542e-02
-5.786256540053547059e-02
-7.312202538847678568e-02
-8.006456605380074532e-02
-7.797527862485920114e-02
-6.860807459474882464e-02
-5.262542980810813731e-02
-3.173900997418377390e-02
-8.904422989186699944e-03
1.328832406140456612e-02
3.288620606848646766e-02
4.727781516567342024e-02
5.488616561596959542e-02
5.626231124271674489e-02
5.117668262017316394e-02
3.977356940380638584e-02
2.385547997093362405e-02
6.036721077789852785e-03
-1.226855463095188892e-02
-2.891253518351988294e-02
-4.189159230246186638e-02
-5.099483705755858409e-02
-5.533930790357388663e-02
-5.373309919558388881e-02
-4.667382084236504358e-02
-3.592412316994142429e-02
-2.225957934025213358e-02
-7.126148102204798995e-03
7.488892394787338702e-03
2.035345702927604528e-02
3.036488704520512449e-02
3.598422845999493802e-02
3.678027121912341713e-02
3.382575337387017100e-02
2.721277891556983519e-02
1.727122628063337828e-02
5.460542238275856164e-03
-6.692869961122172029e-03
-1.823642400032809974e-02
-2.772633520008538355e-02
-3.413465946729266065e-02
-3.764465855110987746e-02
-3.785619216073543569e-02
-3.426417312879492805e-02
-2.753207406368085586e-02
-1.899736045249689198e-02
-9.280909423089456212e-03
5.872880851136574876e-04
9.381514816745539775e-03
1.656517040529070783e-02
2.146300781761767418e-02
2.295279650480930300e-02
2.089643534257912272e-02
1.625643868341186682e-02
9.355611347000136746e-03
1.106533396793452084e-03
-7.157961072729923657e-03
-1.460319716774027832e-02
-2.059292279813651483e-02
-2.434026293741931024e-02
-2.549203278876843726e-02
-2.441300062481810418e-02
-2.114871876673785067e-02
-1.597557878870481396e-02
-9.823418439315223516e-03
-3.823027303703985247e-03
1.584625413716400644e-03
5.872467312857398980e-03
8.584947150930721804e-03
1.004361080293736386e-02
1.005100744406850488e-02
8.306114866797997820e-03
5.211744447053856533e-03
1.375741659081608503e-03
-2.911161339972823114e-03
-7.115460642312942952e-03
-1.069406004974871038e-02
-1.346487049178524131e-02
-1.518030363761768697e-02
-1.557575283293988200e-02
-1.475453361419165610e-02
-1.314695740731974816e-02
-1.085134252203057148e-02
-8.040074334123348265e-03
-5.121746679424887816e-03
-2.387879273850535000e-03
-5.171932231018416815e-05
1.630799286008288718e-03
2.580845572367707064e-03
2.977896677716973528e-03
2.763618713415683104e-03
1.834660435269697132e-03
3.605466559533088144e-04
-1.411180996069849591e-03
-3.353266066705717918e-03
-5.297517822414388178e-03
-7.077368622572799417e-03
-8.645313116122488317e-03
-9.848317105375925529e-03
-1.036056861388812145e-02
-1.010208175067972558e-02
-9.242421502671294142e-03
-7.851173966638036461e-03
-6.169417005892019468e-03
-4.478675355280015147e-03
-2.926771741817435490e-03
-1.658804834652194415e-03
-8.798129224540929272e-04
-6.964880405287976473e-04
-1.067189870122220441e-03
-1.951568188656715996e-03
-3.157506646197849598e-03
-4.410822404052106016e-03
-5.443425118572320365e-03
-6.182173791293599230e-03
-6.616131867014596324e-03
-6.718340593918847858e-03
-6.608769375743062113e-03
-6.289749364900676376e-03
-5.781695180136714463e-03
-5.238782262578678406e-03
-4.796788446276289974e-03
-4.485212147569583863e-03
-4.303699612043021538e-03
-4.245614999220270747e-03
-4.234660785909838410e-03
-4.279055284997945741e-03
-4.395081661309196974e-03
-4.522894019459822168e-03
-4.611497419390819807e-03
-4.654122716790665137e-03
-4.656266738949255135e-03
-4.629091882059177543e-03
-4.609475059061063362e-03
-4.591877870196547917e-03
-4.560061262862680209e-03
-4.529323514647742854e-03
-4.510112441446945120e-03
-4.503197660534974389e-03
-4.509136091347398789e-03
-4.522832855470504398e-03
-4.532184085730195378e-03
-4.538815491873737784e-03
-4.547875194580996983e-03
-4.556838125380990867e-03
-4.565908146987651683e-03
-4.574443728420751754e-03
-4.580087237681995660e-03
-4.583490441865456511e-03
-4.586305962879899667e-03
-4.588339652095485555e-03
-4.589715411244754684e-03
-4.591205400443221230e-03
-4.593011126359014540e-03
-4.595467647871220862e-03
-4.599119229906967199e-03
-4.604034521072719599e-03
-4.609915659390062537e-03
-4.616679306906901203e-03
-4.623948161107116483e-03
-4.631077637002212199e-03
-4.637460069416787789e-03
-4.642902136481219522e-03
-4.647353586717417606e-03
-4.650747055651605066e-03
-4.653315637951460637e-03
-4.655001231436917131e-03
-4.655751237551353228e-03
-4.655813734430025441e-03
-4.655401553421367744e-03
-4.654514896400008261e-03
-4.652893262926949269e-03
-4.650406937299123022e-03
-4.647047400593629085e-03
-4.642981000529955438e-03
-4.638604775449639561e-03
-4.634134870423634034e-03
-4.629649396119095428e-03
-4.625351903531638165e-03
-4.621602567972282749e-03
-4.618630162707804132e-03
-4.616493038919533554e-03
-4.614830260053381927e-03
-4.613597502084898494e-03
-4.612750440989299427e-03
-4.612244752741467835e-03
-4.612036113317063979e-03
-4.612080198691304034e-03
