-2.563467680982021157e-01
-1.553319647839090933e-02
1.741963783658051490e-01
3.158341241819409007e-01
4.123722087175698547e-01
4.668027997202468526e-01
4.821180649375256255e-01
4.613101721169636793e-01
4.022438709278584046e-01
3.053319263430098740e-01
1.766456523898169984e-01
3.222582406404139732e-02
-1.124313277904808173e-01
-2.453437565079423788e-01
-3.529621975510460752e-01
-4.235566726375642466e-01
-4.497427047916672249e-01
-4.318548833093508454e-01
-3.708808196517734412e-01
-2.723750005992032763e-01
-1.457962705843371953e-01
-5.060439986030784709e-03
1.369571480630735749e-01
2.649667623970801689e-01
3.664150280514413272e-01
4.339755352410505918e-01
4.605331476163170290e-01
4.424230511747755390e-01
3.812448792768790007e-01
2.847511392331782965e-01
1.605420104947354876e-01
2.096130951488373029e-02
-1.201830899806280994e-01
-2.491422895893893319e-01
-3.539102939383440560e-01
-4.229434299404244424e-01
-4.488982844755160517e-01
-4.319000521307577722e-01
-3.724168900897715240e-01
-2.749209048715820503e-01
-1.481364359292647315e-01
-5.397307692453168215e-03
1.405412566547532549e-01
2.739483857176892023e-01
3.815582853649011064e-01
4.544777206905032951e-01
4.847619523244435236e-01
4.675160885774776176e-01
4.033199978647146189e-01
3.000719013225683351e-01
1.656972691576492629e-01
1.358445475674474601e-02
-1.411403391635982496e-01
-2.829250609731491783e-01
-3.982423205580776226e-01
-4.740264948173258386e-01
-5.017129674291949115e-01
-4.805338751620104043e-01
-4.108304813308863990e-01
-2.981167527078779633e-01
-1.525487139963142003e-01
1.002823438232880449e-02
1.749979417937268522e-01
3.245704538579299303e-01
4.434128278632178954e-01
5.209936894994959822e-01
5.483224078532660251e-01
5.208037933143838671e-01
4.397426601793243961e-01
3.142588053865298381e-01
1.541511824580172885e-01
-2.412288417973362797e-02
-2.027726938950937807e-01
-3.632187560303526963e-01
-4.894247359802125219e-01
-5.663975054700483014e-01
-5.846104695432159382e-01
-5.441004339385286936e-01
-4.465209401438007264e-01
-3.002217965075840711e-01
-1.183186332573085142e-01
7.941636986799460729e-02
2.742434807542837305e-01
4.440878721550307606e-01
5.708498033781648218e-01
6.427109301212752257e-01
6.504128966509861165e-01
5.913260200970980041e-01
4.694525035839973715e-01
2.986527761831194727e-01
9.327731621693113873e-02
-1.245970318550645439e-01
-3.323430765263042375e-01
-5.077861755673953592e-01
-6.325682411399207172e-01
-6.915119830187670402e-01
-6.761343842615247235e-01
-5.903550190780482154e-01
-4.401977691903081746e-01
-2.405018868900679063e-01
-1.042035129127638626e-02
2.243547735722974945e-01
4.404546959919286575e-01
6.131202466043594868e-01
7.232088337136370892e-01
7.609223667673732372e-01
7.197739525286308560e-01
6.028462155847560400e-01
4.202167151164433179e-01
1.930625613530578821e-01
-5.802561961644137067e-02
-3.057169583622267872e-01
-5.236365486677234671e-01
-6.885081291156243122e-01
-7.821783388419376593e-01
-7.934260075785126709e-01
-7.184380277747062227e-01
-5.673192613237922899e-01
-3.525910001169041408e-01
-9.723714457801735378e-02
1.731829255014198932e-01
4.286443254306910866e-01
6.427348973999620352e-01
7.906440639933760561e-01
8.548518821982149518e-01
8.309254572601503241e-01
7.183855143294342049e-01
5.285900611819875916e-01
2.791804571883047537e-01
-1.103019146047157228e-03
-2.849791321708454728e-01
-5.404571763954997277e-01
-7.395635664774433682e-01
-8.618353454367624344e-01
-8.925154004482590553e-01
-8.276733488026866148e-01
-6.713921616404850967e-01
-4.425958176211151063e-01
-1.618318297307310694e-01
1.390793125876907954e-01
4.282961733613164235e-01
6.743002012849792504e-01
8.508794902222223122e-01
9.379329125972377668e-01
9.238754864065616967e-01
8.136092039306161983e-01
6.157051756625189221e-01
3.515599147945642766e-01
4.734449691927822279e-02
-2.619280608770547802e-01
-5.446164857932436210e-01
-7.685913746938052293e-01
-9.089959173641966039e-01
-9.537924532226392804e-01
-8.955657320772697494e-01
-7.404738071649616948e-01
-5.027335849114655808e-01
-2.106966540718810954e-01
1.076798942625327715e-01
4.166289899498700766e-01
6.827208965202082869e-01
8.774983803027023299e-01
9.793754886164405260e-01
9.778543208953800470e-01
8.707219699963388848e-01
6.720940411110085666e-01
3.994610329433867513e-01
8.420245965813655253e-02
-2.409105440396078768e-01
-5.399488398722396276e-01
-7.815834097279998893e-01
-9.385258592234615449e-01
-9.922809123910687479e-01
-9.409728659954540442e-01
-7.872843646767347936e-01
-5.484166004320991661e-01
-2.476872607981096541e-01
7.990056619485219613e-02
4.010372036398617279e-01
6.788393739344831257e-01
8.831674817251242704e-01
9.948418849094489147e-01
1.000000000000000000e+00
8.986167042356669743e-01
6.995138759482537605e-01
4.276563936325838977e-01
1.088177010658282207e-01
-2.209075433227912777e-01
-5.263003311145897367e-01
-7.742960820823232559e-01
-9.382427772387399445e-01
-1.000000000000000000e+00
-9.506497406118235016e-01
-8.003677066949828056e-01
-5.626058038913206438e-01
-2.643868788563238370e-01
6.365273163676166135e-02
3.841029554624684206e-01
6.636354032573970052e-01
8.710293493496878980e-01
9.830744838153728793e-01
9.916072959855111169e-01
8.937127680396670382e-01
7.014623881813881745e-01
4.340303767554258840e-01
1.241222427379584659e-01
-1.977028487070914275e-01
-4.958390921312831878e-01
-7.377897896646938847e-01
-8.990472959823541110e-01
-9.618305498397412556e-01
-9.209618544235964599e-01
-7.792779982266720973e-01
-5.556995401045374816e-01
-2.713582823326486926e-01
4.072669763872061033e-02
3.474043079101807319e-01
6.152623203939129315e-01
8.160954161616027491e-01
9.280977631831555108e-01
9.379906580755958956e-01
8.497765970016186721e-01
6.709771946497866679e-01
4.222092454959767149e-01
1.287998754392516432e-01
-1.751332718901178476e-01
-4.582275544182341509e-01
-6.885473593207662724e-01
-8.410577980366833462e-01
-9.033015332296764344e-01
-8.673600034434391093e-01
-7.385644785312144300e-01
-5.296427171232750419e-01
-2.669219854198959796e-01
2.392622129967825195e-02
3.102005662473457104e-01
5.608874045336926795e-01
7.499601379185327765e-01
8.574378107622571132e-01
8.732101242677170472e-01
7.945826758366534293e-01
6.338892278323433604e-01
4.060497087549452822e-01
1.385275019762837179e-01
-1.399435832361795029e-01
-3.988143995790596197e-01
-6.113206597778918505e-01
-7.543952290189225307e-01
-8.122841976435237754e-01
-7.836676559010820053e-01
-6.704713192462092852e-01
-4.864265225975946683e-01
-2.505830733346234851e-01
8.698732965600308731e-03
2.649311076551050803e-01
4.890329928701651063e-01
6.572847227241711554e-01
7.556967534185663471e-01
7.732094576431027821e-01
7.091787892036456320e-01
5.702354342717395053e-01
3.749926815630890697e-01
1.422868796166947281e-01
-1.012362412402143530e-01
-3.293692676787596252e-01
-5.182922077474780842e-01
-6.485893266212388042e-01
-7.071124911473503083e-01
-6.872737002744055967e-01
-5.961744295823134809e-01
-4.425194779208392326e-01
-2.439758000523390979e-01
-2.134899495226516564e-02
2.000673599279851889e-01
3.976331998866238226e-01
5.496314143332614588e-01
6.399496720953281592e-01
6.634379980998019732e-01
6.172321307179691185e-01
5.075067678250464454e-01
3.458351517583395651e-01
1.524922135408637303e-01
-5.357708264968763512e-02
-2.496025527406088296e-01
-4.144590968295873701e-01
-5.325121678763492516e-01
-5.918701447890548639e-01
-5.875464199021704914e-01
-5.199337295240165080e-01
-3.995779691018702673e-01
-2.377915757739430536e-01
-5.377758049787817463e-02
1.323977214908964584e-01
3.012740038151817679e-01
4.360591937300140053e-01
5.226585497085414200e-01
5.521340438747901480e-01
5.260235599564633269e-01
4.468549606651155415e-01
3.237668906966091331e-01
1.698837884150434796e-01
3.507933528532181100e-03
-1.587802972579682725e-01
-2.990277916824759519e-01
-4.030092702340063449e-01
-4.639219386543304013e-01
-4.755357899118398679e-01
-4.372387027277311322e-01
-3.536798564382751531e-01
-2.363668631054216540e-01
-9.618780622048839213e-02
5.139257690131260325e-02
1.905745964338414478e-01
3.077842108726986936e-01
3.918370974026232911e-01
4.343409200421408656e-01
4.311204210418342342e-01
3.864613964113943201e-01
3.046239222069717645e-01
1.941939415560796078e-01
6.665266769385946866e-02
-6.405513590513178812e-02
-1.853582790020148474e-01
-2.841039794667932217e-01
-3.505111767956278213e-01
-3.814228256632290481e-01
-3.738179553226160801e-01
-3.284954828688089190e-01
-2.504816762051691459e-01
-1.496705024202995560e-01
-3.498414062024191029e-02
8.163636051159617324e-02
1.881277272966985770e-01
2.750863376457888254e-01
3.345791037546301805e-01
3.601687693023536418e-01
3.493064398203611365e-01
3.062816603885603062e-01
2.348304482733960530e-01
1.420628152691834067e-01
3.762315189062781506e-02
-6.773962095699315178e-02
-1.643930924234252577e-01
-2.419871913566070676e-01
-2.930044577569941300e-01
-3.153076564645070912e-01
-3.065797321011770604e-01
-2.670884976754269724e-01
-2.010824531819704886e-01
-1.166797997978634704e-01
-2.076608517791678210e-02
7.714176762653934816e-02
1.673076296695912291e-01
2.423300755277031371e-01
2.952675950486924883e-01
3.195156701575097014e-01
3.124304235821313558e-01
2.772951157743110961e-01
2.166714612840385801e-01
1.351897759264273358e-01
4.047209224587522414e-02
-5.770137126850272136e-02
-1.505081053612628006e-01
-2.275218735314383789e-01
-2.809788507598591778e-01
-3.078379653993514875e-01
-3.048439420310536940e-01
-2.708443360790450116e-01
-2.088590285874365460e-01
-1.260420855342826441e-01
-2.870577684041530908e-02
7.348394424485404919e-02
1.699572312830142096e-01
2.513457888895263004e-01
3.098263714209807951e-01
3.375314453154412142e-01
3.305648663756073358e-01
2.920080144740804240e-01
2.244109957987137083e-01
1.332583716473514368e-01
2.732313026279609147e-02
-8.197504656080956131e-02
-1.843600419250343014e-01
-2.677917166694873119e-01
-3.232637831138356344e-01
-3.467960570820024513e-01
-3.348494940426065547e-01
-2.871496257735123292e-01
-2.079843729994259593e-01
-1.068007938925533695e-01
8.308492890693353061e-03
1.255405697221216865e-01
2.323701209285831126e-01
3.179678908035457052e-01
3.734684741482070525e-01
3.912472651215999075e-01
3.681398039582448600e-01
3.085673051228192687e-01
2.169132841925252020e-01
1.014070845283094879e-01
-2.677810451278894721e-02
-1.534141918946179128e-01
-2.659408733449235562e-01
-3.507409884722201276e-01
-3.981000757419653757e-01
-4.049277972587055352e-01
-3.689315733962658106e-01
-2.923539258721807865e-01
-1.821056807376533193e-01
-5.111588937455446846e-02
8.893526209225699475e-02
2.226128605015007533e-01
3.349929000772411403e-01
4.142029550668928639e-01
4.513865344303791272e-01
4.412672262981809368e-01
3.832491458094140491e-01
2.848212479415130893e-01
1.539490455117584755e-01
5.160559538151643366e-03
-1.456342347244173885e-01
-2.818881996388413747e-01
-3.894672087533225247e-01
-4.551774605111595928e-01
-4.707300119707595876e-01
-4.366926134367952184e-01
-3.547537921689044582e-01
-2.326760980101569842e-01
-8.242973646136686483e-02
7.821925047677336096e-02
2.334052979984120313e-01
3.649505593829098782e-01
4.581937842997898525e-01
5.050229506508585597e-01
4.989854877231540975e-01
4.395704887768994151e-01
3.318760397775120108e-01
1.890352912448853839e-01
2.386801346108757826e-02
-1.449374231482292164e-01
-2.988301026951389883e-01
-4.210119377659790052e-01
-4.981622928678547391e-01
-5.207426622043151987e-01
-4.846702105945240868e-01
-3.963063188655580049e-01
-2.629143130915567728e-01
-9.862487382475393360e-02
7.971575786711260214e-02
2.516586175589103913e-01
3.992728379639098879e-01
5.048257966142630782e-01
5.558354599474493174e-01
5.492540572310697922e-01
4.838996522165206482e-01
3.661356730652898239e-01
2.073227734260443267e-01
2.657177666299692653e-02
-1.585943555901447866e-01
-3.270307657077710095e-01
-4.597381998055842800e-01
-5.430925010299880729e-01
-5.672968291230577886e-01
-5.293442755019579504e-01
-4.317409204046734894e-01
-2.869895808528242220e-01
-1.081184696797483635e-01
8.419144873264361451e-02
2.688905563996211168e-01
4.256116239725080685e-01
5.375460469614101733e-01
5.912016104113355652e-01
5.791856364372680588e-01
5.060872042825317330e-01
3.778606313020567153e-01
2.083525294461066046e-01
1.501824907713067425e-02
-1.793252330887858959e-01
-3.544613390135190611e-01
-4.897074888614967314e-01
-5.696276362801123705e-01
-5.883204838270447157e-01
-5.420983168261457319e-01
-4.357330951255068419e-01
-2.796972415245854160e-01
-9.340690589192801596e-02
1.052518287589581103e-01
2.937314903718766246e-01
4.508228924018338191e-01
5.599799586777405302e-01
6.090305038019816486e-01
5.929431082332496938e-01
5.122046160723268127e-01
3.776968620133767107e-01
2.014566836607041278e-01
4.055746623537359596e-03
-1.931674666715713640e-01
-3.684163071725706784e-01
-5.031533681206248332e-01
-5.816501825751441146e-01
-5.943316729421219691e-01
-5.434876044317062949e-01
-4.329179872883424096e-01
-2.745982917824767444e-01
-8.461682720095609067e-02
1.145599061793938223e-01
3.023081889285907931e-01
4.564171137643886489e-01
5.597513542823941979e-01
6.039541177488780832e-01
5.829896789834254633e-01
4.991080131447329649e-01
3.604571413896797694e-01
1.847549357479914001e-01
-1.118075093230586070e-02
-2.049845432762861241e-01
-3.750493651464069655e-01
-5.032524659836257186e-01
-5.757422069903335160e-01
-5.847473283106685571e-01
-5.281210807867080526e-01
-4.146374441501252672e-01
-2.544048174393783723e-01
-6.668217614935911808e-02
1.279826616717734122e-01
3.079179815297159450e-01
4.543254661307147835e-01
5.504331201049985633e-01
5.851657481722478682e-01
5.584434197686407586e-01
4.719191625797709566e-01
3.353874651425350351e-01
1.630793362883748987e-01
-2.388891773899670667e-02
-2.063628190900317350e-01
-3.630816174755829850e-01
-4.769532037518849910e-01
-5.387358515652034274e-01
-5.409605473905881867e-01
-4.835119341875553367e-01
-3.721767745971931163e-01
-2.217533556277170304e-01
-4.658778568000820908e-02
1.330566758619877721e-01
2.972565932452491122e-01
4.285563276865640425e-01
5.130987329915521755e-01
5.419009889695693971e-01
5.111981693879015243e-01
4.276186566906443609e-01
2.987377490650933165e-01
1.395034827874483963e-01
-3.295896574658729872e-02
-1.989749807204399534e-01
-3.412958108461354723e-01
-4.434841420960926595e-01
-4.940933678413527153e-01
-4.913808402005741538e-01
-4.348853104817279602e-01
-3.311151728445247411e-01
-1.909984631677620337e-01
-3.205007145057126028e-02
1.297386360021213214e-01
2.756454117915121405e-01
3.894688085972120017e-01
4.609629731284741183e-01
4.823294037523995215e-01
4.518267077385962338e-01
3.725533811484162960e-01
2.558292046530681318e-01
1.126536057933775758e-01
-4.036622304464820843e-02
-1.861549886428641720e-01
-3.091468117489799550e-01
-3.966385585891551990e-01
-4.387046895913648825e-01
-4.302659409137568058e-01
-3.760596006402596725e-01
-2.811212876895177182e-01
-1.565765756046549884e-01
-1.616690218566163573e-02
1.237512443172639198e-01
2.487442966388808685e-01
3.443681199260861803e-01
4.002081719384664726e-01
4.137023897057932054e-01
3.831219653179609441e-01
3.122725250651365858e-01
2.092092206012183819e-01
8.779827937349482525e-02
-4.008348793181348846e-02
-1.600010666656008773e-01
-2.585052544914666628e-01
-3.267881139655144374e-01
-3.578530966355616405e-01
-3.488995651423688615e-01
-3.011445371644561053e-01
-2.221475800694266978e-01
-1.192657720451129055e-01
-4.837612883375252970e-03
1.081053558189069008e-01
2.075613935391831255e-01
2.834612590266210042e-01
3.272042746731953500e-01
3.340366675512882466e-01
3.069173225453878384e-01
2.484234502518050114e-01
1.649140004781612934e-01
6.561712932459839998e-02
-3.751620373006747666e-02
-1.339057969813434168e-01
-2.119964872939540390e-01
-2.634027285244359140e-01
-2.858886689905545397e-01
-2.770271441431898518e-01
-2.377437222702901698e-01
-1.727754773479693862e-01
-9.132369509519355777e-02
-1.098280168189913475e-03
8.758766473918000450e-02
1.644476808107615540e-01
2.222997446388406129e-01
2.555796747467107277e-01
2.608310996845488727e-01
2.377019755927813893e-01
1.911381344423903617e-01
1.254134997649269945e-01
4.874379343780144147e-02
-2.951010675667664618e-02
-1.009616590430758576e-01
-1.585508543833223927e-01
-1.955931280128117011e-01
-2.082798962576896118e-01
-1.984267680628117869e-01
-1.670186558582907876e-01
-1.173703728176863637e-01
-5.555970949344823939e-02
1.029430702809897014e-02
7.363503787851599647e-02
1.267526460586330117e-01
1.639308428172658871e-01
1.842199198428453588e-01
1.855885565962602790e-01
1.674725030304091700e-01
1.325690179109226818e-01
8.630574940190682831e-02
3.284730809162228482e-02
-2.136389773564884020e-02
-6.970881441173182314e-02
-1.079761863809306499e-01
-1.326870594231587264e-01
-1.410615568629246530e-01
-1.326615826741651682e-01
-1.106694150476856819e-01
-7.700442066574286759e-02
-3.543197520520768862e-02
8.733569620014813850e-03
5.065696004415976006e-02
8.634518807930602335e-02
1.112139832583678434e-01
1.228137055074856043e-01
1.225418601455365852e-01
1.103317680294140235e-01
8.706624679853791626e-02
5.599339212562326473e-02
2.131601703151320137e-02
-1.382752817179044857e-02
-4.492247551499006786e-02
-6.839188712002752801e-02
-8.372845670708428667e-02
-8.959778841913368375e-02
-8.465858782789148496e-02
-6.997543653348725634e-02
-4.870252514921158404e-02
-2.259557356196151279e-02
5.342039505973117386e-03
3.149100589467579425e-02
5.386601021832126968e-02
7.053525961360307406e-02
7.868670815913803018e-02
7.762079942228639062e-02
6.949478152176391532e-02
5.487734141030942148e-02
3.545159425349253546e-02
1.441334848074671271e-02
-5.714305798871999187e-03
-2.324054164633815311e-02
-3.591668480806597952e-02
-4.244459480592666090e-02
-4.359300515786779240e-02
-3.913123790789729828e-02
-2.918855373273465670e-02
-1.576594846968837338e-02
-1.547042639053031188e-03
1.241282435985202603e-02
2.468456580582611970e-02
3.381010354505331605e-02
4.001936914964221437e-02
4.265819178895946528e-02
4.086475438756265177e-02
3.539429769698387851e-02
2.778342736350336573e-02
1.858170288856042518e-02
8.806386408586108772e-03
-1.732409371928422814e-04
-7.715226416956655342e-03
-1.317107106135217975e-02
-1.578744264293263644e-02
-1.562565646399716179e-02
-1.360072055663730239e-02
-9.818648589680512018e-03
-4.538240501756329870e-03
1.320470212074154048e-03
7.012995017086742777e-03
1.208082422055678506e-02
1.595750457338107609e-02
1.838837128985204572e-02
1.971012472310684771e-02
1.976940153566397740e-02
1.837807876118491279e-02
1.593747968891823241e-02
1.299939398036742411e-02
9.782266958772378729e-03
6.560616536479324523e-03
3.648270593398672546e-03
1.099503201145379805e-03
-8.400253663470858001e-04
-1.721699280738286930e-03
-1.516910263431592298e-03
-5.476656697204207447e-04
1.109408163446179429e-03
3.188878284659413254e-03
5.316374462811079837e-03
7.310681010450625905e-03
8.983483123385482827e-03
1.008556668638571630e-02
1.051542748610057032e-02
1.035090668848970274e-02
9.619562882320797925e-03
8.507474361294287135e-03
7.326529826809258239e-03
6.384222775867698374e-03
5.751577243967354036e-03
5.411637923805834305e-03
5.373400313694043362e-03
5.489744579579847183e-03
5.766911350007397630e-03
6.215238604015071999e-03
6.683821493804753544e-03
7.037715824175894141e-03
7.254509938023234739e-03
7.339558301120874262e-03
7.308399790411534980e-03
7.248584995303675171e-03
7.151413425336983209e-03
6.992772222433663032e-03
6.825063761971561505e-03
6.686223546844338728e-03
6.584096847271458941e-03
6.523132662991981690e-03
6.494899182200475352e-03
6.471114615202333553e-03
6.455754385829681752e-03
6.445379035166842741e-03
6.436549104297473178e-03
6.425825134305673814e-03
6.409767666274879261e-03
6.384937241289634358e-03
