-1.986707892800793074e-01
4.131199460883754337e-01
7.960133982551611531e-01
9.812324539743464413e-01
1.000000000000000000e+00
8.835389230861909748e-01
6.630721099869887336e-01
3.698224474564666409e-01
4.889129122675939243e-02
-2.862265285514252744e-01
-5.975237715070900180e-01
-8.387034533011059612e-01
-9.767106280075795732e-01
-1.000000000000000000e+00
-9.035109625334069028e-01
-7.058283638266773519e-01
-4.310298929553292302e-01
-1.221253918437306130e-01
1.830247242127012175e-01
4.425434137872972240e-01
6.211501728286916713e-01
6.997075166021389236e-01
6.681155623906649410e-01
5.368928423544958584e-01
3.224581835647761796e-01
6.073631867636120063e-02
-2.161902046609271988e-01
-4.694068603345583623e-01
-6.645998764276752624e-01
-7.793656293881104924e-01
-7.993472732143176440e-01
-7.274010024944606023e-01
-5.728468705190234989e-01
-3.639093334790481915e-01
-1.263818785297502467e-01
1.046952458535550523e-01
2.974588181393620356e-01
4.280586369135646052e-01
4.798188998721235610e-01
4.500377074448536074e-01
3.426252408211518663e-01
1.794181568262853688e-01
-1.926052698076075043e-02
-2.223014023886666912e-01
-4.007646417034962383e-01
-5.308338342729996828e-01
-5.952168820781227332e-01
-5.880385600103419375e-01
-5.100092188235711976e-01
-3.787629008989210622e-01
-2.108479929693279908e-01
-3.433532083392032419e-02
1.243842358897344624e-01
2.423654004771722548e-01
3.028662510595814261e-01
2.990171164817525540e-01
2.304365004334956168e-01
1.129395679142544129e-01
-3.871653596426971600e-02
-1.981421440218249508e-01
-3.405898168367410550e-01
-4.442271131897952419e-01
-4.933811782730339601e-01
-4.816991165140552811e-01
-4.092184606537204727e-01
-2.918040134569064303e-01
-1.440522207105783270e-01
8.099828352003513032e-03
1.405982359321302777e-01
2.326056327804360002e-01
2.695568028969395069e-01
2.463767207599336651e-01
1.642624943572901230e-01
4.007925147359636675e-02
-1.108709885734594502e-01
-2.624800110477959469e-01
-3.908022379742218666e-01
-4.757775599454193705e-01
-5.037262877538906114e-01
-4.708609606638298750e-01
-3.795130261013883732e-01
-2.475253963430457116e-01
-9.092329754790462459e-02
6.407847727278848105e-02
1.935495657261119273e-01
2.780546644582007065e-01
3.044605812858720562e-01
2.696840043680934773e-01
1.765744269858990911e-01
4.311419395905780050e-02
-1.146218481815162171e-01
-2.709146803720755559e-01
-4.021887163328502490e-01
-4.895600156331730846e-01
-5.201539425700298924e-01
-4.907975820557657354e-01
-4.040310221462365403e-01
-2.768474913809227944e-01
-1.244312351926361027e-01
2.877283517564799276e-02
1.600593852963929642e-01
2.510626385146748074e-01
2.889702849544584229e-01
2.697586858385561115e-01
1.949325955629166440e-01
7.959768288604474051e-02
-6.270380344625481328e-02
-2.093099716664084120e-01
-3.387599489904767891e-01
-4.331688817443224426e-01
-4.796785041772048119e-01
-4.729615117901372345e-01
-4.131076722173544491e-01
-3.129404798881205707e-01
-1.840432634603857975e-01
-4.719679259600140231e-02
7.749847328729009277e-02
1.725828836367719887e-01
2.251963517071366994e-01
2.287844618113903383e-01
1.821298352518916364e-01
9.599796803221471997e-02
-1.981761079697608174e-02
-1.461900370302348096e-01
-2.642694651113067783e-01
-3.570046231488041011e-01
-4.116853007478016302e-01
-4.209548851211508680e-01
-3.827334976316814075e-01
-3.063720240819225449e-01
-2.003880197335845548e-01
-8.270590508239572536e-02
2.879879064884582895e-02
1.174966825461303266e-01
1.709571982435913462e-01
1.814864153022164306e-01
1.466356713542236179e-01
7.502678718685706905e-02
-2.550716303188971246e-02
-1.377328259044349190e-01
-2.443928619338595620e-01
-3.292253203642782067e-01
-3.800987526204364642e-01
-3.892886294111371770e-01
-3.542999967746315315e-01
-2.834849381572083216e-01
-1.844173811369529403e-01
-7.401831563528593616e-02
3.075254469278587699e-02
1.138449510035115519e-01
1.633110008162979021e-01
1.714404483512721455e-01
1.357461966091482175e-01
6.443852561480767349e-02
-3.501992964116795726e-02
-1.458561914496778744e-01
-2.512078581959786838e-01
-3.350236550111324041e-01
-3.853264612807852929e-01
-3.942130180157392694e-01
-3.590245891395336120e-01
-2.876956067752293178e-01
-1.875019838636655667e-01
-7.508900202834956072e-02
3.268938908844765123e-02
1.195695101523708281e-01
1.733046007924767817e-01
1.854535501416496590e-01
1.528976730785305271e-01
8.307249631398549994e-02
-1.709002548383486975e-02
-1.310737968106762130e-01
-2.419921511484889320e-01
-3.332100100393602382e-01
-3.920344592842732734e-01
-4.091447824412371981e-01
-3.807222743147111732e-01
-3.136365063504651385e-01
-2.144328926761100984e-01
-9.983515792623920415e-02
1.304037023484294622e-02
1.072346042918734810e-01
1.696692668119152980e-01
1.905281395615570084e-01
1.655711462437128301e-01
1.011641243282708214e-01
3.550358119137619894e-03
-1.102761170541617375e-01
-2.229773367463844247e-01
-3.173259754289887713e-01
-3.801762253198518460e-01
-4.021151838133255607e-01
-3.791476770721194933e-01
-3.175871584636181799e-01
-2.233949198406559589e-01
-1.129605807176491394e-01
-3.228774163684500209e-03
8.869120144524100802e-02
1.498322396843738691e-01
1.710693537331549052e-01
1.487566095642234298e-01
8.958953334230357335e-02
-6.325686635944016700e-04
-1.063232853311749659e-01
-2.112581553564071291e-01
-2.990909946975075506e-01
-3.571513032252486841e-01
-3.762781631683204120e-01
-3.529823956008942831e-01
-2.941588907287008281e-01
-2.057945337746620584e-01
-1.033791202849199120e-01
-2.725177136845946535e-03
8.046815895054892920e-02
1.340042288239382540e-01
1.490656145945561395e-01
1.224204813139055936e-01
6.137248961076502418e-02
-2.755831715386503067e-02
-1.283600227418146833e-01
-2.251375497671117554e-01
-3.027738273792816015e-01
-3.498122721413281511e-01
-3.586917606843028627e-01
-3.269947548360374601e-01
-2.626140481510008673e-01
-1.726596568707687851e-01
-7.325771531049329877e-02
1.973646463981637567e-02
9.172991417869247321e-02
1.321714426373008511e-01
1.348946432791009453e-01
9.846194395358609519e-02
3.161422046558159948e-02
-5.819367455724433480e-02
-1.553028318398417262e-01
-2.442558194169167640e-01
-3.115127620572198941e-01
-3.473815971685737525e-01
-3.465846761276892840e-01
-3.083641587145364849e-01
-2.416482648840353464e-01
-1.538842016441175353e-01
-6.005147049515335844e-02
2.503625786276986176e-02
8.885108496599780636e-02
1.224585617144724470e-01
1.211075054066967915e-01
8.430138439777490333e-02
2.057307787326445592e-02
-6.309338966246214042e-02
-1.527593000257231326e-01
-2.344518362310831217e-01
-2.965212019601189963e-01
-3.305808189153238708e-01
-3.318493951983721990e-01
-2.995971077624718371e-01
-2.413808261641104957e-01
-1.632909841679373031e-01
-7.802267729937928387e-02
1.357436876442852380e-03
6.376650523416582672e-02
1.010269460416306497e-01
1.076765239280106368e-01
8.223381714149380350e-02
3.082813136506423746e-02
-4.163134322920847286e-02
-1.236640854909976106e-01
-2.029582169642032419e-01
-2.684415625672686989e-01
-3.116387138017445713e-01
-3.253090503553396351e-01
-3.065731773293363105e-01
-2.605981938421685351e-01
-1.914129550952090586e-01
-1.098800449708891014e-01
-2.816254906392967605e-02
4.204875481350667243e-02
9.161271546126514842e-02
1.122768636459932079e-01
1.001827566871424935e-01
5.938033399918518640e-02
-6.881718732049901810e-03
-8.928673154484778607e-02
-1.761080381229253033e-01
-2.536250549662073528e-01
-3.118393295277744892e-01
-3.411003838048538572e-01
-3.358614344422454767e-01
-2.995498219863762523e-01
-2.348161769559091727e-01
-1.501166410802761142e-01
-5.690585845470441662e-02
3.000419828442479897e-02
9.931032602630596173e-02
1.393037701147712415e-01
1.422352617272819586e-01
1.095503347222772650e-01
4.372048488604729499e-02
-4.603008608591752093e-02
-1.478764754477387422e-01
-2.450103876558071825e-01
-3.247987215348464574e-01
-3.743164982252481510e-01
-3.840301062404181121e-01
-3.541459979257295387e-01
-2.870593489132621245e-01
-1.927785332616021030e-01
-8.368794922404654280e-02
2.187912750282339225e-02
1.101870406523064450e-01
1.674424686453754862e-01
1.829270061155028326e-01
1.560325982402313016e-01
8.910460664442654277e-02
-7.098140571902722407e-03
-1.197772713445707238e-01
-2.298407673003506346e-01
-3.229703186835282125e-01
-3.851169477206677350e-01
-4.050814576227059760e-01
-3.818591438133743798e-01
-3.176904180548308920e-01
-2.236943706305110080e-01
-1.126833117808724305e-01
-3.516842772147033003e-03
8.962996734315531455e-02
1.531423991078435520e-01
1.760639741861040886e-01
1.573460094936744991e-01
9.902098911032108930e-02
1.197813326096652808e-02
-9.149596933419368305e-02
-1.937959551157630855e-01
-2.816805667547389591e-01
-3.426450269816334604e-01
-3.666286007095445054e-01
-3.528010838821881157e-01
-3.028959699609801159e-01
-2.269740836301610276e-01
-1.362715189573956431e-01
-4.628181838446920882e-02
3.138498026369918037e-02
8.588743201837645280e-02
1.085710976547011875e-01
9.901125602966698303e-02
5.861478904125627665e-02
-3.824205088070353753e-03
-7.848695449366849264e-02
-1.525296895517495033e-01
-2.164323458545390766e-01
-2.613410077245913454e-01
-2.803161598218343320e-01
-2.734662477590702467e-01
-2.419235134680964849e-01
-1.930279862798359725e-01
-1.350626472325024974e-01
-7.810735982203964589e-02
-2.946709507371492176e-02
4.020859331220760780e-03
1.719969198982496117e-02
1.078773814112832241e-02
-1.423399097873445651e-02
-5.188857648129596711e-02
-9.526519857998239083e-02
-1.367006048272773056e-01
-1.708590301755357199e-01
-1.926314303634131253e-01
-1.984554988498380412e-01
-1.896826947358143389e-01
-1.673237094380158885e-01
-1.363721621309117449e-01
-1.028082113958370680e-01
-7.264789562934870215e-02
-4.985139329480503534e-02
-3.835152333852798190e-02
-4.052654689348633710e-02
-5.443626926643441166e-02
-7.882819744814462126e-02
-1.090524259445642130e-01
-1.394015106916498548e-01
-1.644500596329474540e-01
-1.807843375692831378e-01
-1.850249321560980542e-01
-1.754715289191596250e-01
-1.545272838674356386e-01
-1.238681376673552714e-01
-8.842956139737734311e-02
-5.430358947498492572e-02
-2.750080592544990044e-02
-1.183027753271348459e-02
-1.096381489944209253e-02
-2.656732570018449646e-02
-5.583737409887712388e-02
-9.651124949739753323e-02
-1.425652878054295414e-01
-1.868192643686408250e-01
-2.217874232763669129e-01
-2.423877513043185550e-01
-2.437709168822751460e-01
-2.236914657550823637e-01
-1.852524846500940292e-01
-1.315187621198963264e-01
-7.081864835973339378e-02
-1.226817604648478000e-02
3.465945537697545653e-02
6.316328841663576554e-02
6.725121125408550782e-02
4.411633929312208657e-02
-2.811518265636303582e-03
-6.956480762555017350e-02
-1.450051352304028152e-01
-2.177266307596169570e-01
-2.762433383608665638e-01
-3.121839675214244103e-01
-3.189117663104021894e-01
-2.935467395562825210e-01
-2.406301768025181920e-01
-1.649766503418960140e-01
-7.940904690885208783e-02
3.070300742202602962e-03
6.974366763374617584e-02
1.112252697566420423e-01
1.205735179164115767e-01
9.524641737807471031e-02
4.114431244734984006e-02
-3.648437189792141933e-02
-1.244766097810109384e-01
-2.093090659133269860e-01
-2.783507752858443984e-01
-3.222421794647685189e-01
-3.344542361255777863e-01
-3.128338099854961474e-01
-2.636849956356964730e-01
-1.921162749521651003e-01
-1.105047274913431021e-01
-3.164778285504343813e-02
3.317393306809801601e-02
7.562214312503567903e-02
9.008307967546791417e-02
7.477131814952420186e-02
3.549843259006091323e-02
-2.347232886092376347e-02
-9.171024663635318763e-02
-1.582023394371067093e-01
-2.139368014442346588e-01
-2.522108461244026989e-01
-2.682387492706380661e-01
-2.604653226435706959e-01
-2.335801826190710972e-01
-1.904589719747455945e-01
-1.390830656048154257e-01
-8.827153292199407808e-02
-4.445548199313131832e-02
-1.249109599616782251e-02
3.412883589197335255e-03
1.831826142420167614e-03
-1.345213110525278477e-02
-4.086182865088727745e-02
-7.535831311213081474e-02
-1.104355055711846445e-01
-1.416178000627698053e-01
-1.657417545058200714e-01
-1.795413508120563550e-01
-1.819686956074813011e-01
-1.760251899427013322e-01
-1.620446122826529889e-01
-1.414369638498516046e-01
-1.182655920945312467e-01
-9.637993426188606882e-02
-7.778605663376425561e-02
-6.505168258367810541e-02
-5.955777649096016813e-02
-5.946483032739025010e-02
-6.527456655308094824e-02
-7.773625369158754239e-02
-9.459609300847882096e-02
-1.127726742882713129e-01
-1.306949058209883052e-01
-1.452358429078915991e-01
-1.538272006115140034e-01
-1.565051186392489857e-01
-1.525889360979364451e-01
-1.409850100989040733e-01
-1.229417472565900171e-01
-1.015693701968829465e-01
-7.878799657639834475e-02
-5.899224004589964654e-02
-4.627800034191154044e-02
-4.223765316126726344e-02
-4.801884278807078132e-02
-6.471848069550667493e-02
-9.111032495157045386e-02
-1.231295002116311599e-01
-1.578983615471719615e-01
-1.889474932275693186e-01
-2.099213433682944885e-01
-2.169415276758580591e-01
-2.078755863920629388e-01
-1.817144510411605740e-01
-1.402672881886120049e-01
-9.002242197604715113e-02
-3.591711387298124336e-02
1.259320698842336661e-02
4.625639293315075840e-02
5.849279727825873465e-02
4.563344811222025399e-02
6.786647493804975895e-03
-5.510242285527056083e-02
-1.299627415706088307e-01
-2.097655561750625397e-01
-2.807953128971681922e-01
-3.301819796601186408e-01
-3.485177806281815061e-01
-3.305786102227616929e-01
-2.763818572813728780e-01
-1.904898274879444076e-01
-8.726261384158251477e-02
2.127574556975697639e-02
1.163810640936822072e-01
1.813071321698978000e-01
2.041974044231367191e-01
1.786353181135400536e-01
1.064994964336789529e-01
-5.286021734431933794e-03
-1.373387424503452747e-01
-2.732259443165169222e-01
-3.893657173227884627e-01
-4.654822117732477782e-01
-4.883320187762096865e-01
-4.511996486628783165e-01
-3.589260035305007479e-01
-2.215056777142916378e-01
-6.351501235161560732e-02
9.434719521723633484e-02
2.247093703848530577e-01
3.047836896110813765e-01
3.215067243142795128e-01
2.690455415855981247e-01
1.560803787914555318e-01
-3.911623779838002690e-03
-1.817476607580659209e-01
-3.532340766310020364e-01
-4.889364981200853277e-01
-5.650218780365545701e-01
-5.702195418320642473e-01
-5.006668820824702326e-01
-3.691316512189010135e-01
-1.924279312587185986e-01
-2.967012028995852368e-03
1.728910913288219664e-01
3.056654954031878813e-01
3.720228028735628190e-01
3.636126881815924250e-01
2.791286533493300137e-01
1.347626674409927450e-01
-5.018858214396593187e-02
-2.420864484633158398e-01
-4.140829646004815512e-01
-5.384802849665237812e-01
-5.936718280213527654e-01
-5.744636037989738764e-01
-4.819150004478962579e-01
-3.340543218122785651e-01
-1.511518720059272791e-01
3.420592712636127963e-02
1.964104396981194434e-01
3.108428904292228623e-01
3.582663172477453806e-01
3.356741641890736982e-01
2.454101871484837272e-01
1.052142972240488472e-01
-6.552693105205409374e-02
-2.374231380286513371e-01
-3.875329593785733495e-01
-4.945978693522699032e-01
-5.415981477276392564e-01
-5.261337229572728980e-01
-4.502439432365039629e-01
-3.288000384728012593e-01
-1.783355201130407686e-01
-2.363352096227344656e-02
1.157434717010066283e-01
2.209943017753739358e-01
2.764942724035559518e-01
2.788106189085781672e-01
2.279584200450850417e-01
1.335439293580149567e-01
7.743471689646730383e-03
-1.295510963091264234e-01
-2.622213301615023973e-01
-3.727782286676815104e-01
-4.456932290192077151e-01
-4.740989026150495000e-01
-4.543631569099930712e-01
-3.900215642279448724e-01
-2.883789840982867725e-01
-1.649923988065038483e-01
-3.307393138712544367e-02
8.972159528576062471e-02
1.864065070942313440e-01
2.449475899552870928e-01
2.572516786403828970e-01
2.209634588693505375e-01
1.387209110309286508e-01
2.310187657533391281e-02
-1.142094334623375840e-01
-2.535345981411385452e-01
-3.754406986290796944e-01
-4.625406868552355277e-01
-5.021728290549214435e-01
-4.871626766571657274e-01
-4.166808776953091487e-01
-3.022584609633138797e-01
-1.554473807782816852e-01
9.975665812946843403e-04
1.446972165326334547e-01
2.536335305856944888e-01
3.114813333475570101e-01
3.082824117232407790e-01
2.414227018335572961e-01
1.231944254547856499e-01
-3.380809089110548005e-02
-2.036026895127855951e-01
-3.611524301227917455e-01
-4.815167923483176793e-01
-5.463228805200377458e-01
-5.451820562965339345e-01
-4.754836122197214632e-01
-3.515445943738002565e-01
-1.876425045621660237e-01
-1.221089068381153719e-02
1.480549189288487000e-01
2.675596766760086620e-01
3.278221568362598148e-01
3.201541913348158186e-01
2.434542570470106249e-01
1.145637870347262499e-01
-5.052171832135854412e-02
-2.223290584482517929e-01
-3.739060101176193696e-01
-4.812502428800380372e-01
-5.275773175924063363e-01
-5.073861405509252354e-01
-4.220477210344043550e-01
-2.907112279982394520e-01
-1.306469035386557120e-01
2.921756354392490707e-02
1.630611052509034486e-01
2.501632175321191198e-01
2.767060087522115186e-01
2.409871251461717101e-01
1.471640082204732636e-01
1.598166676216772331e-02
-1.346938561787633937e-01
-2.777559363560263561e-01
-3.894916452876786561e-01
-4.532129550129666562e-01
-4.585349088227892445e-01
-4.072504676911282706e-01
-3.059841255766502233e-01
-1.761339055625917860e-01
-3.548923319834329515e-02
9.128909973584109494e-02
1.828982433285692988e-01
2.263249637005324555e-01
2.141732456674751983e-01
1.506015574979997496e-01
4.383243581470841477e-02
-8.503801595042870254e-02
-2.188098900765788057e-01
-3.351196902482701523e-01
-4.146331398204136098e-01
-4.466213203961146849e-01
-4.253983608789230209e-01
-3.557322968193284973e-01
-2.461689917459323196e-01
-1.166808351503701990e-01
1.640526565296585026e-02
1.321513807379377514e-01
2.121047858347788750e-01
2.456695990083326286e-01
2.269936977721829230e-01
1.593838727245520115e-01
5.024147492981412277e-02
-8.216901602918658121e-02
-2.224339482678611146e-01
-3.496514437942618292e-01
-4.447504266854549471e-01
-4.947655441531940701e-01
-4.915578316472867249e-01
-4.349604743082263747e-01
-3.298267957968852304e-01
-1.924553248098108682e-01
-3.751821355532081181e-02
1.125376557496968744e-01
2.364476306752862911e-01
3.165535630831173286e-01
3.405099122546331181e-01
3.031355175738787988e-01
2.056813313785252895e-01
6.259998281511780505e-02
-1.118447198948017141e-01
-2.922449367622381722e-01
-4.538669066026913557e-01
-5.727894243081494974e-01
-6.312232932858898860e-01
-6.183257558275201404e-01
-5.313221042901492552e-01
-3.833091302924094279e-01
-1.885645669427877813e-01
2.364255132946357918e-02
2.244856392376364251e-01
3.834620176313217055e-01
4.771963785545405567e-01
4.897416176994269232e-01
4.147096126935763127e-01
2.646164835537001547e-01
5.415228619928402765e-02
-1.834805694145696942e-01
-4.156571420846764120e-01
-6.065219412214810646e-01
-7.282798100141560926e-01
-7.616923789363003738e-01
-6.980385365675325637e-01
-5.501351725320279273e-01
-3.333143239009618286e-01
-8.372098216104439938e-02
1.635432009091282168e-01
3.699530335847627249e-01
5.056289920894572187e-01
5.507217937571238231e-01
4.960360578589388947e-01
3.553759910550895462e-01
1.445761687730111600e-01
-9.941745547821578821e-02
-3.412961091220340082e-01
-5.435336121907544671e-01
-6.772050460869255550e-01
-7.246657477698799088e-01
-6.781323411146082947e-01
-5.525285838938134297e-01
-3.635551798437346438e-01
-1.460415525707868811e-01
6.731020313491287155e-02
2.438854527176912423e-01
3.588286507567683969e-01
3.989986029607428542e-01
3.594639969653055100e-01
2.556523194007276345e-01
1.021264000511747927e-01
-7.130732492608193862e-02
-2.371760279624751666e-01
-3.708641075322469671e-01
-4.539595508470049001e-01
-4.789948234123391213e-01
-4.444872699822928208e-01
-3.650774194371124715e-01
-2.530017947538139023e-01
-1.309206085376511952e-01
-1.937209600198785964e-02
8.019360835175493030e-02
1.549368361355165646e-01
1.943121223658317298e-01
1.877740020592360004e-01
1.247770102322642849e-01
-5.224318098546065769e-03
-2.127754479166612533e-01
