2.327776936053682633e-02
1.660137370037539917e-02
1.693720471572235375e-02
2.236120804159935638e-02
3.094932931302807333e-02
4.077751416502994886e-02
4.992170823262642720e-02
5.645785715083961875e-02
5.099785296609748997e-02
3.786916178296451108e-02
1.762123821719296934e-02
-8.149140713029523475e-03
-3.694984544386969993e-02
-6.560056678674230923e-02
-9.020448540659886660e-02
-1.016388890597091921e-01
-9.386399090480657126e-02
-6.646606229625418027e-02
-2.173557230622313874e-02
3.149830249583374098e-02
8.430847016398335114e-02
1.263626357966887159e-01
1.517579434795983673e-01
1.550576608190961103e-01
1.319148203230569028e-01
8.412748019194316029e-02
1.639992964866388014e-02
-5.488282734335048207e-02
-1.146533236639942777e-01
-1.516718374232394195e-01
-1.605373375705503314e-01
-1.390605542984867382e-01
-8.775928495434448529e-02
-1.778939206055374367e-02
6.114528337934177493e-02
1.298297570477531249e-01
1.719670254499270357e-01
1.810018810519058441e-01
1.546978313115972004e-01
9.926835891419005797e-02
2.514062341001688239e-02
-4.824649384379164907e-02
-1.099693283100836583e-01
-1.488086767897220941e-01
-1.531304994468575265e-01
-1.193883604583035885e-01
-5.185512347263365740e-02
2.714520809116294231e-02
9.886372434190660030e-02
1.464882854061226869e-01
1.621953952141195199e-01
1.446574827310607159e-01
9.279704005115729792e-02
1.785854148359788951e-02
-6.782027977318028089e-02
-1.403584985200913016e-01
-1.812665637069480473e-01
-1.822993225095661529e-01
-1.408079534152625323e-01
-6.560384416374576144e-02
2.984669742129075765e-02
1.208341099286511788e-01
1.936153788697749789e-01
2.360495272701264025e-01
2.356870013598939551e-01
1.891034470595198691e-01
1.010765972732659002e-01
-5.216176656104298814e-03
-1.091275849846681245e-01
-1.891998166176438456e-01
-2.339213702133928763e-01
-2.373494663051667342e-01
-1.949817351966730561e-01
-1.164610080755986710e-01
-1.294372947279098796e-02
9.054815865189214108e-02
1.738658523631568809e-01
2.263244263759964792e-01
2.400512087843778009e-01
2.130300551655883723e-01
1.505117381836513779e-01
6.971429026042041954e-02
-1.929019065131276633e-02
-1.006329955533592502e-01
-1.580003005048707942e-01
-1.831053364653493221e-01
-1.737251677222132473e-01
-1.372511301907780590e-01
-8.244646348309958572e-02
-2.238641008387365350e-02
3.749394957985141552e-02
9.055712092853940298e-02
1.266325025446786157e-01
1.420403374906953342e-01
1.363079550970154319e-01
1.119702503266162275e-01
7.379746994025726536e-02
3.076003093796741972e-02
-1.318967485195754463e-02
-5.307591545903433961e-02
-8.277157598033435537e-02
-1.017363152972334817e-01
-1.069994845841850672e-01
-9.203834001378419227e-02
-5.793644955844301503e-02
-1.255453798573691326e-02
4.020877096351060942e-02
9.001908421032633889e-02
1.264540360599100133e-01
1.443518759350632674e-01
1.397461829784079068e-01
1.085920276897003323e-01
5.235805097408374742e-02
-1.894288765875395963e-02
-9.713579024019003416e-02
-1.630774992450334526e-01
-1.994789258780027552e-01
-1.980070451739293080e-01
-1.563727559631308273e-01
-7.857018859870268379e-02
2.656036588129206955e-02
1.367206439268648932e-01
2.358780056001013037e-01
3.009318552612012532e-01
3.122385861214387326e-01
2.646303023018989897e-01
1.610689251517960496e-01
2.024335425343304351e-02
-1.357690111719830339e-01
-2.723225950792895755e-01
-3.676538560363030728e-01
-4.028091865615206491e-01
-3.619611082077957009e-01
-2.463197576738592742e-01
-6.783599791893446529e-02
1.338089792979559878e-01
3.233424312888479868e-01
4.626341090874197537e-01
5.273004241624623667e-01
5.039766342547795652e-01
3.866017448177929694e-01
1.951426435974379370e-01
-4.629754953616282975e-02
-2.872292039475576875e-01
-4.846790762264513441e-01
-6.020039272372872396e-01
-6.153343716018686571e-01
-5.193298952010718672e-01
-3.226959858544887760e-01
-6.696630211270571120e-02
2.141182925179010432e-01
4.662238013727135755e-01
6.420539047424955736e-01
7.110247610751274649e-01
6.572887221786281042e-01
4.908893651654997470e-01
2.329337273041893752e-01
-6.282036925863609955e-02
-3.545776186774147742e-01
-5.877533321470667094e-01
-7.171980990668008760e-01
-7.239891223659743469e-01
-6.028521569194742469e-01
-3.787334506915358556e-01
-8.379040076324839603e-02
2.216254435693800762e-01
4.926490895821784566e-01
6.820478221096917260e-01
7.520263649870326805e-01
6.947725105030508885e-01
5.152931137324001654e-01
2.535590078346576792e-01
-4.920951194534717299e-02
-3.335559728177246441e-01
-5.569917389451763956e-01
-6.854227299347268598e-01
-6.923228345914086423e-01
-5.792981268328609712e-01
-3.597052345742274282e-01
-8.515378120583183552e-02
1.981072475811085365e-01
4.385500277272669223e-01
5.991259037226202011e-01
6.574823931963493795e-01
6.010150011483132992e-01
4.471721454260699780e-01
2.164318860940255274e-01
-4.162950076100024877e-02
-2.827116003420674373e-01
-4.650383738917186482e-01
-5.585050298185970652e-01
-5.490039834960823706e-01
-4.369853880316615369e-01
-2.559996302148526137e-01
-3.124105524525755406e-02
1.908782394833421492e-01
3.685502483823044351e-01
4.737758594269179113e-01
4.884605096859591100e-01
4.137191473237959993e-01
2.611667856218313766e-01
6.991290695215024442e-02
-1.305228436815546456e-01
-2.978526194482110645e-01
-3.967102583458097520e-01
-4.131574714897070510e-01
-3.435694667292298332e-01
-2.070882663047806105e-01
-2.719010981690883622e-02
1.520276309909665002e-01
3.010605888382809070e-01
3.928817481834105951e-01
4.047126919629846498e-01
3.335185792819159722e-01
1.873442606913373609e-01
6.074323914288193293e-03
-1.751825686622576761e-01
-3.167424955176870727e-01
-3.939733407440292323e-01
-3.943860698565526679e-01
-3.097718625576852958e-01
-1.573327443122615188e-01
4.052943083365390109e-02
2.354555272408078714e-01
3.886743888009174253e-01
4.693501722985740088e-01
4.579718729492430196e-01
3.541854889794535666e-01
1.701415168874029771e-01
-5.118110806691433812e-02
-2.772979991795194721e-01
-4.595295733251850701e-01
-5.573520151708745152e-01
-5.514442593276615012e-01
-4.357241227954627982e-01
-2.311562379406006951e-01
3.340396909808474035e-02
3.008443227058994474e-01
5.296151678872069724e-01
6.745615540412588373e-01
7.005850866807541433e-01
6.014373828863444071e-01
3.846378022499796767e-01
9.412997568503622681e-02
-2.253481973185732512e-01
-5.098850941809642823e-01
-7.143870630343323036e-01
-8.041201362744039294e-01
-7.540671894731026947e-01
-5.706222894158401449e-01
-2.733247146513665404e-01
7.743003331210052131e-02
4.267642638246915698e-01
7.107864471747480373e-01
8.835247180670531275e-01
9.151031237123248285e-01
7.909144510569139364e-01
5.370908533393361495e-01
1.837993832998323640e-01
-2.007278222987687322e-01
-5.555237669179116100e-01
-8.215002544522973515e-01
-9.543462622773606352e-01
-9.308867994262595147e-01
-7.478379198492918212e-01
-4.451106986718914582e-01
-6.011592421624789573e-02
3.359128244591405021e-01
6.786053204657882532e-01
9.118620699167807597e-01
9.978251400986772879e-01
9.255319779150728010e-01
7.004006716355182238e-01
3.710953811560049331e-01
-2.008517552294608599e-02
-4.032792118933794523e-01
-7.157490588451180802e-01
-9.093863196310887353e-01
-9.532238169921180004e-01
-8.453994155780200082e-01
-5.984612805452715900e-01
-2.656097748301229355e-01
1.086297623159144798e-01
4.579229662602886108e-01
7.238510788976537658e-01
8.679062931626253530e-01
8.673786712752258321e-01
7.299443785285368858e-01
4.748891164339781312e-01
1.581404911326509399e-01
-1.755903074102717065e-01
-4.667831977202557825e-01
-6.644112136980673267e-01
-7.430132719794616536e-01
-6.907946696030968781e-01
-5.267136816045900893e-01
-2.773435287028614971e-01
8.854051582829480793e-04
2.658145346734530623e-01
4.713907298541375468e-01
5.791163360746536259e-01
5.775685720227019537e-01
4.674649188996782279e-01
2.833779783548446840e-01
6.006379797992034142e-02
-1.513995661952964866e-01
-3.161021872194267335e-01
-4.079904848480629953e-01
-4.065422375915019870e-01
-3.181762423611770307e-01
-1.577612379851449642e-01
2.709905329174078226e-02
1.969157026488193019e-01
3.137367554983214735e-01
3.538892356543876794e-01
3.122594635904429872e-01
1.914820003327795117e-01
2.446608073746947554e-02
-1.600219314588653408e-01
-3.131270282747965483e-01
-3.968914493742276006e-01
-3.920691039390964416e-01
-2.914922140155475905e-01
-1.148013748661238509e-01
1.108823020983844554e-01
3.309002664084246259e-01
5.073362641834786579e-01
6.016880840003528963e-01
5.846876545983945572e-01
4.522649584810838341e-01
2.150629699208612688e-01
-7.565630645016341305e-02
-3.719804663549240997e-01
-6.127761475919857315e-01
-7.567517006184534267e-01
-7.767031260995443942e-01
-6.560667693349218066e-01
-4.138723550225331671e-01
-7.892611619340095253e-02
2.810819693335886438e-01
6.078386269057436397e-01
8.420218036903117653e-01
9.412590242469334179e-01
8.853563768909580300e-01
6.737906624241107867e-01
3.510957301066730540e-01
-4.223239533922695799e-02
-4.324910861565205433e-01
-7.548109997182526065e-01
-9.558118843434290079e-01
-1.000000000000000000e+00
-8.815623685610671778e-01
-6.118351691237126078e-01
-2.466481024904872976e-01
1.656148597463287242e-01
5.504527362281657066e-01
8.435695631543671524e-01
1.000000000000000000e+00
9.931654515808836514e-01
8.302131010828628366e-01
5.314419593276766829e-01
1.584410867882479756e-01
-2.381272989954944519e-01
-5.894569390194179803e-01
-8.364897222111841169e-01
-9.451694071856191481e-01
-8.975256960147385277e-01
-7.089146817915232823e-01
-4.052213543872146273e-01
-4.830286364874047944e-02
3.125592746983518744e-01
6.162725012486978127e-01
8.109333973018391095e-01
8.727495630449586539e-01
7.917362632238691411e-01
5.892519679957461953e-01
2.947224900887206456e-01
-3.200010537213704431e-02
-3.448340962761681228e-01
-5.913451787071596355e-01
-7.276009788244728327e-01
-7.399716564838434429e-01
-6.264137423996816167e-01
-4.139839939641019040e-01
-1.352084541961505737e-01
1.529834018681837104e-01
4.086702644481670088e-01
5.906108848162618941e-01
6.644565109438829165e-01
6.238377278388955727e-01
4.737035333656085534e-01
2.507537911113362217e-01
-7.943275104639879736e-03
-2.506277873974747106e-01
-4.408329115986351354e-01
-5.501744435898103802e-01
-5.556299799200085099e-01
-4.593090295194147687e-01
-2.736153073278567716e-01
-4.460980048951512789e-02
1.869865513553985448e-01
3.772832307022144782e-01
4.951794738377104377e-01
5.223348671002918664e-01
4.499468283503369470e-01
2.979821594039455679e-01
8.736872905834269787e-02
-1.340438838573563274e-01
-3.245552666040298906e-01
-4.493665714632224528e-01
-4.850615145081668134e-01
-4.260375314017562642e-01
-2.794382352397987157e-01
-8.297752269447389306e-02
1.348671481352845536e-01
3.277736469591239210e-01
4.556669331529594746e-01
4.963493258722506685e-01
4.395118235429216202e-01
2.983220469523084617e-01
9.423613696896193659e-02
-1.246211509622072722e-01
-3.239341526973402718e-01
-4.639988248833452067e-01
-5.125099194490190246e-01
-4.611490440446180950e-01
-3.134107177539172673e-01
-1.038849722692831712e-01
1.320254061456966888e-01
3.428643625427183483e-01
4.939366270238503276e-01
5.595101676020206583e-01
5.202999699420343127e-01
3.828475154980088835e-01
1.639080231796987697e-01
-8.630056509984540547e-02
-3.238442997692652092e-01
-5.011506696440602981e-01
-5.864766363850834052e-01
-5.641772990839623025e-01
-4.298121526132804293e-01
-2.134969188268421858e-01
5.511554827423048586e-02
3.184671011547937081e-01
5.281814994411462294e-01
6.466824841167970739e-01
6.491737239880617238e-01
5.341280389754790026e-01
3.143083976554004177e-01
3.826918584110905464e-02
-2.542888962703059308e-01
-5.040621682471981835e-01
-6.618656538641345399e-01
-7.001588626994339482e-01
-6.072337595162393686e-01
-4.022166782196171519e-01
-1.131367177629314380e-01
1.984856178496918755e-01
4.859247543146436588e-01
6.940756806844516902e-01
7.791002711001839831e-01
7.295608137962645845e-01
5.476997810235539887e-01
2.696664464546274509e-01
-6.370622144375148732e-02
-3.847906046523984491e-01
-6.444541722341134982e-01
-7.985697681211524346e-01
-8.131348853681258371e-01
-6.859718574801343394e-01
-4.296796946428274033e-01
-1.000315411423169376e-01
2.505922576956141068e-01
5.562264507756153886e-01
7.698263456261686954e-01
8.580596736479946252e-01
7.977601411023036437e-01
6.019198716651079639e-01
2.945824391119553631e-01
-5.902163935020920960e-02
-4.015150057783657411e-01
-6.721253427741211706e-01
-8.256638430166225451e-01
-8.362676503697290542e-01
-6.963226641773585524e-01
-4.405836290811386835e-01
-1.017786237295381646e-01
2.525503761536831426e-01
5.614800072555272692e-01
7.710998348879225528e-01
8.448076937773880690e-01
7.724788070018722141e-01
5.607066111296594713e-01
2.593607179752686065e-01
-8.953817607677294621e-02
-4.173331054805429208e-01
-6.645988957191543145e-01
-7.900981414176102557e-01
-7.699595315363768622e-01
-6.132601703310701646e-01
-3.415356446620085862e-01
-1.639366966742794585e-02
3.134536501078961646e-01
5.838461862940214075e-01
7.423948037320844406e-01
7.665871528526297940e-01
6.491764582441870157e-01
4.198767333087733977e-01
1.148524522672302872e-01
-1.982882217226101806e-01
-4.697977066022096526e-01
-6.518456200571276504e-01
-7.069002635145523739e-01
-6.278415375464589943e-01
-4.227081080612611341e-01
-1.451566612953792967e-01
1.555308139626274677e-01
4.172705637369644727e-01
5.970966137247539773e-01
6.679736450272351078e-01
6.114974326677633520e-01
4.438871785903146794e-01
1.894395078754589345e-01
-9.173026689108054743e-02
-3.490965146310809342e-01
-5.337317026226220396e-01
-6.116307715341169349e-01
-5.706972839447219670e-01
-4.144907405583040383e-01
-1.861804137455899122e-01
8.029801795941571285e-02
3.277005094014271425e-01
5.075323348272193780e-01
5.898420305354763471e-01
5.574338508485467969e-01
4.201936661535961015e-01
1.983858736121730804e-01
-5.572032044900110392e-02
-3.023555707583858165e-01
-4.913805311724065428e-01
-5.828042096936715266e-01
-5.633520406920959900e-01
-4.325125490184724697e-01
-2.207688710681415811e-01
3.845977293091462634e-02
2.895188960031531700e-01
4.933377569226122805e-01
6.152087376204762315e-01
6.274617455203388428e-01
5.280881797804017896e-01
3.272369224793867382e-01
7.101299730893817497e-02
-1.983419225841693834e-01
-4.300893110643889683e-01
-5.886156252067933359e-01
-6.490100299055923116e-01
-5.943798226037357857e-01
-4.361471761052007068e-01
-1.929285870809329673e-01
8.442757217895469068e-02
3.506721370790442105e-01
5.598410175442269932e-01
6.775303868015483122e-01
6.825883245216197714e-01
5.692281536988905710e-01
3.642166639781985182e-01
9.139647210769297203e-02
-1.973619384289678758e-01
-4.533025646006951792e-01
-6.329443697252052914e-01
-7.060755963170504135e-01
-6.600141233652661032e-01
-4.970207021323126417e-01
-2.534978016695704772e-01
3.992147560405956419e-02
3.281207485401624879e-01
5.608767289417579960e-01
6.995310857825707274e-01
7.196641235618881360e-01
6.195696770712475487e-01
4.106845930395590649e-01
1.387929851421509930e-01
-1.590723092341559397e-01
-4.269177648921467227e-01
-6.159953186367299605e-01
-6.968590389969367971e-01
-6.541221187534020931e-01
-4.995133048721764890e-01
-2.548284160462169767e-01
2.647191663904813197e-02
3.034163346979505960e-01
5.244177511750103271e-01
6.467738637481601494e-01
6.552812913174028697e-01
5.468492241569771206e-01
3.475914449460608679e-01
8.905968940642616793e-02
-1.727721848854804065e-01
-3.978274696271262290e-01
-5.485550020863985132e-01
-5.943663996232746438e-01
-5.300268522389930403e-01
-3.626165052763781205e-01
-1.351111617336567816e-01
1.125205921273784160e-01
3.307918986568132436e-01
4.860295571511721313e-01
5.565762085016532357e-01
5.258663075728449154e-01
4.027921721040057523e-01
2.041011299848882743e-01
-2.431039908265442140e-02
-2.428857180310153296e-01
-4.120168959047405544e-01
-5.032398239717221777e-01
-5.011867861444319061e-01
-4.031724476279947567e-01
-2.363502455987773754e-01
-2.243151330486337081e-02
1.949615145083707368e-01
3.763671345167232118e-01
4.924613798499895001e-01
5.229328044980701140e-01
4.624917275338595868e-01
3.176198410991857290e-01
1.212055552944015790e-01
-1.007851138173476713e-01
-3.056197785111860465e-01
-4.552803048288004417e-01
-5.260743906854078444e-01
-5.052613123637101911e-01
-3.978836631275555202e-01
-2.175984212775733395e-01
-2.715553275666304778e-03
2.182283528750523782e-01
4.054728160820773031e-01
5.235150252486786560e-01
5.554668001083855611e-01
4.945078339211814722e-01
3.524679597823423549e-01
1.486920376515066256e-01
-7.508346604642557320e-02
-2.883774348254757314e-01
-4.535841238645409446e-01
-5.380733600700826624e-01
-5.316682361153786118e-01
-4.335928041758866369e-01
-2.630745595903877243e-01
-4.494711599732215124e-02
1.765492748868540129e-01
3.701739111765942614e-01
5.039950748648733825e-01
5.506374705918757329e-01
5.047904645081302544e-01
3.711912608658165524e-01
1.798983559876481397e-01
-3.813650833298987131e-02
-2.402177652619096326e-01
-3.972388463157593419e-01
-4.864797327811427596e-01
-4.887840883359682032e-01
-4.052406490819492335e-01
-2.463191632115274698e-01
-5.101012082568745498e-02
1.461881267125682005e-01
3.093396308863602950e-01
4.133341020387182319e-01
4.431855310584036367e-01
3.914808294800582456e-01
2.743117418148022235e-01
1.081687450078221424e-01
-6.828146018501302095e-02
-2.210910994120126594e-01
-3.236032161519679651e-01
-3.578960855213203507e-01
-3.193752826631317543e-01
-2.140139797960097789e-01
-7.191055903391696535e-02
8.594552844855063434e-02
2.247517874773456992e-01
3.136274218027472749e-01
3.378745154195972322e-01
2.915810999334575992e-01
1.858083545782864832e-01
3.796851829804981371e-02
-1.150195949505504744e-01
-2.488205034770778479e-01
-3.365320113696710358e-01
-3.551572002922857019e-01
-2.996855806049477655e-01
-1.748019643628512254e-01
-1.019679999440448182e-02
1.651021108568999640e-01
3.129248215814908196e-01
4.091536426601911636e-01
4.377611099427376473e-01
3.860210952663645223e-01
2.605014701825152379e-01
7.596911233994041446e-02
-1.269852466721594908e-01
-3.131260806092995841e-01
-4.466069431994588168e-01
-5.035053561426376945e-01
-4.716378259002615980e-01
-3.492320843202143532e-01
-1.622089838027819253e-01
6.591692282095773514e-02
2.892842459070414929e-01
4.678265280066811194e-01
5.714962555935478861e-01
5.801095923929484588e-01
4.902182944645228080e-01
3.112073463384570360e-01
8.119618533319394871e-02
-1.690203393378099106e-01
-3.913320477133448438e-01
-5.441716882933992361e-01
-6.031219526442772594e-01
-5.564799026594133835e-01
-4.149649157344088568e-01
-1.978868650556425690e-01
4.830954508787055346e-02
2.889642734505688537e-01
4.804960698939249042e-01
5.859457046997140761e-01
5.927711909313149174e-01
4.989490590380896151e-01
3.259793419700691697e-01
1.004889558657291460e-01
-1.303357171126315883e-01
-3.333446445788404988e-01
-4.768146597976549161e-01
-5.334791349030081342e-01
-4.975830539310736045e-01
-3.737843432443614944e-01
-1.949547109041968040e-01
7.563671503380886563e-03
1.946993521258750803e-01
3.402655713973621321e-01
4.259299859605358840e-01
4.355912900365461748e-01
3.718695627880863608e-01
2.444769722803301626e-01
8.747979857849963459e-02
-7.010828326082130246e-02
-2.021350608934655568e-01
-2.896471783413490098e-01
-3.220343022005648370e-01
-2.956640126536432822e-01
-2.243232161576887984e-01
-1.178958245360836044e-01
-1.442477011044052126e-03
1.015882048488436773e-01
1.772512354640869425e-01
2.159538628308563801e-01
2.148146372906216683e-01
1.777317520459802402e-01
1.206816447474792220e-01
5.082851410615263354e-02
-1.791010436155460184e-02
-6.998103342515016312e-02
-1.051882640673901248e-01
-1.243213983175536219e-01
-1.237636560889644466e-01
-9.989825729494616890e-02
-4.910842184882280304e-02
3.222263033608130378e-02
1.477116793464428035e-01
