2.199236595550160267e-01
-3.865512039627267971e-01
-7.725037729708291723e-01
-9.672235406047628992e-01
-1.000000000000000000e+00
-9.001226442920120530e-01
-6.968809666162709693e-01
-4.195644601082539893e-01
-1.085625322042935714e-01
2.238298234168660805e-01
5.402257740172053957e-01
7.944888890509582691e-01
9.527412255811702479e-01
1.000000000000000000e+00
9.280844325002581829e-01
7.514627299234464264e-01
4.907975233368837564e-01
1.862968307800239032e-01
-1.255044072442743630e-01
-4.019594797632382033e-01
-6.065883375478345885e-01
-7.163558301723602639e-01
-7.172230560526791088e-01
-6.147756313075720680e-01
-4.212670361575417965e-01
-1.691604483013867677e-01
1.113407643909070099e-01
3.808940905083757489e-01
6.041373678148318493e-01
7.546608347364074376e-01
8.139459711958432209e-01
7.793689859456340852e-01
6.553690870419792702e-01
4.656694274875861073e-01
2.331219361728749107e-01
-8.059991337179495119e-03
-2.258902911371986066e-01
-3.932061268983357838e-01
-4.894773462472520320e-01
-5.060810536812143656e-01
-4.413169467382542788e-01
-3.109887334086286481e-01
-1.309137450532132929e-01
7.065991893205803009e-02
2.662971729472916049e-01
4.302403550251836517e-01
5.421149634490096680e-01
5.895799199168343385e-01
5.669117779075654173e-01
4.838654676406894950e-01
3.506258154424155560e-01
1.904709567319293750e-01
2.653969258151578359e-02
-1.183084584423139685e-01
-2.255342359261450769e-01
-2.824406775506476119e-01
-2.820719804673945674e-01
-2.298967056972035516e-01
-1.320569850557032909e-01
-6.693344299498749095e-03
1.273631837325550631e-01
2.498807715209299118e-01
3.447091305236202885e-01
3.992269965924890585e-01
4.062545896410203472e-01
3.702853381001292021e-01
2.951537405729736108e-01
1.943427047143904129e-01
8.304649778646377989e-02
-2.143855654311155323e-02
-1.047966301719949200e-01
-1.542448960307515327e-01
-1.625311073816577689e-01
-1.328712499029435223e-01
-6.801074180520461088e-02
2.091545208318423832e-02
1.207219642840298146e-01
2.151149985233244966e-01
2.912021559832220774e-01
3.368380350355035802e-01
3.442520739137673313e-01
3.154293487799344486e-01
2.527477829169650914e-01
1.659476844446727828e-01
6.701083743502866952e-02
-2.791797063910717025e-02
-1.062733198550287472e-01
-1.554474165857897550e-01
-1.666016669502582426e-01
-1.405308832871492442e-01
-7.918291796043508413e-02
8.855034866045885522e-03
1.123359127786152101e-01
2.144848802736947224e-01
3.023357870002525427e-01
3.623401875809293404e-01
3.840179022124277086e-01
3.658405337225487663e-01
3.086462161889800271e-01
2.203151187215430795e-01
1.115654727137356250e-01
-2.005586262542324860e-04
-1.014410481713992063e-01
-1.772804190016418202e-01
-2.150799127992720772e-01
-2.103644825154133979e-01
-1.623427187029924390e-01
-7.778344600540854081e-02
3.360195618995054367e-02
1.542613401811949725e-01
2.699642780171185308e-01
3.639563333005526591e-01
4.216242757655357387e-01
4.358206707210596775e-01
4.035091224626634610e-01
3.294795524301246115e-01
2.219797070363409563e-01
9.812478330993879005e-02
-2.776157348637897648e-02
-1.375232871910355703e-01
-2.149204085598056535e-01
-2.502333792878245200e-01
-2.380284463988544541e-01
-1.805884318726328486e-01
-8.414067437946948225e-02
3.544922139906692138e-02
1.645631695885139134e-01
2.844987704921355665e-01
3.780632473559941698e-01
4.333958314778929566e-01
4.428749438090453516e-01
4.060480475623753360e-01
3.267549255176436240e-01
2.188509795115476386e-01
9.448480169220063729e-02
-2.802218196472860967e-02
-1.313562101059998488e-01
-2.022443937537953262e-01
-2.314194925287962334e-01
-2.158817198471394416e-01
-1.570731930928646047e-01
-6.636230118188413130e-02
4.611084827394718033e-02
1.632072700360096551e-01
2.682914590468037375e-01
3.475731329167093264e-01
3.908969083882143369e-01
3.932754499779851365e-01
3.541146155531560424e-01
2.821908822548495621e-01
1.854001883245306459e-01
7.909190356572093350e-02
-2.141895267231486155e-02
-1.026794291094855760e-01
-1.544042890244873290e-01
-1.702946529787469077e-01
-1.482590094693519989e-01
-9.465220534077167791e-02
-1.511038993879476600e-02
7.728529253212435002e-02
1.690111920992618533e-01
2.476019901854729088e-01
3.032138036453948526e-01
3.286102707920857124e-01
3.206100372482640903e-01
2.837364118845961958e-01
2.216286706796555261e-01
1.445408481815118051e-01
6.384656545118305715e-02
-9.198528137569828012e-03
-6.547845826594356211e-02
-9.697067217252253180e-02
-9.961249007695971436e-02
-7.670765683082425568e-02
-3.031685073514189810e-02
3.238077641541070584e-02
1.022170585217334615e-01
1.689504899759703971e-01
2.243918775613595873e-01
2.602320327521987497e-01
2.715076639329119246e-01
2.600761892313308010e-01
2.267740339811914474e-01
1.762430544508024610e-01
1.156750418648939682e-01
5.448848220946911347e-02
-1.389083146204894703e-04
-4.000215399479745138e-02
-5.909181921535533455e-02
-5.753626838065706295e-02
-3.526045947180589391e-02
5.074962289882911648e-03
5.806855381249165227e-02
1.150360883310839188e-01
1.696399497179430504e-01
2.138848451676946816e-01
2.408408647606032904e-01
2.486799863973248037e-01
2.363303482909602238e-01
2.050151815510881104e-01
1.586579745980158940e-01
1.051151726108316975e-01
4.992076065235795390e-02
8.249890342317822700e-04
-3.443982023791458680e-02
-5.210722818308888282e-02
-5.004324443674068590e-02
-2.814705904594150265e-02
1.111277232816854088e-02
6.095382164399154590e-02
1.165577524998959724e-01
1.701916931828069135e-01
2.136453278159093916e-01
2.417379334571270189e-01
2.511440232288684182e-01
2.400939567254822826e-01
2.095302518255879320e-01
1.649382893586182064e-01
1.102642012270123040e-01
5.310322769995678982e-02
1.886463207753097393e-03
-3.702477420006666797e-02
-5.902630277660969593e-02
-5.998944447301413074e-02
-3.900304835304613249e-02
-6.137647419883762723e-04
5.203747261193569784e-02
1.115681846332452487e-01
1.693113828834105217e-01
2.177927697030146437e-01
2.512689328375077302e-01
2.641446098545350285e-01
2.541061098132213480e-01
2.244657023604492707e-01
1.773664437808706307e-01
1.183504777330142144e-01
5.544317984720259496e-02
-2.020644063561505277e-03
-4.739498018086074627e-02
-7.334474881929942125e-02
-7.547895252203640215e-02
-5.610225101478505394e-02
-1.627365688965076718e-02
4.033346872617293855e-02
1.066619769613790236e-01
1.726020111072985586e-01
2.305029658336248399e-01
2.710035736746354562e-01
2.871157269554651670e-01
2.779718708585778852e-01
2.435136528776462583e-01
1.872908017257526314e-01
1.159730443805366829e-01
4.109826362769619656e-02
-2.872869354691609534e-02
-8.273369974305710972e-02
-1.114560873162122601e-01
-1.111344989580533849e-01
-8.061394587894976649e-02
-2.349328794605776149e-02
5.370305859880231125e-02
1.381357969561374244e-01
2.198511007983114940e-01
2.860265033079121277e-01
3.252106636465788014e-01
3.317308852725957546e-01
3.033604239380947032e-01
2.437512879724264003e-01
1.596495586216550855e-01
6.538068989184364632e-02
-2.762864770995676622e-02
-1.044928129638703629e-01
-1.520953698228999507e-01
-1.634968854549807560e-01
-1.356528305692865644e-01
-7.248063618486888515e-02
1.879448147395756941e-02
1.223487002131689039e-01
2.253923465940363968e-01
3.113678340833436753e-01
3.658423743166434594e-01
3.810926161163830095e-01
3.536035899705556318e-01
2.877595876668417318e-01
1.913230541672861218e-01
8.133312714051577075e-02
-2.838754881883409631e-02
-1.202479539905949579e-01
-1.790301994747972580e-01
-1.967889872160414333e-01
-1.699017512071291369e-01
-1.032791234733162478e-01
-5.119870116130464943e-03
1.068742080165769881e-01
2.184077190538009638e-01
3.117104633680194414e-01
3.714780641033004205e-01
3.901651605228215747e-01
3.644298857794858737e-01
2.996701311195415496e-01
2.043140448303759626e-01
9.600033076368164053e-02
-1.121653645355891182e-02
-1.003741084871865308e-01
-1.568889333018265164e-01
-1.742614260315497043e-01
-1.498459885451660645e-01
-8.945565949293010632e-02
-1.530167948018412716e-03
9.707494289668239240e-02
1.932509905054131671e-01
2.717584440036946436e-01
3.195013936515920250e-01
3.316164442864215633e-01
3.065670827780364593e-01
2.505685159828316966e-01
1.719618262355369076e-01
8.630580651162444994e-02
5.277810259988857666e-03
-5.823066792607578535e-02
-9.314274524140153666e-02
-9.651975854013317146e-02
-6.820401743098725156e-02
-1.497834331485603521e-02
5.483423017686606116e-02
1.271898432685723002e-01
1.920059936555169600e-01
2.391485796974381905e-01
2.598036098520426496e-01
2.523207391025577007e-01
2.176898699795966063e-01
1.638093597110146238e-01
9.929835201225811758e-02
3.664401829316821235e-02
-1.540643858565693414e-02
-4.874644342519673934e-02
-5.642958443441326022e-02
-3.805436348345969666e-02
4.472465717374696226e-03
6.272232219055418057e-02
1.278923234196547298e-01
1.885479106201395361e-01
2.363507841069016902e-01
2.635341594967679502e-01
2.643587056118086309e-01
2.397200979917799568e-01
1.917275437890708645e-01
1.282071317584858594e-01
5.802808652048518923e-02
-7.561914233795263840e-03
-6.009857651215722019e-02
-9.106398530280435111e-02
-9.452126207124478263e-02
-7.153836678397718085e-02
-2.374976036170040050e-02
4.260656725079092766e-02
1.192033174745477098e-01
1.945022571833712188e-01
2.596211732109263703e-01
3.046620389312326704e-01
3.221696325387897186e-01
3.115534416595846512e-01
2.729653749445037914e-01
2.103487384083573275e-01
1.306916416920378410e-01
4.553694636022709297e-02
-3.610014329586253012e-02
-1.031032791424850714e-01
-1.456868183316611942e-01
-1.594259176697108149e-01
-1.417967866664788801e-01
-9.397862728011285860e-02
-2.062019747776488998e-02
6.790976043367336068e-02
1.631483204379740037e-01
2.529000884580849817e-01
3.250363600298660227e-01
3.708016218448839663e-01
3.842552775224050698e-01
3.626639293933842101e-01
3.071603207707216399e-01
2.255523284449116872e-01
1.249166661557532532e-01
1.809404115145984981e-02
-8.136970697144718656e-02
-1.610420078274781286e-01
-2.112316429372416149e-01
-2.238726937936853512e-01
-1.957025310085188652e-01
-1.320346884084322436e-01
-3.786988248747913399e-02
7.570354456978423130e-02
1.952354735481498516e-01
3.049282062169584862e-01
3.917460214523165174e-01
4.423381787075586491e-01
4.487535918072877994e-01
4.130504667412251418e-01
3.373223736446546717e-01
2.296641906751548667e-01
1.023017133407011503e-01
-2.665271887105813420e-02
-1.424587475882534982e-01
-2.287811406537645365e-01
-2.730323297741754640e-01
-2.713481621770328367e-01
-2.222981563204339261e-01
-1.317510230378924341e-01
-9.822172021946240505e-03
1.251863867759712701e-01
2.582486916641288932e-01
3.711937752630742882e-01
4.477369780996314219e-01
4.785844649593045119e-01
4.589715844332178385e-01
3.920341382960383925e-01
2.849655680584670669e-01
1.548293394059652162e-01
1.637925629330228006e-02
-1.106132729444228024e-01
-2.080583382234981737e-01
-2.635722960849914420e-01
-2.694463666433581928e-01
-2.258064596578801542e-01
-1.372888687729962864e-01
-1.940287189900402609e-02
1.141525245787844423e-01
2.432002721334618478e-01
3.489977781242057375e-01
4.173867047658115226e-01
4.389049077753595096e-01
4.116427804714264393e-01
3.384022343017720758e-01
2.333617166693187084e-01
1.091301197660912159e-01
-1.431529006653020630e-02
-1.183076303426336962e-01
-1.880217164894250059e-01
-2.133451311080101220e-01
-1.914923670772051834e-01
-1.244626929117403913e-01
-2.589914077492283528e-02
9.210356341923842116e-02
2.096427263820270781e-01
3.082097808250752191e-01
3.728861080355887481e-01
3.935831964290339435e-01
3.676153312252496974e-01
2.971502523243760852e-01
1.962952175671199839e-01
7.751034502461529030e-02
-3.874092830774089613e-02
-1.336594003640765305e-01
-1.922019103298381326e-01
-2.044439271120002122e-01
-1.683453379467056976e-01
-8.685471673019606875e-02
2.464311262111729128e-02
1.525347121912057347e-01
2.750631989021863344e-01
3.724807599142132553e-01
4.291885181882528766e-01
4.351050036379962016e-01
3.887846672895269862e-01
2.939989163025906738e-01
1.676547877120966312e-01
2.483298159017377493e-02
-1.110211548211218480e-01
-2.187481058590284855e-01
-2.817179503936777518e-01
-2.891666583065560792e-01
-2.397028246608139401e-01
-1.374033462823402996e-01
-1.548749737482202349e-04
1.559028388354088968e-01
3.059675329369488939e-01
4.275798596944189178e-01
5.029266445750371073e-01
5.201955302725036479e-01
4.773000867664671798e-01
3.777672636725715183e-01
2.392548288692564196e-01
7.787128426290457206e-02
-8.136981135742049620e-02
-2.155288004059886520e-01
-3.060241636661994447e-01
-3.400242609702115448e-01
-3.140238363398751842e-01
-2.300705205904495232e-01
-1.039994544913748209e-01
4.963034957389100832e-02
2.073209771378743405e-01
3.470404993928897230e-01
4.504187244393622613e-01
5.041201707351332661e-01
5.027907892102514431e-01
4.462984377688330451e-01
3.470995467737409967e-01
2.166581113717347407e-01
7.506750791114935595e-02
-5.815562059526047101e-02
-1.661541096740677403e-01
-2.360000009916130015e-01
-2.603848740057032041e-01
-2.367077479369584792e-01
-1.730811919272741140e-01
-7.682969108455750540e-02
3.633480499666363883e-02
1.504959473481730647e-01
2.518217442667423089e-01
3.290354414294196506e-01
3.741795530390759073e-01
3.830247272885713983e-01
3.594830836979352462e-01
3.064718466800198104e-01
2.323906276017575490e-01
1.476309667256210378e-01
6.291837996994686932e-02
-1.297104643849766870e-02
-7.126818459464234756e-02
-1.063071388132078576e-01
-1.197660077558669878e-01
-1.106458663178206958e-01
-7.929714022390810246e-02
-3.011880630743613008e-02
3.030188728455063263e-02
9.634171064043606236e-02
1.599232361750251297e-01
2.141831230757367255e-01
2.558461360180184219e-01
2.805834936079703024e-01
2.837374029304013945e-01
2.649128750054141612e-01
2.285128528546038762e-01
1.771989197849306308e-01
1.157848763212130372e-01
5.161933907206006644e-02
-7.234694786451223436e-03
-5.423062463913641551e-02
-8.145773802413935893e-02
-8.468014269319057430e-02
-6.602595613728001744e-02
-2.655042449354694245e-02
2.992520868045489557e-02
9.614449970487770614e-02
1.615315788749451809e-01
2.184110679811732680e-01
2.576826848903024381e-01
2.724590101575472545e-01
2.624816160512022378e-01
2.284445186156607299e-01
1.750029103609533898e-01
1.094928565386781294e-01
4.391486321247106694e-02
-1.330912810018058945e-02
-5.285746003117064440e-02
-6.684783452439224671e-02
-5.413977900213406969e-02
-1.592852660108123874e-02
4.109813024519715086e-02
1.086110310748020780e-01
1.734465604226880231e-01
2.264585467359214732e-01
2.586110929282239290e-01
2.623159732902999863e-01
2.369806771903564258e-01
1.850674776735907745e-01
1.165060418873491432e-01
4.170964790593534310e-02
-2.487841697900139426e-02
-7.309242865314602433e-02
-9.428417701092284275e-02
-8.200378815160569435e-02
-3.735682356165592743e-02
3.539128033559379993e-02
1.222330977128232021e-01
2.097713062510286885e-01
2.820121297245035130e-01
3.273323514266346379e-01
3.369454431607532552e-01
3.058529695452321118e-01
2.384299313491597960e-01
1.412860203178198937e-01
3.203586405379654778e-02
-7.272728608728207256e-02
-1.549703473329223646e-01
-2.012279322680788907e-01
-2.021918409964713614e-01
-1.542903945138148769e-01
-6.572206883896303253e-02
5.458659362691609118e-02
1.861582070442586723e-01
3.093742108431689619e-01
4.040135926341699157e-01
4.550753434542689213e-01
4.531784915947270065e-01
3.955253461916992119e-01
2.928099536768413724e-01
1.558220454747869521e-01
7.315384228030019642e-03
-1.308997151254454039e-01
-2.370819885439082730e-01
-2.951650971074082364e-01
-2.958412510378375382e-01
-2.364721073130429119e-01
-1.287661684169091325e-01
1.553903503646325568e-02
1.725401724353590183e-01
3.194200901276291749e-01
4.338767644132590640e-01
4.992757227242448081e-01
5.062056937187504602e-01
4.517976651272361810e-01
3.475654788087940705e-01
2.050383427032598238e-01
4.783399017352851779e-02
-1.013903582726413122e-01
-2.206085966151847266e-01
-2.931241827635252539e-01
-3.091718176885975833e-01
-2.652705510275852330e-01
-1.716484980610404332e-01
-3.857204991307006114e-02
1.119059208682120499e-01
2.582808308229243011e-01
3.793636158746287457e-01
4.587037281640404807e-01
4.857747759591968251e-01
4.560825825394345667e-01
3.777169017774566484e-01
2.589164325227812924e-01
1.193561022464031396e-01
-2.119864737274845812e-02
-1.424896763226718432e-01
-2.283065337967801200e-01
-2.667040464658195775e-01
-2.517126733385040005e-01
-1.891145763579678007e-01
-8.493810558602510330e-02
4.401696610505778651e-02
1.798841780322035788e-01
3.026960991759712893e-01
3.960551736322139860e-01
4.456549729907575141e-01
4.434896814398552323e-01
3.937662198781564094e-01
3.008148177441480886e-01
1.783722621886405513e-01
4.270883656666968342e-02
-8.513675947066989824e-02
-1.879748758192666402e-01
-2.490704120503882679e-01
-2.578852160354870859e-01
-2.164507704600421301e-01
-1.278075610561284492e-01
-4.298632356128706533e-03
1.382740536802515852e-01
2.766612312456606659e-01
3.924377799715563775e-01
4.669668331236915826e-01
4.865584339997994778e-01
4.495529705888383631e-01
3.579778408706431048e-01
2.249740184381003871e-01
6.688226665568075546e-02
-9.032218188245444424e-02
-2.259558183814432963e-01
-3.184514205010231525e-01
-3.507397157202667426e-01
-3.179297287254919668e-01
-2.209984101397191036e-01
-7.412367989200197016e-02
1.053329764677344293e-01
2.881781766982809412e-01
4.504573199614660961e-01
5.663840773897204084e-01
6.154953903755044919e-01
5.902598368730296308e-01
4.900316014032395362e-01
3.294327485545207601e-01
1.269488300737784403e-01
-8.491891679295116013e-02
-2.788978696512354194e-01
-4.247781303773671135e-01
-4.983056850735114729e-01
-4.886771983631128524e-01
-3.929228398399744471e-01
-2.251460262383615518e-01
-4.120972763724028987e-03
2.351969611769615387e-01
4.627662078070944318e-01
6.441368486565715035e-01
7.511006844051153486e-01
7.687708896231346678e-01
6.908609549831417063e-01
5.293765626324047346e-01
3.019254709829630734e-01
4.431479731934873101e-02
-2.118564170278928183e-01
-4.286271268731709494e-01
-5.741155718384793882e-01
-6.287257245311930198e-01
-5.819688037224862720e-01
-4.420528388938915754e-01
-2.237498027324594796e-01
3.826441645253586543e-02
3.125001087997743010e-01
5.587887421680313160e-01
7.424376318956147358e-01
8.391428454934120040e-01
8.338507422880865327e-01
7.296808328248156617e-01
5.371603735153762660e-01
2.878837808369152373e-01
1.141379332080516562e-02
-2.516643913184837267e-01
-4.653201790673130445e-01
-6.014857143428160580e-01
-6.410618566667727336e-01
-5.817595056112410123e-01
-4.291988014293213194e-01
-2.103902361835198187e-01
4.865858848722259822e-02
3.090801846956214849e-01
5.354888055893116672e-01
6.979857856116853387e-01
7.749561349980573777e-01
7.595811124693063743e-01
6.529253686557012770e-01
4.767187500639049613e-01
2.523248960410529040e-01
1.477789946070551252e-02
-2.033197551896759325e-01
-3.728541300998992059e-01
-4.719293325390107041e-01
-4.909948844252111089e-01
-4.277845537105658957e-01
-2.988517032599011802e-01
-1.205141717333764184e-01
7.772949583549504382e-02
2.679169148626292518e-01
4.243912504381051054e-01
5.273788071758913620e-01
5.668638084172805680e-01
5.389778927346862147e-01
4.557653041392337734e-01
3.287042516389282465e-01
1.806632500250158202e-01
3.370257445803015450e-02
-9.203539689565198856e-02
-1.808759019119657863e-01
-2.243651304755661657e-01
-2.187293341549910730e-01
-1.725026925296168079e-01
-9.302166509899811864e-02
3.660810183119700412e-03
1.017271260560184132e-01
1.874930836480137586e-01
2.503370455115612181e-01
2.845339526992265444e-01
2.875382835535231774e-01
2.638383667059545079e-01
2.256153807738683348e-01
1.763758965623740682e-01
1.196264848765808964e-01
5.887371652159956170e-02
-2.375837697458971220e-03
-6.061560697548529220e-02
