1.467532299586715716e-02
3.594063815701455944e-01
5.807659975202796865e-01
6.941546683285730879e-01
7.149728914773298971e-01
6.586211644488537686e-01
5.404999847254483569e-01
3.760098497894208691e-01
1.818510070203045448e-01
-3.231830956768610985e-02
-2.491929347384128635e-01
-4.372202910948592702e-01
-5.709359684650849864e-01
-6.410596633389209487e-01
-6.368560284510935698e-01
-5.566261617929452177e-01
-4.074051972905563535e-01
-2.099460065077503046e-01
1.719989259656107272e-02
2.440290197350352130e-01
4.403667429914799314e-01
5.817072302030048547e-01
6.506459902110708349e-01
6.364329832762563033e-01
5.380318560761929714e-01
3.719734835148886809e-01
1.534290318172950585e-01
-8.644859054125242359e-02
-3.146961423839254035e-01
-5.002091156912201741e-01
-6.191543839312207975e-01
-6.524947787753048178e-01
-5.927662817279768515e-01
-4.530388577878128320e-01
-2.460507844874662009e-01
-5.665449061441174550e-03
2.327393488445177461e-01
4.343241414705298897e-01
5.718828288660862125e-01
6.243865110154402931e-01
5.824152020409389952e-01
4.570899816753775102e-01
2.600159655731619779e-01
2.524029209890898962e-02
-2.113913012286160464e-01
-4.120450853264583380e-01
-5.484713408458985473e-01
-5.997517239726477545e-01
-5.567334801668800681e-01
-4.327612053352463128e-01
-2.396730172721510677e-01
-1.173923975160440225e-02
2.152167466903924797e-01
4.044745293895459781e-01
5.276373571805605955e-01
5.641876909648555483e-01
5.062237942217735487e-01
3.686219311899685547e-01
1.652167881183168596e-01
-6.818615251270321309e-02
-2.953484524701623926e-01
-4.789131676768848545e-01
-5.904659100918970838e-01
-6.098119437576459134e-01
-5.300601413257890471e-01
-3.697422961890882709e-01
-1.455291141408954214e-01
1.033872708580150235e-01
3.384938024855621563e-01
5.226266624654791748e-01
6.273565475676934344e-01
6.340251369687348593e-01
5.370596640757090423e-01
3.563394919320885812e-01
1.111926356844969987e-01
-1.561605627846323063e-01
-4.049212473167848048e-01
-5.959231991432083486e-01
-7.006095111401138276e-01
-7.019708928028358663e-01
-5.952984543566882669e-01
-4.022326543102893170e-01
-1.430213167451541700e-01
1.398926382746059627e-01
4.046999870462555382e-01
6.116079626277901582e-01
7.310775971032930087e-01
7.447079408508681109e-01
6.467159691378909780e-01
4.575129033030178594e-01
1.965263767437295250e-01
-9.421120276005734429e-02
-3.726855655685458180e-01
-5.979674250664032131e-01
-7.389401518116340828e-01
-7.742446796254943697e-01
-6.954965289239800619e-01
-5.204729822903001457e-01
-2.666654256982136095e-01
2.425876526990289328e-02
3.101644699316592479e-01
5.491169307835084279e-01
7.085217386855509059e-01
7.645861555336423976e-01
7.066055569842579764e-01
5.492931694156277800e-01
3.078963834522965293e-01
2.324014215312053544e-02
-2.629445835646626595e-01
-5.079378929012334787e-01
-6.785108073973413756e-01
-7.500746356000824733e-01
-7.108999336109501632e-01
-5.738193456553919436e-01
-3.517994707810310206e-01
-8.292714800518885543e-02
1.929593021441824430e-01
4.338897721927841289e-01
6.068968313153018102e-01
6.863270878059302138e-01
6.597504326884433556e-01
5.392683986016624242e-01
3.361494429295355246e-01
8.572778246426815407e-02
-1.745386495312536423e-01
-4.048934056004750426e-01
-5.733663435560720778e-01
-6.539182950144484252e-01
-6.337866572390432607e-01
-5.238469116088504407e-01
-3.342711706909666791e-01
-9.811358660229974049e-02
1.492523866835959723e-01
3.693404480821733671e-01
5.314982275706512382e-01
6.099367427489801319e-01
5.913754299173552553e-01
4.858269490651327960e-01
3.027212959874927556e-01
7.256496788344146687e-02
-1.709733004940912071e-01
-3.894848486947410926e-01
-5.525347689796082928e-01
-6.329690657503039830e-01
-6.158147484823423001e-01
-5.098284151718470714e-01
-3.238908306657002356e-01
-8.670824627458262324e-02
1.686258433443710292e-01
4.012441291996919901e-01
5.790579418807066947e-01
6.717800386600103479e-01
6.610116496990834367e-01
5.534174386080190633e-01
3.576110112066863689e-01
1.022386426790655722e-01
-1.786005493720360660e-01
-4.389642319497537581e-01
-6.432070703078490714e-01
-7.567457864834218340e-01
-7.564763281300561637e-01
-6.463512625502875197e-01
-4.351347443388612346e-01
-1.537071748782160574e-01
1.612977864094369274e-01
4.574143179245477864e-01
6.942816736231571806e-01
8.329502258731682485e-01
8.455274813503388387e-01
7.333607821873167065e-01
5.057717027659820452e-01
1.977628697115076939e-01
-1.506112001412905910e-01
-4.807998487951110622e-01
-7.478669105108182169e-01
-9.096608326576127723e-01
-9.348369564945601118e-01
-8.230927484008573325e-01
-5.845120726569297265e-01
-2.587826406330383522e-01
1.107777396706426387e-01
4.617409490231982883e-01
7.460664414573634495e-01
9.204082381916474098e-01
9.522980054427339081e-01
8.413229840761733414e-01
5.983068706151997151e-01
2.667183125475767191e-01
-1.079282534172499863e-01
-4.624458870975761693e-01
-7.478937889414183360e-01
-9.218177705862602433e-01
-9.530737793623289544e-01
-8.426446665602548292e-01
-6.019184476892356361e-01
-2.763482336343103807e-01
8.780867362877486926e-02
4.294281953870198176e-01
7.007814394078870635e-01
8.618559161647816325e-01
8.846345160781139416e-01
7.725153428871545103e-01
5.372924936506555671e-01
2.246095294976651058e-01
-1.197074823618239359e-01
-4.381139832893904407e-01
-6.853531558788308331e-01
-8.244250080213983978e-01
-8.311420806178493326e-01
-7.117011393763882365e-01
-4.783426395466525705e-01
-1.760137831070275327e-01
1.502142562951207516e-01
4.461881266192211370e-01
6.691152811939367062e-01
7.845441470775136317e-01
7.717155694082133977e-01
6.394168731058380573e-01
4.006145194362462636e-01
9.999744617320116546e-02
-2.174422639744488794e-01
-4.993442660672602340e-01
-7.042838063232707002e-01
-7.993129619597064695e-01
-7.660878598528555461e-01
-6.155349336259717807e-01
-3.618103329114877864e-01
-5.087218385304448365e-02
2.709865809776110801e-01
5.510273755998469358e-01
7.475728359227333808e-01
8.279617487452797242e-01
7.752205956315245672e-01
6.024524493070460007e-01
3.256667106847723758e-01
-6.258311637743152467e-03
-3.443341841508097412e-01
-6.335820133962770662e-01
-8.306286981897894606e-01
-9.022712966037503834e-01
-8.323737174720858834e-01
-6.370087235152958050e-01
-3.347590296161644385e-01
2.169490436015997226e-02
3.799142218349556011e-01
6.818415265686545990e-01
8.819931658108139949e-01
9.473361133004143397e-01
8.628586066046597391e-01
6.480149470134703993e-01
3.242553740247078320e-01
-5.256986336747038191e-02
-4.271757576310988291e-01
-7.388586966616553786e-01
-9.406525136121007824e-01
-1.000000000000000000e+00
-9.028728270074455331e-01
-6.724984777578122408e-01
-3.333278864560595967e-01
5.585904716154188598e-02
4.377508958092173330e-01
7.512506176904882871e-01
9.491148054296458803e-01
1.000000000000000000e+00
8.911897361859968392e-01
6.489195236070472994e-01
3.005346883631809796e-01
-9.225871593222589873e-02
-4.706926086772978968e-01
-7.747655762202442231e-01
-9.588526408959213709e-01
-9.955782393389793761e-01
-8.749101135298285037e-01
-6.255813515225709942e-01
-2.769067552372977969e-01
1.092555567303057362e-01
4.745279746671418053e-01
7.613939573433932129e-01
9.272423832161178492e-01
9.490753007076446757e-01
8.197812685360608143e-01
5.699933471825395781e-01
2.294496934038594560e-01
-1.424814604189931222e-01
-4.896509759369170878e-01
-7.587591339414428981e-01
-9.104354480549529116e-01
-9.244170106937309450e-01
-7.953251426206811026e-01
-5.531608675416574972e-01
-2.265070309771418655e-01
1.288685609058062287e-01
4.599122496434062679e-01
7.170800859330512811e-01
8.635867873495515212e-01
8.800378860038744477e-01
7.610537065086224739e-01
5.339199195074402216e-01
2.246036792642702729e-01
-1.153719304121367806e-01
-4.361600954911468708e-01
-6.906867625731873961e-01
-8.434274191055890491e-01
-8.734982430000334253e-01
-7.736596174808041404e-01
-5.669526565003105700e-01
-2.757604509739455256e-01
5.234942530772324076e-02
3.701736221000178073e-01
6.314031430747628626e-01
8.002450187561716000e-01
8.519872031652546696e-01
7.759740203235485634e-01
5.906830299020324748e-01
3.149293237668038259e-01
-5.076745648937230904e-03
-3.229642421471713432e-01
-5.923187235557539898e-01
-7.764975533622453518e-01
-8.490435357370202940e-01
-7.971947766781840583e-01
-6.346678485338939080e-01
-3.768759864526994852e-01
-6.679622339698254585e-02
2.509321079470467897e-01
5.277894934292897133e-01
7.260424447130691128e-01
8.161845987157831939e-01
7.831279471178689278e-01
6.401239655883352864e-01
4.001520033901424522e-01
1.026847355539481921e-01
-2.095962692912812786e-01
-4.887115149019251037e-01
-6.958135544531145467e-01
-7.984390494894963997e-01
-7.795630887158481181e-01
-6.499785621329520202e-01
-4.215691785763573396e-01
-1.340219731195628761e-01
1.705275716423555465e-01
4.436585767818992387e-01
6.470412345829688050e-01
7.494630713556200696e-01
7.334693648922991915e-01
6.086228121333943086e-01
3.868463144593474734e-01
1.086200214060641933e-01
-1.844138278558901112e-01
-4.451977988692283894e-01
-6.366210411765923505e-01
-7.294259708667629738e-01
-7.075734784450273818e-01
-5.811275928376514743e-01
-3.623527924532145006e-01
-9.199278808153321663e-02
1.889038205586832664e-01
4.355571940309705958e-01
6.125141210266520364e-01
6.923600273411121275e-01
6.611343828254596655e-01
5.305764757096838036e-01
3.133011820141970993e-01
4.887198105148837790e-02
-2.226844353735434323e-01
-4.588263630811718619e-01
-6.256714388466306787e-01
-6.970641998185752586e-01
-6.605641915508571049e-01
-5.284966160153866666e-01
-3.129737019906774220e-01
-5.147037832323086981e-02
2.172619324526856577e-01
4.522116507820013176e-01
6.205178062444529630e-01
6.954331036122558540e-01
6.638545169165170901e-01
5.375076376886018803e-01
3.274172535459651812e-01
6.712794510291009153e-02
-2.067186393586299964e-01
-4.529153497317127686e-01
-6.380161394027947797e-01
-7.319075169008444348e-01
-7.184407998539421580e-01
-6.073054091865883741e-01
-4.073774287532097027e-01
-1.471589769121077751e-01
1.388977545303216043e-01
4.071275823475262179e-01
6.224400361779776070e-01
7.500762102708298240e-01
7.680206400534761446e-01
6.810111343230635939e-01
4.952562313700961116e-01
2.351700812276884545e-01
-6.680397399552451265e-02
-3.631692964767143650e-01
-6.163331936192975036e-01
-7.872312731199102576e-01
-8.468108234290525616e-01
-7.909294380981464201e-01
-6.219584754877762744e-01
-3.634594069366110514e-01
-4.694903771535063886e-02
2.766407157088939250e-01
5.670662092128035958e-01
7.808503395799171187e-01
8.820346922987309934e-01
8.584212255951353399e-01
7.089588727258113732e-01
4.568310265747737020e-01
1.325131479761589848e-01
-2.105402285891675440e-01
-5.289714709886521593e-01
-7.744040598803900721e-01
-9.066884060286285463e-01
-9.098953611503922678e-01
-7.800355633621540719e-01
-5.394391852380093777e-01
-2.180833791816338962e-01
1.291069650554741433e-01
4.574532458605924390e-01
7.166245278905114535e-01
8.647753522503469625e-01
8.848971403772039057e-01
7.718759406462010197e-01
5.477346802796125846e-01
2.417808523676185928e-01
-9.164012088804895928e-02
-4.087027350863109421e-01
-6.605282911385257361e-01
-8.064484531626043839e-01
-8.309781657915709108e-01
-7.296842181967466701e-01
-5.245251636366150549e-01
-2.438473239112760593e-01
6.065000824219390907e-02
3.480346637684879063e-01
5.737588922971101901e-01
7.007455820198389418e-01
7.169406632759700582e-01
6.199768510475898164e-01
4.317868327347609281e-01
1.795633958074174252e-01
-8.902186593053029728e-02
-3.371804300119097819e-01
-5.262326084801705051e-01
-6.239952090606364354e-01
-6.226413720664405460e-01
-5.225635236281749307e-01
-3.457157206469803068e-01
-1.182442351234012090e-01
1.164787315879292073e-01
3.259404856099734626e-01
4.775899116791708643e-01
5.442343503749087485e-01
5.211098368391431368e-01
4.109508417326106500e-01
2.364868636091315146e-01
2.349642644865679308e-02
-1.882722767348017356e-01
-3.695780191522206604e-01
-4.921552417869153873e-01
-5.324722555980608840e-01
-4.879752697839495612e-01
-3.631841398496330475e-01
-1.813960309658108061e-01
3.151574703882942252e-02
2.375321198670643508e-01
4.083611521053680526e-01
5.165298878995088216e-01
5.403944716649016211e-01
4.794118020635618205e-01
3.390178461471107241e-01
1.425531055136195491e-01
-8.320617749789405160e-02
-2.992756698739664767e-01
-4.763293887706548935e-01
-5.853077906259828156e-01
-6.041568370472284455e-01
-5.330362895538255374e-01
-3.778200945540082234e-01
-1.623500769909749231e-01
8.504104349657937156e-02
3.223134669609881708e-01
5.176901824234589888e-01
6.392834157473943346e-01
6.628408333236095462e-01
5.878848970347110292e-01
4.205022720087596699e-01
1.858612772163776850e-01
-8.579983737791130327e-02
-3.485177009432373074e-01
-5.674597520073835222e-01
-7.078557360947845822e-01
-7.426474317434217376e-01
-6.696929019154439500e-01
-4.949722234589829517e-01
-2.457024212381324624e-01
4.597293816436320846e-02
3.307075448952057073e-01
5.709573642130927329e-01
7.295952156822116397e-01
7.770951499363727422e-01
7.099232601027982703e-01
5.338614627049402817e-01
2.775870908677300353e-01
-2.564002614150684423e-02
-3.245052035107842681e-01
-5.796288269291669515e-01
-7.523084635982155710e-01
-8.116603954636507634e-01
-7.535646166193812334e-01
-5.832796424552484371e-01
-3.295754592741063638e-01
-2.575512133125801295e-02
2.767019284989424843e-01
5.381684252087768350e-01
7.197941588253551348e-01
7.902643018005286457e-01
7.448784865316930848e-01
5.880151313976043070e-01
3.470619776002901169e-01
5.394897631210859856e-02
-2.416211216889870839e-01
-5.013292123334356365e-01
-6.873204948831042049e-01
-7.685424478766901268e-01
-7.393580459292001805e-01
-6.027127183967013746e-01
-3.831129193496619623e-01
-1.097767837927996482e-01
1.709237061978161609e-01
4.231707443850059036e-01
6.107161040037989430e-01
7.031053028693730056e-01
6.932191969449272850e-01
5.819988099080410926e-01
3.899453336443376994e-01
1.426209397032693893e-01
-1.178019752665983022e-01
-3.586643794877407698e-01
-5.454628823720544251e-01
-6.484144779695308891e-01
-6.585063614732500348e-01
-5.743518821508499794e-01
-4.120144121010922422e-01
-1.930736446203539236e-01
4.460017379192771081e-02
2.716188277092552728e-01
4.550972287228443047e-01
5.659246349726396730e-01
5.932127705702985310e-01
5.333875046436316048e-01
3.984650385572843234e-01
2.064021482028468579e-01
-8.680657234167776792e-03
-2.203336461653773171e-01
-3.971098048803670677e-01
-5.106523544752606947e-01
-5.487539659008302539e-01
-5.063106138372807097e-01
-3.924124898211098778e-01
-2.223454071597872339e-01
-2.748471779688976824e-02
1.680141264928927125e-01
3.339952143307043375e-01
4.430328775219318782e-01
4.825588598593315570e-01
4.469633424218424356e-01
3.439793151369932023e-01
1.875481700555050590e-01
7.542888951691750776e-03
-1.733279445671795926e-01
-3.260383920759570842e-01
-4.242488419460268556e-01
-4.560623019509867371e-01
-4.164494940011682633e-01
-3.134055990333317609e-01
-1.609276099771517199e-01
1.133606145074272931e-02
1.811869062095985417e-01
3.204635395306345558e-01
4.039039467611087453e-01
4.210637923640159208e-01
3.683335957437325892e-01
2.552645590977014045e-01
9.707941501986305788e-02
-7.570525611158751556e-02
-2.405081692425693474e-01
-3.696058364822478737e-01
-4.385473126950855116e-01
-4.386112497150607137e-01
-3.679422739904087969e-01
-2.382906556417182520e-01
-6.675001089299870127e-02
1.146415170179901910e-01
2.822720137084187009e-01
4.083581915170471088e-01
4.687642458634806442e-01
4.561153491216218825e-01
3.699831060214953116e-01
2.240540294068384952e-01
3.716940812018965090e-02
-1.571182388900683735e-01
-3.339754862502606336e-01
-4.651223315571525463e-01
-5.261269817013625172e-01
-5.099967128634377289e-01
-4.167722569707745794e-01
-2.608999293220143345e-01
-6.204432637462209410e-02
1.454591958715276689e-01
3.358901863417105282e-01
4.801620613974026952e-01
5.529370296363116388e-01
5.462194106231712531e-01
4.591172260409317474e-01
3.050038494585156634e-01
1.028387689660776871e-01
-1.135385631718008881e-01
-3.183149296768870151e-01
-4.815116986028030732e-01
-5.764393018006166436e-01
-5.926374687481075210e-01
-5.267900030899661523e-01
-3.891815406339443895e-01
-1.963378219372959865e-01
1.984691305156882635e-02
2.345079843916426654e-01
4.169345165727371683e-01
5.389482361010238254e-01
5.865689455640408223e-01
5.529545159039270796e-01
4.437602791009553904e-01
2.717030219457645668e-01
6.555520746802434573e-02
-1.517303675614902758e-01
-3.490854996511928432e-01
-4.970960510112912845e-01
-5.780003885900246718e-01
-5.811218291655939616e-01
-5.069718529170501586e-01
-3.638937224156844064e-01
-1.769882668227010791e-01
3.335173953078829356e-02
2.363436941095737875e-01
4.020453044520659880e-01
5.097006986643990434e-01
5.455039750098600315e-01
5.055606771597960236e-01
3.942896079202451443e-01
2.333045644369526883e-01
4.021652892925353662e-02
-1.553561385105544090e-01
-3.240502598956137570e-01
-4.439241854241774421e-01
-4.997022201422673948e-01
-4.849436258104056208e-01
-4.015039008486623873e-01
-2.682571324349316555e-01
-1.002088798899252176e-01
7.521177650789145908e-02
2.305442093769589640e-01
3.450722892926092467e-01
4.042597556180731466e-01
4.015523410728869536e-01
3.380798149565020783e-01
2.309351348933261772e-01
9.289033568629201376e-02
-5.190750366861429654e-02
-1.792137315339400461e-01
-2.719611547088661707e-01
-3.185266008699855211e-01
-3.144836786539696449e-01
-2.619599880225974564e-01
-1.770342565900949738e-01
-7.059086935164138321e-02
3.744260620925499161e-02
1.270568286650199941e-01
1.866706381885065991e-01
2.091587579286269261e-01
1.937522368383544080e-01
1.447331394069983901e-01
7.737815364177680344e-02
7.874113431369789140e-04
-7.051890721832276832e-02
-1.215326702849284235e-01
-1.457131226408648894e-01
-1.404747679176447939e-01
-1.100951368030315125e-01
-6.163196583260877048e-02
-8.667552092878838543e-03
4.181318541115564003e-02
8.145844836052540394e-02
1.005502285763921755e-01
9.609955558176075385e-02
6.892041893976852407e-02
2.794687197540546286e-02
-1.770536423504431855e-02
-5.771039583110981752e-02
-8.718931637163640502e-02
-1.028008485529778859e-01
-1.002607674085466138e-01
-8.027257868108739203e-02
-4.514158502673026874e-02
-3.352923061721968523e-03
3.655038214070849278e-02
6.764925486866535387e-02
8.656032182888395710e-02
9.020605587074270737e-02
7.736835863422264481e-02
5.288903174236936344e-02
1.905044022271851212e-02
-1.726386326279139016e-02
-4.823845791698333496e-02
-7.004865458819664603e-02
-8.048118172984597418e-02
-7.864519028364047593e-02
-6.577077102938777564e-02
-4.619438208027148995e-02
-2.149370522205673595e-02
4.037882740004716808e-03
2.413892542553153220e-02
3.497441261963207815e-02
3.592673376576471789e-02
2.915143083507243382e-02
1.741320461206918857e-02
5.291499297792157108e-03
-6.405902691227871593e-03
-1.690305046252194021e-02
-2.325741756907795388e-02
-2.444797747192084536e-02
-2.058601036797846895e-02
-1.368408011746091724e-02
-6.617338933117333788e-03
-2.468998855057247255e-03
-1.372627588971053747e-03
-2.270740056727116318e-03
-5.333879654667028625e-03
-9.757768011606327008e-03
-1.514256556568338574e-02
-2.032168316322102708e-02
-2.335651370763414114e-02
-2.287217706322608457e-02
-1.908431126501297648e-02
-1.359031459755366544e-02
-7.617731434329755302e-03
-2.579728445091689082e-03
1.238251377007282272e-03
3.961950555325888246e-03
5.020109130219774229e-03
4.261413749877318580e-03
1.846500469782297316e-03
-1.667445972232339813e-03
-5.285265896477264747e-03
-7.764840580508192147e-03
-8.968650589194715472e-03
-9.120525055055339614e-03
-8.210636050268504960e-03
-6.921233050391384367e-03
-5.152378021902603855e-03
-2.977723401194620756e-03
-4.709216246604475131e-04
2.294374871307569563e-03
5.244513650316529052e-03
8.305842275973862598e-03
